0 247.511421911
1000 247.511421911
2000 247.511421911
3000 247.511421911
4000 247.511421911
5000 247.511421911
6000 247.511421911
7000 247.511421911
8000 247.511421911
9000 247.511421911
10000 247.511421911
11000 247.511421911
12000 318.809797399
13000 318.809797399
14000 318.809797399
15000 318.809797399
16000 380.221658819
17000 380.221658819
18000 380.221658819
19000 380.221658819
20000 291.868504772
21000 291.868504772
22000 291.868504772
23000 291.868504772
24000 608.844036697
25000 608.844036697
26000 608.844036697
27000 98.2181685516
28000 98.2181685516
29000 98.2181685516
30000 98.2181685516
31000 98.2181685516
32000 98.2181685516
33000 98.2181685516
34000 98.2181685516
35000 98.2181685516
36000 98.2181685516
37000 98.2181685516
38000 98.2181685516
39000 88.634587163
40000 88.634587163
41000 88.634587163
42000 88.634587163
43000 88.634587163
44000 88.634587163
45000 88.634587163
46000 88.634587163
47000 88.634587163
48000 88.634587163
49000 88.634587163
50000 88.634587163
51000 88.634587163
52000 88.634587163
53000 164.218939074
54000 164.218939074
55000 164.218939074
56000 164.218939074
57000 164.218939074
58000 164.218939074
59000 164.218939074
60000 164.218939074
61000 294.346415489
62000 294.346415489
63000 294.346415489
64000 294.346415489
65000 246.60988075
66000 246.60988075
67000 246.60988075
68000 246.60988075
69000 246.60988075
70000 246.60988075
71000 329.79481398
72000 329.79481398
73000 329.79481398
74000 329.79481398
75000 163.620184482
76000 163.620184482
77000 163.620184482
78000 163.620184482
79000 163.620184482
80000 163.620184482
81000 163.620184482
82000 163.620184482
83000 163.620184482
84000 290.340527578
85000 290.340527578
86000 290.340527578
87000 290.340527578
88000 290.340527578
89000 105.008403361
90000 105.008403361
91000 105.008403361
92000 105.008403361
93000 105.008403361
94000 105.008403361
95000 105.008403361
96000 105.008403361
97000 105.008403361
98000 105.008403361
99000 105.008403361
100000 105.008403361
101000 297.386128625
102000 297.386128625
103000 297.386128625
104000 297.386128625
105000 297.386128625
106000 297.386128625
107000 297.386128625
108000 297.386128625
109000 164.283076923
110000 164.283076923
111000 164.283076923
112000 164.283076923
113000 164.283076923
114000 164.283076923
115000 164.283076923
116000 164.283076923
117000 325.154177433
118000 325.154177433
119000 325.154177433
120000 325.154177433
121000 298.138789052
122000 298.138789052
123000 298.138789052
124000 298.138789052
125000 298.138789052
126000 151.923086784
127000 151.923086784
128000 151.923086784
129000 151.923086784
130000 151.923086784
131000 151.923086784
132000 151.923086784
133000 151.923086784
134000 151.923086784
135000 554.479886417
136000 554.479886417
137000 554.479886417
138000 106.605363985
139000 106.605363985
140000 106.605363985
141000 106.605363985
142000 106.605363985
143000 106.605363985
144000 106.605363985
145000 106.605363985
146000 106.605363985
147000 106.605363985
148000 106.605363985
149000 106.605363985
150000 106.605363985
151000 379.590070019
152000 379.590070019
153000 379.590070019
154000 379.590070019
155000 458.132264529
156000 458.132264529
157000 458.132264529
158000 458.132264529
159000 307.67106599
160000 307.67106599
161000 307.67106599
162000 307.67106599
163000 307.67106599
164000 438.131054131
165000 438.131054131
166000 438.131054131
167000 438.131054131
168000 364.738041685
169000 364.738041685
170000 364.738041685
171000 364.738041685
172000 364.738041685
173000 364.738041685
174000 364.738041685
175000 364.738041685
176000 364.738041685
177000 364.738041685
178000 364.738041685
179000 364.738041685
180000 364.738041685
181000 364.738041685
182000 364.738041685
183000 364.738041685
184000 291.34502924
185000 291.34502924
186000 291.34502924
187000 291.34502924
188000 291.34502924
189000 291.34502924
190000 269.428225575
191000 269.428225575
192000 269.428225575
193000 269.428225575
194000 269.428225575
195000 247.511421911
196000 247.511421911
197000 247.511421911
198000 247.511421911
199000 247.511421911
200000 247.511421911
201000 318.809797399
202000 318.809797399
203000 318.809797399
204000 318.809797399
205000 380.221658819
206000 380.221658819
207000 380.221658819
208000 380.221658819
209000 291.868504772
210000 291.868504772
211000 291.868504772
212000 291.868504772
213000 291.868504772
214000 608.844036697
215000 608.844036697
216000 98.2181685516
217000 98.2181685516
218000 98.2181685516
219000 98.2181685516
220000 98.2181685516
221000 98.2181685516
222000 98.2181685516
223000 98.2181685516
224000 98.2181685516
225000 98.2181685516
226000 98.2181685516
227000 98.2181685516
228000 88.634587163
229000 88.634587163
230000 88.634587163
231000 88.634587163
232000 88.634587163
233000 88.634587163
234000 88.634587163
235000 88.634587163
236000 88.634587163
237000 88.634587163
238000 88.634587163
239000 88.634587163
240000 88.634587163
241000 88.634587163
242000 164.218939074
243000 164.218939074
244000 164.218939074
245000 164.218939074
246000 164.218939074
247000 164.218939074
248000 164.218939074
249000 164.218939074
250000 294.346415489
251000 294.346415489
252000 294.346415489
253000 294.346415489
254000 294.346415489
255000 246.60988075
256000 246.60988075
257000 246.60988075
258000 246.60988075
259000 246.60988075
260000 329.79481398
261000 329.79481398
262000 329.79481398
263000 329.79481398
264000 329.79481398
265000 163.620184482
266000 163.620184482
267000 163.620184482
268000 163.620184482
269000 163.620184482
270000 163.620184482
271000 163.620184482
272000 163.620184482
273000 290.340527578
274000 290.340527578
275000 290.340527578
276000 290.340527578
277000 290.340527578
278000 105.008403361
279000 105.008403361
280000 105.008403361
281000 105.008403361
282000 105.008403361
283000 105.008403361
284000 105.008403361
285000 105.008403361
286000 105.008403361
287000 105.008403361
288000 105.008403361
289000 105.008403361
290000 297.386128625
291000 297.386128625
292000 297.386128625
293000 297.386128625
294000 297.386128625
295000 297.386128625
296000 297.386128625
297000 297.386128625
298000 164.283076923
299000 164.283076923
300000 164.283076923
301000 164.283076923
302000 164.283076923
303000 164.283076923
304000 164.283076923
305000 164.283076923
306000 325.154177433
307000 325.154177433
308000 325.154177433
309000 325.154177433
310000 298.138789052
311000 298.138789052
312000 298.138789052
313000 298.138789052
314000 298.138789052
315000 298.138789052
316000 151.923086784
317000 151.923086784
318000 151.923086784
319000 151.923086784
320000 151.923086784
321000 151.923086784
322000 151.923086784
323000 151.923086784
324000 554.479886417
325000 554.479886417
326000 554.479886417
327000 554.479886417
328000 106.605363985
329000 106.605363985
330000 106.605363985
331000 106.605363985
332000 106.605363985
333000 106.605363985
334000 106.605363985
335000 106.605363985
336000 106.605363985
337000 106.605363985
338000 106.605363985
339000 106.605363985
340000 379.590070019
341000 379.590070019
342000 379.590070019
343000 379.590070019
344000 458.132264529
345000 458.132264529
346000 458.132264529
347000 458.132264529
348000 307.67106599
349000 307.67106599
350000 307.67106599
351000 307.67106599
352000 307.67106599
353000 438.131054131
354000 438.131054131
355000 438.131054131
356000 438.131054131
357000 364.738041685
358000 364.738041685
359000 364.738041685
360000 364.738041685
361000 364.738041685
362000 364.738041685
363000 364.738041685
364000 364.738041685
365000 364.738041685
366000 364.738041685
367000 364.738041685
368000 364.738041685
369000 364.738041685
370000 364.738041685
371000 364.738041685
372000 364.738041685
373000 291.34502924
374000 291.34502924
375000 291.34502924
376000 291.34502924
377000 291.34502924
378000 291.34502924
