0 2362.60683325
1 2362.60683325
2 2362.60683325
3 2362.60683325
4 2362.60683325
5 3087.57182405
6 3087.57182405
7 3087.57182405
8 2536.16917084
9 2536.16917084
10 2536.16917084
11 2536.16917084
12 2620.99895507
13 2620.99895507
14 2620.99895507
15 2620.99895507
16 2715.72944849
17 2715.72944849
18 2715.72944849
19 2715.72944849
20 5224.96067121
21 5224.96067121
22 2199.36264693
23 2199.36264693
24 2199.36264693
25 2199.36264693
26 2199.36264693
27 1836.86743295
28 1836.86743295
29 2585.78292127
30 2585.78292127
31 2585.78292127
32 2585.78292127
33 2585.78292127
34 2585.78292127
35 3108.28736581
36 3108.28736581
37 3108.28736581
38 3108.28736581
39 3108.28736581
40 2787.42986705
41 2787.42986705
42 2787.42986705
43 2787.42986705
44 2787.42986705
45 2787.42986705
46 2787.42986705
47 2787.42986705
48 2787.42986705
49 2787.42986705
50 2264.82830589
51 2264.82830589
52 2264.82830589
53 2264.82830589
54 2264.82830589
55 2264.82830589
56 2264.82830589
57 2264.82830589
58 2264.82830589
59 2264.82830589
60 2264.82830589
61 2264.82830589
62 2940.38166619
63 2940.38166619
64 2940.38166619
65 2940.38166619
66 2940.38166619
67 2940.38166619
68 2940.38166619
69 2712.20958084
70 2712.20958084
71 2712.20958084
72 2712.20958084
73 2712.20958084
74 2712.20958084
75 2886.21862348
76 2886.21862348
77 2886.21862348
78 2886.21862348
79 2886.21862348
80 3069.06802721
81 3069.06802721
82 3069.06802721
83 3069.06802721
84 3069.06802721
85 3197.54967462
86 3197.54967462
87 3197.54967462
88 3197.54967462
89 3394.46680942
90 3394.46680942
91 3394.46680942
92 3394.46680942
93 3394.46680942
94 2706.50342466
95 2706.50342466
96 2706.50342466
97 2706.50342466
98 2938.44155464
99 3170.37968462
100 3170.37968462
101 3170.37968462
102 3170.37968462
103 3170.37968462
104 3170.37968462
105 3170.37968462
106 3170.37968462
107 3170.37968462
108 3182.52880152
109 3194.67791842
110 3194.67791842
111 3194.67791842
112 3194.67791842
113 3194.67791842
114 3194.67791842
115 3194.67791842
116 3194.67791842
117 3194.67791842
118 3194.67791842
119 3194.67791842
120 2575.3909837
121 2575.3909837
122 2575.3909837
123 2575.3909837
124 2575.3909837
125 2575.3909837
126 2575.3909837
127 2575.3909837
128 2255.90540672
129 1936.41982974
130 1936.41982974
131 1936.41982974
132 1936.41982974
133 1936.41982974
134 1936.41982974
135 1936.41982974
136 1936.41982974
137 1936.41982974
138 1936.41982974
139 3078.79108175
140 3078.79108175
141 3078.79108175
142 3078.79108175
143 3468.09442687
144 3468.09442687
145 3468.09442687
146 3468.09442687
147 3468.09442687
148 2976.22317949
149 2976.22317949
150 2976.22317949
151 2976.22317949
152 2976.22317949
153 2148.04616999
154 4853.2448
155 4853.2448
156 4853.2448
157 4853.2448
158 4853.2448
159 3395.99672757
160 3395.99672757
161 3395.99672757
162 3395.99672757
163 3395.99672757
164 3395.99672757
165 3395.99672757
166 3395.99672757
167 3395.99672757
168 3395.99672757
169 3395.99672757
170 3640.20641126
171 3640.20641126
172 3640.20641126
173 3640.20641126
174 3640.20641126
175 3640.20641126
176 3640.20641126
177 3640.20641126
178 3640.20641126
179 3618.19541743
180 3618.19541743
181 3618.19541743
182 3618.19541743
183 3618.19541743
184 3618.19541743
185 3618.19541743
186 3911.93469388
187 3911.93469388
188 3911.93469388
189 3911.93469388
190 3911.93469388
191 3911.93469388
192 3911.93469388
193 3259.84539511
194 3259.84539511
195 3259.84539511
196 3259.84539511
197 3259.84539511
198 3259.84539511
199 3259.84539511
200 3259.84539511
201 3259.84539511
202 2021.1195863
203 2021.1195863
204 2349.36708861
205 2349.36708861
206 2349.36708861
207 2349.36708861
208 2349.36708861
209 2349.36708861
210 2349.36708861
211 2349.36708861
212 2349.36708861
213 2349.36708861
214 2040.74027097
215 2040.74027097
216 2040.74027097
217 2201.67355211
218 2362.60683325
219 2362.60683325
220 2362.60683325
221 2362.60683325
222 3087.57182405
223 3087.57182405
224 3087.57182405
225 2536.16917084
226 2536.16917084
227 2536.16917084
228 2536.16917084
229 2620.99895507
230 2620.99895507
231 2620.99895507
232 2620.99895507
233 2715.72944849
234 2715.72944849
235 2715.72944849
236 3970.34505985
237 5224.96067121
238 3712.16165907
239 2199.36264693
240 2199.36264693
241 2199.36264693
242 2199.36264693
243 1836.86743295
244 1836.86743295
245 1836.86743295
246 2585.78292127
247 2585.78292127
248 2585.78292127
249 2585.78292127
250 2585.78292127
251 2585.78292127
252 3108.28736581
253 3108.28736581
254 3108.28736581
255 3108.28736581
256 2947.85861643
257 2787.42986705
258 2787.42986705
259 2787.42986705
260 2787.42986705
261 2787.42986705
262 2787.42986705
263 2787.42986705
264 2787.42986705
265 2787.42986705
266 2526.12908647
267 2264.82830589
268 2264.82830589
269 2264.82830589
270 2264.82830589
271 2264.82830589
272 2264.82830589
273 2264.82830589
274 2264.82830589
275 2264.82830589
276 2264.82830589
277 2264.82830589
278 2264.82830589
279 2940.38166619
280 2940.38166619
281 2940.38166619
282 2940.38166619
283 2940.38166619
284 2940.38166619
285 2940.38166619
286 2712.20958084
287 2712.20958084
288 2712.20958084
289 2712.20958084
290 2712.20958084
291 2886.21862348
292 2886.21862348
293 2886.21862348
294 2886.21862348
295 2886.21862348
296 2977.64332534
297 3069.06802721
298 3069.06802721
299 3069.06802721
300 3069.06802721
301 3197.54967462
302 3197.54967462
303 3197.54967462
304 3197.54967462
305 3197.54967462
306 3394.46680942
307 3394.46680942
308 3394.46680942
309 3394.46680942
310 2706.50342466
311 2706.50342466
312 2706.50342466
313 2706.50342466
314 2706.50342466
315 3170.37968462
316 3170.37968462
317 3170.37968462
318 3170.37968462
319 3170.37968462
320 3170.37968462
321 3170.37968462
322 3170.37968462
323 3170.37968462
324 3170.37968462
325 3194.67791842
326 3194.67791842
327 3194.67791842
328 3194.67791842
329 3194.67791842
330 3194.67791842
331 3194.67791842
332 3194.67791842
333 3194.67791842
334 3194.67791842
335 3194.67791842
336 3194.67791842
337 2575.3909837
338 2575.3909837
339 2575.3909837
340 2575.3909837
341 2575.3909837
342 2575.3909837
343 2575.3909837
344 2575.3909837
345 1936.41982974
346 1936.41982974
347 1936.41982974
348 1936.41982974
349 1936.41982974
350 1936.41982974
351 1936.41982974
352 1936.41982974
353 1936.41982974
354 1936.41982974
355 3078.79108175
356 3078.79108175
357 3078.79108175
358 3078.79108175
359 3078.79108175
360 3468.09442687
361 3468.09442687
362 3468.09442687
363 3468.09442687
364 2976.22317949
365 2976.22317949
366 2976.22317949
367 2976.22317949
368 2976.22317949
369 2148.04616999
370 4853.2448
371 4853.2448
372 4853.2448
373 4853.2448
374 4853.2448
375 3395.99672757
376 3395.99672757
377 3395.99672757
378 3395.99672757
379 3395.99672757
380 3395.99672757
381 3395.99672757
382 3395.99672757
383 3395.99672757
384 3395.99672757
385 3395.99672757
386 3640.20641126
387 3640.20641126
388 3640.20641126
389 3640.20641126
390 3640.20641126
391 3640.20641126
392 3640.20641126
393 3640.20641126
394 3640.20641126
395 3618.19541743
396 3618.19541743
397 3618.19541743
398 3618.19541743
399 3618.19541743
400 3618.19541743
401 3618.19541743
402 3618.19541743
403 3911.93469388
404 3911.93469388
405 3911.93469388
406 3911.93469388
407 3911.93469388
408 3911.93469388
409 3911.93469388
410 3259.84539511
411 3259.84539511
412 3259.84539511
413 3259.84539511
414 3259.84539511
415 3259.84539511
416 3259.84539511
417 3259.84539511
418 3259.84539511
419 2021.1195863
420 2349.36708861
421 2349.36708861
422 2349.36708861
423 2349.36708861
424 2349.36708861
425 2349.36708861
426 2349.36708861
427 2349.36708861
428 2349.36708861
429 2349.36708861
430 2040.74027097
431 2040.74027097
432 2040.74027097
433 2040.74027097
