0 3057.76470588
1 3057.76470588
2 1901.91515152
3 2579.12360743
4 2579.12360743
5 1786.76642686
6 1786.76642686
7 1849.18032787
8 1849.18032787
9 1956.77270226
10 1956.77270226
11 2394.79526523
12 2394.79526523
13 2117.26703133
14 2117.26703133
15 1801.82952183
16 1801.82952183
17 2144.12909733
18 2144.12909733
19 2393.6
20 2393.6
21 2095.8637138
22 2095.8637138
23 1842.33687745
24 1842.33687745
25 2362.63206673
26 2362.63206673
27 2460.1535649
28 2460.1535649
29 2103.47939262
30 2103.47939262
31 2022.87538367
32 2022.87538367
33 1576.83013067
34 2419.3271719
35 2419.3271719
36 2134.53466934
37 2134.53466934
38 2134.53466934
39 2440.68372093
40 2440.68372093
41 5098.32883093
42 5098.32883093
43 5098.32883093
44 5098.32883093
45 6036.39431769
46 6036.39431769
47 6036.39431769
48 6036.39431769
49 6036.39431769
50 4470.44498303
51 4470.44498303
52 4470.44498303
53 4470.44498303
54 4802.5042584
55 4802.5042584
56 4802.5042584
57 4802.5042584
58 4802.5042584
59 4802.5042584
60 3538.77750741
61 2275.05075642
62 2275.05075642
63 2275.05075642
64 2275.05075642
65 2275.05075642
66 2275.05075642
67 2275.05075642
68 2275.05075642
69 2275.05075642
70 2275.05075642
71 2275.05075642
72 5422.60586319
73 5422.60586319
74 5422.60586319
75 5422.60586319
76 5422.60586319
77 5310.74509804
78 5310.74509804
79 5310.74509804
80 5310.74509804
81 5310.74509804
82 5412.6244657
83 5412.6244657
84 5412.6244657
85 5412.6244657
86 5412.6244657
87 4710.87088083
88 4710.87088083
89 4710.87088083
90 4710.87088083
91 4710.87088083
92 5838.55102041
93 5838.55102041
94 5838.55102041
95 5838.55102041
96 5838.55102041
97 3789.55341193
98 3789.55341193
99 3789.55341193
100 3789.55341193
101 3789.55341193
102 3789.55341193
103 3506.1485795
104 3506.1485795
105 3506.1485795
106 3506.1485795
107 3506.1485795
108 3506.1485795
109 3353.50998437
110 3353.50998437
111 3353.50998437
112 3353.50998437
113 3353.50998437
114 3540.60921175
115 3727.70843913
116 3727.70843913
117 3727.70843913
118 3727.70843913
119 3727.70843913
120 3727.70843913
121 3856.99852016
122 3986.2886012
123 3986.2886012
124 3986.2886012
125 3986.2886012
126 3986.2886012
127 3986.2886012
128 3725.33740405
129 3464.3862069
130 3464.3862069
131 3464.3862069
132 3464.3862069
133 3464.3862069
134 3464.3862069
135 3704.1209068
136 3704.1209068
137 3704.1209068
138 3704.1209068
139 3704.1209068
140 3704.1209068
141 3703.04485964
142 3701.96881248
143 3701.96881248
144 3701.96881248
145 3701.96881248
146 3701.96881248
147 3213.10611791
148 3213.10611791
149 3213.10611791
150 3213.10611791
151 3278.14747882
152 3343.18883974
153 3343.18883974
154 3343.18883974
155 3343.18883974
156 3343.18883974
157 3343.18883974
158 2468.53019608
159 2468.53019608
160 2468.53019608
161 2468.53019608
162 4031.30344828
163 4031.30344828
164 4031.30344828
165 4031.30344828
166 4031.30344828
167 4485.60338915
168 4485.60338915
169 4485.60338915
170 4485.60338915
171 4485.60338915
172 4593.94068644
173 4593.94068644
174 4593.94068644
175 4593.94068644
176 4593.94068644
177 4593.94068644
178 4768.7882294
179 4943.63577236
180 4943.63577236
181 4943.63577236
182 4943.63577236
183 4943.63577236
184 4968.15503876
185 4968.15503876
186 4968.15503876
187 4968.15503876
188 5796.92629743
189 5796.92629743
190 1678.22891566
191 1678.22891566
192 4045.57519017
193 4045.57519017
194 4045.57519017
195 4045.57519017
196 4045.57519017
197 3564.76287573
198 3564.76287573
199 3564.76287573
200 3564.76287573
201 3564.76287573
202 3564.76287573
203 4155.51943044
204 4155.51943044
205 4155.51943044
206 4155.51943044
207 4155.51943044
208 4155.51943044
209 4155.51943044
210 5258.78202242
211 6362.0446144
212 6362.0446144
213 7489.0834341
214 7096.38382231
215 6703.68421053
216 3035.93487732
217 3035.93487732
218 3035.93487732
219 3035.93487732
220 3035.93487732
221 1397.49007149
222 4199.04984251
223 4199.04984251
224 4199.04984251
225 4199.04984251
226 4199.04984251
227 4139.68410421
228 4080.31836591
229 4080.31836591
230 4080.31836591
231 4080.31836591
232 4080.31836591
233 4042.33195515
234 4004.34554439
235 4004.34554439
236 4004.34554439
237 4004.34554439
238 4004.34554439
239 5324.53991856
240 6644.73429273
241 6644.73429273
242 6644.73429273
243 6012.21330021
244 5379.69230769
245 5379.69230769
246 5379.69230769
247 3458.54972205
248 3458.54972205
249 3458.54972205
250 3458.54972205
251 3458.54972205
252 3805.25626791
253 3805.25626791
254 3805.25626791
255 3805.25626791
256 3805.25626791
257 3805.25626791
258 4151.96281376
259 4151.96281376
260 4151.96281376
261 4151.96281376
262 4151.96281376
263 4151.96281376
264 4546.19871478
265 4546.19871478
266 4546.19871478
267 4546.19871478
268 4546.19871478
269 4185.29488658
270 4185.29488658
271 4185.29488658
272 3816.69666861
273 3816.69666861
274 3816.69666861
275 3816.69666861
276 3816.69666861
277 4329.5692554
278 4329.5692554
279 4329.5692554
280 4831.46055293
281 4831.46055293
282 4831.46055293
283 4606.5136612
284 4606.5136612
285 4606.5136612
286 2236.90341535
287 2236.90341535
288 2236.90341535
289 4520.51963746
290 4520.51963746
291 4520.51963746
292 4520.51963746
293 4520.51963746
294 6024.70457977
295 6024.70457977
296 6024.70457977
297 6024.70457977
298 2074.37125749
299 4767.44680093
300 4767.44680093
301 4767.44680093
302 4767.44680093
303 4767.44680093
304 5321.22340046
305 5875.0
306 5875.0
307 5875.0
308 5875.0
309 5875.0
310 5398.62292426
311 5398.62292426
312 5398.62292426
313 5398.62292426
314 5398.62292426
315 4970.09908257
316 4970.09908257
317 4970.09908257
318 4970.09908257
319 4970.09908257
320 4298.21284064
321 3626.3265987
322 3626.3265987
323 3626.3265987
324 3626.3265987
325 3626.3265987
326 3583.92370107
327 3541.52080344
328 3541.52080344
329 3541.52080344
330 3541.52080344
331 3541.52080344
332 3527.51800721
333 3527.51800721
334 3513.51521099
335 3513.51521099
336 3513.51521099
337 3513.51521099
338 3513.51521099
339 3513.51521099
340 1156.46181172
341 3057.76470588
342 3057.76470588
343 2579.12360743
344 2579.12360743
345 1786.76642686
346 1786.76642686
347 1849.18032787
348 1849.18032787
349 1956.77270226
350 1956.77270226
351 2394.79526523
352 2394.79526523
353 2117.26703133
354 2117.26703133
355 1801.82952183
356 1801.82952183
357 2144.12909733
358 2144.12909733
359 2268.86454867
360 2393.6
361 2095.8637138
362 2095.8637138
363 1842.33687745
364 1842.33687745
365 2362.63206673
366 2362.63206673
367 2460.1535649
368 2460.1535649
369 2103.47939262
370 2103.47939262
371 2022.87538367
372 2022.87538367
373 1576.83013067
374 2419.3271719
375 2419.3271719
376 2419.3271719
377 2134.53466934
378 2134.53466934
379 2440.68372093
380 2440.68372093
381 5098.32883093
382 5098.32883093
383 5098.32883093
384 5098.32883093
385 6036.39431769
386 6036.39431769
387 6036.39431769
388 6036.39431769
389 6036.39431769
390 4470.44498303
391 4470.44498303
392 4470.44498303
393 4470.44498303
394 4802.5042584
395 4802.5042584
396 4802.5042584
397 4802.5042584
398 4802.5042584
399 4802.5042584
400 4802.5042584
401 2275.05075642
402 2275.05075642
403 2275.05075642
404 2275.05075642
405 2275.05075642
406 2275.05075642
407 2275.05075642
408 2275.05075642
409 2275.05075642
410 2275.05075642
411 2275.05075642
412 3848.8283098
413 5422.60586319
414 5422.60586319
415 5422.60586319
416 5422.60586319
417 5366.67548062
418 5310.74509804
419 5310.74509804
420 5310.74509804
421 5310.74509804
422 5412.6244657
423 5412.6244657
424 5412.6244657
425 5412.6244657
426 5412.6244657
427 4710.87088083
428 4710.87088083
429 4710.87088083
430 4710.87088083
431 4710.87088083
432 5838.55102041
433 5838.55102041
434 5838.55102041
435 5838.55102041
436 5838.55102041
437 3789.55341193
438 3789.55341193
439 3789.55341193
440 3789.55341193
441 3789.55341193
442 3789.55341193
443 3506.1485795
444 3506.1485795
445 3506.1485795
446 3506.1485795
447 3506.1485795
448 3506.1485795
449 3353.50998437
450 3353.50998437
451 3353.50998437
452 3353.50998437
453 3353.50998437
454 3353.50998437
455 3727.70843913
456 3727.70843913
457 3727.70843913
458 3727.70843913
459 3727.70843913
460 3727.70843913
461 3727.70843913
462 3986.2886012
463 3986.2886012
464 3986.2886012
465 3986.2886012
466 3986.2886012
467 3986.2886012
468 3725.33740405
469 3464.3862069
470 3464.3862069
471 3464.3862069
472 3464.3862069
473 3464.3862069
474 3464.3862069
475 3704.1209068
476 3704.1209068
477 3704.1209068
478 3704.1209068
479 3704.1209068
480 3704.1209068
481 3704.1209068
482 3701.96881248
483 3701.96881248
484 3701.96881248
485 3701.96881248
486 3701.96881248
487 3213.10611791
488 3213.10611791
489 3213.10611791
490 3213.10611791
491 3213.10611791
492 3343.18883974
493 3343.18883974
494 3343.18883974
495 3343.18883974
496 3343.18883974
497 3343.18883974
498 2905.85951791
499 2468.53019608
500 2468.53019608
501 2468.53019608
502 3249.91682218
503 4031.30344828
504 4031.30344828
505 4031.30344828
506 4031.30344828
507 4258.45341872
508 4485.60338915
509 4485.60338915
510 4485.60338915
511 4485.60338915
512 4539.77203779
513 4593.94068644
514 4593.94068644
515 4593.94068644
516 4593.94068644
517 4593.94068644
518 4593.94068644
519 4943.63577236
520 4943.63577236
521 4943.63577236
522 4943.63577236
523 4943.63577236
524 4968.15503876
525 4968.15503876
526 4968.15503876
527 4968.15503876
528 5796.92629743
529 5796.92629743
530 5796.92629743
531 1678.22891566
532 4045.57519017
533 4045.57519017
534 4045.57519017
535 4045.57519017
536 4045.57519017
537 3564.76287573
538 3564.76287573
539 3564.76287573
540 3564.76287573
541 3564.76287573
542 3564.76287573
543 3860.14115309
544 4155.51943044
545 4155.51943044
546 4155.51943044
547 4155.51943044
548 4155.51943044
549 4155.51943044
550 5258.78202242
551 6362.0446144
552 6362.0446144
553 7489.0834341
554 7489.0834341
555 6703.68421053
556 3035.93487732
557 3035.93487732
558 3035.93487732
559 3035.93487732
560 3035.93487732
561 1397.49007149
562 4199.04984251
563 4199.04984251
564 4199.04984251
565 4199.04984251
566 4199.04984251
567 4199.04984251
568 4080.31836591
569 4080.31836591
570 4080.31836591
571 4080.31836591
572 4080.31836591
573 4080.31836591
574 4004.34554439
575 4004.34554439
576 4004.34554439
577 4004.34554439
578 4004.34554439
579 4004.34554439
580 6644.73429273
581 6644.73429273
582 6644.73429273
583 6012.21330021
584 5379.69230769
585 5379.69230769
586 5379.69230769
587 3458.54972205
588 3458.54972205
589 3458.54972205
590 3458.54972205
591 3458.54972205
592 3805.25626791
593 3805.25626791
594 3805.25626791
595 3805.25626791
596 3805.25626791
597 3805.25626791
598 4151.96281376
599 4151.96281376
600 4151.96281376
601 4151.96281376
602 4151.96281376
603 4151.96281376
604 4151.96281376
605 4546.19871478
606 4546.19871478
607 4546.19871478
608 4546.19871478
609 4365.74680068
610 4185.29488658
611 4185.29488658
612 3816.69666861
613 3816.69666861
614 3816.69666861
615 3816.69666861
616 3816.69666861
617 3816.69666861
618 4329.5692554
619 4329.5692554
620 4831.46055293
621 4831.46055293
622 4831.46055293
623 4606.5136612
624 4606.5136612
625 4606.5136612
626 3421.70853828
627 2236.90341535
628 2236.90341535
629 4520.51963746
630 4520.51963746
631 4520.51963746
632 4520.51963746
633 4520.51963746
634 4520.51963746
635 6024.70457977
636 6024.70457977
637 6024.70457977
638 6024.70457977
639 4767.44680093
640 4767.44680093
641 4767.44680093
642 4767.44680093
643 4767.44680093
644 4767.44680093
645 5875.0
646 5875.0
647 5875.0
648 5875.0
649 5875.0
650 5636.81146213
651 5398.62292426
652 5398.62292426
653 5398.62292426
654 5398.62292426
655 5398.62292426
656 4970.09908257
657 4970.09908257
658 4970.09908257
659 4970.09908257
660 4970.09908257
661 3626.3265987
662 3626.3265987
663 3626.3265987
664 3626.3265987
665 3626.3265987
666 3626.3265987
667 3541.52080344
668 3541.52080344
669 3541.52080344
670 3541.52080344
671 3541.52080344
672 3541.52080344
673 3527.51800721
674 3513.51521099
675 3513.51521099
676 3513.51521099
677 3513.51521099
678 3513.51521099
679 3513.51521099
680 2334.98851135
