0 3089.38299368
1 3089.38299368
2 3089.38299368
3 3089.38299368
4 2201.73602729
5 2201.73602729
6 2201.73602729
7 2201.73602729
8 3464.37876614
9 3464.37876614
10 3464.37876614
11 3120.08318891
12 3120.08318891
13 3120.08318891
14 3120.08318891
15 2506.00565078
16 2506.00565078
17 2506.00565078
18 2506.00565078
19 2506.00565078
20 5270.74449761
21 5270.74449761
22 4159.6717378
23 3048.598978
24 3048.598978
25 3048.598978
26 3048.598978
27 3048.598978
28 3048.598978
29 3048.598978
30 3048.598978
31 3048.598978
32 4190.28403064
33 4190.28403064
34 4190.28403064
35 4190.28403064
36 7770.52560495
37 7770.52560495
38 3066.53020856
39 3066.53020856
40 3066.53020856
41 3066.53020856
42 3154.52818464
43 3154.52818464
44 3154.52818464
45 3154.52818464
46 3154.52818464
47 2449.13518314
48 4072.60461285
49 4072.60461285
50 4072.60461285
51 4072.60461285
52 4099.01413635
53 4125.42365985
54 4125.42365985
55 4125.42365985
56 4125.42365985
57 4125.42365985
58 4125.42365985
59 4125.42365985
60 4125.42365985
61 4125.42365985
62 9726.67086795
63 9726.67086795
64 9726.67086795
65 9726.67086795
66 4163.53421369
67 4163.53421369
68 4163.53421369
69 4163.53421369
70 4163.53421369
71 4163.53421369
72 4163.53421369
73 4163.53421369
74 2619.00779297
75 2619.00779297
76 2619.00779297
77 2619.00779297
78 2619.00779297
79 2619.00779297
80 2619.00779297
81 2619.00779297
82 2619.00779297
83 2619.00779297
84 2619.00779297
85 2619.00779297
86 2619.00779297
87 2619.00779297
88 3579.82136752
89 3579.82136752
90 3579.82136752
91 3579.82136752
92 3579.82136752
93 3579.82136752
94 3579.82136752
95 3579.82136752
96 3579.82136752
97 3942.64809207
98 3942.64809207
99 3942.64809207
100 3942.64809207
101 3942.64809207
102 3942.64809207
103 3942.64809207
104 4036.4882875
105 4036.4882875
106 4036.4882875
107 4036.4882875
108 4036.4882875
109 4036.4882875
110 4036.4882875
111 4531.67111736
112 4531.67111736
113 4251.59790913
114 4251.59790913
115 4251.59790913
116 4251.59790913
117 4251.59790913
118 3593.89388087
119 3593.89388087
120 3593.89388087
121 3593.89388087
122 3593.89388087
123 3593.89388087
124 3593.89388087
125 3593.89388087
126 3593.89388087
127 3593.89388087
128 4464.48693351
129 4464.48693351
130 4464.48693351
131 4464.48693351
132 4464.48693351
133 4464.48693351
134 3746.92907205
135 3746.92907205
136 3746.92907205
137 3746.92907205
138 3746.92907205
139 3746.92907205
140 3746.92907205
141 3426.31359236
142 3426.31359236
143 3426.31359236
144 3426.31359236
145 3426.31359236
146 3426.31359236
147 3426.31359236
148 3426.31359236
149 4393.748
150 4393.748
151 4393.748
152 4393.748
153 4393.748
154 4393.748
155 4393.748
156 4393.748
157 4112.44198895
158 4112.44198895
159 4112.44198895
160 4112.44198895
161 4112.44198895
162 4112.44198895
163 4112.44198895
164 4112.44198895
165 4112.44198895
166 3740.88610018
167 3740.88610018
168 3740.88610018
169 3740.88610018
170 3740.88610018
171 3740.88610018
172 3740.88610018
173 3740.88610018
174 3740.88610018
175 4420.46338477
176 4420.46338477
177 4420.46338477
178 4420.46338477
179 4420.46338477
180 4420.46338477
181 4420.46338477
182 4420.46338477
183 3533.56133829
184 3533.56133829
185 3533.56133829
186 3533.56133829
187 3533.56133829
188 3533.56133829
189 3533.56133829
190 3533.56133829
191 3533.56133829
192 3533.56133829
193 1028.24446413
194 1028.24446413
195 4440.803276
196 4440.803276
197 4440.803276
198 4440.803276
199 4440.803276
200 4440.803276
201 4034.55403577
202 4034.55403577
203 4034.55403577
204 4034.55403577
205 4034.55403577
206 4034.55403577
207 2874.10713553
208 1713.66023529
209 1713.66023529
210 3669.6950324
211 3669.6950324
212 3669.6950324
213 3669.6950324
214 3669.6950324
215 3669.6950324
216 3669.6950324
217 3669.6950324
218 3669.6950324
219 3595.62954796
220 3595.62954796
221 3595.62954796
222 3595.62954796
223 3595.62954796
224 3595.62954796
225 3595.62954796
226 3342.50627082
227 3089.38299368
228 3089.38299368
229 3089.38299368
230 2201.73602729
231 2201.73602729
232 2201.73602729
233 2201.73602729
234 3464.37876614
235 3464.37876614
236 3292.23097753
237 3120.08318891
238 3120.08318891
239 3120.08318891
240 3120.08318891
241 2506.00565078
242 2506.00565078
243 2506.00565078
244 2506.00565078
245 2506.00565078
246 5270.74449761
247 5270.74449761
248 3048.598978
249 3048.598978
250 3048.598978
251 3048.598978
252 3048.598978
253 3048.598978
254 3048.598978
255 3048.598978
256 3048.598978
257 3546.10762854
258 4190.28403064
259 4190.28403064
260 4190.28403064
261 4190.28403064
262 7770.52560495
263 5418.52790676
264 3066.53020856
265 3066.53020856
266 3066.53020856
267 3066.53020856
268 3154.52818464
269 3154.52818464
270 3154.52818464
271 3154.52818464
272 3154.52818464
273 4072.60461285
274 4072.60461285
275 4072.60461285
276 4072.60461285
277 4072.60461285
278 4125.42365985
279 4125.42365985
280 4125.42365985
281 4125.42365985
282 4125.42365985
283 4125.42365985
284 4125.42365985
285 4125.42365985
286 4125.42365985
287 4125.42365985
288 9726.67086795
289 9726.67086795
290 9726.67086795
291 9726.67086795
292 4163.53421369
293 4163.53421369
294 4163.53421369
295 4163.53421369
296 4163.53421369
297 4163.53421369
298 4163.53421369
299 4163.53421369
300 2619.00779297
301 2619.00779297
302 2619.00779297
303 2619.00779297
304 2619.00779297
305 2619.00779297
306 2619.00779297
307 2619.00779297
308 2619.00779297
309 2619.00779297
310 2619.00779297
311 2619.00779297
312 2619.00779297
313 2619.00779297
314 3579.82136752
315 3579.82136752
316 3579.82136752
317 3579.82136752
318 3579.82136752
319 3579.82136752
320 3579.82136752
321 3579.82136752
322 3579.82136752
323 3942.64809207
324 3942.64809207
325 3942.64809207
326 3942.64809207
327 3942.64809207
328 3942.64809207
329 3942.64809207
330 4036.4882875
331 4036.4882875
332 4036.4882875
333 4036.4882875
334 4036.4882875
335 4036.4882875
336 4036.4882875
337 4531.67111736
338 4251.59790913
339 4251.59790913
340 4251.59790913
341 4251.59790913
342 4251.59790913
343 3922.745895
344 3593.89388087
345 3593.89388087
346 3593.89388087
347 3593.89388087
348 3593.89388087
349 3593.89388087
350 3593.89388087
351 3593.89388087
352 3593.89388087
353 4029.19040719
354 4464.48693351
355 4464.48693351
356 4464.48693351
357 4464.48693351
358 4464.48693351
359 4464.48693351
360 3746.92907205
361 3746.92907205
362 3746.92907205
363 3746.92907205
364 3746.92907205
365 3746.92907205
366 3746.92907205
367 3426.31359236
368 3426.31359236
369 3426.31359236
370 3426.31359236
371 3426.31359236
372 3426.31359236
373 3426.31359236
374 3426.31359236
375 4393.748
376 4393.748
377 4393.748
378 4393.748
379 4393.748
380 4393.748
381 4393.748
382 4393.748
383 4112.44198895
384 4112.44198895
385 4112.44198895
386 4112.44198895
387 4112.44198895
388 4112.44198895
389 4112.44198895
390 4112.44198895
391 3926.66404457
392 3740.88610018
393 3740.88610018
394 3740.88610018
395 3740.88610018
396 3740.88610018
397 3740.88610018
398 3740.88610018
399 3740.88610018
400 3740.88610018
401 4420.46338477
402 4420.46338477
403 4420.46338477
404 4420.46338477
405 4420.46338477
406 4420.46338477
407 4420.46338477
408 4420.46338477
409 3533.56133829
410 3533.56133829
411 3533.56133829
412 3533.56133829
413 3533.56133829
414 3533.56133829
415 3533.56133829
416 3533.56133829
417 3533.56133829
418 3533.56133829
419 1028.24446413
420 1028.24446413
421 4440.803276
422 4440.803276
423 4440.803276
424 4440.803276
425 4440.803276
426 4440.803276
427 4034.55403577
428 4034.55403577
429 4034.55403577
430 4034.55403577
431 4034.55403577
432 4034.55403577
433 1713.66023529
434 1713.66023529
435 1713.66023529
436 3669.6950324
437 3669.6950324
438 3669.6950324
439 3669.6950324
440 3669.6950324
441 3669.6950324
442 3669.6950324
443 3669.6950324
444 3669.6950324
445 3595.62954796
446 3595.62954796
447 3595.62954796
448 3595.62954796
449 3595.62954796
450 3595.62954796
451 3595.62954796
