0 2196.78740157
1 2196.78740157
2 2196.78740157
3 2196.78740157
4 2196.78740157
5 2017.81143779
6 2017.81143779
7 1838.83547401
8 1838.83547401
9 1602.98807075
10 1602.98807075
11 1602.98807075
12 1936.92574735
13 1936.92574735
14 1936.92574735
15 1543.0993659
16 1543.0993659
17 1543.0993659
18 1543.0993659
19 1543.0993659
20 1543.0993659
21 1149.27298444
22 1149.27298444
23 1149.27298444
24 1149.27298444
25 1149.27298444
26 1247.59287532
27 1247.59287532
28 1247.59287532
29 2591.90204822
30 2591.90204822
31 2591.90204822
32 2591.90204822
33 2591.90204822
34 3936.21122112
35 6013.51893165
36 6013.51893165
37 8359.07368421
38 2991.12108683
39 2991.12108683
40 3008.0
41 3008.0
42 3086.89836066
43 3086.89836066
44 3086.89836066
45 3086.89836066
46 3086.89836066
47 3086.89836066
48 3086.89836066
49 3086.89836066
50 3165.79672131
51 3165.79672131
52 3165.79672131
53 3165.79672131
54 2685.5424
55 4149.28898129
56 7440.07729469
57 3203.5333927
58 3203.5333927
59 3046.52294557
60 3391.36734755
61 3391.36734755
62 3391.36734755
63 3736.21174952
64 3736.21174952
65 2709.85471826
66 2709.85471826
67 2709.85471826
68 2124.50273224
69 2124.50273224
70 2124.50273224
71 3598.18711019
72 3598.18711019
73 2431.52034261
74 2431.52034261
75 2431.52034261
76 2431.52034261
77 2388.86803519
78 2388.86803519
79 2388.86803519
80 3079.94311571
81 3025.75770021
82 3025.75770021
83 3025.75770021
84 4183.96707819
85 3278.03193785
86 3278.03193785
87 3278.03193785
88 2154.97831325
89 2154.97831325
90 2154.97831325
91 3457.66326077
92 3457.66326077
93 2874.95384615
94 2874.95384615
95 2874.95384615
96 2686.10564663
97 2686.10564663
98 2907.02761234
99 2907.02761234
100 2331.34082397
101 2331.34082397
102 2331.34082397
103 2557.56865417
104 2557.56865417
105 2557.56865417
106 2513.63239381
107 2513.63239381
108 2513.63239381
109 1069.47604057
110 1069.47604057
111 1069.47604057
112 1069.47604057
113 1069.47604057
114 1069.47604057
115 3475.33287197
116 3475.33287197
117 2912.32569975
118 2912.32569975
119 2912.32569975
120 1317.20239323
121 1317.20239323
122 1317.20239323
123 1317.20239323
124 1317.20239323
125 2790.43362522
126 2790.43362522
127 2790.43362522
128 1536.15283148
129 1536.15283148
130 1536.15283148
131 1536.15283148
132 1536.15283148
133 4381.51156812
134 4381.51156812
135 2994.1632
136 2994.1632
137 2994.1632
138 1992.59675676
139 1992.59675676
140 1992.59675676
141 1992.59675676
142 3259.93426043
143 3259.93426043
144 2702.28675136
145 2702.28675136
146 2702.28675136
147 3474.64989518
148 3474.64989518
149 2314.86497065
150 2314.86497065
151 3084.15189873
152 3084.15189873
153 2627.02457467
154 2627.02457467
155 2627.02457467
156 1967.18993007
157 1967.18993007
158 1967.18993007
159 1967.18993007
160 2084.93019892
161 2084.93019892
162 2084.93019892
163 2426.78779276
164 2426.78779276
165 2426.78779276
166 2974.90226537
167 2974.90226537
168 3033.32357247
169 2313.02369668
170 2313.02369668
171 2313.02369668
172 2313.02369668
173 4272.72727273
174 4272.72727273
175 2195.91283293
176 2195.91283293
177 2195.91283293
178 3480.4488978
179 3480.4488978
180 3480.4488978
181 1677.44257637
182 1677.44257637
183 1677.44257637
184 1677.44257637
185 2201.78604651
186 2201.78604651
187 2201.78604651
188 2201.78604651
189 2170.35354508
190 2170.35354508
191 2170.35354508
192 1768.07614047
193 1768.07614047
194 1768.07614047
195 1193.05487805
196 1193.05487805
197 1193.05487805
198 1193.05487805
199 1193.05487805
200 1193.05487805
201 1674.68950749
202 1674.68950749
203 1674.68950749
204 1674.68950749
205 1674.68950749
206 1674.68950749
207 2357.92477302
208 2357.92477302
209 2357.92477302
210 1997.88848417
211 1997.88848417
212 1997.88848417
213 1997.88848417
214 2194.49896664
215 2194.49896664
216 2194.49896664
217 5766.70523847
218 5766.70523847
219 5766.70523847
220 5766.70523847
221 3981.74632002
222 3981.74632002
223 3981.74632002
224 3981.74632002
225 2196.78740157
226 2017.81143779
227 1838.83547401
228 1838.83547401
229 1838.83547401
230 1602.98807075
231 1602.98807075
232 1602.98807075
233 1936.92574735
234 1936.92574735
235 1936.92574735
236 1543.0993659
237 1543.0993659
238 1543.0993659
239 1543.0993659
240 1543.0993659
241 1543.0993659
242 1149.27298444
243 1149.27298444
244 1149.27298444
245 1149.27298444
246 1149.27298444
247 1247.59287532
248 1247.59287532
249 1247.59287532
250 2591.90204822
251 2591.90204822
252 2591.90204822
253 2591.90204822
254 2591.90204822
255 3936.21122112
256 6013.51893165
257 6013.51893165
258 8359.07368421
259 2991.12108683
260 2991.12108683
261 3008.0
262 3008.0
263 3086.89836066
264 3086.89836066
265 3086.89836066
266 3086.89836066
267 3086.89836066
268 3086.89836066
269 3086.89836066
270 3086.89836066
271 3165.79672131
272 3165.79672131
273 3165.79672131
274 3165.79672131
275 2685.5424
276 5794.68313799
277 7440.07729469
278 3203.5333927
279 3203.5333927
280 3046.52294557
281 3391.36734755
282 3391.36734755
283 3391.36734755
284 3736.21174952
285 3736.21174952
286 2709.85471826
287 2709.85471826
288 2709.85471826
289 2124.50273224
290 2124.50273224
291 2124.50273224
292 3598.18711019
293 3598.18711019
294 2431.52034261
295 2431.52034261
296 2431.52034261
297 2431.52034261
298 2388.86803519
299 2388.86803519
300 3079.94311571
301 3079.94311571
302 3025.75770021
303 3025.75770021
304 4183.96707819
305 4183.96707819
306 3278.03193785
307 3278.03193785
308 2154.97831325
309 2154.97831325
310 2154.97831325
311 2154.97831325
312 3457.66326077
313 3457.66326077
314 2874.95384615
315 2874.95384615
316 2874.95384615
317 2686.10564663
318 2686.10564663
319 2907.02761234
320 2907.02761234
321 2331.34082397
322 2331.34082397
323 2331.34082397
324 2557.56865417
325 2557.56865417
326 2557.56865417
327 2513.63239381
328 2513.63239381
329 2513.63239381
330 1069.47604057
331 1069.47604057
332 1069.47604057
333 1069.47604057
334 1069.47604057
335 1069.47604057
336 3475.33287197
337 3475.33287197
338 2912.32569975
339 2912.32569975
340 2912.32569975
341 1317.20239323
342 1317.20239323
343 1317.20239323
344 1317.20239323
345 1317.20239323
346 2790.43362522
347 2790.43362522
348 2790.43362522
349 1536.15283148
350 1536.15283148
351 1536.15283148
352 1536.15283148
353 1536.15283148
354 4381.51156812
355 4381.51156812
356 2994.1632
357 2994.1632
358 2994.1632
359 1992.59675676
360 1992.59675676
361 1992.59675676
362 1992.59675676
363 3259.93426043
364 2702.28675136
365 2702.28675136
366 2702.28675136
367 3257.34736842
368 3474.64989518
369 3474.64989518
370 2314.86497065
371 2314.86497065
372 3084.15189873
373 3084.15189873
374 2627.02457467
375 2627.02457467
376 2627.02457467
377 1967.18993007
378 1967.18993007
379 1967.18993007
380 1967.18993007
381 2084.93019892
382 2084.93019892
383 2084.93019892
384 2426.78779276
385 2426.78779276
386 2426.78779276
387 2974.90226537
388 2974.90226537
389 3033.32357247
390 2313.02369668
391 2313.02369668
392 2313.02369668
393 2313.02369668
394 4272.72727273
395 4272.72727273
396 2195.91283293
397 2195.91283293
398 2195.91283293
399 3480.4488978
400 3480.4488978
401 3480.4488978
402 1677.44257637
403 1677.44257637
404 1677.44257637
405 1677.44257637
406 2201.78604651
407 2201.78604651
408 2201.78604651
409 2201.78604651
410 2170.35354508
411 2170.35354508
412 2170.35354508
413 1768.07614047
414 1768.07614047
415 1768.07614047
416 1193.05487805
417 1193.05487805
418 1193.05487805
419 1193.05487805
420 1193.05487805
421 1193.05487805
422 1674.68950749
423 1674.68950749
424 1674.68950749
425 1674.68950749
426 1674.68950749
427 2357.92477302
428 2357.92477302
429 2357.92477302
430 2357.92477302
431 1997.88848417
432 1997.88848417
433 1997.88848417
434 1997.88848417
435 2194.49896664
436 2194.49896664
437 2194.49896664
438 5766.70523847
439 5766.70523847
440 5766.70523847
441 5766.70523847
