0 3533.93865031
1 3533.93865031
2 3533.93865031
3 3533.93865031
4 9153.92670157
5 9031.74595948
6 9031.74595948
7 8909.56521739
8 9340.56357388
9 9134.08238041
10 9134.08238041
11 8927.60118694
12 8927.60118694
13 8945.47190453
14 8945.47190453
15 9041.36720554
16 9041.36720554
17 9075.40708258
18 9075.40708258
19 9075.40708258
20 9109.44695961
21 9109.44695961
22 7502.98642534
23 7502.98642534
24 7502.98642534
25 7118.11885421
26 7118.11885421
27 8814.192
28 8814.192
29 8814.192
30 8900.12970169
31 5534.3867036
32 5534.3867036
33 6598.15209342
34 6598.15209342
35 6598.15209342
36 6598.15209342
37 7964.59459459
38 7964.59459459
39 7964.59459459
40 7964.59459459
41 5148.03353992
42 5148.03353992
43 5148.03353992
44 3510.00944032
45 3510.00944032
46 3510.00944032
47 4550.53504145
48 4550.53504145
49 7721.92803145
50 7721.92803145
51 7721.92803145
52 7721.92803145
53 8394.07449051
54 8394.07449051
55 8394.07449051
56 7328.63866944
57 7328.63866944
58 7328.63866944
59 7887.074557
60 7887.074557
61 7887.074557
62 6354.79166667
63 6354.79166667
64 6354.79166667
65 5517.58351515
66 5517.58351515
67 5517.58351515
68 5517.58351515
69 5517.58351515
70 6527.37944409
71 6527.37944409
72 6527.37944409
73 8108.30497238
74 8108.30497238
75 8108.30497238
76 8108.30497238
77 8110.06661503
78 8110.06661503
79 8546.11031175
80 8546.11031175
81 8546.11031175
82 9170.69404517
83 9170.69404517
84 3848.23537753
85 3848.23537753
86 3848.23537753
87 3848.23537753
88 3848.23537753
89 3848.23537753
90 3848.23537753
91 8668.24016563
92 8668.24016563
93 7528.34782609
94 7528.34782609
95 7528.34782609
96 9039.60345821
97 8736.73079585
98 8736.73079585
99 8736.73079585
100 8886.76350093
101 8886.76350093
102 8886.76350093
103 9274.17264486
104 9274.17264486
105 9274.17264486
106 8940.78803738
107 8940.78803738
108 7836.50041425
109 7836.50041425
110 7836.50041425
111 8762.75155709
112 8762.75155709
113 8762.75155709
114 8930.21826939
115 8930.21826939
116 8930.21826939
117 9097.68498168
118 9097.68498168
119 9097.68498168
120 9166.04841006
121 9166.04841006
122 8718.37433155
123 8718.37433155
124 8718.37433155
125 8718.37433155
126 8925.87561999
127 8925.87561999
128 9018.74793651
129 9018.74793651
130 9018.74793651
131 9019.48619448
132 9019.48619448
133 9019.48619448
134 9019.48619448
135 8840.34323432
136 8840.34323432
137 8840.34323432
138 8359.98938711
139 8359.98938711
140 8359.98938711
141 8720.395338
142 8720.395338
143 8720.395338
144 8901.17534027
145 8901.17534027
146 8894.46193548
147 8894.46193548
148 8894.46193548
149 8894.46193548
150 8822.34636872
151 8822.34636872
152 8822.34636872
153 8827.32307692
154 8827.32307692
155 8827.32307692
156 9119.20092915
157 9119.20092915
158 8649.56797331
159 8649.56797331
160 8919.24162145
161 8919.24162145
162 8919.24162145
163 8919.24162145
164 8919.24162145
165 8919.24162145
166 8919.24162145
167 8919.24162145
168 8919.24162145
169 8919.24162145
170 9188.9152696
171 9188.9152696
172 9188.9152696
173 8708.89400062
174 8708.89400062
175 8708.89400062
176 8646.95596985
177 8646.95596985
178 8646.95596985
179 8652.64197531
180 8652.64197531
181 8652.64197531
182 8794.58765432
183 8794.58765432
184 8794.58765432
185 8794.58765432
186 8794.58765432
187 8794.58765432
188 8794.58765432
189 8794.58765432
190 8794.58765432
191 8936.53333333
192 8936.53333333
193 8936.53333333
194 8862.12598924
195 8862.12598924
196 8862.12598924
197 8657.00453074
198 8657.00453074
199 8657.00453074
200 8511.53219005
201 8511.53219005
202 8511.53219005
203 8511.53219005
204 8598.91681846
205 8598.91681846
206 8598.91681846
207 8631.2715362
208 8631.2715362
209 8631.2715362
210 8631.2715362
211 8631.2715362
212 8631.2715362
213 8631.2715362
214 8631.2715362
215 8631.2715362
216 8663.62625394
217 8663.62625394
218 8663.62625394
219 8663.62625394
220 8635.41754598
221 8635.41754598
222 8635.41754598
223 8635.41754598
224 8854.00861783
225 8854.00861783
226 8854.00861783
227 8125.15706489
228 8125.15706489
229 8125.15706489
230 8856.7369697
231 8856.7369697
232 8856.7369697
233 8856.7369697
234 8746.35324869
235 8746.35324869
236 8746.35324869
237 8746.35324869
238 8746.35324869
239 8746.35324869
240 8746.35324869
241 8635.96952768
242 8635.96952768
243 8635.96952768
244 8632.25666123
245 8632.25666123
246 8632.25666123
247 8632.25666123
248 8973.90642347
249 8973.90642347
250 8811.4830733
251 8811.4830733
252 8811.4830733
253 8811.4830733
254 8786.84812938
255 8786.84812938
256 8786.84812938
257 8786.84812938
258 8786.84812938
259 8786.84812938
260 8786.84812938
261 8762.21318546
262 8762.21318546
263 8762.21318546
264 8762.21318546
265 8715.07981221
266 8715.07981221
267 8715.07981221
268 8631.47377993
269 8631.47377993
270 8631.47377993
271 8631.47377993
272 8879.05043483
273 8879.05043483
274 8879.05043483
275 8879.05043483
276 9126.62708973
277 9126.62708973
278 9126.62708973
279 9126.62708973
280 8987.21511951
281 8987.21511951
282 8987.21511951
283 9096.23186915
284 9096.23186915
285 9096.23186915
286 9205.24861878
287 9205.24861878
288 9205.24861878
289 9205.24861878
290 9032.35865135
291 9032.35865135
292 9032.35865135
293 8624.54387839
294 8624.54387839
295 8624.54387839
296 8216.72910542
297 8216.72910542
298 8216.72910542
299 8984.31301183
300 8984.31301183
301 9016.51033911
302 9016.51033911
303 9016.51033911
304 9016.51033911
305 9016.51033911
306 9048.70766639
307 9048.70766639
308 9048.70766639
309 9088.9308022
310 9088.9308022
311 9088.9308022
312 9108.05588822
313 6320.99726926
314 6320.99726926
315 3533.93865031
316 8409.49887133
317 9031.74595948
318 9031.74595948
319 8909.56521739
320 9340.56357388
321 9340.56357388
322 9134.08238041
323 9134.08238041
324 8927.60118694
325 8945.47190453
326 8945.47190453
327 8945.47190453
328 9041.36720554
329 9075.40708258
330 9075.40708258
331 9075.40708258
332 9109.44695961
333 9109.44695961
334 9109.44695961
335 7502.98642534
336 7502.98642534
337 7118.11885421
338 7118.11885421
339 7118.11885421
340 8814.192
341 8814.192
342 8900.12970169
343 8900.12970169
344 5534.3867036
345 5534.3867036
346 6598.15209342
347 6598.15209342
348 6598.15209342
349 6598.15209342
350 7964.59459459
351 7964.59459459
352 7964.59459459
353 5148.03353992
354 5148.03353992
355 5148.03353992
356 3510.00944032
357 3510.00944032
358 3510.00944032
359 3510.00944032
360 4550.53504145
361 7721.92803145
362 7721.92803145
363 7721.92803145
364 7721.92803145
365 8394.07449051
366 8394.07449051
367 8394.07449051
368 8394.07449051
369 7328.63866944
370 7328.63866944
371 7887.074557
372 7887.074557
373 7887.074557
374 7887.074557
375 6354.79166667
376 6354.79166667
377 6354.79166667
378 5517.58351515
379 5517.58351515
380 5517.58351515
381 5517.58351515
382 6527.37944409
383 6527.37944409
384 6527.37944409
385 6527.37944409
386 8108.30497238
387 8108.30497238
388 8108.30497238
389 8110.06661503
390 8110.06661503
391 8110.06661503
392 8546.11031175
393 8546.11031175
394 8546.11031175
395 9170.69404517
396 9170.69404517
397 3848.23537753
398 3848.23537753
399 3848.23537753
400 3848.23537753
401 3848.23537753
402 3848.23537753
403 8668.24016563
404 8668.24016563
405 7528.34782609
406 7528.34782609
407 7528.34782609
408 9039.60345821
409 9039.60345821
410 8736.73079585
411 8736.73079585
412 8736.73079585
413 8886.76350093
414 8886.76350093
415 9274.17264486
416 9274.17264486
417 9274.17264486
418 8940.78803738
419 8940.78803738
420 8940.78803738
421 7836.50041425
422 7836.50041425
423 7836.50041425
424 8762.75155709
425 8762.75155709
426 8762.75155709
427 8930.21826939
428 8930.21826939
429 8930.21826939
430 9097.68498168
431 9097.68498168
432 9166.04841006
433 9166.04841006
434 8718.37433155
435 8718.37433155
436 8718.37433155
437 8718.37433155
438 8925.87561999
439 8925.87561999
440 8925.87561999
441 9018.74793651
442 9018.74793651
443 9018.74793651
444 9019.48619448
445 9019.48619448
446 9019.48619448
447 8840.34323432
448 8840.34323432
449 8840.34323432
450 8359.98938711
451 8359.98938711
452 8359.98938711
453 8359.98938711
454 8720.395338
455 8720.395338
456 8901.17534027
457 8901.17534027
458 8901.17534027
459 8894.46193548
460 8894.46193548
461 8894.46193548
462 8822.34636872
463 8822.34636872
464 8822.34636872
465 8822.34636872
466 8827.32307692
467 8827.32307692
468 8827.32307692
469 9119.20092915
470 8649.56797331
471 8649.56797331
472 8649.56797331
473 8919.24162145
474 8919.24162145
475 8919.24162145
476 8919.24162145
477 8919.24162145
478 8919.24162145
479 8919.24162145
480 8919.24162145
481 8919.24162145
482 8919.24162145
483 9188.9152696
484 9188.9152696
485 8708.89400062
486 8708.89400062
487 8708.89400062
488 8708.89400062
489 8646.95596985
490 8646.95596985
491 8652.64197531
492 8652.64197531
493 8652.64197531
494 8794.58765432
495 8794.58765432
496 8794.58765432
497 8794.58765432
498 8794.58765432
499 8794.58765432
500 8794.58765432
501 8794.58765432
502 8794.58765432
503 8794.58765432
504 8936.53333333
505 8936.53333333
506 8862.12598924
507 8862.12598924
508 8862.12598924
509 8862.12598924
510 8657.00453074
511 8657.00453074
512 8657.00453074
513 8511.53219005
514 8511.53219005
515 8511.53219005
516 8598.91681846
517 8598.91681846
518 8598.91681846
519 8598.91681846
520 8631.2715362
521 8631.2715362
522 8631.2715362
523 8631.2715362
524 8631.2715362
525 8631.2715362
526 8631.2715362
527 8631.2715362
528 8631.2715362
529 8663.62625394
530 8663.62625394
531 8663.62625394
532 8663.62625394
533 8635.41754598
534 8635.41754598
535 8635.41754598
536 8854.00861783
537 8854.00861783
538 8854.00861783
539 8125.15706489
540 8125.15706489
541 8125.15706489
542 8125.15706489
543 8856.7369697
544 8856.7369697
545 8856.7369697
546 8746.35324869
547 8746.35324869
548 8746.35324869
549 8746.35324869
550 8746.35324869
551 8746.35324869
552 8746.35324869
553 8746.35324869
554 8635.96952768
555 8635.96952768
556 8632.25666123
557 8632.25666123
558 8632.25666123
559 8632.25666123
560 8973.90642347
561 8973.90642347
562 8973.90642347
563 8811.4830733
564 8811.4830733
565 8811.4830733
566 8786.84812938
567 8786.84812938
568 8786.84812938
569 8786.84812938
570 8786.84812938
571 8786.84812938
572 8786.84812938
573 8786.84812938
574 8762.21318546
575 8762.21318546
576 8762.21318546
577 8715.07981221
578 8715.07981221
579 8715.07981221
580 8715.07981221
581 8631.47377993
582 8631.47377993
583 8631.47377993
584 8879.05043483
585 8879.05043483
586 8879.05043483
587 8879.05043483
588 8879.05043483
589 9126.62708973
590 9126.62708973
591 9126.62708973
592 8987.21511951
593 8987.21511951
594 8987.21511951
595 8987.21511951
596 9096.23186915
597 9096.23186915
598 9096.23186915
599 9205.24861878
600 9205.24861878
601 9205.24861878
602 9032.35865135
603 9032.35865135
604 9032.35865135
605 8624.54387839
606 8624.54387839
607 8624.54387839
608 8624.54387839
609 8216.72910542
610 8216.72910542
611 8216.72910542
612 8984.31301183
613 8984.31301183
614 9016.51033911
615 9016.51033911
616 9016.51033911
617 9016.51033911
618 9016.51033911
619 9048.70766639
620 9048.70766639
621 9048.70766639
622 9088.9308022
623 9088.9308022
624 9088.9308022
625 9108.05588822
