0 14187.8026109
823 14187.8026109
966 12704.1937768
1521 12704.1937768
1907 14448.1098695
2854 14448.1098695
3026 13253.2698695
3544 13253.2698695
4005 15414.6564789
5018 15414.6564789
5457 14377.029878
6530 14377.029878
6916 13038.3983332
7742 13038.3983332
8157 12782.7255487
8983 12782.7255487
9332 14886.1947239
10267 14886.1947239
10624 14804.8620257
11686 14804.8620257
11940 14313.9054947
13406 14313.9054947
13661 14323.3375713
14703 14323.3375713
15153 15070.6977282
16226 15070.6977282
16527 14247.1967952
17383 14247.1967952
17538 14630.8907219
18689 14630.8907219
18800 13123.6510225
19361 13123.6510225
19592 14002.7658838
20287 14002.7658838
20699 12895.2988141
21597 12895.2988141
21826 14714.3176043
22799 14714.3176043
22934 14823.9545033
24259 14823.9545033
24498 13025.7058961
25019 13025.7058961
25168 13030.8720973
25763 13030.8720973
25908 14783.1590036
27071 14783.1590036
27320 14355.5300568
28560 14355.5300568
28949 13290.4336794
30257 13290.4336794
30560 14524.4354768
31416 14524.4354768
31628 15328.0219633
33036 15328.0219633
33470 14993.1305723
34614 14993.1305723
34733 13926.8671633
35268 13926.8671633
35591 13085.9707054
36935 13085.9707054
37172 14019.6002814
38188 14019.6002814
38426 12170.0820234
39146 12170.0820234
39309 14155.8571541
40117 14155.8571541
40482 12853.315068
41354 12853.315068
41612 14040.7126305
42556 14040.7126305
42682 13259.4253777
43592 13259.4253777
43705 12429.7112998
44623 12429.7112998
45011 13795.4251196
45608 13795.4251196
45912 14832.0781559
47166 14832.0781559
47314 13695.8970289
48681 13695.8970289
49123 14955.2058361
50129 14955.2058361
50299 13720.3761538
50844 13720.3761538
51124 15064.9603609
52438 15064.9603609
52777 15224.5309032
53305 15224.5309032
53762 14021.8338547
54970 14021.8338547
55136 12571.9770497
56598 12571.9770497
57039 13849.6913934
58431 13849.6913934
58645 15542.4436438
60000 15542.4436438
60103 14080.1992758
61231 14080.1992758
61424 13585.775034
62824 13585.775034
62994 15209.9087677
63544 15209.9087677
63689 14255.377648
64449 14255.377648
64644 14512.050616
65777 14512.050616
66103 12511.7519695
66652 12511.7519695
66848 14317.1783257
68316 14317.1783257
68659 14453.2848331
69240 14453.2848331
69488 13424.1222238
70499 13424.1222238
70760 15494.5247036
71319 15494.5247036
71777 12768.4224721
72493 12768.4224721
72673 15689.6650062
73535 15689.6650062
73823 14517.1703974
74446 14517.1703974
74663 14211.5182007
75846 14211.5182007
76221 14259.6087494
76777 14259.6087494
76979 14618.4561988
78426 14618.4561988
78657 15369.0652617
80014 15369.0652617
80183 13756.1823334
81543 13756.1823334
81883 13986.6837217
82818 13986.6837217
83093 13896.8536752
84342 13896.8536752
84476 13532.5336738
85385 13532.5336738
85563 14130.0429035
86215 14130.0429035
86566 14356.7088042
87466 14356.7088042
87709 13233.2754641
88740 13233.2754641
89061 15933.2476151
90430 15933.2476151
90924 14084.4170718
92179 14084.4170718
92382 14520.2280867
93399 14520.2280867
93500 15733.9458799
94803 15733.9458799
95170 13518.2770934
95880 13518.2770934
95985 12016.1251601
97298 12016.1251601
97723 15435.0031866
98457 15435.0031866
98638 14594.4517426
99510 14594.4517426
99911 15698.9392305
101020 15698.9392305
101144 12899.3080358
102470 12899.3080358
102635 14092.2486533
103646 14092.2486533
103806 13497.6933799
104377 13497.6933799
104796 14728.435043
106269 14728.435043
106432 14732.7045503
107832 14732.7045503
108166 12974.6814183
108874 12974.6814183
109102 14298.597488
110513 14298.597488
110650 13660.3644246
111952 13660.3644246
112241 15444.0790263
112935 15444.0790263
113046 12818.3501
113562 12818.3501
113707 14150.088551
114420 14150.088551
114613 13411.7930194
115738 13411.7930194
115903 13492.8410425
117376 13492.8410425
117623 14247.405538
119098 14247.405538
119388 14639.3885433
119991 14639.3885433
120470 13564.2866986
121664 13564.2866986
122152 14124.5873987
122900 14124.5873987
123120 12979.3825151
124506 12979.3825151
124794 14852.8685111
125520 14852.8685111
125986 13488.7973861
126778 13488.7973861
127225 13794.9383406
128479 13794.9383406
128589 13629.2795092
129935 13629.2795092
130380 13622.7906928
131547 13622.7906928
131779 14509.8822976
132979 14509.8822976
133332 13755.7812154
133985 13755.7812154
134168 13770.4277896
135664 13770.4277896
135975 15029.0574333
136992 15029.0574333
137326 14756.1355529
138733 14756.1355529
138850 14030.2700346
139725 14030.2700346
139995 14921.2651543
141384 14921.2651543
141784 14608.9370454
143060 14608.9370454
143429 14533.3342127
144218 14533.3342127
144643 13702.1743264
145925 13702.1743264
146384 11737.361752
147362 11737.361752
147648 13921.9265396
148826 13921.9265396
149100 13765.0087304
150015 13765.0087304
150134 12807.557301
151156 12807.557301
151568 14930.0740753
152077 14930.0740753
152214 13266.5891197
153640 13266.5891197
154045 14518.6069547
154936 14518.6069547
155249 14166.701145
156717 14166.701145
156949 14235.6445743
158075 14235.6445743
158506 13789.0006112
159739 13789.0006112
159860 14077.3638147
161198 14077.3638147
161524 13876.8374955
162412 13876.8374955
162547 12526.406109
163757 12526.406109
164040 13791.1773318
165167 13791.1773318
165467 14233.643928
166575 14233.643928
167047 13931.9130639
167627 13931.9130639
168041 15050.0415377
168835 15050.0415377
169263 13924.222626
169796 13924.222626
170291 13257.5319757
170980 13257.5319757
171170 13781.9252149
172550 13781.9252149
173010 12767.2878923
174153 12767.2878923
174454 13465.0419206
174956 13465.0419206
175225 15005.7750744
176215 15005.7750744
176414 14120.968624
177376 14120.968624
177643 14333.3794704
179009 14333.3794704
179304 12944.0968152
180172 12944.0968152
180352 13211.364857
181300 13211.364857
181434 15885.1523703
182681 15885.1523703
183080 13945.7588009
184253 13945.7588009
184544 14611.6600894
185556 14611.6600894
185801 14841.4350501
186880 14841.4350501
187119 13322.4076516
188332 13322.4076516
188663 14324.2006529
189689 14324.2006529
189990 13388.8028748
190508 13388.8028748
191004 13907.4425072
191575 13907.4425072
191826 13928.4160517
193141 13928.4160517
193473 15746.4520208
194272 15746.4520208
194573 14431.5161851
195789 14431.5161851
196055 12626.2708797
196740 12626.2708797
197072 13385.335843
197643 13385.335843
197982 13686.0703022
198771 13686.0703022
198933 12455.5631532
199529 12455.5631532
199699 15330.0847443
200377 15330.0847443
200554 12837.0379001
201476 12837.0379001
201942 13721.2249441
202873 13721.2249441
203008 14036.4171899
204189 14036.4171899
204420 15153.8248162
204922 15153.8248162
205178 14551.3454135
206253 14551.3454135
206665 13304.534259
207278 13304.534259
207654 14173.8101814
208805 14173.8101814
209162 14039.0928987
209791 14039.0928987
209912 12881.17414
210470 12881.17414
210836 14762.3712981
212249 14762.3712981
212721 14654.9831437
213720 14654.9831437
213930 13145.1724611
214621 13145.1724611
215088 14798.4830142
215820 14798.4830142
216177 13217.9377748
217652 13217.9377748
217989 14523.8338725
219379 14523.8338725
219745 14382.1361169
220523 14382.1361169
220748 14657.6338553
221298 14657.6338553
221704 12629.8250079
222356 12629.8250079
222789 15219.3692499
223937 15219.3692499
224295 15729.0325747
225606 15729.0325747
226098 13931.1212577
227132 13931.1212577
227489 14523.7232778
228218 14523.7232778
228625 15039.41422
229288 15039.41422
229550 16481.8235838
230200 16481.8235838
230406 14928.9837063
231683 14928.9837063
231823 13161.1797542
232812 13161.1797542
233254 13892.1790758
234342 13892.1790758
234539 16377.4460023
235411 16377.4460023
235783 13601.4069675
236713 13601.4069675
236967 13111.9634206
237607 13111.9634206
238010 13836.4511095
239016 13836.4511095
239137 15647.8691737
240158 15647.8691737
240569 14276.9576238
241598 14276.9576238
241854 15477.9746404
243337 15477.9746404
243479 13936.9594536
244778 13936.9594536
245182 12582.9793191
246605 12582.9793191
246955 13601.8835287
248257 13601.8835287
248659 12020.8086829
249773 12020.8086829
250214 13045.9776274
250886 13045.9776274
251304 13827.0859007
251929 13827.0859007
252346 12351.8922867
252885 12351.8922867
253039 14884.7337033
254485 14884.7337033
254775 13483.0410698
255482 13483.0410698
255841 14066.310826
256700 14066.310826
256898 14639.0688466
258061 14639.0688466
258249 14383.2924494
259031 14383.2924494
259362 14683.7940509
260725 14683.7940509
261223 14941.2858916
262639 14941.2858916
262878 13187.4110045
264344 13187.4110045
264741 15172.908896
265684 15172.908896
265878 15077.7799142
266557 15077.7799142
266848 14711.097813
268211 14711.097813
268359 13874.8958121
269578 13874.8958121
269750 13831.6710022
271200 13831.6710022
271535 13749.6646014
272212 13749.6646014
272472 15392.8211336
273844 15392.8211336
274153 15122.1855919
275323 15122.1855919
275512 14565.1249049
276225 14565.1249049
276658 13700.4851523
277445 13700.4851523
277803 13422.5293673
278698 13422.5293673
278904 14579.7893203
280386 14579.7893203
280594 14260.3918025
281934 14260.3918025
282279 14547.3057129
283495 14547.3057129
283730 14806.5622125
285100 14806.5622125
285297 11976.0860406
286448 11976.0860406
286846 15539.216222
287949 15539.216222
288286 13505.5309834
289015 13505.5309834
289190 12913.7832624
289820 12913.7832624
289959 13857.8795904
291420 13857.8795904
291661 15240.6037354
292403 15240.6037354
292753 12750.3070811
294239 12750.3070811
294713 13142.0396187
295558 13142.0396187
295727 15302.2642603
296827 15302.2642603
297037 13143.7061298
298307 13143.7061298
