0 10011.1790387
1486 10011.1790387
1872 8080.46863373
2947 8080.46863373
3160 4247.41551051
4609 4247.41551051
4839 9916.4854312
5988 9916.4854312
6408 4948.85316896
7507 4948.85316896
7864 3698.56686363
9297 3698.56686363
9751 18.1974678016
11239 18.1974678016
11682 1565.59307778
12395 1565.59307778
12654 7954.83873241
13720 7954.83873241
13894 2495.37774473
14557 2495.37774473
14978 6133.35863367
15528 6133.35863367
15894 7901.52303687
16985 7901.52303687
17140 3370.0975175
18498 3370.0975175
18747 4473.04436603
19290 4473.04436603
19756 810.324114089
20955 810.324114089
21320 14143.1169099
21951 14143.1169099
22397 4860.14684622
23887 4860.14684622
24092 3464.51025517
25462 3464.51025517
25947 5760.19998835
26557 5760.19998835
26861 7242.52244222
28349 7242.52244222
28533 8537.77575427
29204 8537.77575427
29534 4330.41919795
30172 4330.41919795
30573 4583.71770114
31900 4583.71770114
32315 2193.82596069
33631 2193.82596069
33993 853.268024596
34589 853.268024596
34867 6988.57635809
35561 6988.57635809
35988 7758.94467225
37041 7758.94467225
37144 5683.4506478
38376 5683.4506478
38767 4662.65922826
39439 4662.65922826
39638 4915.23408186
40341 4915.23408186
40758 5263.07693018
42028 5263.07693018
42273 10154.8841593
43654 10154.8841593
44128 7022.88931526
45397 7022.88931526
45788 4178.52159658
46710 4178.52159658
47149 2771.13564933
48284 2771.13564933
48475 330.305477467
49606 330.305477467
49788 9956.41199541
50556 9956.41199541
51031 6924.79866109
51977 6924.79866109
52178 12807.5983777
53392 12807.5983777
53742 2239.02364386
54769 2239.02364386
55225 13652.460415
55793 13652.460415
55899 12946.0843837
57198 12946.0843837
57476 2482.47082583
58050 2482.47082583
58519 8451.26253264
59563 8451.26253264
59818 3127.9790778
60571 3127.9790778
60839 7337.84784798
61426 7337.84784798
61646 3302.83626312
62340 3302.83626312
62805 6430.88539065
63306 6430.88539065
63697 2814.04746091
64468 2814.04746091
64788 11604.6291265
65700 11604.6291265
66195 5097.18312251
66924 5097.18312251
67197 3740.78846008
68267 3740.78846008
68556 5116.8846689
69506 5116.8846689
69881 5300.06016071
70856 5300.06016071
71231 4368.11845389
72405 4368.11845389
72688 2208.06212949
73698 2208.06212949
73859 9500.24810534
74473 9500.24810534
74972 5061.93958823
75796 5061.93958823
76088 8463.17474019
77252 8463.17474019
77394 1468.76587592
78734 1468.76587592
79158 674.469611078
80633 674.469611078
81093 2948.53903119
82088 2948.53903119
82387 12788.7989878
83723 12788.7989878
83986 4539.7469532
85190 4539.7469532
85609 9203.25173966
86916 9203.25173966
87272 11324.4944427
87933 11324.4944427
88426 674.715710214
89165 674.715710214
89268 1781.87625437
90012 1781.87625437
90441 10948.9336611
91115 10948.9336611
91560 804.21394176
92466 804.21394176
92583 7633.76386901
93260 7633.76386901
93431 1178.13799524
94913 1178.13799524
95057 3454.21171065
95607 3454.21171065
95938 1876.63137373
96465 1876.63137373
96874 7958.15246792
97924 7958.15246792
98145 4937.63483824
98669 4937.63483824
98777 7698.66200408
100209 7698.66200408
100632 930.589777588
102095 930.589777588
102342 8259.00360273
102867 8259.00360273
103014 4666.46136831
104371 4666.46136831
104811 5547.28631745
105686 5547.28631745
105877 2478.51263565
107067 2478.51263565
107427 5179.65043241
108866 5179.65043241
109201 2469.20715265
110624 2469.20715265
110888 3809.66511626
111875 3809.66511626
112203 8753.87420546
112966 8753.87420546
113389 4569.73506915
114655 4569.73506915
114821 2630.77265932
116282 2630.77265932
116490 7961.85486019
117796 7961.85486019
117912 17023.5568238
118621 17023.5568238
118728 5578.82618966
119580 5578.82618966
119774 2244.3537778
120360 2244.3537778
120665 5750.303592
121507 5750.303592
121967 1309.58294213
122944 1309.58294213
123101 1256.69008239
124118 1256.69008239
124292 4774.55001128
125331 4774.55001128
125515 11020.7466613
126063 11020.7466613
126445 6915.99194129
127850 6915.99194129
128120 6169.50478871
129522 6169.50478871
129636 3447.36941833
130338 3447.36941833
130572 1036.8720414
131743 1036.8720414
131879 12902.7200565
132966 12902.7200565
133069 2856.33323849
134551 2856.33323849
134892 5901.80193436
135793 5901.80193436
136195 654.731891398
137384 654.731891398
137687 7426.82272079
138778 7426.82272079
139000 6554.12344984
139512 6554.12344984
139955 7949.7498306
140564 7949.7498306
140912 3052.68094309
142322 3052.68094309
142454 7914.76530674
143700 7914.76530674
143904 2688.57693084
144496 2688.57693084
144909 6007.07971886
145543 6007.07971886
145831 8453.0294941
147060 8453.0294941
147294 1436.39705255
148126 1436.39705255
148255 158.650162504
149106 158.650162504
149305 7751.47186703
150359 7751.47186703
150732 385.555898206
151978 385.555898206
152211 1230.31662604
152726 1230.31662604
153120 7059.03714804
154033 7059.03714804
154437 5652.80956145
154991 5652.80956145
155249 663.580109569
156352 663.580109569
156483 6784.85763671
157632 6784.85763671
157745 3257.56497107
158291 3257.56497107
158516 5426.00786607
159608 5426.00786607
159795 9227.34643611
160468 9227.34643611
160883 479.794300217
161639 479.794300217
162074 389.840051811
163415 389.840051811
163773 920.833149153
164392 920.833149153
164622 287.14078026
165952 287.14078026
166263 9362.52208924
166856 9362.52208924
166979 7620.41338888
168049 7620.41338888
168379 2659.48605318
169286 2659.48605318
169602 10493.1865097
170580 10493.1865097
171000 3253.04539542
171950 3253.04539542
172296 400.13745652
173599 400.13745652
174055 14092.5703533
174940 14092.5703533
175210 6557.76447597
176313 6557.76447597
176719 1661.12084436
177550 1661.12084436
178040 3597.58531665
179312 3597.58531665
179418 3815.67473819
180272 3815.67473819
180661 8763.29157639
181346 8763.29157639
181531 65.4712725952
182723 65.4712725952
183185 8761.52167364
183880 8761.52167364
184001 3395.84342571
184950 3395.84342571
185383 1702.22597765
186105 1702.22597765
186593 9721.12223909
187803 9721.12223909
188274 3315.92284763
189717 3315.92284763
190095 5813.17023127
191289 5813.17023127
191764 2434.07068103
192984 2434.07068103
193211 6686.84991631
194118 6686.84991631
194398 1394.55835106
195093 1394.55835106
195564 1552.4843458
196944 1552.4843458
197046 1545.74293397
198071 1545.74293397
198522 3639.80492148
199630 3639.80492148
200124 3163.53273517
201104 3163.53273517
201374 6958.73012875
202820 6958.73012875
203021 7410.69701513
204424 7410.69701513
204663 483.513414931
205260 483.513414931
205711 99.8511707411
206281 99.8511707411
206576 3235.02025906
207651 3235.02025906
208134 16763.2702842
209182 16763.2702842
209303 16282.7060012
210798 16282.7060012
211083 2790.90124875
211926 2790.90124875
212240 8934.53606769
213182 8934.53606769
213630 1668.17544663
214320 1668.17544663
214696 5221.07412412
215878 5221.07412412
216356 10017.4450982
217285 10017.4450982
217507 670.635366646
218489 670.635366646
218639 5325.41571607
219679 5325.41571607
219991 5106.46244239
220966 5106.46244239
221144 8409.32314336
222057 8409.32314336
222380 4619.69344538
223158 4619.69344538
223439 5198.20645979
224408 5198.20645979
224822 4208.768328
225415 4208.768328
225537 13816.3627653
226352 13816.3627653
226685 1331.59963303
228042 1331.59963303
228157 11067.6675734
228762 11067.6675734
229048 6115.79249134
229836 6115.79249134
230059 4803.41507139
231334 4803.41507139
231488 6535.28183633
232337 6535.28183633
232549 5833.87392434
233435 5833.87392434
233789 14406.4287516
234894 14406.4287516
235307 12862.0627266
235996 12862.0627266
236417 1842.46412625
236994 1842.46412625
237350 4288.0584697
238442 4288.0584697
238845 6678.16169005
239998 6678.16169005
240293 8497.7579442
241713 8497.7579442
242175 813.092418675
242968 813.092418675
243453 1685.8910788
244331 1685.8910788
244578 1748.68772417
245364 1748.68772417
245726 3582.71354246
246845 3582.71354246
247255 7351.5169061
248169 7351.5169061
248288 10732.7615893
249465 10732.7615893
249683 8231.360859
250961 8231.360859
251405 11642.3155386
252865 11642.3155386
253139 7285.22828066
254445 7285.22828066
254880 14074.2175303
255483 14074.2175303
255657 5122.20820009
256845 5122.20820009
257344 783.15564873
258389 783.15564873
258618 18757.6258305
259223 18757.6258305
259686 4818.71844643
260447 4818.71844643
260695 4745.59009777
261361 4745.59009777
261813 4815.1605308
262315 4815.1605308
262674 13534.3903584
263740 13534.3903584
264055 7718.87481212
265119 7718.87481212
265382 15582.8408362
266577 15582.8408362
266777 7520.76588329
267956 7520.76588329
268068 1186.04826921
269352 1186.04826921
269752 3523.65369831
270607 3523.65369831
271005 2232.17097721
272191 2232.17097721
272326 4205.99741881
273253 4205.99741881
273477 896.113373088
274076 896.113373088
274272 9647.10616006
274890 9647.10616006
275206 7115.44980249
275729 7115.44980249
276093 1922.30728529
276913 1922.30728529
277170 7954.84401238
277767 7954.84401238
278115 6199.08020676
278754 6199.08020676
278947 614.965227881
280201 614.965227881
280383 10369.7876333
280890 10369.7876333
281067 467.417270412
281626 467.417270412
281788 5468.02417744
282502 5468.02417744
282985 1160.37311035
283954 1160.37311035
284140 9397.73134407
285600 9397.73134407
285992 5881.38488759
286879 5881.38488759
287358 751.388554296
288476 751.388554296
288664 4285.77600326
289968 4285.77600326
290359 1806.00105251
291518 1806.00105251
291696 12508.8116892
292569 12508.8116892
292686 2642.90453437
293742 2642.90453437
294043 2786.38905032
295249 2786.38905032
295615 7085.91796188
296861 7085.91796188
297249 823.096624742
297871 823.096624742
