0 13949.6275752
1308 13949.6275752
1604 13448.5325344
2354 13448.5325344
2789 15396.4603481
3454 15396.4603481
3812 14807.0313536
4364 14807.0313536
4663 13713.0272698
5925 13713.0272698
6187 14510.7818312
7541 14510.7818312
7738 13365.2678332
8644 13365.2678332
9029 14159.1768298
9555 14159.1768298
9813 14112.902012
11219 14112.902012
11567 14886.3082725
12165 14886.3082725
12423 14060.7300826
13270 14060.7300826
13744 15443.7112557
14360 15443.7112557
14757 13998.2478697
16174 13998.2478697
16300 14872.8510712
16840 14872.8510712
17277 14030.7442665
18160 14030.7442665
18611 15053.455514
19564 15053.455514
19977 14385.5558786
20867 14385.5558786
21364 14782.9708155
22781 14782.9708155
23210 14373.5962919
24670 14373.5962919
25118 13248.9959899
25624 13248.9959899
26066 14220.5453509
27530 14220.5453509
27665 14405.9747485
28360 14405.9747485
28802 13739.706693
30156 13739.706693
30601 12882.7140737
31740 12882.7140737
32216 14949.0012629
33564 14949.0012629
33835 12747.9200016
34927 12747.9200016
35130 14246.9559649
36481 14246.9559649
36685 14606.8733786
37808 14606.8733786
38294 14251.7721178
38917 14251.7721178
39377 14113.2289453
40730 14113.2289453
41227 13435.1288782
42411 13435.1288782
42802 13788.4586658
43580 13788.4586658
43795 14631.4489452
44593 14631.4489452
45027 13751.140636
46379 13751.140636
46667 13939.3867405
47750 13939.3867405
48113 13473.3307306
49010 13473.3307306
49342 13730.1542254
50325 13730.1542254
50694 13149.1547076
52149 13149.1547076
52609 15203.0309634
53293 15203.0309634
53539 14155.7283508
55031 14155.7283508
55198 14876.3820856
56284 14876.3820856
56639 14512.3485093
57940 14512.3485093
58328 14217.151463
59486 14217.151463
59933 13222.3664159
61413 13222.3664159
61608 14096.2265445
62513 14096.2265445
62720 14656.3487157
63254 14656.3487157
63387 12596.4872344
64102 12596.4872344
64552 13899.8025367
65715 13899.8025367
65989 13299.2657741
66782 13299.2657741
67204 12967.3596572
68634 12967.3596572
68897 14301.141315
69413 14301.141315
69547 13126.0587743
70413 13126.0587743
70719 15793.994189
72063 15793.994189
72536 15058.4761942
73691 15058.4761942
73835 15490.8537798
74941 15490.8537798
75138 12879.629059
75676 12879.629059
75942 14242.0327777
76743 14242.0327777
77069 13928.5196438
78242 13928.5196438
78459 14240.1132291
79409 14240.1132291
79780 13397.4491022
80686 13397.4491022
80904 14942.3689677
82365 14942.3689677
82566 14534.2522066
83652 14534.2522066
83872 14622.6581604
84820 14622.6581604
85008 13693.7668481
86473 13693.7668481
86655 14511.3262362
88154 14511.3262362
88530 14979.5306256
89979 14979.5306256
90408 15385.3488454
91005 15385.3488454
91124 13429.009738
91787 13429.009738
92085 12994.0564451
93106 12994.0564451
93240 13337.2451158
94121 13337.2451158
94231 14865.298602
95323 14865.298602
95466 13959.2259815
95979 13959.2259815
96213 14381.6129948
97240 14381.6129948
97442 15173.3586687
98708 15173.3586687
99036 13952.4187193
99544 13952.4187193
99863 13610.0274923
100542 13610.0274923
100710 14017.157827
101516 14017.157827
101941 14486.7408853
102521 14486.7408853
102673 14329.6402607
104014 14329.6402607
104140 14795.5136528
105131 14795.5136528
105268 13883.5362281
106405 13883.5362281
106665 13946.0330187
107569 13946.0330187
107682 14749.9073555
109045 14749.9073555
109404 15676.2563302
110329 15676.2563302
110647 14886.0483749
111744 14886.0483749
111941 12834.3236025
112839 12834.3236025
113299 13549.9162764
114568 13549.9162764
114819 13580.9029482
115327 13580.9029482
115711 13237.4164328
116316 13237.4164328
116589 14035.7369429
117606 14035.7369429
117819 13326.3923098
119116 13326.3923098
119517 14223.0338094
120907 14223.0338094
121270 13972.6857943
122438 13972.6857943
122891 13932.4373891
124264 13932.4373891
124747 15870.1278271
125439 15870.1278271
125856 14505.3219456
126688 14505.3219456
126922 14653.1544861
127840 14653.1544861
128207 15810.2465955
129085 15810.2465955
129387 13758.2954717
129997 13758.2954717
130324 15230.5514206
130884 15230.5514206
131058 14275.5862202
132383 14275.5862202
132701 14974.5722542
133828 14974.5722542
134278 13932.5817756
135324 13932.5817756
135736 14136.5896337
136755 14136.5896337
137017 14068.8541527
138364 14068.8541527
138743 13583.9018584
139472 13583.9018584
139910 13855.1891236
140759 13855.1891236
141165 13226.848115
142504 13226.848115
142814 15655.8059914
144256 15655.8059914
144706 14030.8204517
145661 14030.8204517
146054 14343.6662223
146618 14343.6662223
147103 15535.8970886
148540 15535.8970886
148991 15699.1864857
149706 15699.1864857
150199 13266.7412628
151109 13266.7412628
151505 14384.4776155
152310 14384.4776155
152780 13678.1693862
153722 13678.1693862
153955 13955.5351598
155301 13955.5351598
155710 13846.715648
156476 13846.715648
156841 14858.4163979
158277 14858.4163979
158664 12793.1664872
159939 12793.1664872
160126 14282.3023602
160807 14282.3023602
161178 14837.0465203
162596 14837.0465203
162939 13636.2439163
164191 13636.2439163
164397 15062.634576
165671 15062.634576
165879 14686.3531602
166408 14686.3531602
166540 14114.6091015
167222 14114.6091015
167496 12228.7853922
168840 12228.7853922
169121 13566.3574885
170197 13566.3574885
170550 13537.6760628
171391 13537.6760628
171860 14172.2032669
172381 14172.2032669
172730 14406.4698044
173576 14406.4698044
173730 16013.4196933
174248 16013.4196933
174687 14938.5704842
175330 14938.5704842
175750 14281.6177518
177045 14281.6177518
177212 14650.3006861
177754 14650.3006861
178039 15399.2723321
178981 15399.2723321
179355 12856.4661113
180098 12856.4661113
180317 15275.3961244
180908 15275.3961244
181317 14942.7419762
182484 14942.7419762
182785 14052.7093007
183670 14052.7093007
184010 12297.2459708
185481 12297.2459708
185626 13666.7679461
186701 13666.7679461
187008 13633.2975512
188246 13633.2975512
188598 13566.3331385
189969 13566.3331385
190461 14759.1643322
191883 14759.1643322
192033 14464.5478994
192694 14464.5478994
193049 13916.0669904
193923 13916.0669904
194096 14342.6850379
194676 14342.6850379
195105 15325.7707178
196217 15325.7707178
196317 14432.4787522
197771 14432.4787522
198077 15305.5939227
198684 15305.5939227
199064 13453.1496367
200562 13453.1496367
200784 14153.3351245
201435 14153.3351245
201633 15538.5953068
202234 15538.5953068
202567 13882.8771878
203963 13882.8771878
204082 15087.683352
204710 15087.683352
204844 14968.4376735
206272 14968.4376735
206505 13911.6207625
207197 13911.6207625
207645 13022.9574273
208511 13022.9574273
208809 15098.6410093
209807 15098.6410093
209993 13109.7700119
211375 13109.7700119
211640 14714.145295
212967 14714.145295
213084 13399.4544767
213987 13399.4544767
214105 14816.0765209
214913 14816.0765209
215135 14540.2965064
215643 14540.2965064
215919 14686.1317927
217114 14686.1317927
217229 13887.7106589
218721 13887.7106589
219027 14614.6542377
220023 14614.6542377
220201 14263.7368247
221388 14263.7368247
221531 13280.6990214
222875 13280.6990214
223356 14943.819447
224153 14943.819447
224533 13550.1491702
225526 13550.1491702
225702 14620.3648633
227115 14620.3648633
227552 14061.4715481
228600 14061.4715481
228821 14095.1371527
229685 14095.1371527
230118 16129.2045481
231382 16129.2045481
231502 14417.4230519
232526 14417.4230519
232726 13814.4936247
233430 13814.4936247
233711 14547.6601377
235064 14547.6601377
235444 15041.2123551
236569 15041.2123551
236921 14024.8887331
237809 14024.8887331
238147 14550.6274781
239171 14550.6274781
239660 13834.7396369
240829 13834.7396369
240953 12693.9472485
241616 12693.9472485
241769 13132.228312
242589 13132.228312
242862 12746.023719
243368 12746.023719
243629 14857.650713
245016 14857.650713
245189 14465.0978842
245867 14465.0978842
246285 12657.4737777
246835 12657.4737777
247284 14727.7341044
248306 14727.7341044
248619 12594.9022003
249668 12594.9022003
249949 15055.8717875
250653 15055.8717875
250836 14120.533195
251888 14120.533195
252091 14978.3580178
252876 14978.3580178
253213 13943.9364437
253939 13943.9364437
254231 13940.7128991
255406 13940.7128991
255707 13927.4577666
256843 13927.4577666
257024 12675.8017963
258396 12675.8017963
258892 15105.9957005
259642 15105.9957005
260063 14299.3293592
261027 14299.3293592
261336 13933.4538773
262243 13933.4538773
262719 13369.8862011
263426 13369.8862011
263669 13782.8488677
264613 13782.8488677
265083 14482.9118729
266109 14482.9118729
266475 14379.4381577
267688 14379.4381577
267800 14700.7059824
268877 14700.7059824
269080 14077.7752432
270163 14077.7752432
270512 13467.9834565
271183 13467.9834565
271402 12465.1712135
272414 12465.1712135
272690 13752.7330775
274056 13752.7330775
274553 12273.0008361
275690 12273.0008361
276164 15632.7640941
277057 15632.7640941
277445 15520.3081688
278110 15520.3081688
278576 15321.7708158
279997 15321.7708158
280339 12823.0527371
281470 12823.0527371
281944 14024.5427512
283043 14024.5427512
283223 13270.6066739
284119 13270.6066739
284410 14191.4692936
285724 14191.4692936
285941 13715.156194
286882 13715.156194
287273 12769.3499663
287822 12769.3499663
288031 13913.5788446
288833 13913.5788446
289112 14656.6776543
290168 14656.6776543
290527 13897.5301489
291243 13897.5301489
291619 15037.6234157
292671 15037.6234157
