0 18492.0354435
621 18492.0354435
943 5978.72728587
2036 5978.72728587
2328 13784.3627203
2852 13784.3627203
3132 9237.56230736
4400 9237.56230736
4576 14989.088797
5089 14989.088797
5476 14985.0918821
6689 14985.0918821
7076 20107.6931501
7982 20107.6931501
8470 10454.8852174
9805 10454.8852174
10085 9971.9382662
11002 9971.9382662
11166 7347.93850221
12330 7347.93850221
12561 14805.9372313
13546 14805.9372313
13854 12262.5120963
15049 12262.5120963
15296 6252.56910829
16340 6252.56910829
16812 14005.0679069
17790 14005.0679069
18081 1589.23329269
18950 1589.23329269
19115 7135.61610391
20134 7135.61610391
20322 24438.4732815
21308 24438.4732815
21717 17038.8131523
22440 17038.8131523
22625 14694.8227665
23653 14694.8227665
23962 12304.31131
25444 12304.31131
25774 9385.2615563
27103 9385.2615563
27566 14921.4504854
28346 14921.4504854
28487 6535.23058168
29911 6535.23058168
30117 22896.6674967
31472 22896.6674967
31666 16096.9776896
32299 16096.9776896
32714 21625.6320902
33720 21625.6320902
33919 19033.5920346
35415 19033.5920346
35525 5630.85589106
36265 5630.85589106
36417 13233.3775089
37349 13233.3775089
37523 13036.1590412
38486 13036.1590412
38963 10344.79733
39883 10344.79733
40083 14234.6587428
41267 14234.6587428
41504 14141.5314809
42666 14141.5314809
43122 8202.23817742
44171 8202.23817742
44289 81.0573540894
45610 81.0573540894
45965 15380.7402605
46607 15380.7402605
46930 22078.5198559
47870 22078.5198559
48160 12836.4960724
48876 12836.4960724
49313 20313.5090464
50604 20313.5090464
50788 10655.9429584
51924 10655.9429584
52383 19943.2831328
53072 19943.2831328
53399 20951.2688732
54428 20951.2688732
54562 6041.9930689
55590 6041.9930689
55998 16910.9868263
56820 16910.9868263
57056 10544.0233793
58069 10544.0233793
58567 13998.4618555
59110 13998.4618555
59264 9274.75864923
60223 9274.75864923
60448 12311.1958297
60955 12311.1958297
61146 16827.047105
62056 16827.047105
62164 11863.3504196
62697 11863.3504196
63134 23148.9318333
64576 23148.9318333
64783 7854.51857509
65563 7854.51857509
66021 19269.395156
67128 19269.395156
67307 18820.1423795
68619 18820.1423795
68927 17317.0452166
69591 17317.0452166
70081 14282.941343
70967 14282.941343
71354 10865.3474503
72671 10865.3474503
73001 12206.5731797
73723 12206.5731797
74164 17406.1142523
75332 17406.1142523
75626 11092.5391345
76973 11092.5391345
77192 17900.4012955
78566 17900.4012955
78735 11570.1740948
79957 11570.1740948
80197 8782.44253905
80859 8782.44253905
81215 1032.59640381
82598 1032.59640381
82969 19151.5995511
84209 19151.5995511
84708 17426.7387536
86044 17426.7387536
86181 12096.4664365
87066 12096.4664365
87294 25060.7024425
87948 25060.7024425
88283 13318.9419104
88957 13318.9419104
89254 6450.09164734
90178 6450.09164734
90519 11414.2142786
91389 11414.2142786
91843 22677.6872782
92735 22677.6872782
93113 24375.1866965
93945 24375.1866965
94218 16134.559143
95123 16134.559143
95402 17679.2767496
96591 17679.2767496
96803 16513.8887638
98146 16513.8887638
98422 12014.3601229
99166 12014.3601229
99477 8125.34820284
100146 8125.34820284
100329 17160.9858884
101784 17160.9858884
102052 10437.8539185
102974 10437.8539185
103342 17742.1538622
103965 17742.1538622
104421 9763.00671294
105597 9763.00671294
105954 10066.0734779
107033 10066.0734779
107453 13617.3942238
108629 13617.3942238
108923 8509.48279274
109883 8509.48279274
110337 20176.2847181
111345 20176.2847181
111837 17951.9093647
113171 17951.9093647
113518 9542.72037619
114874 9542.72037619
115352 11959.8929408
116220 11959.8929408
116396 17382.9774903
117274 17382.9774903
117452 9092.42247339
118102 9092.42247339
118558 22306.1776269
119571 22306.1776269
119839 24514.4208744
120646 24514.4208744
120762 17057.2332021
122048 17057.2332021
122387 17807.8749983
123003 17807.8749983
123207 10697.3136873
124400 10697.3136873
124895 5318.80960314
125907 5318.80960314
126290 4261.63629814
127582 4261.63629814
127981 16756.5671897
129177 16756.5671897
129432 12784.8702801
130338 12784.8702801
130522 15344.8973458
131839 15344.8973458
132167 8641.48662383
133372 8641.48662383
133624 15834.7256871
135089 15834.7256871
135251 6881.7295057
136293 6881.7295057
136775 16361.3114528
138050 16361.3114528
138501 24503.6606377
139552 24503.6606377
139874 5713.5278829
141057 5713.5278829
141414 2374.12996745
142339 2374.12996745
142593 7726.84587091
143626 7726.84587091
143787 13820.5756721
144887 13820.5756721
145335 6277.32447139
146773 6277.32447139
147247 15988.888741
148172 15988.888741
148305 23321.3063374
149426 23321.3063374
149568 12040.122423
150478 12040.122423
150630 12891.4932855
151837 12891.4932855
152203 13851.0834806
152721 13851.0834806
153191 19374.3654413
154156 19374.3654413
154617 13545.6961225
155834 13545.6961225
156190 13554.4210737
157167 13554.4210737
157356 11146.3240654
157981 11146.3240654
158114 22903.1800029
158678 22903.1800029
158862 15926.5206927
160201 15926.5206927
160359 18260.1107933
161115 18260.1107933
161587 12362.7748391
162715 12362.7748391
162886 12925.6175602
164031 12925.6175602
164142 15392.3005802
165199 15392.3005802
165354 7832.16070296
166811 7832.16070296
167010 21651.4973593
167704 21651.4973593
168068 12363.0578817
168607 12363.0578817
169040 11636.7147939
170131 11636.7147939
170398 17451.944904
171577 17451.944904
172011 11789.4901953
173203 11789.4901953
173480 21753.7850576
174563 21753.7850576
174768 18850.1367806
175992 18850.1367806
176387 14174.0650671
177220 14174.0650671
177450 14401.2139685
178422 14401.2139685
178690 15173.6249351
179847 15173.6249351
179974 13241.971087
181219 13241.971087
181581 2219.00114599
182651 2219.00114599
183091 23509.6142147
183704 23509.6142147
183962 10843.8721566
184580 10843.8721566
184786 9805.70927942
186076 9805.70927942
186392 16326.3655016
187504 16326.3655016
187619 13196.9051728
189087 13196.9051728
189452 16078.2579506
190266 16078.2579506
190418 8914.86453109
191705 8914.86453109
191909 10119.2982196
192653 10119.2982196
192956 9781.20081106
193543 9781.20081106
193934 20997.310449
194515 20997.310449
194833 16210.364843
196285 16210.364843
196545 16278.4962324
197216 16278.4962324
197387 20241.7645987
198803 20241.7645987
199130 22377.4195643
199900 22377.4195643
200121 12928.1213416
200994 12928.1213416
201243 19388.0808547
202245 19388.0808547
202637 16555.0942995
203575 16555.0942995
203970 13333.3132141
205447 13333.3132141
205647 14964.3781805
206619 14964.3781805
206854 12256.8708497
208132 12256.8708497
208281 12827.5101434
209773 12827.5101434
209896 12262.3854488
211206 12262.3854488
211390 18425.1043094
212703 18425.1043094
213017 11203.1724283
214320 11203.1724283
214474 14244.2525758
215394 14244.2525758
215500 10354.6395191
216730 10354.6395191
217060 11172.6891021
218551 11172.6891021
219014 13633.3438722
219584 13633.3438722
219818 13513.5630215
221207 13513.5630215
221635 12934.5397265
222468 12934.5397265
222576 12172.8589899
223415 12172.8589899
223556 8946.6845211
225043 8946.6845211
225533 6787.74999191
226392 6787.74999191
226887 18991.3807111
227865 18991.3807111
228199 12843.2873832
228755 12843.2873832
228920 13453.4807175
229633 13453.4807175
230072 11897.592463
230931 11897.592463
231412 14367.1875772
232241 14367.1875772
232507 18593.9822915
233462 18593.9822915
233824 17058.0386794
235024 17058.0386794
235297 10539.2418364
235934 10539.2418364
236310 22338.3837673
236846 22338.3837673
237199 15871.6449136
238437 15871.6449136
238611 14128.265328
239737 14128.265328
240175 13680.8912629
241332 13680.8912629
241815 13666.2595602
242447 13666.2595602
242916 8653.34150558
243539 8653.34150558
243938 6833.99371304
245198 6833.99371304
245662 14467.1364578
247027 14467.1364578
247304 17441.5071196
248286 17441.5071196
248399 12485.8983925
249267 12485.8983925
249380 3441.50669211
250256 3441.50669211
250372 21432.9285793
251207 21432.9285793
251459 21638.9981712
252651 21638.9981712
253098 12049.2301319
254458 12049.2301319
254614 12766.5863388
255705 12766.5863388
256199 14232.1127632
257527 14232.1127632
257987 14528.9843562
259019 14528.9843562
259130 21225.4705255
260377 21225.4705255
260725 26023.7115308
261281 26023.7115308
261608 19142.6075098
262701 19142.6075098
263104 22600.2264976
264583 22600.2264976
264923 7010.48616969
266292 7010.48616969
266725 17444.485387
267339 17444.485387
267807 21433.9222143
268514 21433.9222143
268743 21305.607923
269678 21305.607923
269853 15274.9842704
271160 15274.9842704
271390 10072.6212099
271997 10072.6212099
272335 9745.7410091
273159 9745.7410091
273317 17145.1759979
274281 17145.1759979
274738 21302.8199872
275895 21302.8199872
276063 9759.79483952
277362 9759.79483952
