0 6858.83944886
531 6858.83944886
713 24847.8903996
2032 24847.8903996
2365 15580.2326364
3294 15580.2326364
3474 15511.0820113
4697 15511.0820113
4984 14258.1810454
6079 14258.1810454
6514 19513.9158256
7509 19513.9158256
7902 16015.0035426
8531 16015.0035426
8758 15341.4505791
9491 15341.4505791
9965 9657.89545491
11059 9657.89545491
11260 16497.6119464
12758 16497.6119464
13103 17523.9209962
14330 17523.9209962
14501 20229.5720566
15295 20229.5720566
15568 20488.8445563
16748 20488.8445563
17242 21986.3113039
18358 21986.3113039
18622 9603.23527984
19508 9603.23527984
19858 18111.3759987
21262 18111.3759987
21382 12660.799158
21914 12660.799158
22168 10706.7405371
23137 10706.7405371
23290 19096.1737463
24199 19096.1737463
24481 20873.5882007
25193 20873.5882007
25548 14357.0710827
26212 14357.0710827
26631 14839.4434592
27925 14839.4434592
28299 9289.96647558
29057 9289.96647558
29465 4943.30382719
30533 4943.30382719
30773 4607.1397559
31558 4607.1397559
32030 7694.52595022
32716 7694.52595022
33040 17350.748966
33735 17350.748966
34017 11340.2326492
35035 11340.2326492
35409 15038.1264929
36559 15038.1264929
36665 25112.4954667
37799 25112.4954667
38063 12146.6923557
39423 12146.6923557
39645 14133.1846607
40147 14133.1846607
40548 22354.1235877
41962 22354.1235877
42439 8545.91025987
43740 8545.91025987
43862 10492.1836962
44875 10492.1836962
45165 5370.47184196
46407 5370.47184196
46617 21083.9064722
47394 21083.9064722
47552 9095.46859897
48490 9095.46859897
48978 8594.46556267
49715 8594.46556267
49906 14128.4558958
50755 14128.4558958
51130 14902.7500898
51988 14902.7500898
52336 19788.3421481
53035 19788.3421481
53433 7845.99114078
54020 7845.99114078
54337 21806.5471469
55443 21806.5471469
55922 13402.6491802
57038 13402.6491802
57250 11466.4311114
58260 11466.4311114
58465 8354.70320255
59238 8354.70320255
59704 6540.22096221
60790 6540.22096221
60902 19529.1277795
61873 19529.1277795
62031 8500.09425396
62686 8500.09425396
62971 1841.9955808
63599 1841.9955808
64008 12095.9753806
65197 12095.9753806
65622 26283.8867423
66795 26283.8867423
67262 2576.94742924
68436 2576.94742924
68543 15041.709867
69250 15041.709867
69402 19366.3634341
70076 19366.3634341
70309 19842.28077
71193 19842.28077
71464 21698.841309
72672 21698.841309
72911 8729.39635979
74244 8729.39635979
74650 8636.95336724
75188 8636.95336724
75560 9691.16540412
76104 9691.16540412
76281 9769.51107332
77321 9769.51107332
77764 4383.40026647
78275 4383.40026647
78414 6333.94688658
79091 6333.94688658
79513 21648.0631859
80242 21648.0631859
80534 9423.03680704
81216 9423.03680704
81530 18173.5588514
82796 18173.5588514
83093 6712.36334187
84064 6712.36334187
84334 13615.8257999
85602 13615.8257999
85871 13258.0251526
86542 13258.0251526
86952 7468.91928058
88085 7468.91928058
88229 18953.0075763
89249 18953.0075763
89402 18292.3466859
90885 18292.3466859
91064 15010.1498347
92541 15010.1498347
92836 22810.0768091
93482 22810.0768091
93805 14579.3809763
95201 14579.3809763
95350 1171.52831143
96114 1171.52831143
96591 14641.6555278
97333 14641.6555278
97471 20235.2992378
98573 20235.2992378
98715 3154.94827664
100177 3154.94827664
100403 9031.66930057
100952 9031.66930057
101370 18151.9997175
102399 18151.9997175
102662 10878.4845161
103411 10878.4845161
103887 13270.1249675
105043 13270.1249675
105536 11664.1553262
106187 11664.1553262
106427 16731.0645615
107347 16731.0645615
107505 19787.6002055
108099 19787.6002055
108387 16997.6473873
109540 16997.6473873
109813 17998.9825994
111207 17998.9825994
111346 15164.2728394
112485 15164.2728394
112645 11312.8123224
113913 11312.8123224
114174 27931.3166336
114995 27931.3166336
115474 23677.4612322
116214 23677.4612322
116651 1930.41257862
117629 1930.41257862
117963 13626.2993531
118510 13626.2993531
118703 13763.1974305
119848 13763.1974305
120240 3564.77746653
121599 3564.77746653
121979 14309.0220084
122853 14309.0220084
122964 19055.2009282
124018 19055.2009282
124186 7155.2139207
124926 7155.2139207
125101 11927.6303802
126089 11927.6303802
126559 6504.51446802
127538 6504.51446802
127984 9182.21084569
128822 9182.21084569
129065 6991.24233077
129897 6991.24233077
130050 9489.6622497
131370 9489.6622497
131693 14243.0767905
132761 14243.0767905
133222 12894.1425489
134474 12894.1425489
134760 14595.8544512
136000 14595.8544512
136151 12513.9565866
137211 12513.9565866
137508 22296.0872214
138343 22296.0872214
138797 8959.51568951
139952 8959.51568951
140120 7006.88302555
141197 7006.88302555
141668 19849.7373125
142589 19849.7373125
142838 10091.157047
144316 10091.157047
144599 27119.9674589
145881 27119.9674589
146331 16133.5268629
146888 16133.5268629
147093 12319.4416914
148297 12319.4416914
148524 20890.5196255
149691 20890.5196255
150174 14498.774037
150788 14498.774037
151004 10800.0643703
152228 10800.0643703
152437 12590.6269244
153440 12590.6269244
153686 19525.0393744
154229 19525.0393744
154638 16845.3717883
155946 16845.3717883
156299 16011.2864334
157538 16011.2864334
157764 11939.8287826
159194 11939.8287826
159637 12167.3831103
160692 12167.3831103
161177 24216.1701422
162650 24216.1701422
162844 6974.32439332
164150 6974.32439332
164493 27478.2136332
165009 27478.2136332
165411 16582.096071
166881 16582.096071
167371 6539.52584927
168710 6539.52584927
169006 14671.6919408
169823 14671.6919408
170054 21073.349072
170898 21073.349072
171131 24267.8451994
171859 24267.8451994
172350 10393.5635528
172987 10393.5635528
173247 16785.6038463
174301 16785.6038463
174417 7246.145832
175304 7246.145832
175592 4262.30079017
176715 4262.30079017
176999 14147.0440349
177580 14147.0440349
178042 6294.63502668
179316 6294.63502668
179673 21367.773608
180560 21367.773608
180981 14837.3807248
181502 14837.3807248
181798 19280.0899267
182871 19280.0899267
183170 1473.79446713
184653 1473.79446713
184788 18483.2350225
186205 18483.2350225
186619 19154.4997366
187192 19154.4997366
187627 3957.39806461
188197 3957.39806461
188600 8531.63861553
189165 8531.63861553
189480 8775.26511113
190654 8775.26511113
190855 14395.19971
192203 14395.19971
192535 19183.3575966
193311 19183.3575966
193413 7853.85093729
194356 7853.85093729
194818 9644.90820665
195399 9644.90820665
195559 17676.4929371
196638 17676.4929371
197127 18230.944517
197709 18230.944517
197828 16609.3140037
199004 16609.3140037
199497 18322.3098281
200088 18322.3098281
200463 22219.3125824
201036 22219.3125824
201463 11411.2013756
202478 11411.2013756
202737 12877.7272789
203366 12877.7272789
203700 16482.0693664
205190 16482.0693664
205479 8712.26655702
206344 8712.26655702
206797 15559.0053157
207490 15559.0053157
207676 11009.3576972
208192 11009.3576972
208609 15435.0563681
209111 15435.0563681
209255 16145.5298084
210008 16145.5298084
210413 8024.39958054
211275 8024.39958054
211413 11347.7401511
212413 11347.7401511
212748 23621.4896575
213275 23621.4896575
213573 14552.4436703
214515 14552.4436703
214910 14626.0361716
215636 14626.0361716
215905 24708.6790843
216675 24708.6790843
217118 11144.9458457
218109 11144.9458457
218558 3802.54792993
219492 3802.54792993
219757 13818.7732148
221033 13818.7732148
221322 27989.9628578
221941 27989.9628578
222123 16221.5844294
222749 16221.5844294
223006 23645.488252
224423 23645.488252
224850 24805.6949697
225936 24805.6949697
226377 17500.232978
227527 17500.232978
227720 17640.657518
229060 17640.657518
229233 15607.7279272
230653 15607.7279272
231008 10223.7065922
232007 10223.7065922
232254 25517.6719676
232781 25517.6719676
233220 11598.4361419
233755 11598.4361419
234024 20018.6955347
235033 20018.6955347
235313 10055.3854987
236323 10055.3854987
236680 12122.8824425
237942 12122.8824425
238299 14221.4313717
239435 14221.4313717
239904 14512.1964696
240484 14512.1964696
240881 10959.1757251
242209 10959.1757251
242493 19141.7627873
243774 19141.7627873
244150 9507.23174281
244889 9507.23174281
245185 4305.64791154
246217 4305.64791154
246467 13461.2404622
247214 13461.2404622
247568 8497.58574393
248150 8497.58574393
248422 8753.28474438
249694 8753.28474438
249856 13995.8338881
251160 13995.8338881
251506 32462.6098568
252105 32462.6098568
