0 15486.9965028
993 15486.9965028
1487 14666.345424
2857 14666.345424
3154 15286.5834509
3811 15286.5834509
4130 14244.8315698
5510 14244.8315698
5793 14201.0835818
7084 14201.0835818
7513 14894.2986229
8590 14894.2986229
8930 15119.5309077
10295 15119.5309077
10508 14756.3827322
11584 14756.3827322
11878 13694.0717626
12826 13694.0717626
13311 14459.2428668
14342 14459.2428668
14569 14330.0406584
15343 14330.0406584
15521 15237.1044622
16655 15237.1044622
16997 15641.4421662
17555 15641.4421662
17874 15147.2528711
18878 15147.2528711
19222 14775.889973
19956 14775.889973
20196 15654.5515768
21397 15654.5515768
21610 13706.4924681
22957 13706.4924681
23429 13950.5748732
24156 13950.5748732
24437 13220.1399998
25774 13220.1399998
26071 13877.8588342
26789 13877.8588342
27158 14642.2389364
28388 14642.2389364
28510 13900.0402946
29235 13900.0402946
29350 14251.5571721
30597 14251.5571721
31085 13434.5237785
31972 13434.5237785
32075 13587.856162
33144 13587.856162
33548 15833.452713
34820 15833.452713
35120 14188.3159122
35817 14188.3159122
36016 13392.0524267
36906 13392.0524267
37187 14030.9929117
37925 14030.9929117
38402 14632.8146924
39264 14632.8146924
39644 15505.0869334
40342 15505.0869334
40681 15202.9455168
41715 15202.9455168
42041 14191.3733261
43026 14191.3733261
43396 15041.9548272
44727 15041.9548272
45010 15096.2995086
45660 15096.2995086
46012 13926.461886
46808 13926.461886
46989 15069.811113
48185 15069.811113
48604 14191.3370148
49106 14191.3370148
49307 13886.5518925
50006 13886.5518925
50146 15114.344927
51024 15114.344927
51458 13150.3044089
52247 13150.3044089
52535 13887.921231
53998 13887.921231
54392 15392.6673799
55758 15392.6673799
55915 13422.609837
56651 13422.609837
56994 14283.3394662
58067 14283.3394662
58366 14013.9592322
59317 14013.9592322
59596 14056.7921908
60628 14056.7921908
60975 13966.8685721
62344 13966.8685721
62465 14194.0688532
63911 14194.0688532
64211 15459.23806
65574 15459.23806
65879 13057.1445835
66567 13057.1445835
66988 14590.3958808
67817 14590.3958808
68056 15501.1161622
69126 15501.1161622
69595 13802.5335256
70366 13802.5335256
70543 14444.546008
71057 14444.546008
71165 14539.1914954
72519 14539.1914954
72881 15941.5848015
74271 15941.5848015
74439 13821.0563095
75230 13821.0563095
75458 14242.9811267
76746 14242.9811267
77016 12464.5758995
78205 12464.5758995
78463 14569.2410834
79890 14569.2410834
80261 12862.7263309
81017 12862.7263309
81169 13116.3567027
82566 13116.3567027
82858 15633.0958992
84083 15633.0958992
84579 15373.7442715
85158 15373.7442715
85322 13443.1377434
86598 13443.1377434
86715 13489.1030832
87360 13489.1030832
87570 14903.7429691
88914 14903.7429691
89341 14694.7069953
90604 14694.7069953
90815 13122.9970473
91714 13122.9970473
92092 15749.9028251
92862 15749.9028251
93104 13973.5233146
93718 13973.5233146
93846 13673.9177732
95310 13673.9177732
95679 14264.1776702
96727 14264.1776702
96908 12687.6174933
97459 12687.6174933
97780 13857.8564946
98419 13857.8564946
98595 14590.1987407
99805 14590.1987407
100096 13502.2943565
101003 13502.2943565
101412 13342.5543859
102139 13342.5543859
102614 13510.4489676
103804 13510.4489676
104021 15546.5177905
104798 15546.5177905
105264 14392.5498668
105957 14392.5498668
106293 15629.2312716
106992 15629.2312716
107246 13232.7422229
108599 13232.7422229
109008 14065.2544305
110398 14065.2544305
110585 14142.8570092
111921 14142.8570092
112098 12548.3386614
113397 12548.3386614
113743 13891.4809503
115111 13891.4809503
115412 14937.8457227
116404 14937.8457227
116797 15227.8667173
117365 15227.8667173
117635 14362.9245251
118176 14362.9245251
118661 14974.5474431
119907 14974.5474431
120267 14533.5004594
121364 14533.5004594
121549 15185.0046573
122506 15185.0046573
122923 14521.7262458
123460 14521.7262458
123676 14063.1643513
124674 14063.1643513
124797 14043.7487861
126097 14043.7487861
126446 14015.196336
126968 14015.196336
127302 14294.6030487
128648 14294.6030487
129014 15207.7763905
129844 15207.7763905
130138 14504.1016184
131373 14504.1016184
131671 13755.3671065
133090 13755.3671065
133359 15222.8078251
134220 15222.8078251
134648 15269.0668407
135612 15269.0668407
136021 12909.2434229
136799 12909.2434229
137247 14541.9947149
138712 14541.9947149
139068 15395.5294867
139955 15395.5294867
140333 14026.5401683
141489 14026.5401683
141883 14511.6229181
142439 14511.6229181
142584 14692.8623262
143664 14692.8623262
143950 15466.7679571
145193 15466.7679571
145382 13738.9573509
146535 13738.9573509
146891 12543.942696
147886 12543.942696
148342 14146.1259197
148995 14146.1259197
149344 14346.1398268
150733 14346.1398268
150932 14150.1398881
151837 14150.1398881
152005 14964.8918914
153076 14964.8918914
153222 14802.3992359
153789 14802.3992359
154277 13113.1271204
155318 13113.1271204
155624 13959.8674315
156124 13959.8674315
156575 14142.9601531
157657 14142.9601531
158106 14073.5324022
159495 14073.5324022
159967 14103.1525979
161036 14103.1525979
161414 14215.7639879
162305 14215.7639879
162413 14519.312281
163779 14519.312281
163992 13922.3272161
164572 13922.3272161
164976 15607.2099962
165996 15607.2099962
166355 14727.5562521
166974 14727.5562521
167399 13747.4863691
168159 13747.4863691
168606 14828.6685349
169631 14828.6685349
170031 15356.8373249
171387 15356.8373249
171849 14226.5666878
172601 14226.5666878
172792 13659.2931419
173349 13659.2931419
173811 13971.9482289
174699 13971.9482289
174810 14793.7012509
176207 14793.7012509
176572 13641.4583285
177335 13641.4583285
177773 14891.9103701
178689 14891.9103701
178861 13996.9182539
179465 13996.9182539
179700 13838.9709794
180886 13838.9709794
181045 14118.4339054
181819 14118.4339054
182094 14258.0783816
183460 14258.0783816
183755 14735.3725713
185222 14735.3725713
185566 14293.5699427
186364 14293.5699427
186603 14012.5448379
187653 14012.5448379
187838 14929.4446656
188982 14929.4446656
189466 14428.9614539
190886 14428.9614539
191378 15488.149005
191892 15488.149005
192286 15582.903222
192856 15582.903222
193150 15179.629478
194409 15179.629478
194596 12823.8156762
195673 12823.8156762
195958 14241.9746322
197339 14241.9746322
197566 13527.8069076
198278 13527.8069076
198743 14337.4932829
199573 14337.4932829
199684 13862.3097217
200236 13862.3097217
200609 15220.5412592
201113 15220.5412592
201538 14708.86239
202890 14708.86239
203152 15160.1900669
204298 15160.1900669
204430 14495.6611967
205578 14495.6611967
205857 15083.0009767
206489 15083.0009767
