0 17781.7246391
736 17781.7246391
1147 16094.9770805
2114 16094.9770805
2473 18258.0215432
3837 18258.0215432
3963 16453.3807284
5238 16453.3807284
5462 15850.3995982
6050 15850.3995982
6201 12131.2152798
7379 12131.2152798
7534 11931.5202218
8128 11931.5202218
8309 17085.5442299
9653 17085.5442299
9933 8228.69280872
11371 8228.69280872
11728 13055.3287316
12761 13055.3287316
12873 14121.877951
13664 14121.877951
14109 15064.6277293
15134 15064.6277293
15315 13928.3004425
16196 13928.3004425
16542 10659.4464351
17386 10659.4464351
17602 13215.319315
18815 13215.319315
19021 18541.8742267
20435 18541.8742267
20552 14081.1882567
21088 14081.1882567
21272 8801.40463502
22301 8801.40463502
22544 16315.212426
23875 16315.212426
24247 10476.0688307
25258 10476.0688307
25741 12224.1704714
27022 12224.1704714
27276 13692.388195
28367 13692.388195
28587 14779.677651
29512 14779.677651
29930 13458.9662626
30815 13458.9662626
30988 14601.926393
31602 14601.926393
31759 7200.77257319
32317 7200.77257319
32728 16258.45943
34144 16258.45943
34349 14006.0335744
35585 14006.0335744
35809 12124.1271057
36977 12124.1271057
37469 17936.1325934
38598 17936.1325934
38947 13514.2104434
39479 13514.2104434
39810 10051.5229107
41279 10051.5229107
41775 17780.883396
42542 17780.883396
42787 15266.5613029
44103 15266.5613029
44458 15151.8442428
45097 15151.8442428
45419 13610.2143274
46216 13610.2143274
46582 18402.0361987
47415 18402.0361987
47563 14003.9652533
48068 14003.9652533
48299 15831.0263618
49034 15831.0263618
49152 17190.9690667
50030 17190.9690667
50250 14286.8540916
50945 14286.8540916
51159 19518.5941737
51902 19518.5941737
52107 13083.1583637
53095 13083.1583637
53586 16511.1033514
55025 16511.1033514
55249 7833.44856158
56322 7833.44856158
56778 15037.4464796
58014 15037.4464796
58300 14682.5251341
59406 14682.5251341
59850 10007.4985584
60882 10007.4985584
61009 15045.5088924
62112 15045.5088924
62311 17351.7896341
63415 17351.7896341
63559 14834.2483578
64594 14834.2483578
64768 16592.3628971
65767 16592.3628971
65897 12423.7459512
66470 12423.7459512
66687 12181.0556039
68163 12181.0556039
68622 19912.5561866
69878 19912.5561866
70223 17620.0374194
70747 17620.0374194
70887 13692.5495921
71692 13692.5495921
71879 15114.5681252
73235 15114.5681252
73578 16851.0187512
74768 16851.0187512
75244 19721.8418605
76644 19721.8418605
76941 16045.3244173
78009 16045.3244173
78198 13362.4942585
79362 13362.4942585
79467 13396.1908504
80638 13396.1908504
80949 12405.8637439
81935 12405.8637439
82427 11395.5064915
83684 11395.5064915
84015 17578.7488513
85458 17578.7488513
85776 14299.2780684
87274 14299.2780684
87594 12342.6343009
88135 12342.6343009
88367 12471.8299151
89856 12471.8299151
90150 15043.2678928
91127 15043.2678928
91374 16216.7487835
92739 16216.7487835
92997 11971.2903486
94327 11971.2903486
94713 18364.2582588
95662 18364.2582588
95833 13953.2088453
97326 13953.2088453
97533 16146.8832619
98955 16146.8832619
99340 13427.7484018
100225 13427.7484018
100490 20864.3584273
101401 20864.3584273
101635 15326.6318296
102247 15326.6318296
102668 9179.59118641
103193 9179.59118641
103442 13295.2993323
104262 13295.2993323
104634 14919.2066883
105288 14919.2066883
105784 12725.0643499
107055 12725.0643499
107325 22052.2446624
108364 22052.2446624
108592 16505.4377615
109721 16505.4377615
109901 16609.0565355
111334 16609.0565355
111495 15367.8029167
112496 15367.8029167
112711 13939.6003289
113863 13939.6003289
114251 15420.0408265
114757 15420.0408265
115062 16888.698631
116539 16888.698631
116816 13552.6672461
118056 13552.6672461
118343 14259.2162708
119163 14259.2162708
119633 13432.3896832
121093 13432.3896832
121385 13315.0342615
122459 13315.0342615
122897 17155.3317948
123659 17155.3317948
124123 14991.4020747
124833 14991.4020747
125254 14952.4250897
126178 14952.4250897
126424 10476.1338156
127394 10476.1338156
127786 14864.5766853
128446 14864.5766853
128698 16726.875788
129977 16726.875788
130263 14274.3222257
131323 14274.3222257
131692 16089.7986033
133121 16089.7986033
133439 12434.5289208
134806 12434.5289208
134966 7453.57026023
135994 7453.57026023
136250 17622.1503805
137628 17622.1503805
137788 10351.6598119
138388 10351.6598119
138818 17338.4190655
139940 17338.4190655
140229 12353.1394881
140836 12353.1394881
140944 14033.00124
141503 14033.00124
141939 17541.1782482
143395 17541.1782482
143516 14704.5919295
144127 14704.5919295
144462 14651.5745539
145954 14651.5745539
146063 13894.4132354
147123 13894.4132354
147591 12475.8476143
148413 12475.8476143
148878 8224.83582297
150361 8224.83582297
150618 8520.38990367
151383 8520.38990367
151796 12385.2830597
153233 12385.2830597
153537 9084.21479765
154590 9084.21479765
155017 12384.0047896
155892 12384.0047896
156291 17386.7197472
156923 17386.7197472
157296 14511.0796828
158263 14511.0796828
158427 18509.6129268
159294 18509.6129268
159398 15890.0620926
160522 15890.0620926
160763 13901.7887206
161531 13901.7887206
161772 7866.98538157
162501 7866.98538157
162622 9966.63306499
163230 9966.63306499
163668 14798.4275483
164902 14798.4275483
165220 15188.7143042
166451 15188.7143042
166639 20803.3896931
167994 20803.3896931
168194 12417.8933584
169309 12417.8933584
169742 12054.4074444
170270 12054.4074444
170580 10627.2828277
171867 10627.2828277
171994 15662.367424
172985 15662.367424
173462 18272.0726813
174636 18272.0726813
174750 13970.4499376
176110 13970.4499376
176483 14010.7971666
177351 14010.7971666
177707 11324.2001531
178256 11324.2001531
178486 15699.6384123
179503 15699.6384123
179856 15188.353018
181330 15188.353018
181778 12148.1244612
182498 12148.1244612
182650 12080.526825
183521 12080.526825
183901 13553.9001392
184591 13553.9001392
184927 15186.8962301
186116 15186.8962301
186231 19329.1475556
186804 19329.1475556
187097 19319.6804496
188432 19319.6804496
188659 12804.4724801
189711 12804.4724801
190071 16889.4892148
190856 16889.4892148
191283 15651.8868101
192183 15651.8868101
192350 20576.4645592
193350 20576.4645592
193548 11135.8797885
194685 11135.8797885
194917 17295.4900833
195783 17295.4900833
196166 19341.737362
197591 19341.737362
198067 19194.8099054
198932 19194.8099054
199386 11311.0060844
200557 11311.0060844
200867 16166.3071952
201687 16166.3071952
202074 16011.7142682
203191 16011.7142682
203460 12686.5167795
204283 12686.5167795
204410 10075.7845121
205796 10075.7845121
205904 18886.5095041
207245 18886.5095041
207416 17059.5946422
208908 17059.5946422
209287 14344.1696057
210256 14344.1696057
210666 15806.6940331
211394 15806.6940331
211509 13987.209652
212026 13987.209652
212292 15619.3950341
212796 15619.3950341
213283 17396.7795475
213960 17396.7795475
214237 12993.9567008
215127 12993.9567008
215448 13732.9606306
216856 13732.9606306
217242 13103.3626893
217860 13103.3626893
218134 18899.6295294
219042 18899.6295294
219280 17722.8236347
220401 17722.8236347
220512 11690.9980302
221035 11690.9980302
221358 13214.5176984
222592 13214.5176984
222750 12243.1240357
223635 12243.1240357
223845 22970.7661993
225182 22970.7661993
225398 13451.9356641
226481 13451.9356641
226945 17249.9199562
227929 17249.9199562
228122 8716.36900933
228940 8716.36900933
229055 11676.1875995
229787 11676.1875995
230093 19062.9725674
231387 19062.9725674
231671 20185.60031
232831 20185.60031
233203 15439.5162085
234251 15439.5162085
234485 14510.7646143
235733 14510.7646143
236212 12010.4331139
237621 12010.4331139
238097 14877.9253692
238665 14877.9253692
239137 15395.9041742
240094 15395.9041742
240538 15263.3950851
241381 15263.3950851
241634 14645.335173
242894 14645.335173
243336 17218.5867431
244478 17218.5867431
244653 14888.7401268
245488 14888.7401268
245834 15112.4060679
246664 15112.4060679
