0 15320.5864136
1244 15320.5864136
1465 20143.6967694
2910 20143.6967694
3088 18056.5764618
4136 18056.5764618
4388 16686.2823698
5363 16686.2823698
5522 15299.2233973
6625 15299.2233973
7099 14017.5328922
7924 14017.5328922
8041 16148.2809556
9190 16148.2809556
9463 18248.3546664
10559 18248.3546664
10774 15558.5347483
11924 15558.5347483
12111 12578.1507363
13510 12578.1507363
13798 14419.9963962
14806 14419.9963962
15178 17483.9653218
16293 17483.9653218
16492 12832.3822464
17463 12832.3822464
17914 14518.4560598
19178 14518.4560598
19622 19646.5935753
21075 19646.5935753
21447 12248.0718967
22204 12248.0718967
22573 16581.7367945
23236 16581.7367945
23704 16354.4087377
24510 16354.4087377
24690 15933.4190059
25777 15933.4190059
26242 17981.7403851
27247 17981.7403851
27363 20563.6076039
28480 20563.6076039
28817 13906.4145168
29716 13906.4145168
30023 18723.730492
31433 18723.730492
31882 12325.3162798
32631 12325.3162798
32733 15890.9138047
34016 15890.9138047
34353 12119.1216139
35173 12119.1216139
35352 12857.1188415
36265 12857.1188415
36690 19778.5037698
37982 19778.5037698
38297 9472.93772287
39731 9472.93772287
40180 16376.6297482
40727 16376.6297482
40878 11473.6522543
41959 11473.6522543
42064 11661.6952999
43513 11661.6952999
43834 18428.0507088
44547 18428.0507088
44710 10455.9767852
45992 10455.9767852
46442 16358.7431462
47569 16358.7431462
47704 16043.6747006
48899 16043.6747006
49277 19497.9302539
50650 19497.9302539
50824 22950.1853117
51536 22950.1853117
51984 20676.7602402
53070 20676.7602402
53566 17329.9583389
54254 17329.9583389
54635 19607.7795663
55384 19607.7795663
55527 10085.7521828
56290 10085.7521828
56423 13253.5814799
56927 13253.5814799
57369 13076.9719327
58787 13076.9719327
59087 15148.2886932
59969 15148.2886932
60382 17504.806806
61510 17504.806806
61660 10748.3820857
62411 10748.3820857
62532 13127.5607287
63135 13127.5607287
63622 17132.812489
64919 17132.812489
65284 11817.4573361
65865 11817.4573361
66326 14649.2297377
67552 14649.2297377
67998 16867.2339692
68983 16867.2339692
69291 20890.4345393
70641 20890.4345393
70818 10563.806072
72116 10563.806072
72600 18785.629307
73763 18785.629307
73902 21033.9425132
75300 21033.9425132
75695 13094.0372072
76221 13094.0372072
76411 14211.4291362
77631 14211.4291362
78000 19765.4324447
78999 19765.4324447
79151 27441.7978329
79745 27441.7978329
79962 20676.07667
81330 20676.07667
81678 15983.5656689
82964 15983.5656689
83171 19655.5526392
84143 19655.5526392
84467 14211.9728766
85724 14211.9728766
85848 13517.3355058
87011 13517.3355058
87277 15896.0882946
88105 15896.0882946
88553 9070.18575781
90037 9070.18575781
90351 12456.702714
91408 12456.702714
91524 18952.7384887
92571 18952.7384887
92979 11136.8207606
93760 11136.8207606
93923 16496.6684224
95280 16496.6684224
95685 20893.3540836
96678 20893.3540836
96979 13373.0763947
98286 13373.0763947
98561 13436.2578681
99102 13436.2578681
99552 16078.3521346
100215 16078.3521346
100679 6967.74507489
101530 6967.74507489
101977 16026.524125
103355 16026.524125
103774 6378.30730455
105123 6378.30730455
105408 20562.2612283
105919 20562.2612283
106031 13126.570445
107054 13126.570445
107515 12335.1845284
108297 12335.1845284
108698 8293.04344884
110043 8293.04344884
110472 15920.59547
111678 15920.59547
112173 15225.1836017
112796 15225.1836017
113060 12784.9323911
114104 12784.9323911
114279 17617.1203958
115291 17617.1203958
115595 11396.7837941
116871 11396.7837941
117160 14131.006802
118586 14131.006802
118815 14804.4152584
120056 14804.4152584
120164 12697.2306129
120892 12697.2306129
121386 21754.387848
122719 21754.387848
123163 14935.8906263
124320 14935.8906263
124764 12877.4918855
125399 12877.4918855
125669 15453.9351476
127134 15453.9351476
127432 7600.78396541
128748 7600.78396541
129012 19195.8603341
129802 19195.8603341
130272 10071.1517777
131397 10071.1517777
131597 16526.8796784
132288 16526.8796784
132705 9285.54963759
133317 9285.54963759
133424 14810.0729084
134709 14810.0729084
135060 9480.0562186
135794 9480.0562186
136068 14436.4112562
136771 14436.4112562
137225 20234.9409728
138585 20234.9409728
139046 16478.049132
140177 16478.049132
140675 11450.1596386
142169 11450.1596386
142576 21858.3979107
143530 21858.3979107
143841 17165.4559117
145112 17165.4559117
145213 13496.9470512
146002 13496.9470512
146110 20242.5261543
147005 20242.5261543
147105 7481.64819664
148008 7481.64819664
148297 14608.3671932
149452 14608.3671932
149790 12016.5859803
151125 12016.5859803
151397 6870.76017073
152264 6870.76017073
152489 11392.6689665
153693 11392.6689665
154143 13729.7179449
155195 13729.7179449
155371 9445.96193135
156434 9445.96193135
156754 14036.8274671
157274 14036.8274671
157495 12158.3544065
158570 12158.3544065
158853 16286.3908873
160010 16286.3908873
160459 8715.54044009
161317 8715.54044009
161578 15909.78964
162538 15909.78964
162725 17513.6560865
163337 17513.6560865
163498 18062.9369437
164205 18062.9369437
164533 19147.6416639
165574 19147.6416639
165917 14717.8715029
166533 14717.8715029
166841 11003.4770175
167862 11003.4770175
168218 11294.3326992
169271 11294.3326992
169556 17546.2780479
170282 17546.2780479
170397 12136.2670852
171728 12136.2670852
171898 18688.0900145
173287 18688.0900145
173591 7170.38860785
174853 7170.38860785
175219 19865.4868277
176426 19865.4868277
176777 14995.894501
177970 14995.894501
178287 12539.7121864
179000 12539.7121864
179386 8382.7557213
179898 8382.7557213
180072 11665.3579876
180714 11665.3579876
180853 14416.2319641
181353 14416.2319641
181808 17437.7538309
183138 17437.7538309
183486 11433.5548839
184053 11433.5548839
184245 15687.9732251
184833 15687.9732251
185151 10199.8539256
186139 10199.8539256
186266 22278.3941734
187630 22278.3941734
188054 14339.5110199
189381 14339.5110199
189534 22001.141423
190350 22001.141423
190675 18944.3273599
191789 18944.3273599
191985 17415.9764859
192499 17415.9764859
192961 11026.3941587
193801 11026.3941587
194034 8637.57474121
195008 8637.57474121
195391 19293.1028624
196439 19293.1028624
196928 10952.9186113
197445 10952.9186113
197627 19914.4993074
198437 19914.4993074
198894 18828.1442618
199799 18828.1442618
200140 9715.51042008
201227 9715.51042008
201466 11958.0569381
202246 11958.0569381
202737 18050.4058002
203811 18050.4058002
204234 11751.0063864
205087 11751.0063864
205367 9040.14503209
205891 9040.14503209
206031 17148.012134
207126 17148.012134
207438 13591.7092634
208381 13591.7092634
208771 13301.4718686
209279 13301.4718686
209657 18724.9467719
210309 18724.9467719
210448 25849.2723936
211515 25849.2723936
211686 17869.1356381
213183 17869.1356381
213305 14545.7230002
214071 14545.7230002
214417 13580.5969601
215042 13580.5969601
215265 19608.0794214
215977 19608.0794214
216405 13653.7239881
217768 13653.7239881
218090 11629.8246789
219148 11629.8246789
219397 14946.1938144
220540 14946.1938144
220885 16871.2422241
222323 16871.2422241
222594 11112.8116971
223484 11112.8116971
223826 10874.6367432
224896 10874.6367432
225243 8388.83820927
226120 8388.83820927
226305 19882.8489706
226823 19882.8489706
227229 11994.569512
227925 11994.569512
228090 7405.95781396
229128 7405.95781396
229304 10840.7512233
230149 10840.7512233
230400 15506.7376575
231852 15506.7376575
232082 19843.8979617
233061 19843.8979617
233489 10740.7856698
234808 10740.7856698
235051 13481.3557776
235711 13481.3557776
235969 16989.9406861
237034 16989.9406861
237166 18218.4994754
237885 18218.4994754
238193 12948.973042
238766 12948.973042
238940 12516.2479904
240227 12516.2479904
240451 18122.4516884
241838 18122.4516884
242069 11385.6600907
242741 11385.6600907
243227 16328.4814131
243955 16328.4814131
244077 15475.6716098
244943 15475.6716098
245399 9298.58774686
245955 9298.58774686
246209 23449.7409842
247687 23449.7409842
247920 13932.1517029
249403 13932.1517029
249852 13172.4769985
251093 13172.4769985
251330 17488.9343735
252161 17488.9343735
