0 2292.61115522
1276 2292.61115522
1504 840.356838283
2888 840.356838283
3280 1498.1355915
4651 1498.1355915
4763 1579.66530501
6007 1579.66530501
6400 3006.75924358
7760 3006.75924358
8020 2953.12914451
8771 2953.12914451
9243 855.699128741
10391 855.699128741
10855 1785.90794924
11438 1785.90794924
11675 589.004086109
12780 589.004086109
13153 1425.19291223
13987 1425.19291223
14172 6236.33262715
15054 6236.33262715
15322 1634.58044909
15898 1634.58044909
16281 1504.06384737
17005 1504.06384737
17282 5594.59333489
17888 5594.59333489
18274 6368.73206624
19038 6368.73206624
19233 1995.78518438
19931 1995.78518438
20293 1015.23644315
21434 1015.23644315
21660 845.662325851
22816 845.662325851
22927 3948.03192105
23953 3948.03192105
24288 2746.28363384
25595 2746.28363384
26029 4890.66439168
26854 4890.66439168
27273 3613.49313236
28075 3613.49313236
28277 1363.17512362
28828 1363.17512362
29027 1960.95040926
29743 1960.95040926
30104 1829.721186
31343 1829.721186
31573 562.809346745
32675 562.809346745
33151 1141.33881772
33814 1141.33881772
34176 3345.88182428
35210 3345.88182428
35343 1370.51260553
35968 1370.51260553
36351 2497.04500665
37112 2497.04500665
37266 3367.88083245
38354 3367.88083245
38839 4424.92579982
39360 4424.92579982
39604 3527.65629231
40519 3527.65629231
40967 1440.40692751
41772 1440.40692751
42234 4809.72683114
43113 4809.72683114
43588 5268.2534047
44946 5268.2534047
45333 1925.18715631
46275 1925.18715631
46453 169.340576638
47419 169.340576638
47523 2178.61437099
48838 2178.61437099
49041 4434.07091104
50198 4434.07091104
50679 4162.92677072
51332 4162.92677072
51599 512.313848774
52185 512.313848774
52384 1627.21912004
53682 1627.21912004
54046 2887.0756011
54733 2887.0756011
54963 269.896833948
56326 269.896833948
56619 3193.39352699
57841 3193.39352699
58317 2322.52126471
58934 2322.52126471
59408 6129.60033925
60327 6129.60033925
60645 875.584564979
61174 875.584564979
61629 2239.4443195
62302 2239.4443195
62446 3454.66706279
63033 3454.66706279
63198 1887.45610596
64154 1887.45610596
64254 887.755438931
65312 887.755438931
65695 2044.72693183
66871 2044.72693183
67342 1219.82690143
68057 1219.82690143
68227 4057.42751792
69234 4057.42751792
69372 4189.89636268
70152 4189.89636268
70441 2563.67429606
71455 2563.67429606
71820 2582.81669916
72960 2582.81669916
73418 2447.16701186
74853 2447.16701186
75345 487.370982594
76210 487.370982594
76624 3105.47175834
77309 3105.47175834
77565 3838.20626588
78470 3838.20626588
78738 6255.27048935
79517 6255.27048935
79775 3414.92079761
80976 3414.92079761
81260 995.654482885
82404 995.654482885
82758 798.484799632
83503 798.484799632
83899 2902.51701454
84852 2902.51701454
85193 1966.3579428
86557 1966.3579428
86965 26.5295700779
87553 26.5295700779
87675 5484.35000936
89112 5484.35000936
89334 2322.31821018
90012 2322.31821018
90265 3309.58020222
90799 3309.58020222
91213 483.511608164
92417 483.511608164
92912 2920.27470248
93461 2920.27470248
93885 810.068085857
94558 810.068085857
94697 841.211613237
95787 841.211613237
96162 3064.73450003
96955 3064.73450003
97137 3060.20953649
98610 3060.20953649
98740 491.679949943
99576 491.679949943
99988 2254.17277469
101479 2254.17277469
101878 1210.2232527
102590 1210.2232527
103056 613.705008419
103717 613.705008419
104068 3009.27411717
105168 3009.27411717
105403 1636.07832955
106792 1636.07832955
106987 152.238990122
108401 152.238990122
108630 3987.94064384
109291 3987.94064384
109440 576.520317932
110268 576.520317932
110765 3295.69755951
111565 3295.69755951
111746 640.416332442
112742 640.416332442
113107 839.511824171
114185 839.511824171
114532 1327.01113256
115647 1327.01113256
116041 624.867861413
116686 624.867861413
117037 2112.01418141
118047 2112.01418141
118324 2491.86894069
119340 2491.86894069
119653 1993.55195428
120688 1993.55195428
120872 2719.87812495
121614 2719.87812495
121943 693.514055862
122464 693.514055862
122617 1219.14839953
123579 1219.14839953
123710 647.680619017
124422 647.680619017
124578 57.4968469643
126021 57.4968469643
126392 3408.91229889
127025 3408.91229889
127182 1462.71228205
128047 1462.71228205
128364 2891.71430069
129372 2891.71430069
129541 3736.55167806
130102 3736.55167806
130410 1609.60758559
131775 1609.60758559
132027 2689.79579159
133233 2689.79579159
133618 3180.64863351
134221 3180.64863351
134683 796.812380017
135205 796.812380017
135341 1516.13476978
135916 1516.13476978
136163 4046.42823372
136868 4046.42823372
137349 1117.31792146
138099 1117.31792146
138292 2702.17724758
139095 2702.17724758
139310 2083.36981588
140440 2083.36981588
140814 3386.14888556
142217 3386.14888556
142675 849.726258705
143256 849.726258705
143686 4146.48012659
144343 4146.48012659
144793 4736.15713749
145427 4736.15713749
145866 998.411101026
147342 998.411101026
147493 3876.76083614
148647 3876.76083614
149117 1275.29638738
150616 1275.29638738
151075 1507.55266482
152435 1507.55266482
152891 3804.40539728
154351 3804.40539728
154775 3658.53352504
155497 3658.53352504
155675 232.470976418
157102 232.470976418
157344 485.80883415
157975 485.80883415
158076 1445.65793685
158670 1445.65793685
159028 3572.22142175
160458 3572.22142175
160692 4986.04147167
161783 4986.04147167
162190 3346.40636139
163242 3346.40636139
163583 1077.46802596
164802 1077.46802596
164947 2009.08649708
166120 2009.08649708
166531 435.735455116
167764 435.735455116
168242 4202.67063038
168907 4202.67063038
169184 1686.61488636
170083 1686.61488636
170396 5376.86337828
171105 5376.86337828
171299 5548.81391888
171906 5548.81391888
172059 2061.64568573
173082 2061.64568573
173455 1767.73626528
174561 1767.73626528
175003 1379.53639621
176475 1379.53639621
176711 1861.96045075
177239 1861.96045075
177433 79.4444702579
178232 79.4444702579
178419 501.980706908
179008 501.980706908
179499 5380.76829218
180847 5380.76829218
180951 1157.507954
181814 1157.507954
182117 1360.67937739
182722 1360.67937739
182963 1209.42410934
184271 1209.42410934
184768 136.178910357
185614 136.178910357
185746 4948.8011166
186509 4948.8011166
186778 3841.18761844
187407 3841.18761844
187785 2130.45472601
189262 2130.45472601
189479 1787.51294234
190292 1787.51294234
190463 1143.97166125
191109 1143.97166125
191569 5935.40670109
192292 5935.40670109
192537 157.083742495
193531 157.083742495
193666 3051.8807827
194526 3051.8807827
194669 3727.9807503
196164 3727.9807503
196579 1953.04035911
197618 1953.04035911
197840 6587.06990628
198889 6587.06990628
199121 1692.64045748
200520 1692.64045748
200907 3074.66557039
202272 3074.66557039
202423 2386.40765387
203191 2386.40765387
203624 1009.67058217
204146 1009.67058217
204477 3965.95592886
205682 3965.95592886
206001 1750.43081387
207360 1750.43081387
207540 7070.32395884
208861 7070.32395884
208973 2317.46160928
209557 2317.46160928
209691 1875.04718915
210192 1875.04718915
210383 5266.00242925
211047 5266.00242925
211501 2026.56535962
212858 2026.56535962
213354 4153.18717006
214446 4153.18717006
214746 1874.45901465
216106 1874.45901465
216268 1983.49948157
217680 1983.49948157
218108 529.282781906
218758 529.282781906
219163 3446.09059861
220001 3446.09059861
220448 1621.03836286
221194 1621.03836286
221377 5441.47138087
222183 5441.47138087
222631 2561.87551412
223776 2561.87551412
223903 3507.19241049
224892 3507.19241049
225227 890.889544791
226297 890.889544791
226441 72.9518946704
227367 72.9518946704
227659 1469.19988911
228374 1469.19988911
228816 3885.30908897
229970 3885.30908897
230223 1822.59482947
231702 1822.59482947
232016 1891.34309578
233495 1891.34309578
233875 5178.59943864
235061 5178.59943864
235506 3768.30727947
236158 3768.30727947
236373 478.212442804
237072 478.212442804
237257 3961.18348347
238295 3961.18348347
238783 1778.26548202
239483 1778.26548202
239925 4901.0807806
241297 4901.0807806
241520 1581.48152635
242247 1581.48152635
242448 154.640389868
243513 154.640389868
243650 3864.84444933
244612 3864.84444933
245107 1536.46091563
245670 1536.46091563
245807 1355.69920443
246407 1355.69920443
246596 3651.53242185
247589 3651.53242185
247814 7440.58218168
248571 7440.58218168
248677 1432.80700223
250141 1432.80700223
250587 2889.06891105
251764 2889.06891105
252212 3653.16191666
252822 3653.16191666
253151 1234.13352071
254485 1234.13352071
