0 9903.57199607
979 9903.57199607
1439 2404.60829744
2492 2404.60829744
2965 3984.58941144
4384 3984.58941144
4801 5076.51878367
6128 5076.51878367
6557 670.991983474
7462 670.991983474
7739 6376.63744365
8581 6376.63744365
8762 5822.13473359
9972 5822.13473359
10122 735.418638939
10730 735.418638939
11149 4877.96167564
12150 4877.96167564
12475 6103.16417913
13571 6103.16417913
14056 1613.37773291
15136 1613.37773291
15407 2643.27478339
16209 2643.27478339
16553 4241.25163136
17491 4241.25163136
17732 3433.15126546
19159 3433.15126546
19412 370.163402982
19982 370.163402982
20272 800.002476544
21680 800.002476544
22057 1253.06024362
22791 1253.06024362
23157 266.623388226
24131 266.623388226
24264 6328.87247948
25523 6328.87247948
25942 3738.78641194
26998 3738.78641194
27305 2057.16146621
28668 2057.16146621
29006 4527.15586617
30275 4527.15586617
30388 3396.92330251
31172 3396.92330251
31486 3456.12110336
32400 3456.12110336
32755 4389.33894221
33616 4389.33894221
34105 492.216539371
35044 492.216539371
35411 4695.47580264
36268 4695.47580264
36574 4196.65246848
37929 4196.65246848
38080 3542.05845317
38994 3542.05845317
39459 9989.57108146
40219 9989.57108146
40612 2655.64866397
41164 2655.64866397
41480 5486.82132888
42214 5486.82132888
42500 4085.15014272
43106 4085.15014272
43341 3117.15403988
44166 3117.15403988
44286 1464.07895683
45280 1464.07895683
45632 8621.45661588
46679 8621.45661588
47153 3568.87849688
48218 3568.87849688
48384 9277.11107427
49247 9277.11107427
49610 7434.57100147
50312 7434.57100147
50545 1791.26831113
51224 1791.26831113
51481 6699.26083434
52923 6699.26083434
53110 9721.17308264
54352 9721.17308264
54752 8957.73389124
55613 8957.73389124
55737 2896.84626396
57079 2896.84626396
57337 3008.91309954
58228 3008.91309954
58441 960.399126172
58981 960.399126172
59480 1507.41759136
60375 1507.41759136
60477 6654.79271147
61379 6654.79271147
61553 10650.4801771
62598 10650.4801771
63006 1764.63067118
64092 1764.63067118
64380 8588.43358741
65798 8588.43358741
66175 7131.02641072
66860 7131.02641072
67024 1237.32661537
67987 1237.32661537
68143 2407.96926796
69412 2407.96926796
69571 4933.46909298
70146 4933.46909298
70567 2496.44119923
71889 2496.44119923
72164 273.188673935
73350 273.188673935
73607 1489.18882398
74792 1489.18882398
75042 672.103712427
75725 672.103712427
75950 3939.65364425
76920 3939.65364425
77231 3213.71612161
77954 3213.71612161
78338 3180.15826916
78940 3180.15826916
79193 7902.49244612
80355 7902.49244612
80590 13425.2579702
81874 13425.2579702
82079 7576.40310188
82659 7576.40310188
82941 1761.5933806
84355 1761.5933806
84656 6325.98212153
85679 6325.98212153
85916 5440.39514186
86580 5440.39514186
86808 3265.07240832
87411 3265.07240832
87838 7356.53883415
88462 7356.53883415
88949 4870.96674006
89905 4870.96674006
90318 2019.75746392
91605 2019.75746392
91788 4008.09887799
93110 4008.09887799
93487 1338.56356848
94279 1338.56356848
94459 105.915942129
95097 105.915942129
95330 6034.0601778
96036 6034.0601778
96190 5952.69798669
96912 5952.69798669
97255 5362.16368761
98572 5362.16368761
98830 9128.81088136
100069 9128.81088136
100531 8530.1488577
101477 8530.1488577
101866 13848.341201
102810 13848.341201
102996 4989.07001937
103595 4989.07001937
104081 8064.07849713
104592 8064.07849713
104959 1165.00689237
105510 1165.00689237
105764 5996.81784499
106591 5996.81784499
107016 1506.61669327
108295 1506.61669327
108618 15914.0624737
110037 15914.0624737
110195 3632.44713903
111226 3632.44713903
111648 4524.95648413
112831 4524.95648413
113216 1348.15229315
114473 1348.15229315
114787 7063.4741852
115627 7063.4741852
115845 13718.8105953
116978 13718.8105953
117235 12188.8980843
118597 12188.8980843
118974 1463.30849104
119584 1463.30849104
119913 7994.63344075
121357 7994.63344075
121462 10621.6076657
122370 10621.6076657
122827 951.170620137
123821 951.170620137
124297 6940.26564416
124798 6940.26564416
125095 4909.77555819
125679 4909.77555819
125926 3928.48187717
127334 3928.48187717
127622 5100.65661811
128526 5100.65661811
128768 8175.899939
130116 8175.899939
130217 5387.57604225
131116 5387.57604225
131476 300.810425793
132223 300.810425793
132645 4990.52954754
133757 4990.52954754
133884 1863.53089351
135210 1863.53089351
135310 3812.7375966
136274 3812.7375966
136375 12343.9848981
137480 12343.9848981
137878 5858.83617649
138584 5858.83617649
138908 5795.58783985
140057 5795.58783985
140189 2841.42546159
141064 2841.42546159
141464 3957.3190626
142354 3957.3190626
142809 8086.46193467
143876 8086.46193467
143991 5072.94382632
145489 5072.94382632
145774 3019.12969752
146569 3019.12969752
146778 6036.37738753
148050 6036.37738753
148383 7791.7780971
149810 7791.7780971
150145 2409.35514133
150746 2409.35514133
151107 12443.5150746
151631 12443.5150746
152002 6239.13523871
152838 6239.13523871
153066 4253.13888728
154333 4253.13888728
154497 9594.67862784
155366 9594.67862784
155736 6296.80196638
157154 6296.80196638
157352 2627.29929414
158301 2627.29929414
158652 6631.73792607
159575 6631.73792607
159890 7991.46184554
161358 7991.46184554
161652 1739.01106118
162276 1739.01106118
162470 14451.2919295
163509 14451.2919295
163854 3001.46588163
164497 3001.46588163
164972 4829.13218394
166021 4829.13218394
166203 3726.34239841
167190 3726.34239841
167644 307.037571732
168459 307.037571732
168953 323.888014429
169570 323.888014429
169891 11339.7096576
170794 11339.7096576
171292 7554.24448593
172180 7554.24448593
172331 2360.64947743
172867 2360.64947743
173277 11326.4223194
174175 11326.4223194
174672 1899.58582771
176062 1899.58582771
176543 5336.69597262
177958 5336.69597262
178212 6342.83537956
178963 6342.83537956
179135 7373.75054584
179784 7373.75054584
179981 8941.81409562
180698 8941.81409562
180842 3348.41264039
181381 3348.41264039
181663 8559.41253099
182928 8559.41253099
183041 4767.37635803
183987 4767.37635803
184233 4072.50819892
185490 4072.50819892
185712 2834.07582062
186301 2834.07582062
186609 1029.87855617
187742 1029.87855617
187981 9070.4255784
189459 9070.4255784
189952 312.080350783
190539 312.080350783
190783 1204.85199291
191508 1204.85199291
191609 1247.53049062
192573 1247.53049062
192811 6771.81845223
193877 6771.81845223
194245 2826.3078017
195097 2826.3078017
195427 1293.39538893
195963 1293.39538893
196315 1487.11978935
197078 1487.11978935
197449 393.123929191
198271 393.123929191
198410 250.820740818
199225 250.820740818
199515 4485.31624201
200187 4485.31624201
200616 2949.97115177
201455 2949.97115177
201864 1792.32732393
202903 1792.32732393
203121 4850.96120031
204434 4850.96120031
204580 540.508507215
205662 540.508507215
205961 715.69948618
206877 715.69948618
207307 9423.6712711
208459 9423.6712711
208668 13471.9855738
210154 13471.9855738
210470 7460.77112856
211126 7460.77112856
211353 4271.64345979
212201 4271.64345979
212480 4089.3083517
213489 4089.3083517
213666 9335.46950083
214596 9335.46950083
214975 6105.8058588
216238 6105.8058588
216689 4359.80053683
217890 4359.80053683
218201 5947.77578504
219196 5947.77578504
219685 155.238131589
220276 155.238131589
220668 74.4345998783
222050 74.4345998783
222243 5115.47453715
223572 5115.47453715
223860 2896.58231892
224443 2896.58231892
224826 5651.41073934
225999 5651.41073934
226280 5582.99042511
227199 5582.99042511
227615 4279.5171405
228171 4279.5171405
228357 7370.93401724
229032 7370.93401724
229357 10990.6485488
230273 10990.6485488
230514 7456.91779854
231265 7456.91779854
231564 11444.256926
232342 11444.256926
232792 10039.7403921
233390 10039.7403921
233748 10554.3076391
234978 10554.3076391
235121 5409.43353003
236308 5409.43353003
236744 2472.24439714
237634 2472.24439714
237832 8989.69086078
238589 8989.69086078
239075 2668.99428928
240362 2668.99428928
240655 1034.23006275
241575 1034.23006275
241675 9293.91351095
242947 9293.91351095
243143 430.398783693
244642 430.398783693
245021 11692.8919023
246011 11692.8919023
246230 9334.86880753
247251 9334.86880753
247461 4136.48375701
248178 4136.48375701
248541 12083.5731101
249599 12083.5731101
249777 4764.80107884
250704 4764.80107884
251195 8490.36997101
252374 8490.36997101
252490 5810.77618925
253029 5810.77618925
