0 2046.09626229
1144 2046.09626229
1272 2672.91871933
2598 2672.91871933
3094 1531.86750881
4063 1531.86750881
4560 2165.95544821
5201 2165.95544821
5381 2334.1327802
5932 2334.1327802
6331 2201.77131125
7195 2201.77131125
7675 2176.7263876
8766 2176.7263876
9254 1886.42532415
10032 1886.42532415
10247 1730.31293249
11049 1730.31293249
11425 2164.70411777
12573 2164.70411777
12969 2119.51171104
14118 2119.51171104
14575 1747.24224038
15165 1747.24224038
15316 2633.68602532
15841 2633.68602532
16008 2880.76590797
17405 2880.76590797
17539 2404.4532757
18329 2404.4532757
18758 2298.60517796
20053 2298.60517796
20502 2235.18845052
21407 2235.18845052
21627 1897.26836237
22157 1897.26836237
22553 1735.88597159
23945 1735.88597159
24136 1840.58529522
25373 1840.58529522
25602 1999.92712685
26584 1999.92712685
26729 2732.89924005
27579 2732.89924005
27963 1868.95527146
28681 1868.95527146
28928 1862.25247382
30069 1862.25247382
30409 2358.75629053
31320 2358.75629053
31770 1713.61112488
32793 1713.61112488
33160 1998.72822263
34201 1998.72822263
34310 1269.28631486
34958 1269.28631486
35165 2111.9066428
36661 2111.9066428
36911 1443.41038543
37462 1443.41038543
37636 2648.18738237
39121 2648.18738237
39375 2239.02771385
40724 2239.02771385
41181 2099.3081518
42657 2099.3081518
43127 1961.69355928
43652 1961.69355928
43754 2514.62507559
44599 2514.62507559
44937 2602.92516903
45706 2602.92516903
46162 1976.13801603
47452 1976.13801603
47714 2481.03228627
48776 2481.03228627
49003 2525.51401721
49902 2525.51401721
50067 2037.76413915
50814 2037.76413915
51241 2144.73231507
51832 2144.73231507
52004 2185.88497242
52578 2185.88497242
52972 2139.02942835
53508 2139.02942835
53852 2199.60371352
54354 2199.60371352
54481 1528.3619146
55916 1528.3619146
56177 2507.18237741
57666 2507.18237741
58123 1850.63130884
59370 1850.63130884
59629 2213.6435601
60858 2213.6435601
61124 2457.77097502
62333 2457.77097502
62562 2382.12189409
63114 2382.12189409
63594 1443.99747299
64192 1443.99747299
64540 1939.3356469
65280 1939.3356469
65669 2095.23343221
66538 2095.23343221
66935 1952.66233801
68036 1952.66233801
68139 2351.74390743
68899 2351.74390743
69097 2316.26676084
69868 2316.26676084
70304 2832.15379572
71253 2832.15379572
71687 2423.3429932
72523 2423.3429932
72631 2213.70225361
73755 2213.70225361
74243 2418.03040493
75193 2418.03040493
75498 2142.67083728
76245 2142.67083728
76646 2730.79978129
77896 2730.79978129
78223 2407.23796358
79112 2407.23796358
79539 2798.64801174
80497 2798.64801174
80907 2293.03002524
82044 2293.03002524
82337 1717.91389803
83551 1717.91389803
83781 2045.24557789
84645 2045.24557789
85089 1920.73185148
85613 1920.73185148
85736 2199.21110745
86426 2199.21110745
86842 2119.13248742
87827 2119.13248742
88160 1527.40721685
89658 1527.40721685
90118 1885.06145609
91368 1885.06145609
91496 1772.32630655
92853 1772.32630655
93178 1957.31725677
93687 1957.31725677
94053 2460.9969324
94951 2460.9969324
95305 1843.54771046
95951 1843.54771046
96062 1900.0100199
96961 1900.0100199
97171 1573.47834586
98486 1573.47834586
98854 2079.7072965
100079 2079.7072965
100515 3022.99140421
101906 3022.99140421
102404 1953.20605484
102910 1953.20605484
103074 2140.73312318
103968 2140.73312318
104415 2203.12275151
105768 2203.12275151
106206 2760.72082441
107373 2760.72082441
107707 1717.33681884
108453 1717.33681884
108786 2303.86543247
109749 2303.86543247
110166 2079.8484126
111056 2079.8484126
111324 2227.4699641
112799 2227.4699641
113213 2364.17025841
114424 2364.17025841
114629 1416.57745427
115133 1416.57745427
115278 1960.46140454
116670 1960.46140454
116995 1989.27281942
117760 1989.27281942
118074 2475.36452879
118647 2475.36452879
118785 2447.65810318
119731 2447.65810318
119903 2214.75415954
120760 2214.75415954
121011 1956.33525317
121655 1956.33525317
122025 2419.4428145
122648 2419.4428145
122947 2468.51654919
124180 2468.51654919
124612 2484.90409681
125703 2484.90409681
126157 2644.25292888
127381 2644.25292888
127680 2236.85485578
128859 2236.85485578
129061 2293.82991875
130230 2293.82991875
130729 2709.61206651
131376 2709.61206651
131874 2090.55798528
132934 2090.55798528
133179 1606.98784418
134062 1606.98784418
134535 2175.5444896
135129 2175.5444896
135603 2627.39551836
136481 2627.39551836
136832 2645.96004135
137476 2645.96004135
137641 1852.39505557
138894 1852.39505557
139025 2040.51086446
139644 2040.51086446
139980 2013.92772005
141307 2013.92772005
141796 2099.34230264
142309 2099.34230264
142459 2131.70903056
143795 2131.70903056
144283 1803.52174071
145127 1803.52174071
145556 2009.03274175
146360 2009.03274175
146688 2438.66147246
147643 2438.66147246
147950 1607.49703582
149138 1607.49703582
149572 2078.68042916
150671 2078.68042916
150956 2328.98925665
152193 2328.98925665
152372 1915.69901097
153151 1915.69901097
153338 2222.90861251
154196 2222.90861251
154370 1777.33673138
155337 1777.33673138
155588 1735.11475652
156363 1735.11475652
156504 1592.79062775
157035 1592.79062775
157197 2070.52537096
158377 2070.52537096
158807 2660.13496663
159529 2660.13496663
159674 1940.87967497
161087 1940.87967497
161423 2185.51067895
162211 2185.51067895
162465 2446.40595937
163852 2446.40595937
164206 2183.0135804
164852 2183.0135804
165272 2304.27951522
166323 2304.27951522
166499 2425.29483867
167252 2425.29483867
167584 2388.40999542
168380 2388.40999542
168683 2253.30419605
169734 2253.30419605
169977 2192.63603375
170649 2192.63603375
171076 2323.87189875
172133 2323.87189875
172562 2273.06488476
173621 2273.06488476
173897 2587.19705207
175374 2587.19705207
175615 2853.04609364
176859 2853.04609364
177240 1969.99108707
177949 1969.99108707
178371 2831.8659826
179772 2831.8659826
180197 2659.77845613
181534 2659.77845613
181755 1981.39655973
183141 1981.39655973
183582 2370.71142521
184751 2370.71142521
185160 1705.60117179
185994 1705.60117179
186234 2874.91521875
186962 2874.91521875
187446 2132.64513693
188575 2132.64513693
189027 1653.90392442
189816 1653.90392442
189973 1949.8358895
190765 1949.8358895
190926 1622.48206889
192012 1622.48206889
192188 2559.41120202
192734 2559.41120202
192954 2556.44339732
193878 2556.44339732
194301 2500.95806018
195713 2500.95806018
195905 2447.81758666
197314 2447.81758666
197524 2128.89026799
198746 2128.89026799
199085 2612.22785146
199587 2612.22785146
199753 2478.66870904
200337 2478.66870904
200606 2172.51437374
201292 2172.51437374
201654 1648.49952442
203054 1648.49952442
203190 2689.69669625
204664 2689.69669625
204766 2553.97787162
205453 2553.97787162
205580 1991.77420092
206844 1991.77420092
207149 1444.83378687
208531 1444.83378687
208870 2199.54301537
209408 2199.54301537
209592 1864.78881054
211080 1864.78881054
211423 2210.06535731
212607 2210.06535731
212777 2543.71647715
214214 2543.71647715
214622 1667.48946467
215786 1667.48946467
216283 2480.94870543
217631 2480.94870543
217868 2317.77840126
218966 2317.77840126
219279 2086.64553305
220278 2086.64553305
220767 2268.67594483
222152 2268.67594483
222501 2271.68956556
223985 2271.68956556
224370 2336.2456563
225577 2336.2456563
225687 2790.23779285
226533 2790.23779285
226813 3020.27611895
227419 3020.27611895
227666 2887.7411259
228637 2887.7411259
229064 2042.25096512
230095 2042.25096512
230435 1931.48658193
231265 1931.48658193
231664 2185.54209262
232480 2185.54209262
232795 2230.73751546
233405 2230.73751546
233841 1929.40080546
234743 1929.40080546
234956 1634.35999632
235582 1634.35999632
235861 2313.34336393
236857 2313.34336393
237218 2313.59855782
237929 2313.59855782
238150 2210.66073223
239627 2210.66073223
240047 2232.81358141
240557 2232.81358141
241003 2496.56351481
242436 2496.56351481
242885 1824.93133388
243414 1824.93133388
243708 1667.4201951
245032 1667.4201951
245171 2269.07718826
246599 2269.07718826
246766 2463.10507874
247683 2463.10507874
248150 2380.02088978
249142 2380.02088978
249607 1926.02353772
250160 1926.02353772
250558 2735.87180214
251899 2735.87180214
252321 2183.25999331
252908 2183.25999331
253275 1945.63907096
254517 1945.63907096
254900 2318.80476884
256290 2318.80476884
256439 1702.72991264
257035 1702.72991264
257331 1925.34901637
258259 1925.34901637
258478 1754.31492699
259208 1754.31492699
259628 2334.45834474
260459 2334.45834474
260902 2019.11545733
261914 2019.11545733
262295 2520.95431365
263581 2520.95431365
263796 2698.98882805
264326 2698.98882805
