0 2481.49005873
1452 2481.49005873
1880 2769.08356544
2658 2769.08356544
2956 2038.08078689
4005 2038.08078689
4113 1930.89589883
5406 1930.89589883
5548 2554.81656696
6868 2554.81656696
7138 3074.22740816
7800 3074.22740816
8150 1859.81513364
9279 1859.81513364
9463 2768.41742412
10152 2768.41742412
10608 3402.17826219
11885 3402.17826219
12090 1641.28754813
12955 1641.28754813
13373 1864.99163715
14278 1864.99163715
14596 2846.6233196
15367 2846.6233196
15589 2952.59207247
16417 2952.59207247
16615 2132.46060684
17777 2132.46060684
18106 2193.50903664
19004 2193.50903664
19186 3038.70874422
19960 3038.70874422
20229 2105.21327328
21402 2105.21327328
21743 1571.12944715
22669 1571.12944715
23072 2538.38184569
24224 2538.38184569
24641 2985.9940188
26086 2985.9940188
26193 2197.00959792
27126 2197.00959792
27413 1294.66584994
28427 1294.66584994
28580 2220.7490512
29201 2220.7490512
29307 1223.89272745
30115 1223.89272745
30507 1955.93660301
31733 1955.93660301
31867 2954.48829072
33069 2954.48829072
33268 1589.47277732
33991 1589.47277732
34340 2528.03084528
35091 2528.03084528
35528 2655.1578148
36263 2655.1578148
36757 1898.17205704
38157 1898.17205704
38363 2782.8070807
38995 2782.8070807
39175 2002.0903282
40228 2002.0903282
40362 1764.45806558
41408 1764.45806558
41636 2495.34908298
42798 2495.34908298
42921 2771.33419088
43532 2771.33419088
43819 2789.01524006
44526 2789.01524006
45013 3506.98884993
46107 3506.98884993
46486 1132.40444907
47540 1132.40444907
47704 1747.46125308
48294 1747.46125308
48681 2516.27331931
50074 2516.27331931
50186 2662.91219099
51461 2662.91219099
51712 2327.51965223
52563 2327.51965223
52896 3227.24870846
53985 3227.24870846
54414 3082.24157359
55056 3082.24157359
55523 2202.19861801
56954 2202.19861801
57382 1504.76169712
57897 1504.76169712
58265 1432.52467418
59121 1432.52467418
59265 1455.00197256
60289 1455.00197256
60706 2453.34398181
61207 2453.34398181
61397 2993.37956692
62140 2993.37956692
62448 2538.11293668
63934 2538.11293668
64154 3386.9249699
65160 3386.9249699
65342 2411.14588672
66623 2411.14588672
66895 2500.77300817
67435 2500.77300817
67606 2987.16515752
68938 2987.16515752
69210 1910.45330471
70194 1910.45330471
70605 2899.17655477
71156 2899.17655477
71609 1954.22030762
72337 1954.22030762
72692 1955.13579091
73911 1955.13579091
74388 2595.84942526
74925 2595.84942526
75422 1165.9478466
76298 1165.9478466
76500 1596.74372578
77389 1596.74372578
77777 1901.67773455
79148 1901.67773455
79303 3624.23404787
80566 3624.23404787
80826 2544.07075934
81924 2544.07075934
82087 2584.99065627
82744 2584.99065627
83110 1997.54844078
83969 1997.54844078
84104 2639.08097312
85211 2639.08097312
85490 2669.29659152
86211 2669.29659152
86391 2510.43906653
87061 2510.43906653
87364 1301.65049005
88207 1301.65049005
88386 2207.25696051
89745 2207.25696051
90043 2399.9342221
90875 2399.9342221
91015 1641.34074166
91803 1641.34074166
92299 3212.32606039
92963 3212.32606039
93188 2738.15273225
94647 2738.15273225
95015 2654.858
95794 2654.858
96117 2137.37015394
96643 2137.37015394
96756 1298.73913658
97708 1298.73913658
98014 2284.49262068
98887 2284.49262068
99236 660.401060322
100614 660.401060322
100981 1251.86691477
101562 1251.86691477
101972 3332.69372385
102603 3332.69372385
102801 1902.04120886
104074 1902.04120886
104232 2002.04151101
105649 2002.04151101
106053 3164.71050924
107289 3164.71050924
107457 3429.98007514
108421 3429.98007514
108704 2503.4488411
109783 2503.4488411
109950 2300.0683047
110999 2300.0683047
111329 1043.64295557
112522 1043.64295557
112920 2970.9794847
113802 2970.9794847
114228 2557.81032148
115153 2557.81032148
115606 2380.8191939
116772 2380.8191939
117106 736.382700504
118465 736.382700504
118691 2896.44370086
119994 2896.44370086
120139 3445.05244125
121535 3445.05244125
121780 2612.12870344
122895 2612.12870344
123111 1654.62622889
123838 1654.62622889
124214 3409.40323133
124771 3409.40323133
125092 1222.42676028
125770 1222.42676028
125974 3233.04830689
126956 3233.04830689
127403 2483.7490635
127937 2483.7490635
128235 3050.1109461
129713 3050.1109461
129842 1158.4048671
130874 1158.4048671
131267 2317.77166583
131817 2317.77166583
131922 1876.30979083
133237 1876.30979083
133497 1787.35322186
134242 1787.35322186
134674 1294.81112656
135577 1294.81112656
135755 2799.27657385
136400 2799.27657385
136737 2977.08153963
137335 2977.08153963
137642 3316.15494835
138167 3316.15494835
138323 2198.07573881
139736 2198.07573881
139843 2854.4181981
141107 2854.4181981
141207 3114.94475725
141738 3114.94475725
141929 2472.75738525
142983 2472.75738525
143394 2528.16409111
143912 2528.16409111
144272 2085.66436192
145020 2085.66436192
145469 2427.9509523
146263 2427.9509523
146513 3315.84326056
147788 3315.84326056
148030 1779.80615662
149192 1779.80615662
149535 1936.25344686
150205 1936.25344686
150429 1560.02317671
151015 1560.02317671
151242 854.98145264
152446 854.98145264
152931 1343.59319832
153432 1343.59319832
153535 2478.15889811
154621 2478.15889811
155016 3282.83945822
156287 3282.83945822
156695 1329.21796886
157643 1329.21796886
158101 1171.79853375
159044 1171.79853375
159338 1828.33779603
160315 1828.33779603
160676 3475.73866188
161553 3475.73866188
161657 1920.61371725
162506 1920.61371725
162951 2065.66677732
163751 2065.66677732
163859 2460.95296248
165061 2460.95296248
165202 1221.57548548
165725 1221.57548548
165839 1465.00354481
166688 1465.00354481
167151 1933.09048293
167858 1933.09048293
168038 3261.23162855
168570 3261.23162855
168797 3227.45660145
169299 3227.45660145
169510 3202.88336213
170215 3202.88336213
170622 3270.65592928
171545 3270.65592928
171829 3507.77548038
172766 3507.77548038
172981 2931.45124274
173964 2931.45124274
174210 2345.71167101
175327 2345.71167101
175741 1922.98602199
176844 1922.98602199
177296 2602.83076397
178407 2602.83076397
178789 3446.88289944
179596 3446.88289944
180002 1799.37458125
180811 1799.37458125
181219 1976.90189268
181862 1976.90189268
182023 2107.88036123
183287 2107.88036123
183595 606.675708562
184344 606.675708562
184471 3039.59609269
185953 3039.59609269
186299 1863.33773554
187111 1863.33773554
187477 2848.28327844
188896 2848.28327844
189039 2501.32863272
190142 2501.32863272
190612 1880.42196657
192041 1880.42196657
192293 1837.51071238
193500 1837.51071238
193636 1436.73825676
194879 1436.73825676
195261 2215.29961125
196647 2215.29961125
197081 1345.55215648
198168 1345.55215648
198574 2302.43764828
199973 2302.43764828
200426 2435.26969061
201387 2435.26969061
201755 1888.90224495
202384 1888.90224495
202878 1220.09956491
204168 1220.09956491
204532 1509.22743357
205803 1509.22743357
206264 1819.708263
207142 1819.708263
207312 2487.98447247
208610 2487.98447247
208784 2760.40325831
209336 2760.40325831
209486 3056.86798769
210567 3056.86798769
210916 2943.81571783
211649 2943.81571783
211935 2023.58922296
212443 2023.58922296
212834 2173.71145174
214164 2173.71145174
214321 2458.6231268
215741 2458.6231268
216059 1639.84181515
217023 1639.84181515
217207 2435.18481949
218630 2435.18481949
219095 2697.88398409
220221 2697.88398409
220645 4057.19109008
221662 4057.19109008
221889 2300.56693089
222542 2300.56693089
222858 2450.29297692
223422 2450.29297692
223878 2287.25519572
225339 2287.25519572
225682 2436.20585929
226623 2436.20585929
226910 3140.65438666
228391 3140.65438666
228877 2464.423273
229889 2464.423273
230052 1556.14707285
231012 1556.14707285
231154 2562.54535356
232002 2562.54535356
232230 3219.64057164
233192 3219.64057164
233630 2154.80064838
234177 2154.80064838
234334 2331.7387418
234905 2331.7387418
235113 3162.41861078
235782 3162.41861078
235887 3042.27736803
236915 3042.27736803
237164 2294.80245847
238495 2294.80245847
238644 3725.67354962
239742 3725.67354962
239882 4018.69344954
240595 4018.69344954
240809 2814.79720646
241918 2814.79720646
242336 4117.71390746
243374 4117.71390746
243524 1028.90551286
244070 1028.90551286
244295 1152.02593089
244859 1152.02593089
245051 1380.26202713
246050 1380.26202713
246519 3249.11145531
247607 3249.11145531
248013 1389.27652463
248696 1389.27652463
249060 2957.42794104
249662 2957.42794104
249987 3394.26184093
250544 3394.26184093
250917 1598.4312642
251827 1598.4312642
