0 4207.57526203
1259 4207.57526203
1607 10352.3431573
2323 10352.3431573
2801 8418.98589005
3574 8418.98589005
3835 4878.16570435
4899 4878.16570435
5089 2998.04792728
5909 2998.04792728
6230 8083.17639407
6810 8083.17639407
7191 926.746666033
8570 926.746666033
8939 8740.08742108
9740 8740.08742108
10188 3882.06844387
11578 3882.06844387
11813 4889.73195398
12674 4889.73195398
12883 816.970161286
13533 816.970161286
13680 5025.54064959
14389 5025.54064959
14683 7355.29744804
15532 7355.29744804
15887 9163.09236136
16551 9163.09236136
17016 3262.55702336
18305 3262.55702336
18577 10812.2143551
19766 10812.2143551
20157 4835.69570218
20964 4835.69570218
21066 3066.09142896
22543 3066.09142896
22777 7849.26580426
24208 7849.26580426
24575 475.353474884
25288 475.353474884
25417 5456.41909121
26789 5456.41909121
27023 5461.04385429
28054 5461.04385429
28242 7549.94197406
29027 7549.94197406
29463 11971.2025052
30273 11971.2025052
30754 10298.20132
31500 10298.20132
31939 7250.07600684
32694 7250.07600684
32794 12983.1710819
33762 12983.1710819
34127 6815.9394812
35275 6815.9394812
35416 2819.97712875
36156 2819.97712875
36478 9037.90614793
37647 9037.90614793
37986 603.628986598
38637 603.628986598
38913 6145.29546128
39603 6145.29546128
40086 10693.2083795
41340 10693.2083795
41803 223.825629442
42373 223.825629442
42759 8582.57364587
43380 8582.57364587
43665 5737.28822945
44599 5737.28822945
44811 2049.35797758
45771 2049.35797758
45932 8002.30191658
46823 8002.30191658
47175 13509.1708198
48524 13509.1708198
48964 9566.89324166
50142 9566.89324166
50430 2641.00796135
51259 2641.00796135
51521 718.786078891
52462 718.786078891
52932 8059.14519262
53702 8059.14519262
53854 3696.99841569
54993 3696.99841569
55293 1091.20317762
55796 1091.20317762
56294 6240.15459605
56803 6240.15459605
57223 7539.64031332
58053 7539.64031332
58488 2228.92352714
59095 2228.92352714
59239 2812.57766163
60335 2812.57766163
60822 6635.85223286
61697 6635.85223286
62109 6151.69785431
63607 6151.69785431
63900 5539.08776589
64911 5539.08776589
65130 6475.00893034
65801 6475.00893034
66125 4235.00409936
67146 4235.00409936
67542 6389.64093771
68321 6389.64093771
68490 7804.45158613
69973 7804.45158613
70347 5783.84953684
71279 5783.84953684
71490 740.356001981
72839 740.356001981
73185 4949.73434425
74000 4949.73434425
74300 12031.3679341
75708 12031.3679341
76037 1318.98780638
76546 1318.98780638
76878 12115.56354
78110 12115.56354
78302 11699.4320386
78923 11699.4320386
79370 6748.53398902
80332 6748.53398902
80824 5004.85654752
81960 5004.85654752
82308 4874.06745329
83760 4874.06745329
84106 3107.81932041
85384 3107.81932041
85788 7448.69712021
86414 7448.69712021
86847 4025.76014157
88236 4025.76014157
88576 8870.9074281
89120 8870.9074281
89438 1589.31887523
90565 1589.31887523
90826 4154.34660535
92108 4154.34660535
92343 6732.64410599
93433 6732.64410599
93617 3058.9689933
95108 3058.9689933
95500 2818.40593789
96330 2818.40593789
96436 1437.98148294
97913 1437.98148294
98121 9816.08214965
99436 9816.08214965
99630 6745.12168453
100606 6745.12168453
100943 6363.91585775
102076 6363.91585775
102390 5667.64705823
102969 5667.64705823
103106 5633.12522778
104416 5633.12522778
104579 9656.81513424
105426 9656.81513424
105832 2435.50394262
106843 2435.50394262
106958 10079.1961795
107901 10079.1961795
108334 556.960999239
109740 556.960999239
109887 3813.60575089
111335 3813.60575089
111549 1855.38167932
112761 1855.38167932
113129 2695.16134783
114099 2695.16134783
114519 6083.01086831
115102 6083.01086831
115362 1314.63062965
116005 1314.63062965
116145 4919.26064496
117562 4919.26064496
117673 4760.5262544
118955 4760.5262544
119195 7028.97807414
120238 7028.97807414
120596 11317.1804557
121706 11317.1804557
121926 6965.91635453
123074 6965.91635453
123434 1745.55175253
124057 1745.55175253
124470 1003.43169031
125449 1003.43169031
125916 6206.16922402
127269 6206.16922402
127433 5367.63888428
128556 5367.63888428
128841 9028.34813298
129741 9028.34813298
130104 4111.96763276
131255 4111.96763276
131592 1679.71474764
133037 1679.71474764
133269 3385.00044044
134548 3385.00044044
134879 2452.578713
135494 2452.578713
135736 4574.94721335
136949 4574.94721335
137310 6328.70076389
138234 6328.70076389
138544 4241.2355428
139146 4241.2355428
139302 7125.93161412
140485 7125.93161412
140629 21.7586374164
141223 21.7586374164
141456 1746.13174608
142519 1746.13174608
142936 825.512437775
143909 825.512437775
144307 8088.01873225
145278 8088.01873225
145571 8472.23646244
146970 8472.23646244
147184 6010.82559602
148302 6010.82559602
148571 2965.81377383
149298 2965.81377383
149698 637.742071473
150764 637.742071473
150903 321.833260554
151767 321.833260554
152194 1419.7886688
152830 1419.7886688
153126 3064.58755141
154580 3064.58755141
154769 5409.84245765
155373 5409.84245765
155713 5027.84894207
156782 5027.84894207
156941 5103.11505814
158155 5103.11505814
158321 2844.742683
159019 2844.742683
159418 2827.84645052
160788 2827.84645052
160952 16935.8066379
162310 16935.8066379
162612 1928.37292319
163411 1928.37292319
163664 573.698446326
164597 573.698446326
164799 566.491232071
165772 566.491232071
166111 8062.21817426
166945 8062.21817426
167048 11229.6397211
167687 11229.6397211
168051 5721.45067654
168888 5721.45067654
169018 9926.5424619
169697 9926.5424619
170009 7145.94243358
170642 7145.94243358
170749 2237.04974892
171623 2237.04974892
172092 2738.15413608
172820 2738.15413608
173069 17040.6901155
173909 17040.6901155
174082 11628.2753171
175074 11628.2753171
175218 14251.1053456
176104 14251.1053456
176563 8622.85491539
177810 8622.85491539
178010 1855.75174653
178900 1855.75174653
179375 1640.5409829
180365 1640.5409829
180478 654.801023125
181850 654.801023125
182294 1743.06568858
183005 1743.06568858
183487 7565.62915902
184249 7565.62915902
184419 5226.27542961
185520 5226.27542961
185655 5906.75886741
186820 5906.75886741
187056 4385.28495881
188117 4385.28495881
188351 10777.3614437
189570 10777.3614437
189987 18690.2480226
190640 18690.2480226
190887 639.383528617
191734 639.383528617
192159 5912.47121045
192748 5912.47121045
192967 9290.81934578
193751 9290.81934578
194130 8017.90848328
194740 8017.90848328
195055 9980.7998356
195620 9980.7998356
195794 6236.57212977
196789 6236.57212977
197166 822.205825149
198223 822.205825149
198430 6511.14829608
199441 6511.14829608
199786 8908.99426605
200447 8908.99426605
200916 803.535136576
202005 803.535136576
202173 6135.87786978
203162 6135.87786978
203499 1700.11455984
204101 1700.11455984
204581 327.786243208
205835 327.786243208
206014 5442.66220072
206700 5442.66220072
206967 6691.65245753
208062 6691.65245753
208227 9211.06596362
208910 9211.06596362
209039 7328.54631311
209639 7328.54631311
209755 3919.61767506
211116 3919.61767506
211517 7019.54936297
212852 7019.54936297
213054 7656.41595023
213764 7656.41595023
214035 5372.31877041
215196 5372.31877041
215355 2155.57912987
216155 2155.57912987
216288 5128.95649716
217474 5128.95649716
217925 6516.22030877
218994 6516.22030877
219408 812.63619345
219995 812.63619345
220150 4487.68936695
221280 4487.68936695
221581 2046.57731001
222464 2046.57731001
222740 4786.54065264
223406 4786.54065264
223637 4847.49619229
224911 4847.49619229
225367 8718.20003805
226442 8718.20003805
226921 8601.47835461
227644 8601.47835461
228060 3863.98146324
229384 3863.98146324
229642 4573.32139136
230362 4573.32139136
230552 11920.249915
231671 11920.249915
232136 5360.12548985
233518 5360.12548985
233682 9172.23685635
235101 9172.23685635
235389 1393.09946905
236718 1393.09946905
237085 2020.8513269
237893 2020.8513269
238180 2352.02085076
239436 2352.02085076
239893 5076.11200384
241115 5076.11200384
241487 3234.23868337
242712 3234.23868337
242960 3781.01215425
243823 3781.01215425
244018 3496.96989962
244550 3496.96989962
244967 7714.88527013
245808 7714.88527013
246052 966.239240196
247191 966.239240196
247645 753.244427357
248394 753.244427357
248858 3352.03963325
250273 3352.03963325
250655 8912.57382694
251457 8912.57382694
251569 5260.73272923
252871 5260.73272923
253139 560.707520177
254147 560.707520177
254612 9778.45360667
256060 9778.45360667
256356 962.923626168
257018 962.923626168
257306 745.678315898
258367 745.678315898
258781 13119.4629194
259497 13119.4629194
259860 9895.3741926
260832 9895.3741926
260943 6397.14717533
261823 6397.14717533
262148 4030.79775273
262957 4030.79775273
263115 6355.71353927
264608 6355.71353927
264758 6276.79184342
265900 6276.79184342
266179 3464.95429588
267148 3464.95429588
267387 7294.09013756
268153 7294.09013756
268272 5785.49216879
269696 5785.49216879
270083 6542.75377477
271143 6542.75377477
271565 6651.36059982
272630 6651.36059982
272810 766.780040294
274109 766.780040294
274496 6638.87071857
275298 6638.87071857
275525 4565.47342219
276763 4565.47342219
276870 4585.70329785
277471 4585.70329785
277675 7652.70180857
278429 7652.70180857
278747 2557.86512247
279537 2557.86512247
280006 687.473005409
280786 687.473005409
281150 2563.53154034
282214 2563.53154034
282484 9412.3690133
283048 9412.3690133
283452 4481.50570473
284169 4481.50570473
284651 4543.90847732
285309 4543.90847732
285437 1162.72360165
286502 1162.72360165
286975 9220.72050117
287506 9220.72050117
287856 4161.62879537
288803 4161.62879537
289182 5640.31814048
290467 5640.31814048
290746 4370.02974752
291833 4370.02974752
292224 4990.74555393
293521 4990.74555393
293766 3862.16932637
295244 3862.16932637
295425 1980.08868516
296874 1980.08868516
297194 11839.9210767
297794 11839.9210767
298039 2987.48872861
298703 2987.48872861
