0 6497.33351365
706 6497.33351365
1033 15470.9403693
1636 15470.9403693
1768 9150.20487866
2487 9150.20487866
2648 10167.5303314
3963 10167.5303314
4227 4729.04112754
5721 4729.04112754
5908 803.850416538
6745 803.850416538
7146 4616.70759543
7795 4616.70759543
7898 13400.6616523
8586 13400.6616523
9025 7362.5146514
10029 7362.5146514
10226 1543.70844967
11291 1543.70844967
11730 5903.0534325
12407 5903.0534325
12560 5922.31025868
13840 5922.31025868
14299 1232.23552035
15706 1232.23552035
15880 14926.3930839
16628 14926.3930839
16823 6059.24128643
18088 6059.24128643
18549 19304.6487152
19078 19304.6487152
19531 8038.17123744
20765 8038.17123744
21154 6102.617372
22586 6102.617372
23001 12084.5156264
23834 12084.5156264
24082 7313.31220155
25098 7313.31220155
25596 4440.44737571
26622 4440.44737571
26774 9226.31892737
27877 9226.31892737
28350 7502.8689158
29039 7502.8689158
29397 1846.4385456
30354 1846.4385456
30537 3773.36780061
31738 3773.36780061
32223 6625.98912913
33485 6625.98912913
33906 15429.6537282
34663 15429.6537282
34827 3484.08830344
35714 3484.08830344
36174 3201.78917616
37427 3201.78917616
37846 2122.39955231
38421 2122.39955231
38785 4968.59957966
39394 4968.59957966
39834 4027.66174482
41135 4027.66174482
41504 3579.94593998
42182 3579.94593998
42394 4765.22510351
43485 4765.22510351
43906 6413.26037081
44997 6413.26037081
45459 12426.0426334
46756 12426.0426334
46924 943.095937598
48313 943.095937598
48483 7145.13092101
49444 7145.13092101
49549 651.313387006
50820 651.313387006
51156 4884.57027032
52444 4884.57027032
52922 699.449362346
53937 699.449362346
54227 406.917775958
55507 406.917775958
55925 3622.34127518
57282 3622.34127518
57633 20606.6360871
58912 20606.6360871
59172 12555.5663427
59995 12555.5663427
60117 3929.59461308
61228 3929.59461308
61548 5627.90737676
62668 5627.90737676
63029 7202.26874332
63877 7202.26874332
64125 1476.0279243
65110 1476.0279243
65593 8016.86214564
66327 8016.86214564
66544 17827.5494381
67692 17827.5494381
67911 319.780722745
69086 319.780722745
69335 1135.82189049
70499 1135.82189049
70833 546.582340124
71982 546.582340124
72200 3002.7502933
73481 3002.7502933
73835 14456.3523943
74393 14456.3523943
74822 3303.02815944
75514 3303.02815944
75817 12618.1754266
76434 12618.1754266
76677 15698.0940814
77579 15698.0940814
77733 8122.92501837
78487 8122.92501837
78695 2737.23086714
79503 2737.23086714
79838 3572.77783655
81267 3572.77783655
81508 18700.7276005
82876 18700.7276005
83375 5895.10694886
84336 5895.10694886
84697 3864.59204961
85402 3864.59204961
85839 5979.52438378
87109 5979.52438378
87412 421.409104321
88687 421.409104321
88950 8346.85943694
90161 8346.85943694
90390 634.06446936
91719 634.06446936
91881 649.574689204
93333 649.574689204
93698 6275.05022976
94920 6275.05022976
95353 6651.73171017
96402 6651.73171017
96770 4826.07420193
97361 4826.07420193
97659 2891.86776716
98990 2891.86776716
99158 6308.10611366
100222 6308.10611366
100411 22816.3222705
101579 22816.3222705
101845 787.387753965
102634 787.387753965
102927 8554.40983706
103480 8554.40983706
103896 4602.01031516
105066 4602.01031516
105224 15418.1404265
106011 15418.1404265
106277 6896.85378853
107653 6896.85378853
107872 3860.96397245
108453 3860.96397245
108574 3754.33708238
109153 3754.33708238
109652 5842.87486839
111004 5842.87486839
111377 4795.62269044
112246 4795.62269044
112640 6816.26487196
113204 6816.26487196
113463 7511.28763836
114647 7511.28763836
115139 9901.50985007
116178 9901.50985007
116542 7841.17178224
117705 7841.17178224
118061 2038.24401261
118897 2038.24401261
119153 19507.8601329
120305 19507.8601329
120483 598.091405373
121253 598.091405373
121699 2210.4292616
122468 2210.4292616
122891 3930.39048048
123767 3930.39048048
123891 4381.48626403
124440 4381.48626403
124862 1718.57036865
125367 1718.57036865
125761 1980.73334427
126325 1980.73334427
126545 12778.0374027
127051 12778.0374027
127181 9494.17658281
128659 9494.17658281
129063 7602.57988453
130509 7602.57988453
130629 4533.92153619
131559 4533.92153619
131689 6108.66947462
133051 6108.66947462
133535 8815.24658288
134108 8815.24658288
134549 4476.05957653
135332 4476.05957653
135678 6579.96165434
136438 6579.96165434
136868 18637.493284
137927 18637.493284
138303 4232.64747719
138899 4232.64747719
139086 6297.65083235
139779 6297.65083235
140267 1344.16565517
141333 1344.16565517
141711 12911.0624723
142422 12911.0624723
142777 1110.7706136
144187 1110.7706136
144676 10340.1962747
145990 10340.1962747
146187 5789.3012774
147665 5789.3012774
147963 7669.27779434
149305 7669.27779434
149650 4485.05934712
150899 4485.05934712
151311 9378.60377741
152549 9378.60377741
152843 3112.37474715
153547 3112.37474715
153653 8079.81015263
154212 8079.81015263
154706 11182.6638714
155658 11182.6638714
155890 13751.1960001
156837 13751.1960001
156937 6329.58002394
157747 6329.58002394
157973 5893.82161774
159375 5893.82161774
159596 1614.14884345
160309 1614.14884345
160752 15302.3127758
161402 15302.3127758
161607 6135.38441365
162398 6135.38441365
162841 11583.1698744
163996 11583.1698744
164345 5884.74424394
165455 5884.74424394
165591 8465.27466303
166549 8465.27466303
166941 8734.85330926
167747 8734.85330926
168015 787.966260387
169132 787.966260387
169607 4886.0920863
170579 4886.0920863
170981 6708.36252269
172115 6708.36252269
172391 2376.11034196
173147 2376.11034196
173345 4217.58008023
174711 4217.58008023
175090 1699.56655493
175916 1699.56655493
176070 2543.61426584
177341 2543.61426584
177677 6589.4649328
178762 6589.4649328
178989 5853.76154531
180010 5853.76154531
180145 1161.3356103
180808 1161.3356103
180956 9093.78058339
182233 9093.78058339
182366 13797.7821841
183016 13797.7821841
183153 19360.9869636
183746 19360.9869636
184002 10984.1009267
185355 10984.1009267
185654 5211.18361834
187003 5211.18361834
187371 4267.21821916
188849 4267.21821916
189204 1434.14335697
190122 1434.14335697
190551 3444.23634972
192036 3444.23634972
192519 3053.44615549
193475 3053.44615549
193794 485.434206306
194890 485.434206306
195097 20202.1458265
196411 20202.1458265
196712 6440.20595338
197629 6440.20595338
197916 823.979655245
198522 823.979655245
198985 1930.78899139
199756 1930.78899139
200121 2589.20711956
201171 2589.20711956
201468 4613.05087226
202466 4613.05087226
202827 1607.49161237
204296 1607.49161237
204684 1540.95362849
205852 1540.95362849
206236 2927.15052049
207124 2927.15052049
207603 6042.26641762
209078 6042.26641762
209466 630.706225847
210524 630.706225847
211022 6309.11566515
212171 6309.11566515
212598 4891.08993788
213312 4891.08993788
213713 7116.47666483
215011 7116.47666483
215231 7510.44881491
215988 7510.44881491
216128 1494.14243267
216719 1494.14243267
217096 8904.21009665
218538 8904.21009665
218933 14127.8189921
219962 14127.8189921
220424 13727.4369878
221744 13727.4369878
222205 4682.56790817
223538 4682.56790817
223859 6107.03915297
224725 6107.03915297
224974 14000.9545191
225958 14000.9545191
226101 6766.02842051
227161 6766.02842051
227499 15593.9412602
228873 15593.9412602
229050 12639.6721805
229885 12639.6721805
230086 4837.05277445
231053 4837.05277445
231402 1668.79142054
232007 1668.79142054
232200 12276.7180744
232824 12276.7180744
233211 3395.20190212
234112 3395.20190212
234276 3288.79697769
235013 3288.79697769
235202 3997.85591745
236644 3997.85591745
236771 11609.2715715
237746 11609.2715715
237884 1710.84321551
238477 1710.84321551
238793 4772.45772864
239702 4772.45772864
239952 1321.03632621
241297 1321.03632621
241489 6031.80085738
242219 6031.80085738
242452 8656.7674275
243375 8656.7674275
