0 2553.98232609
1463 2553.98232609
1960 2830.68260667
2487 2830.68260667
2623 2587.99774177
3266 2587.99774177
3555 2388.75446359
4285 2388.75446359
4765 3264.13722257
5632 3264.13722257
5849 3375.10851381
6381 3375.10851381
6501 3142.57121946
7147 3142.57121946
7417 2676.67941377
8821 2676.67941377
9217 3141.81484102
10443 3141.81484102
10819 2900.28603265
11909 2900.28603265
12166 3536.4201419
13393 3536.4201419
13688 3038.14236142
14576 3038.14236142
14752 3019.46079004
15280 3019.46079004
15779 3085.97825731
16607 3085.97825731
16882 3472.78304101
17573 3472.78304101
17785 2558.85682864
18997 2558.85682864
19351 2916.6568794
19886 2916.6568794
20322 2935.03747324
21411 2935.03747324
21825 3315.58302193
23121 3315.58302193
23415 2517.72019192
24175 2517.72019192
24509 3141.40350244
25681 3141.40350244
26056 3146.78883433
26720 3146.78883433
26870 2868.66427655
27428 2868.66427655
27596 2002.60702603
28628 2002.60702603
28755 3244.76238985
29360 3244.76238985
29537 3099.50917989
30954 3099.50917989
31113 2504.39627094
32508 2504.39627094
32878 3118.36823613
33578 3118.36823613
33845 3528.6996523
34701 3528.6996523
35170 3208.64551089
36466 3208.64551089
36916 3159.4167788
37724 3159.4167788
38058 2596.64695789
38697 2596.64695789
38983 2938.75771913
39616 2938.75771913
39877 3117.26971231
40393 3117.26971231
40578 2990.73002131
41425 2990.73002131
41797 3152.94227604
43249 3152.94227604
43727 3192.25890788
44860 3192.25890788
45356 2926.34343085
46731 2926.34343085
47212 3393.40609744
48137 3393.40609744
48361 2972.31859178
49423 2972.31859178
49703 2861.34660788
50603 2861.34660788
50817 2887.28199609
51926 2887.28199609
52362 2307.48177752
53100 2307.48177752
53578 2320.58562192
54626 2320.58562192
54932 2654.87796272
55514 2654.87796272
55756 2445.21775632
57150 2445.21775632
57345 3229.94089803
58164 3229.94089803
58625 2691.26585618
59192 2691.26585618
59579 3264.47616296
60870 3264.47616296
61185 3048.38652569
61921 3048.38652569
62183 2479.54532733
63346 2479.54532733
63568 2662.43810843
64602 2662.43810843
65038 3278.29862501
66355 3278.29862501
66529 3203.96417683
67145 3203.96417683
67439 2940.84888114
68861 2940.84888114
69307 3653.74365674
70491 3653.74365674
70782 3280.19000759
72249 3280.19000759
72558 3014.95743531
73093 3014.95743531
73283 3224.36597168
74708 3224.36597168
75087 2683.9040648
75797 2683.9040648
76191 2959.23105208
76716 2959.23105208
77026 3551.33065026
77953 3551.33065026
78152 2884.30674
78906 2884.30674
79100 3001.52388069
79707 3001.52388069
79911 3190.5718441
81257 3190.5718441
81494 3470.37742047
82490 3470.37742047
82623 3072.83408712
83782 3072.83408712
84121 3085.87952016
85300 3085.87952016
85766 2987.70400149
86341 2987.70400149
86833 2568.69205935
87596 2568.69205935
87953 3562.78697268
89253 3562.78697268
89410 3453.7153204
90503 3453.7153204
90721 3180.67537967
91445 3180.67537967
91837 2920.60302513
93136 2920.60302513
93481 2732.20908267
94849 2732.20908267
94986 2732.91694942
96084 2732.91694942
96264 3113.03216493
97492 3113.03216493
97964 3243.83726853
99146 3243.83726853
99435 2692.81547814
100729 2692.81547814
100940 3089.51368552
102002 3089.51368552
102350 3066.95883646
103247 3066.95883646
103684 3274.76584651
104531 3274.76584651
105014 2701.9880429
105828 2701.9880429
105942 3444.3136257
107002 3444.3136257
107173 2880.82868463
108092 2880.82868463
108260 2993.69175227
109306 2993.69175227
109663 2815.40145152
110617 2815.40145152
110788 2470.72851141
112165 2470.72851141
112411 3339.28592042
113289 3339.28592042
113731 2627.97809616
115145 2627.97809616
115406 3335.08644125
115953 3335.08644125
116282 3558.52082174
117658 3558.52082174
117901 3219.41664157
119022 3219.41664157
119329 3061.35614338
120257 3061.35614338
120664 2729.19652096
121540 2729.19652096
121727 3339.60901425
122264 3339.60901425
122730 3333.53607377
123253 3333.53607377
123746 2876.81650488
124778 2876.81650488
125006 2773.92957464
125562 2773.92957464
125884 2313.23894256
126569 2313.23894256
126909 2939.81940416
127827 2939.81940416
128250 2530.20093373
129197 2530.20093373
129424 3384.1229258
130018 3384.1229258
130339 3131.60324168
131515 3131.60324168
131992 3271.35826067
133152 3271.35826067
133612 2809.00906133
134659 2809.00906133
134769 2952.18244037
135441 2952.18244037
135622 2756.71781474
136399 2756.71781474
136587 3174.23677194
137210 3174.23677194
137546 2426.04956259
138968 2426.04956259
139091 2813.40302505
139667 2813.40302505
139850 3518.72725084
140971 3518.72725084
141353 2645.09972481
142038 2645.09972481
142467 2454.4625859
143735 2454.4625859
144126 2683.66099681
145391 2683.66099681
145527 3048.93424422
146828 3048.93424422
146978 2711.88928975
148455 2711.88928975
148951 3234.66881086
150364 3234.66881086
150814 2696.37935772
152122 2696.37935772
152510 3108.37453463
153654 3108.37453463
153835 2928.40828657
154813 2928.40828657
155247 3005.75840289
156242 3005.75840289
156596 3329.8167351
157430 3329.8167351
157893 2827.33354073
159127 2827.33354073
159590 3311.67083582
160553 3311.67083582
160955 3200.65251319
161813 3200.65251319
161950 2864.14927323
163221 2864.14927323
163533 2717.57696531
164967 2717.57696531
165361 2890.79762407
166518 2890.79762407
166823 2563.77586179
167586 2563.77586179
167995 2478.85781048
169342 2478.85781048
169837 3247.52496282
170639 3247.52496282
170979 3189.49302265
172006 3189.49302265
172217 3109.69201184
173200 3109.69201184
173483 2079.7251098
174624 2079.7251098
175083 2708.96095612
176300 2708.96095612
176569 2612.07559223
177265 2612.07559223
177525 2559.5793386
178668 2559.5793386
178859 2963.82255639
180236 2963.82255639
180383 2539.10322017
181774 2539.10322017
181963 3256.33182088
183397 3256.33182088
183684 2666.37620718
184892 2666.37620718
185305 2977.73408054
186262 2977.73408054
186456 2812.93785869
186963 2812.93785869
187114 3352.18381717
187782 3352.18381717
188207 3231.08932784
189587 3231.08932784
189769 3267.47406888
191147 3267.47406888
191346 2805.96150264
192403 2805.96150264
192524 2899.73573138
193049 2899.73573138
193370 3166.80229664
194748 3166.80229664
195148 3194.32137348
196438 3194.32137348
196572 3224.3894196
197298 3224.3894196
197526 3044.29778984
198497 3044.29778984
198818 3247.1603181
199532 3247.1603181
199900 2239.82641381
201114 2239.82641381
201265 3030.30904235
202667 3030.30904235
203022 3426.01440953
203664 3426.01440953
204131 2709.68456169
205487 2709.68456169
205748 3005.56448342
206863 3005.56448342
207128 2241.19221894
208025 2241.19221894
208282 2826.37414752
208789 2826.37414752
209006 2853.59263565
209722 2853.59263565
209947 3662.64572287
210470 3662.64572287
210835 3052.20762265
211639 3052.20762265
211816 3280.03190769
213149 3280.03190769
213417 3028.00398873
214103 3028.00398873
214248 3167.10450266
215192 3167.10450266
215560 2714.48400428
216473 2714.48400428
216798 3254.27772701
218180 3254.27772701
218672 3249.34200419
219305 3249.34200419
219410 2859.17457854
220421 2859.17457854
220837 3114.22473302
221697 3114.22473302
222035 2878.66903112
223403 2878.66903112
223745 2683.67956984
225136 2683.67956984
225270 2110.20204353
225842 2110.20204353
226123 2721.52298911
226977 2721.52298911
227255 3115.81955665
228725 3115.81955665
229065 3043.21349919
229640 3043.21349919
230002 3031.92051866
231128 3031.92051866
231274 2606.90903123
232433 2606.90903123
232593 2758.85392676
233393 2758.85392676
233810 2831.49057964
235129 2831.49057964
235320 2968.68710236
236544 2968.68710236
236898 2638.76727896
237674 2638.76727896
237812 3604.36549899
238426 3604.36549899
238841 3298.05964511
240321 3298.05964511
240754 3248.80658688
241681 3248.80658688
241792 2628.60298698
243004 2628.60298698
243255 2477.31870461
244043 2477.31870461
244450 3690.56801745
245196 3690.56801745
245300 2847.08511038
246522 2847.08511038
246860 2893.27781645
248217 2893.27781645
248596 2612.00951112
249181 2612.00951112
249408 3316.11643723
250743 3316.11643723
251152 3818.77306663
252535 3818.77306663
252967 2619.19977916
254084 2619.19977916
254503 3287.30095978
255856 3287.30095978
256096 3399.97357069
256917 3399.97357069
257122 2953.50011149
258106 2953.50011149
258278 2973.30540022
258985 2973.30540022
259136 2936.99308258
260217 2936.99308258
260404 2757.1179962
261193 2757.1179962
261577 3377.81955008
262120 3377.81955008
262532 2558.97270774
263295 2558.97270774
263436 2252.98170302
264792 2252.98170302
265200 2759.43188473
266620 2759.43188473
266969 2594.08489411
267865 2594.08489411
268165 2507.75135632
269500 2507.75135632
269864 2779.78337864
270398 2779.78337864
270875 2874.32317399
271856 2874.32317399
272144 2460.0905663
272790 2460.0905663
273216 2870.10447823
274443 2870.10447823
274872 3193.77888551
275722 3193.77888551
276200 2853.63330696
277391 2853.63330696
