0 3001.62804106
1031 3001.62804106
1181 3657.27498827
2587 3657.27498827
2821 2928.83432113
3554 2928.83432113
3944 3187.11604067
4836 3187.11604067
5078 2772.20314396
5669 2772.20314396
5826 1951.05545212
6620 1951.05545212
6790 3929.25347448
7533 3929.25347448
7897 2376.10951135
8413 2376.10951135
8534 3409.35404839
9902 3409.35404839
10371 2203.01003358
11398 2203.01003358
11649 3177.37693603
13117 3177.37693603
13251 3238.7321186
14458 3238.7321186
14679 4033.80061317
15529 4033.80061317
15995 2399.54323853
17311 2399.54323853
17496 2993.48069853
18516 2993.48069853
18682 1683.31124801
19573 1683.31124801
20011 3556.88592877
21144 3556.88592877
21355 3280.98098442
22512 3280.98098442
22682 2907.51453989
23847 2907.51453989
24087 3165.7691962
25251 3165.7691962
25539 1233.72772271
26854 1233.72772271
27198 2156.80676575
27780 2156.80676575
28051 1215.62436753
28655 1215.62436753
29079 2521.96010408
30292 2521.96010408
30503 4035.81133756
31648 4035.81133756
31768 3858.40473649
32349 3858.40473649
32846 3916.83684926
33867 3916.83684926
34181 1622.68576163
35369 1622.68576163
35686 2757.50353351
36550 2757.50353351
36703 4169.45667513
37300 4169.45667513
37704 2104.33732684
39183 2104.33732684
39601 2091.80714947
40881 2091.80714947
41007 2315.13089068
42302 2315.13089068
42798 3915.34339808
43749 3915.34339808
44157 3403.96824248
45014 3403.96824248
45478 3379.48077281
46291 3379.48077281
46673 2070.1905412
47753 2070.1905412
48187 2793.14670319
49209 2793.14670319
49499 2678.56677347
50538 2678.56677347
50724 1374.8927097
51930 1374.8927097
52132 3488.49896258
53302 3488.49896258
53688 2568.35881535
54562 2568.35881535
54692 3486.38061607
55710 3486.38061607
56108 2213.65692083
57494 2213.65692083
57799 2536.32185458
59204 2536.32185458
59543 2819.11366163
60906 2819.11366163
61288 3549.25927839
61922 3549.25927839
62105 3182.49590292
62980 3182.49590292
63160 1444.9772263
63860 1444.9772263
64166 1688.92366798
64826 1688.92366798
65043 3466.15012633
65792 3466.15012633
66219 3761.85416163
67181 3761.85416163
67437 2543.61942888
68021 2543.61942888
68450 2163.11291385
69087 2163.11291385
69225 1759.55630929
70417 1759.55630929
70774 1953.20986207
72164 1953.20986207
72495 4153.04188253
73635 4153.04188253
73971 2325.22387907
75450 2325.22387907
75767 3955.66361794
76679 3955.66361794
77143 3792.52107331
77889 3792.52107331
78335 3006.1204195
78928 3006.1204195
79420 3347.1992618
80186 3347.1992618
80334 3043.59605477
81779 3043.59605477
82192 1285.29282187
82951 1285.29282187
83416 2244.43229159
83955 2244.43229159
84426 2795.84643723
85526 2795.84643723
85636 2653.28885101
86250 2653.28885101
86435 4125.59913074
87249 4125.59913074
87536 3304.11619617
88787 3304.11619617
89259 2478.63530294
90033 2478.63530294
90515 1774.57283371
91513 1774.57283371
91680 2545.56940253
92400 2545.56940253
92752 3444.60284306
94032 3444.60284306
94367 3737.63324387
95506 3737.63324387
95821 2598.43376795
96913 2598.43376795
97256 1670.47777545
98235 1670.47777545
98504 1515.29847304
99211 1515.29847304
99601 2476.10461292
100370 2476.10461292
100781 1505.04125616
101394 1505.04125616
101715 3496.75350336
102893 3496.75350336
103041 2778.94055939
103889 2778.94055939
104030 1891.1869661
105474 1891.1869661
105587 2203.46011745
106295 2203.46011745
106635 2600.05093238
107559 2600.05093238
107859 1449.09440447
108854 1449.09440447
109188 2685.99769532
110327 2685.99769532
110716 2964.41449311
111757 2964.41449311
111875 2500.94882317
112797 2500.94882317
113115 2087.6524104
114474 2087.6524104
114837 2232.92522821
116305 2232.92522821
116542 2394.1774228
117164 2394.1774228
117384 4265.89149902
118174 4265.89149902
118301 2535.27074313
118904 2535.27074313
119156 1999.32229273
120230 1999.32229273
120692 2947.48280234
121872 2947.48280234
122266 3705.90504567
123034 3705.90504567
123216 3369.32748472
123738 3369.32748472
124116 2609.04099166
124643 2609.04099166
124931 3025.56137099
125985 3025.56137099
126110 1898.17307214
127436 1898.17307214
127705 2468.8798391
128705 2468.8798391
129062 2580.96925813
130413 2580.96925813
130768 2449.27706465
131691 2449.27706465
131965 3338.9511613
132504 3338.9511613
132679 2755.23725611
133539 2755.23725611
133646 1919.84986607
134794 1919.84986607
135104 1620.03259395
135995 1620.03259395
136306 3847.45457021
137089 3847.45457021
137190 3212.20552418
138273 3212.20552418
138454 3233.8637538
139293 3233.8637538
139467 2980.05605025
140290 2980.05605025
140559 2480.65460391
141398 2480.65460391
141512 3400.60789166
142458 3400.60789166
142927 1939.79610924
144374 1939.79610924
144551 1629.61103751
145177 1629.61103751
145498 3370.61159852
146826 3370.61159852
147000 3722.24365044
147509 3722.24365044
147890 3012.7407987
148615 3012.7407987
148892 1368.58948314
149551 1368.58948314
149708 3012.48178995
150747 3012.48178995
151185 2434.27120143
152114 2434.27120143
152611 1282.61826652
153600 1282.61826652
153966 3679.53915704
155430 3679.53915704
155610 2739.45658556
156699 2739.45658556
157126 3046.7104665
158390 3046.7104665
158812 3674.04523257
159489 3674.04523257
159761 2419.45321089
160531 2419.45321089
160666 3262.02625728
162129 3262.02625728
162353 2755.72606878
163536 2755.72606878
163684 2641.98304057
164693 2641.98304057
165014 2644.8970075
166130 2644.8970075
166595 2893.96561764
167389 2893.96561764
167744 2866.60118794
168550 2866.60118794
168821 3235.62619973
169598 3235.62619973
170020 3148.86326743
171051 3148.86326743
171247 1872.06730896
172453 1872.06730896
172742 3052.85350608
173615 3052.85350608
173887 2178.48910332
174647 2178.48910332
174799 2382.90166956
176244 2382.90166956
176611 2226.66996229
177817 2226.66996229
178142 3651.1798878
178974 3651.1798878
179309 3283.6670662
180239 3283.6670662
180445 3016.6207069
181506 3016.6207069
181607 3042.69581266
183023 3042.69581266
183480 2696.96183556
184651 2696.96183556
185089 2126.69110141
186322 2126.69110141
186717 2964.59373217
188112 2964.59373217
188382 2589.44381216
189844 2589.44381216
190112 2910.07966191
191049 2910.07966191
191191 2693.69125696
192229 2693.69125696
192357 1714.92463544
192982 1714.92463544
193157 3342.31462489
194428 3342.31462489
194578 3000.65736805
195715 3000.65736805
195945 4006.48986451
196713 4006.48986451
197076 2669.41242237
198102 2669.41242237
198565 2471.85268316
199979 2471.85268316
200390 3278.18080742
201229 3278.18080742
201417 3369.44419086
202225 3369.44419086
202465 3222.20415459
203049 3222.20415459
203290 2070.62226119
204515 2070.62226119
205001 3440.00971255
206022 3440.00971255
206141 2184.50161286
207044 2184.50161286
207463 2690.23073191
208006 2690.23073191
208489 3945.10295549
209213 3945.10295549
209622 2623.62063486
210327 2623.62063486
210664 2787.71119037
211243 2787.71119037
211730 2654.27355464
212671 2654.27355464
212983 2889.72702909
213512 2889.72702909
213797 2582.62162764
214571 2582.62162764
214884 2433.70696388
216176 2433.70696388
216612 3160.74503307
217136 3160.74503307
217602 1323.79318575
218778 1323.79318575
219029 3466.84370459
220037 3466.84370459
220229 3690.47719512
221349 3690.47719512
221602 2390.19601357
222897 2390.19601357
223250 2640.4596948
224286 2640.4596948
224722 1641.98190773
226072 1641.98190773
226511 1542.6324409
227167 1542.6324409
227274 2619.68400516
228682 2619.68400516
229000 2403.47214748
229622 2403.47214748
229853 3175.27372103
230784 3175.27372103
230989 2606.69082746
231555 2606.69082746
232048 3077.96147867
232949 3077.96147867
233287 2806.95117443
234247 2806.95117443
234596 3674.99121156
235229 3674.99121156
235563 2801.61746951
236784 2801.61746951
237274 2223.08520978
237946 2223.08520978
238143 2469.56091669
239126 2469.56091669
239373 4047.14302132
240364 4047.14302132
240561 2588.85688083
241688 2588.85688083
241951 3029.50162915
242948 3029.50162915
243161 2561.13610464
243672 2561.13610464
243845 2421.85662163
244747 2421.85662163
245107 1793.51076292
246397 1793.51076292
246853 2995.06186261
247626 2995.06186261
247751 3851.69105973
248609 3851.69105973
249054 2212.11897647
250301 2212.11897647
250796 2768.45607774
251381 2768.45607774
251626 2243.79397594
252494 2243.79397594
252839 3628.81293093
254083 3628.81293093
254330 2613.75347613
255598 2613.75347613
255780 2488.1493956
256546 2488.1493956
256907 2475.41746389
257661 2475.41746389
257849 2067.62601442
258533 2067.62601442
258669 2764.1049297
259706 2764.1049297
260085 2173.0365013
261300 2173.0365013
261740 3744.92246606
262745 3744.92246606
262953 3550.16782052
263746 3550.16782052
264205 2802.89134204
264731 2802.89134204
264954 2540.37433326
265482 2540.37433326
265928 2267.40060246
266605 2267.40060246
266722 2417.89974568
267821 2417.89974568
268246 2922.49970404
269129 2922.49970404
269588 2659.3467851
270131 2659.3467851
270599 2718.06999649
271177 2718.06999649
271655 3099.86222354
272708 3099.86222354
272839 2689.58636134
273442 2689.58636134
273592 4204.803686
274640 4204.803686
274744 4089.83697431
275489 4089.83697431
275952 2461.33357042
276694 2461.33357042
276903 2588.63003944
277812 2588.63003944
278135 1950.90853265
279344 1950.90853265
279539 3761.60182803
280402 3761.60182803
280594 1705.55946559
281959 1705.55946559
282344 1811.58904847
283467 1811.58904847
283807 2977.73030958
284646 2977.73030958
284877 2133.28307131
285543 2133.28307131
285752 2369.49639029
287106 2369.49639029
287228 2648.00844538
288016 2648.00844538
288343 2209.65266694
289683 2209.65266694
289854 3474.47907874
290985 3474.47907874
291298 2581.02317194
292159 2581.02317194
292420 2937.70357479
293595 2937.70357479
293920 2953.84541104
295238 2953.84541104
295665 1559.98195896
296634 1559.98195896
296755 3327.79230758
297975 3327.79230758
