0 8950.50037313
1467 8950.50037313
1721 10665.8192139
2681 10665.8192139
3068 1252.30130231
4189 1252.30130231
4492 16407.0681045
5880 16407.0681045
6293 587.175833875
6896 587.175833875
7224 7610.73370751
7757 7610.73370751
8153 7207.18446254
8927 7207.18446254
9419 3584.5635697
10044 3584.5635697
10527 3505.79424546
11358 3505.79424546
11526 12345.8845312
12277 12345.8845312
12497 5287.78454711
13737 5287.78454711
14191 7973.72045
14904 7973.72045
15354 2589.31154857
16307 2589.31154857
16706 1558.5137167
17928 1558.5137167
18098 2392.12404334
19086 2392.12404334
19274 3883.71932315
20014 3883.71932315
20298 21997.6040213
20947 21997.6040213
21276 2214.17344084
22130 2214.17344084
22341 11415.7064729
23753 11415.7064729
24041 486.732534748
25506 486.732534748
25857 5787.97974456
26634 5787.97974456
26966 13409.7520722
27996 13409.7520722
28381 5910.171578
29456 5910.171578
29883 9245.25391311
30642 9245.25391311
31054 5200.95464522
31829 5200.95464522
31936 2606.07952687
33280 2606.07952687
33486 1406.60628926
34862 1406.60628926
35259 9308.47398488
36600 9308.47398488
37067 12051.8345593
38491 12051.8345593
38743 7862.23871814
39635 7862.23871814
39945 9245.04666968
40871 9245.04666968
40989 8636.52625366
42428 8636.52625366
42565 1998.33690345
44035 1998.33690345
44465 11649.9855891
45240 11649.9855891
45343 5775.62607144
46787 5775.62607144
47111 10741.5803097
47852 10741.5803097
48273 8956.92447601
49089 8956.92447601
49270 3799.99479533
50060 3799.99479533
50407 6881.53116675
51432 6881.53116675
51537 3225.36151467
52075 3225.36151467
52340 6570.06863448
53075 6570.06863448
53327 2852.07768413
54343 2852.07768413
54564 11634.5577749
56024 11634.5577749
56296 7207.33700061
57124 7207.33700061
57578 3954.02625815
58223 3954.02625815
58529 12149.2482326
59930 12149.2482326
60125 3822.49296818
61192 3822.49296818
61511 6673.53017315
62474 6673.53017315
62955 3341.86099977
64218 3341.86099977
64670 15200.2133392
65738 15200.2133392
65846 7763.3314318
67130 7763.3314318
67342 10928.2978501
67989 10928.2978501
68323 2555.66192365
68937 2555.66192365
69410 6279.1964125
70515 6279.1964125
70672 16583.7589267
71254 16583.7589267
71569 7305.7318858
72249 7305.7318858
72672 5910.92916444
74163 5910.92916444
74446 916.055511303
75193 916.055511303
75522 5581.99213365
76209 5581.99213365
76309 9304.73481387
77280 9304.73481387
77407 5576.29367795
77943 5576.29367795
78306 1487.67914292
79658 1487.67914292
79856 2471.30000334
80881 2471.30000334
81180 5052.75729423
82558 5052.75729423
82954 6549.3807652
84093 6549.3807652
84453 1647.39545251
85779 1647.39545251
85923 5646.32588926
87191 5646.32588926
87624 6483.48222873
88580 6483.48222873
88936 6084.26867666
89998 6084.26867666
90113 12032.609827
91495 12032.609827
91717 11540.3507246
92934 11540.3507246
93097 13006.1076527
94364 13006.1076527
94672 12337.6703328
95219 12337.6703328
95529 2615.499213
96803 2615.499213
97001 796.816372248
97656 796.816372248
97793 6800.42142464
98664 6800.42142464
99021 11070.1934772
99805 11070.1934772
99972 4279.91136383
100958 4279.91136383
101060 14782.5528129
101734 14782.5528129
102007 10827.165488
102739 10827.165488
103094 2147.3669654
103953 2147.3669654
104251 4871.38544792
105402 4871.38544792
105767 2780.81821099
106456 2780.81821099
106815 3630.49543699
107402 3630.49543699
107869 4099.47522644
108535 4099.47522644
108761 6528.01146129
109422 6528.01146129
109868 15621.5091725
111102 15621.5091725
111465 5629.68411832
112321 5629.68411832
112791 2781.43174472
113880 2781.43174472
114240 4328.22632923
115410 4328.22632923
115656 2413.52689618
116750 2413.52689618
117229 1283.30351256
117896 1283.30351256
118083 1914.33826276
119449 1914.33826276
119913 2411.48124492
121092 2411.48124492
121256 73.3241323586
121905 73.3241323586
122026 7041.07888049
123410 7041.07888049
123643 7272.58193117
124709 7272.58193117
125159 14828.1017279
126116 14828.1017279
126229 15660.5877793
127503 15660.5877793
127745 3316.62160386
128841 3316.62160386
129287 6404.29848267
130242 6404.29848267
130443 14758.9413706
130980 14758.9413706
131132 12994.9259589
131635 12994.9259589
131747 2471.15894493
132356 2471.15894493
132500 4485.8636677
133089 4485.8636677
133580 2601.26036412
134592 2601.26036412
134778 5971.60945049
136114 5971.60945049
136282 1382.11712503
137354 1382.11712503
137610 9580.78609033
138603 9580.78609033
138769 6314.64388674
139600 6314.64388674
140029 3460.92395652
141417 3460.92395652
141909 4554.34204923
142936 4554.34204923
143053 14741.2432792
143754 14741.2432792
144111 13060.0538751
145396 13060.0538751
145824 11626.467228
146465 11626.467228
146791 1174.46854113
147358 1174.46854113
147701 9516.70395122
148598 9516.70395122
148781 2538.04175357
149627 2538.04175357
149837 4625.8151229
150707 4625.8151229
151090 11001.7912351
151761 11001.7912351
152069 8952.38639497
153410 8952.38639497
153637 17192.6668081
154448 17192.6668081
154631 167.260965225
155521 167.260965225
155911 7140.21792863
156554 7140.21792863
156883 14382.1925821
157682 14382.1925821
157881 1557.69460608
159131 1557.69460608
159555 10826.6779729
160880 10826.6779729
161129 8681.42303049
161818 8681.42303049
162197 8996.8118388
162960 8996.8118388
163403 5818.00707347
164784 5818.00707347
165016 1998.67886149
166274 1998.67886149
166721 1434.65940626
167608 1434.65940626
167910 10511.4988522
168651 10511.4988522
169104 7723.08288194
170526 7723.08288194
170692 9087.35535951
171438 9087.35535951
171901 7592.28437001
173259 7592.28437001
173592 3502.79723132
174738 3502.79723132
175060 2718.76018121
175977 2718.76018121
176334 4026.47590007
177532 4026.47590007
177823 6720.86944945
178852 6720.86944945
179035 5865.32319469
180337 5865.32319469
180557 3965.32746564
181767 3965.32746564
182075 13746.5205835
182767 13746.5205835
182951 2385.11865473
183818 2385.11865473
184022 7358.19035216
184619 7358.19035216
185040 17510.1756729
186184 17510.1756729
186462 4741.54997522
187144 4741.54997522
187280 1703.63202121
188014 1703.63202121
188235 4566.57934919
189426 4566.57934919
189734 5033.14649323
191163 5033.14649323
191339 9531.55050849
192201 9531.55050849
192598 11020.079943
193170 11020.079943
193531 10455.0274085
194238 10455.0274085
194514 18793.3212332
195047 18793.3212332
195352 5021.17813445
196417 5021.17813445
196693 55.4742009053
198060 55.4742009053
198433 3384.09290479
199212 3384.09290479
199406 7387.32602648
200418 7387.32602648
200769 545.853084774
201521 545.853084774
201943 6295.31296991
203164 6295.31296991
203585 12054.0367877
204947 12054.0367877
205397 20448.0134085
206001 20448.0134085
206376 11621.1735429
207000 11621.1735429
207312 4214.68406612
208524 4214.68406612
208675 6942.08492547
210072 6942.08492547
210339 18070.8477096
210915 18070.8477096
211323 15687.7323718
211866 15687.7323718
212199 11690.5998437
212941 11690.5998437
213198 2286.32312046
214309 2286.32312046
214613 404.968156796
215217 404.968156796
215478 3037.04469524
216621 3037.04469524
216856 8377.27359523
217599 8377.27359523
217894 6117.98607255
219272 6117.98607255
219770 4489.40612949
221168 4489.40612949
221272 13789.813676
222015 13789.813676
