0 790.257699751
697 790.257699751
798 2199.42134747
1918 2199.42134747
2023 4719.20188859
2975 4719.20188859
3457 1892.85898324
4874 1892.85898324
4975 3777.6446248
5784 3777.6446248
6017 1643.51173812
6828 1643.51173812
7077 2097.95250589
8146 2097.95250589
8593 6595.51678529
9217 6595.51678529
9334 2310.15002165
10466 2310.15002165
10635 2134.51578775
11941 2134.51578775
12354 3972.24532191
13448 3972.24532191
13595 3930.79242737
14316 3930.79242737
14644 6685.48986878
15901 6685.48986878
16023 5651.77385613
16755 5651.77385613
17022 3033.54619261
18038 3033.54619261
18329 4729.81902589
19562 4729.81902589
19809 1115.02096334
20843 1115.02096334
21155 3743.58150965
21683 3743.58150965
21811 2809.68120422
23181 2809.68120422
23470 3668.86338229
24340 3668.86338229
24612 4372.53174827
25731 4372.53174827
25851 2917.58881316
27125 2917.58881316
27262 3876.38098092
27941 3876.38098092
28345 1678.10957191
29388 1678.10957191
29847 2188.07573322
30829 2188.07573322
31074 1477.4819526
32287 1477.4819526
32536 1077.9958231
33140 1077.9958231
33345 3447.10763245
34451 3447.10763245
34666 2010.96545529
35866 2010.96545529
36150 4681.59671312
37031 4681.59671312
37336 2527.56557493
38824 2527.56557493
38968 1778.68815878
40006 1778.68815878
40183 2757.15106875
41294 2757.15106875
41574 6262.89284683
42089 6262.89284683
42474 4436.59818282
43652 4436.59818282
43806 2624.61625994
44706 2624.61625994
45191 3110.06550872
45773 3110.06550872
46170 2021.79595269
47426 2021.79595269
47906 948.397425794
48644 948.397425794
49136 2685.71278354
50065 2685.71278354
50291 2996.43040323
51222 2996.43040323
51694 2843.13315652
52812 2843.13315652
53004 3801.16878859
54432 3801.16878859
54859 3311.03854214
55751 3311.03854214
56108 3054.3725191
57241 3054.3725191
57362 2521.4877321
58412 2521.4877321
58848 3586.20164004
60047 3586.20164004
60456 1021.9936301
61405 1021.9936301
61735 2957.25055707
62529 2957.25055707
62664 5724.15659947
64013 5724.15659947
64364 2647.49852745
65280 2647.49852745
65491 5971.73958897
66445 5971.73958897
66786 3842.41836642
67515 3842.41836642
67877 2021.03690718
69079 2021.03690718
69344 3242.31250735
70661 3242.31250735
70952 2642.83184142
72140 2642.83184142
72386 2399.47948404
73162 2399.47948404
73360 2044.85334143
74814 2044.85334143
75250 2886.43349699
76295 2886.43349699
76616 873.618332741
77310 873.618332741
77509 4065.69062329
78712 4065.69062329
79114 3519.93380276
80174 3519.93380276
80340 2435.92538609
81655 2435.92538609
81920 2585.68556272
83127 2585.68556272
83396 2735.92466223
84469 2735.92466223
84672 1688.68127637
86116 1688.68127637
86225 2267.50301255
86879 2267.50301255
87143 2095.92512274
88557 2095.92512274
89000 4550.33142828
89984 4550.33142828
90482 5102.03178299
91495 5102.03178299
91769 6583.56598916
92627 6583.56598916
92846 984.069934335
93652 984.069934335
93945 1700.58633148
94797 1700.58633148
94940 2322.73896953
96368 2322.73896953
96811 5382.63156249
98113 5382.63156249
98322 5142.6553399
98961 5142.6553399
99259 1409.32948211
100342 1409.32948211
100497 3847.02392004
101133 3847.02392004
101437 2547.13324882
102107 2547.13324882
102209 656.833818173
103102 656.833818173
103325 2144.24763934
104268 2144.24763934
104692 4886.42554484
105640 4886.42554484
105883 4609.81096756
106973 4609.81096756
107108 4618.04505864
108263 4618.04505864
108558 2302.06796315
109939 2302.06796315
110176 3570.24640637
111253 3570.24640637
111517 3022.23595107
112907 3022.23595107
113371 4499.71901354
114775 4499.71901354
115262 1950.91595535
115897 1950.91595535
116162 1740.79987178
117514 1740.79987178
117670 4469.48690582
119019 4469.48690582
119386 5727.94959173
120020 5727.94959173
120343 3594.99562845
121641 3594.99562845
122122 4498.01777293
123231 4498.01777293
123396 3581.98223218
124275 3581.98223218
124502 2230.00016264
125881 2230.00016264
126160 6719.58172615
127453 6719.58172615
127759 4679.4612608
129019 4679.4612608
129319 5162.34823924
130784 5162.34823924
131175 4312.06913012
132321 4312.06913012
132677 4785.50564901
133654 4785.50564901
134004 1349.77721501
135215 1349.77721501
135547 6287.83394229
136934 6287.83394229
137215 3010.3613213
138666 3010.3613213
139006 3925.59114632
139987 3925.59114632
140171 3119.91613867
141316 3119.91613867
141728 3021.62924291
143087 3021.62924291
143308 3628.34846291
144135 3628.34846291
144573 6710.84179876
145133 6710.84179876
145407 5021.07607284
146429 5021.07607284
146801 1967.23552844
147934 1967.23552844
148072 2483.63918731
148572 2483.63918731
148709 2723.82263316
150096 2723.82263316
150343 5292.1936938
151792 5292.1936938
152160 3472.69734311
153646 3472.69734311
153979 1816.31028571
154540 1816.31028571
154815 1641.01411271
156240 1641.01411271
156521 7207.58587098
157192 7207.58587098
157482 3108.69634809
158164 3108.69634809
158532 691.724651628
159880 691.724651628
160137 4346.09329647
161157 4346.09329647
161519 5173.66372322
162936 5173.66372322
163359 6098.64938936
164369 6098.64938936
164642 4540.88407942
165542 4540.88407942
165949 5276.0077497
166711 5276.0077497
166951 5071.9345587
167936 5071.9345587
168171 5621.64273105
168732 5621.64273105
169007 2303.3395707
169693 2303.3395707
169864 3500.42490396
170878 3500.42490396
171334 537.519524366
172330 537.519524366
172675 2155.27366323
173351 2155.27366323
173616 4942.7413723
174130 4942.7413723
174280 1796.49513309
175777 1796.49513309
176060 2945.87067018
176760 2945.87067018
177202 1140.32905076
178144 1140.32905076
178612 3073.53253033
179445 3073.53253033
179722 4695.60361782
180589 4695.60361782
180727 1962.00707481
181454 1962.00707481
181647 5687.1205138
183127 5687.1205138
183426 1599.18711119
184290 1599.18711119
184678 1399.96124047
185313 1399.96124047
185447 1198.72113903
186542 1198.72113903
186955 3713.40999557
188366 3713.40999557
188654 4047.45234625
189978 4047.45234625
190428 1929.9716058
191445 1929.9716058
191910 1782.0371219
192472 1782.0371219
192641 1591.1295378
193363 1591.1295378
193512 2362.92257371
194374 2362.92257371
194552 1875.60519151
195723 1875.60519151
195985 3183.50362307
197055 3183.50362307
197389 3755.83395169
198189 3755.83395169
198341 5043.44253447
199266 5043.44253447
199715 2882.78179789
200569 2882.78179789
201065 731.181838566
202166 731.181838566
202430 3577.03454167
202985 3577.03454167
203139 6616.46228772
203682 6616.46228772
203799 2217.96597764
204983 2217.96597764
205462 5150.10362536
206476 5150.10362536
206614 2086.70758119
207796 2086.70758119
208109 4250.90846295
208685 4250.90846295
209043 7099.62099754
209761 7099.62099754
209870 3148.88352083
211201 3148.88352083
211513 510.184765144
212581 510.184765144
212933 2348.51001964
214036 2348.51001964
214360 4212.37458345
214996 4212.37458345
215459 2381.86893121
216771 2381.86893121
217247 386.120319357
218190 386.120319357
218359 6940.07699872
219677 6940.07699872
219970 3370.10876738
221468 3370.10876738
221581 3825.02744963
222579 3825.02744963
223045 3857.01169052
224518 3857.01169052
225009 3847.19760948
226020 3847.19760948
226143 2645.33776421
227441 2645.33776421
227910 3914.69664167
228806 3914.69664167
229172 2802.74056283
230021 2802.74056283
230310 3634.37477812
231712 3634.37477812
231991 5564.97279554
232713 5564.97279554
232853 1354.26525946
233660 1354.26525946
233802 4142.80877649
235293 4142.80877649
235664 2046.61079886
236946 2046.61079886
237206 4596.39933755
238138 4596.39933755
238404 2382.64309236
239631 2382.64309236
239958 5223.38715662
240910 5223.38715662
241030 830.375856908
241578 830.375856908
241782 3722.61659257
243171 3722.61659257
243427 1365.81024375
244873 1365.81024375
245336 2392.74235357
246465 2392.74235357
246712 901.020048081
247761 901.020048081
248121 3500.54941552
248806 3500.54941552
248952 3988.58375371
250108 3988.58375371
250315 5253.63982903
250852 5253.63982903
250952 3908.81775523
252106 3908.81775523
252445 1416.3635596
253426 1416.3635596
253833 6533.40601518
254752 6533.40601518
254951 1536.53740519
255938 1536.53740519
256186 159.351812446
257614 159.351812446
257827 1541.8109262
259020 1541.8109262
259249 6332.40647272
260017 6332.40647272
260179 991.633825085
261114 991.633825085
261230 5560.29016918
262575 5560.29016918
262935 1687.78561767
264327 1687.78561767
264522 974.56487687
265127 974.56487687
