0 14274.816953
706 14274.816953
954 3906.85565041
1870 3906.85565041
2170 14323.8418728
2765 14323.8418728
3246 2293.08928173
4495 2293.08928173
4858 8501.58348905
5753 8501.58348905
6168 7553.92367565
7020 7553.92367565
7209 12538.6257462
8161 12538.6257462
8560 8503.56096665
9078 8503.56096665
9180 2356.69074358
9785 2356.69074358
10063 14190.3670086
10599 14190.3670086
10863 12141.7017567
11511 12141.7017567
11900 5561.61588621
12588 5561.61588621
13081 2343.06130446
14434 2343.06130446
14634 3988.74416215
15378 3988.74416215
15509 3988.09053013
16783 3988.09053013
17213 184.262435913
18315 184.262435913
18559 22264.8405127
19109 22264.8405127
19253 14201.4017988
20551 14201.4017988
20982 4726.50590057
22310 4726.50590057
22757 8255.67017619
23270 8255.67017619
23724 10203.9153525
24338 10203.9153525
24649 7315.45533592
26128 7315.45533592
26316 884.755005476
27153 884.755005476
27442 5490.17804329
28318 5490.17804329
28646 4295.28229349
29353 4295.28229349
29524 18829.7329029
30623 18829.7329029
30956 1615.08961792
31825 1615.08961792
32261 10601.865855
32967 10601.865855
33405 9775.29583819
34252 9775.29583819
34639 18404.1279649
35951 18404.1279649
36131 6713.00968527
37153 6713.00968527
37585 1414.5481784
38520 1414.5481784
38985 8688.40949864
39954 8688.40949864
40242 6985.35720648
40764 6985.35720648
41186 13249.3949762
42111 13249.3949762
42245 3182.43356339
43409 3182.43356339
43722 2441.57348474
44306 2441.57348474
44717 18330.247238
45246 18330.247238
45653 1634.94349326
46204 1634.94349326
46446 3423.48462659
47751 3423.48462659
48171 6572.53729835
49411 6572.53729835
49874 14865.3910308
50615 14865.3910308
50792 9734.12562713
52209 9734.12562713
52499 4701.45287152
53438 4701.45287152
53735 2182.10967291
54714 2182.10967291
54881 443.625757183
56234 443.625757183
56461 173.550294999
57798 173.550294999
58284 6167.28187959
59562 6167.28187959
59813 6871.19223124
61130 6871.19223124
61366 5051.11190067
62069 5051.11190067
62377 18268.5154281
63075 18268.5154281
63337 1971.35602272
64196 1971.35602272
64517 9019.11617932
65979 9019.11617932
66190 1596.08662937
67353 1596.08662937
67748 5240.50021576
68324 5240.50021576
68608 8705.50589038
69474 8705.50589038
69898 3942.05146967
71248 3942.05146967
71732 9048.21891692
72257 9048.21891692
72672 4771.5443191
73874 4771.5443191
74243 6460.11238109
75087 6460.11238109
75550 5878.38116586
76482 5878.38116586
76643 14307.6442945
77372 14307.6442945
77525 6076.23620687
79002 6076.23620687
79248 1432.89309709
80083 1432.89309709
80472 3392.05794182
81829 3392.05794182
81946 10184.9634881
83094 10184.9634881
83522 9859.70241037
84156 9859.70241037
84571 885.994096103
85338 885.994096103
85617 8153.39392353
86268 8153.39392353
86417 9394.4446228
87251 9394.4446228
87580 9729.99211214
88174 9729.99211214
88305 9860.5123448
89071 9860.5123448
89235 1645.26620346
90384 1645.26620346
90667 1833.95866671
91299 1833.95866671
91461 1448.9184405
92406 1448.9184405
92569 4294.62982734
93877 4294.62982734
94320 2563.89400083
95017 2563.89400083
95492 13867.2145312
96659 13867.2145312
97080 1905.20108311
98282 1905.20108311
98394 12756.0455845
99503 12756.0455845
99896 3920.22143068
100849 3920.22143068
101197 9449.10352668
102231 9449.10352668
102547 11038.0196295
103805 11038.0196295
104284 11272.3535754
105196 11272.3535754
105575 2956.60436321
106919 2956.60436321
107053 14402.3866762
108512 14402.3866762
108743 17742.5543456
109265 17742.5543456
109641 1960.12220202
110928 1960.12220202
111308 15422.6425018
112311 15422.6425018
112509 589.433553248
113726 589.433553248
113891 4852.94029729
115165 4852.94029729
115585 10154.1783705
116718 10154.1783705
117144 6302.44605434
118251 6302.44605434
118732 551.457432913
120213 551.457432913
120387 11428.4381178
121336 11428.4381178
121479 6873.65302735
122174 6873.65302735
122576 4995.31135576
124066 4995.31135576
124264 9693.01797097
125033 9693.01797097
125380 3620.91594952
126595 3620.91594952
126869 6621.13600609
128004 6621.13600609
128135 7224.43694047
128983 7224.43694047
129146 10806.8865419
130496 10806.8865419
130897 1201.53746378
132204 1201.53746378
132492 3232.43170765
133975 3232.43170765
134322 4693.17301426
135000 4693.17301426
135221 1354.24778907
136324 1354.24778907
136817 3868.7006057
138130 3868.7006057
138549 13513.1690538
139374 13513.1690538
139836 11117.8264034
141085 11117.8264034
141332 7525.79625121
142513 7525.79625121
142953 4288.35791888
143639 4288.35791888
143840 5131.30480763
144700 5131.30480763
145000 4236.5975841
145984 4236.5975841
146343 13499.3447017
147422 13499.3447017
147663 6234.21730116
148723 6234.21730116
148927 19728.6521844
149522 19728.6521844
149846 6546.90091167
151334 6546.90091167
151791 3857.74941831
152863 3857.74941831
153216 357.892004391
154086 357.892004391
154406 2915.03259094
155147 2915.03259094
155455 3779.82411439
156648 3779.82411439
156872 8790.16112513
157918 8790.16112513
158208 20515.4692723
159321 20515.4692723
159638 13278.9118195
160643 13278.9118195
160761 3689.90551707
161555 3689.90551707
161697 763.897492985
162509 763.897492985
162683 9661.89400359
163854 9661.89400359
164219 1296.94680742
165431 1296.94680742
165585 13633.8479858
166097 13633.8479858
166593 3839.24011247
167923 3839.24011247
168197 3296.13300207
169035 3296.13300207
169184 5738.71816476
170444 5738.71816476
170713 4882.36371473
172091 4882.36371473
172287 5560.12400751
173011 5560.12400751
173359 6739.56371898
174339 6739.56371898
174747 1232.74781768
176168 1232.74781768
176513 5396.52854302
177344 5396.52854302
177722 5549.09325657
178543 5549.09325657
178950 830.596867974
180204 830.596867974
180687 2879.06625751
181649 2879.06625751
182099 17097.9516599
182909 17097.9516599
183334 6555.4991243
184140 6555.4991243
184308 6670.04255253
185664 6670.04255253
185837 14186.5135081
186924 14186.5135081
187311 7797.46544355
188714 7797.46544355
189118 6560.19806337
190064 6560.19806337
190220 5196.03805265
190733 5196.03805265
190895 5050.48297775
191919 5050.48297775
192143 10715.862585
192884 10715.862585
193077 3011.58648257
194426 3011.58648257
194855 9196.06790977
195924 9196.06790977
196131 1674.22204056
196899 1674.22204056
197020 13306.5661713
198115 13306.5661713
198372 1964.6970311
198880 1964.6970311
199062 5542.56558389
199988 5542.56558389
200225 3789.91407746
200925 3789.91407746
201236 8792.27940788
202448 8792.27940788
202945 4636.61444651
203730 4636.61444651
203910 5081.55357131
204670 5081.55357131
205083 276.491311651
205624 276.491311651
205866 4033.14103193
207218 4033.14103193
207563 12528.5874191
208153 12528.5874191
208451 5740.95914815
209017 5740.95914815
209454 8415.96559606
210387 8415.96559606
210622 5636.79644408
211966 5636.79644408
212465 1762.47383409
213141 1762.47383409
213344 9420.30052915
214321 9420.30052915
214681 2549.34917758
215330 2549.34917758
215598 3669.07943953
216920 3669.07943953
217080 6024.84010017
217924 6024.84010017
218129 20022.8933206
219350 20022.8933206
219755 11825.3839319
220759 11825.3839319
221088 6495.24148834
222006 6495.24148834
222163 7520.84216012
222989 7520.84216012
223404 5410.25455747
223937 5410.25455747
224085 4599.07301471
225388 4599.07301471
225738 4585.139641
226502 4585.139641
226677 19467.302373
227200 19467.302373
227321 8157.41809475
228422 8157.41809475
228640 2811.37446382
229559 2811.37446382
229819 5937.04724543
230765 5937.04724543
230990 2.55068304229
231674 2.55068304229
231864 3756.74597809
232491 3756.74597809
232730 889.294206558
233789 889.294206558
234211 6940.96033728
235275 6940.96033728
235650 15004.7588903
236741 15004.7588903
237097 604.097372393
237767 604.097372393
238085 11719.389158
238768 11719.389158
239100 1351.20101461
239676 1351.20101461
239898 5643.02901006
240915 5643.02901006
241317 12993.2412286
242201 12993.2412286
242654 1771.02758145
243728 1771.02758145
244058 5102.67650438
245081 5102.67650438
245488 3679.08912213
246180 3679.08912213
246435 1141.21169997
246993 1141.21169997
247302 4528.12520199
248146 4528.12520199
248522 9378.84447618
249560 9378.84447618
250047 6035.06692667
250879 6035.06692667
251378 1840.16468659
252284 1840.16468659
252622 1896.77846498
253239 1896.77846498
253396 8446.21508178
254785 8446.21508178
255241 4709.11663725
256698 4709.11663725
257042 1770.54941459
257890 1770.54941459
258118 14472.4797337
259556 14472.4797337
259687 13658.1158974
260624 13658.1158974
261038 5934.32849403
261967 5934.32849403
262107 10314.8792552
263177 10314.8792552
263600 1530.43225997
264696 1530.43225997
265025 13296.3343843
266333 13296.3343843
266597 4930.28581192
267544 4930.28581192
267666 8498.72527989
269077 8498.72527989
269366 3263.35325046
270722 3263.35325046
271005 1426.89400602
271508 1426.89400602
271777 12214.2139543
272469 12214.2139543
272628 7206.35345059
274044 7206.35345059
274202 15874.4744217
275315 15874.4744217
275468 1997.85987216
276355 1997.85987216
276741 3744.86427836
277660 3744.86427836
277854 6137.95573522
278371 6137.95573522
278612 10326.3219381
279431 10326.3219381
279744 4638.22384732
281112 4638.22384732
281465 14995.5425176
282234 14995.5425176
282351 11255.9962075
283444 11255.9962075
283570 10413.6941731
284795 10413.6941731
285294 14860.3224896
286433 14860.3224896
286694 12858.9093598
287673 12858.9093598
