0 5961.33417468
1017 5961.33417468
1119 6141.55992905
2268 6141.55992905
2617 5104.72295011
3811 5104.72295011
4077 3868.04571016
5116 3868.04571016
5501 5831.0378401
6359 5831.0378401
6817 2151.75518116
7626 2151.75518116
7769 7915.65784778
8942 7915.65784778
9212 6719.36990784
10605 6719.36990784
11097 5063.2059977
12211 5063.2059977
12372 1297.75842201
13009 1297.75842201
13270 5458.16029659
14638 5458.16029659
15135 504.843145903
15674 504.843145903
16145 3559.23063599
17012 3559.23063599
17341 3633.25093662
18227 3633.25093662
18616 8888.15257526
19413 8888.15257526
19726 8502.80971461
20305 8502.80971461
20595 1784.59045994
21907 1784.59045994
22308 3838.2101796
22812 3838.2101796
23150 4112.0986667
23942 4112.0986667
24293 12727.7429917
25392 12727.7429917
25757 4424.6407666
26952 4424.6407666
27053 4775.77739833
27622 4775.77739833
28023 1722.91185082
29482 1722.91185082
29858 4307.99168238
31248 4307.99168238
31392 8876.76323269
32021 8876.76323269
32486 3007.65392254
33767 3007.65392254
34010 4672.00562778
35154 4672.00562778
35643 1205.7124294
36356 1205.7124294
36703 16.874449702
37918 16.874449702
38151 1781.57742776
38830 1781.57742776
39058 15959.8749095
40108 15959.8749095
40333 592.865129965
41051 592.865129965
41414 544.164496166
42411 544.164496166
42674 8975.36851802
43321 8975.36851802
43486 2495.80357186
44021 2495.80357186
44459 4939.52497845
45008 4939.52497845
45132 3304.16008552
46133 3304.16008552
46366 6770.38394043
47378 6770.38394043
47793 1694.72764741
48623 1694.72764741
48777 3208.19496939
50267 3208.19496939
50371 3748.78160262
51174 3748.78160262
51431 1595.79510406
52640 1595.79510406
53120 10549.6798702
53937 10549.6798702
54372 6979.50496099
54943 6979.50496099
55120 10638.1780974
56237 10638.1780974
56372 11307.5236898
57058 11307.5236898
57497 9443.56352439
58388 9443.56352439
58827 1219.73950208
60278 1219.73950208
60716 6414.6215942
62019 6414.6215942
62422 8230.82001374
63221 8230.82001374
63433 1929.74677688
64023 1929.74677688
64259 5497.08375681
65339 5497.08375681
65821 180.454739628
66525 180.454739628
66676 3793.48481278
67416 3793.48481278
67912 3689.24672321
69159 3689.24672321
69608 351.094069915
70338 351.094069915
70678 7395.82165118
71353 7395.82165118
71526 8917.58765465
72208 8917.58765465
72353 3727.67034549
73581 3727.67034549
73777 1765.23807614
74597 1765.23807614
74810 2414.61333227
75681 2414.61333227
75893 4442.24048443
76955 4442.24048443
77447 5649.3721156
78401 5649.3721156
78533 3112.42945138
79883 3112.42945138
80232 861.716740447
81707 861.716740447
81864 2471.93959044
83037 2471.93959044
83164 3886.27488268
84626 3886.27488268
85110 7019.68800489
86033 7019.68800489
86493 3713.97051786
87334 3713.97051786
87587 2876.11692756
88393 2876.11692756
88606 1534.75883698
90062 1534.75883698
90210 4262.05052781
91706 4262.05052781
91875 10156.2165841
93372 10156.2165841
93489 8190.80315955
94756 8190.80315955
94999 3842.12975692
96463 3842.12975692
96819 4619.39584782
97734 4619.39584782
97888 7625.80593828
99130 7625.80593828
99483 1689.29454816
100601 1689.29454816
100966 5975.95378436
101916 5975.95378436
102016 9338.67533674
103338 9338.67533674
103775 4378.20714033
104846 4378.20714033
105059 4005.18967039
106203 4005.18967039
106407 705.277198924
107506 705.277198924
107968 2898.82046362
109267 2898.82046362
109476 1207.36841399
110917 1207.36841399
111354 2510.226254
112735 2510.226254
113170 7828.51613102
113740 7828.51613102
114231 2897.63501709
115716 2897.63501709
115892 5258.0940741
116872 5258.0940741
117304 10918.3626062
118143 10918.3626062
118276 6872.70191176
119366 6872.70191176
119564 1859.16381943
120977 1859.16381943
121228 1827.63832788
121872 1827.63832788
122100 4919.93786717
122950 4919.93786717
123437 7873.13942242
124143 7873.13942242
124482 10152.3067527
125192 10152.3067527
125512 2436.82965456
126531 2436.82965456
126799 3464.37010137
127466 3464.37010137
127583 3397.87237568
128822 3397.87237568
128989 573.736676625
130134 573.736676625
130400 919.802323913
131507 919.802323913
131997 2452.45245671
132849 2452.45245671
133236 592.031022325
134600 592.031022325
134972 534.071556569
136043 534.071556569
136152 851.569920961
137139 851.569920961
137244 1276.34141273
138471 1276.34141273
138674 4840.51959701
139867 4840.51959701
140111 8153.525706
141489 8153.525706
141867 4928.01859375
143178 4928.01859375
143280 511.081452519
144380 511.081452519
144685 2613.74464523
145274 2613.74464523
145667 11058.2965325
146933 11058.2965325
147196 2691.02046298
148393 2691.02046298
148587 3307.40079251
149333 3307.40079251
149670 1875.32067584
150993 1875.32067584
151388 3537.4366504
152509 3537.4366504
152988 11780.9884281
153768 11780.9884281
153898 5181.62939129
154723 5181.62939129
154868 3145.24686891
155610 3145.24686891
155789 7076.98976531
156541 7076.98976531
156795 4123.96266289
158154 4123.96266289
158491 2626.44360282
159437 2626.44360282
159633 4287.04302034
160510 4287.04302034
160879 1509.11918204
162049 1509.11918204
162515 2736.8756863
163064 2736.8756863
163183 1559.12686685
164459 1559.12686685
164837 4312.0627571
165566 4312.0627571
166021 5429.4927658
167102 5429.4927658
167580 5657.87884552
168126 5657.87884552
168350 926.614576799
168922 926.614576799
169024 12696.9256296
169892 12696.9256296
170224 2188.08149233
171142 2188.08149233
171404 3270.74093197
172371 3270.74093197
172728 4330.25781922
173835 4330.25781922
174125 760.808905063
174630 760.808905063
174984 2592.82533377
175870 2592.82533377
176204 5791.08366912
176918 5791.08366912
177134 5867.59895391
178491 5867.59895391
178963 3337.93780047
179850 3337.93780047
180145 952.805365052
181013 952.805365052
181279 6073.49397057
181950 6073.49397057
182120 1708.21752475
183054 1708.21752475
183425 371.515388613
184258 371.515388613
184582 6070.40713427
185468 6070.40713427
185893 8951.94892223
187285 8951.94892223
187722 5587.12000495
188892 5587.12000495
189283 11766.155698
190470 11766.155698
190573 5221.72800145
191888 5221.72800145
192105 1936.30579986
193213 1936.30579986
193582 6368.20660426
194907 6368.20660426
195256 6891.68685217
196492 6891.68685217
196770 10982.8340406
198092 10982.8340406
198289 7921.18079548
199440 7921.18079548
199930 7335.68686602
200911 7335.68686602
201046 2624.22534082
202447 2624.22534082
202654 7438.44902754
203602 7438.44902754
203855 5829.07280092
205232 5829.07280092
205597 6250.53496659
206655 6250.53496659
206966 1562.37912785
208381 1562.37912785
208778 4481.2064706
209673 4481.2064706
209888 2349.83362859
211021 2349.83362859
211242 3952.44014608
211791 3952.44014608
211896 7399.27181951
213200 7399.27181951
213513 7893.37308928
214932 7893.37308928
215381 1565.58127198
216680 1565.58127198
217134 3057.06241581
218359 3057.06241581
218811 5407.55916499
219606 5407.55916499
219946 1436.44655681
220585 1436.44655681
220994 907.31111858
221634 907.31111858
221897 4589.2998689
223115 4589.2998689
223596 3780.47755549
224724 3780.47755549
225085 4195.03651805
226314 4195.03651805
226631 2845.0713292
227273 2845.0713292
227726 242.015052776
228643 242.015052776
229010 1003.03261975
230073 1003.03261975
230355 128.5815636
231073 128.5815636
231198 8907.10723809
232103 8907.10723809
232564 6402.97385989
233687 6402.97385989
233896 5300.47390825
234674 5300.47390825
234952 844.016151146
235732 844.016151146
236120 3004.92345053
236977 3004.92345053
237290 672.402986126
238305 672.402986126
238512 4145.31375745
239363 4145.31375745
239608 677.239861926
240614 677.239861926
240725 5287.50310811
242146 5287.50310811
242413 5349.9735324
243194 5349.9735324
243603 2175.44011255
244119 2175.44011255
244246 7928.85616189
244841 7928.85616189
244958 8005.77468491
246224 8005.77468491
246503 1320.22671633
247276 1320.22671633
247636 3758.4666541
248494 3758.4666541
248786 5756.99833828
249616 5756.99833828
249978 261.511116786
250594 261.511116786
251009 1925.71394551
252208 1925.71394551
252385 8088.55457571
253295 8088.55457571
253602 5552.59119218
254275 5552.59119218
254750 4924.64141795
256168 4924.64141795
256501 8196.56905909
257100 8196.56905909
257339 967.263074072
257953 967.263074072
258277 490.505497991
259699 490.505497991
260159 13144.1725251
260791 13144.1725251
260918 4701.29982114
261712 4701.29982114
