0 3708.87792481
644 3708.87792481
804 1733.17698806
1877 1733.17698806
2364 822.210606703
3301 822.210606703
3698 1917.4600223
4397 1917.4600223
4605 7138.83064234
5162 7138.83064234
5644 762.622478535
7056 762.622478535
7547 4705.41958914
8382 4705.41958914
8501 9916.53124186
9644 9916.53124186
10064 1755.81943124
11169 1755.81943124
11652 7431.83900264
12318 7431.83900264
12591 8606.15117366
14057 8606.15117366
14527 2064.26243711
15675 2064.26243711
15781 2400.9396981
16984 2400.9396981
17248 816.083726452
18623 816.083726452
18736 2323.87650615
20168 2323.87650615
20602 3449.80479651
21180 3449.80479651
21466 1546.42564239
22545 1546.42564239
22752 3621.80633538
23688 3621.80633538
23911 4194.51379707
25254 4194.51379707
25630 3306.27812572
26469 3306.27812572
26658 11532.7122617
27548 11532.7122617
27870 678.159260387
28425 678.159260387
28712 3752.97050479
29254 3752.97050479
29477 7924.09959609
30676 7924.09959609
31105 1594.64205525
31685 1594.64205525
31820 3618.88082364
32514 3618.88082364
32772 962.260055545
34185 962.260055545
34285 4707.19537231
35548 4707.19537231
36041 13250.7240948
37102 13250.7240948
37354 8354.75080022
37930 8354.75080022
38235 10193.9460643
38969 10193.9460643
39280 1457.2446586
40313 1457.2446586
40418 1215.42424087
41100 1215.42424087
41484 3341.20409709
42524 3341.20409709
42902 7045.06998696
44065 7045.06998696
44562 3160.61078728
45839 3160.61078728
46290 10503.3186584
46977 10503.3186584
47191 868.422374906
48314 868.422374906
48414 11675.3200525
49176 11675.3200525
49573 1804.26886407
50390 1804.26886407
50692 4394.70597097
51923 4394.70597097
52148 12383.3763174
52895 12383.3763174
53176 2555.54738312
54579 2555.54738312
54899 4391.87533643
56280 4391.87533643
56588 7525.97998952
57204 7525.97998952
57336 10860.967366
58553 10860.967366
58934 5999.71280147
60075 5999.71280147
60423 794.502713611
61608 794.502713611
61797 5932.86743122
62799 5932.86743122
63189 3008.07471632
63982 3008.07471632
64149 5015.95642845
65210 5015.95642845
65494 5298.96186521
66590 5298.96186521
66841 12051.2753638
67870 12051.2753638
68033 791.45210831
69023 791.45210831
69242 2068.80718169
69951 2068.80718169
70307 7633.25903488
71134 7633.25903488
71270 3733.20182373
71983 3733.20182373
72409 1563.85681905
73096 1563.85681905
73391 6337.50018194
73928 6337.50018194
74129 6843.32277039
75370 6843.32277039
75682 8533.77763132
77001 8533.77763132
77432 6956.7605559
78609 6956.7605559
78730 10023.6986549
79757 10023.6986549
80249 6079.20191279
80831 6079.20191279
81134 4796.35600283
81898 4796.35600283
82226 9839.26423764
82799 9839.26423764
83089 2110.26014163
84330 2110.26014163
84705 5113.10627023
85632 5113.10627023
85842 10961.2696375
86555 10961.2696375
86768 6527.40512357
87643 6527.40512357
87834 1935.24860341
88428 1935.24860341
88579 811.938075225
89687 811.938075225
89894 10957.2232285
90780 10957.2232285
91195 1367.34487479
92411 1367.34487479
92813 1200.02920009
93685 1200.02920009
93790 1667.50074654
94520 1667.50074654
94903 9683.85687191
96204 9683.85687191
96590 2041.74639712
97999 2041.74639712
98246 9870.85321183
99652 9870.85321183
99788 2604.1506751
100532 2604.1506751
100769 8936.52629812
101554 8936.52629812
101794 865.370630036
103263 865.370630036
103448 2800.3886913
104307 2800.3886913
104589 11175.3116679
105478 11175.3116679
105579 4840.07182563
106246 4840.07182563
106489 6212.21213621
107507 6212.21213621
107885 6744.93142782
108395 6744.93142782
108788 183.741342733
110132 183.741342733
110481 860.102171105
111413 860.102171105
111514 6104.3206825
112855 6104.3206825
113028 875.047792073
114102 875.047792073
114496 6418.38672787
115520 6418.38672787
115717 1121.43302041
117209 1121.43302041
117481 12621.6576769
118192 12621.6576769
118599 20.6928334823
119245 20.6928334823
119665 2665.12542833
120563 2665.12542833
121054 6409.40084923
121837 6409.40084923
121967 3556.97123981
123168 3556.97123981
123333 8443.51032166
123945 8443.51032166
124396 2401.52197118
125063 2401.52197118
125407 5629.78653018
125958 5629.78653018
126228 746.018616018
127365 746.018616018
127505 10217.0482553
129001 10217.0482553
129462 10337.1971287
130528 10337.1971287
130654 9203.174696
131530 9203.174696
131807 10151.3834899
132729 10151.3834899
133112 4241.46756486
133843 4241.46756486
134145 1358.3306731
135143 1358.3306731
135372 4315.62869003
135893 4315.62869003
136007 6222.80279626
136577 6222.80279626
137046 9235.57800502
137559 9235.57800502
137661 4372.16618694
138923 4372.16618694
139147 3686.74879991
139710 3686.74879991
140140 3939.19903392
141578 3939.19903392
141939 2356.13025978
142922 2356.13025978
143172 219.947716643
144582 219.947716643
144827 82.1988495357
146222 82.1988495357
146706 5040.72040731
147831 5040.72040731
148118 1255.0925058
149204 1255.0925058
149385 1866.0034709
150595 1866.0034709
151015 3774.22537956
151572 3774.22537956
151802 4826.13990778
153033 4826.13990778
153527 4790.2406185
154507 4790.2406185
154813 3272.45789446
155616 3272.45789446
155981 1040.61605716
157193 1040.61605716
157608 6707.05252758
158510 6707.05252758
158628 1902.34759294
159158 1902.34759294
159298 3058.35929043
160602 3058.35929043
160828 4145.55073449
161873 4145.55073449
162211 1392.36870775
163260 1392.36870775
163363 1251.25919954
164536 1251.25919954
164967 6151.19506002
165580 6151.19506002
165927 830.31360459
166929 830.31360459
167412 5038.19769673
167967 5038.19769673
168161 12101.7248635
169513 12101.7248635
169645 6030.8562031
170449 6030.8562031
170767 2017.15447321
171827 2017.15447321
172137 40.9139917816
173014 40.9139917816
173455 8563.70865727
173972 8563.70865727
174214 5210.16797209
174877 5210.16797209
175050 1211.70425306
175842 1211.70425306
176310 11443.8919376
176852 11443.8919376
177074 1289.94624558
177703 1289.94624558
177989 872.568566235
179457 872.568566235
179680 6501.34364167
180837 6501.34364167
181217 6005.83082026
182628 6005.83082026
182839 2651.9794292
183961 2651.9794292
184082 5030.20551804
184789 5030.20551804
185032 823.055916403
185976 823.055916403
186280 3640.12402219
187248 3640.12402219
187686 2829.30077492
188223 2829.30077492
188532 167.474802321
189746 167.474802321
189988 1402.55811012
191167 1402.55811012
191394 7538.55513213
192282 7538.55513213
192578 15661.3944517
193793 15661.3944517
194129 2979.62694144
195503 2979.62694144
195789 3866.19906586
196834 3866.19906586
196949 1515.00632092
197791 1515.00632092
198239 9352.68280219
198997 9352.68280219
199360 3003.39329109
200011 3003.39329109
200478 1180.00656358
201720 1180.00656358
201924 4894.56797623
202512 4894.56797623
202825 422.284129698
204322 422.284129698
204720 8175.10594778
205961 8175.10594778
206190 6234.69276051
207431 6234.69276051
207644 807.158936675
208307 807.158936675
208465 783.698037555
209127 783.698037555
209567 550.020048648
211042 550.020048648
211231 6209.27538786
212645 6209.27538786
213008 3129.21707485
214114 3129.21707485
214439 4349.19636754
215655 4349.19636754
216109 3248.8718664
217181 3248.8718664
217495 14929.6861497
218139 14929.6861497
218430 3451.00245478
219474 3451.00245478
219733 7507.99343577
220267 7507.99343577
220732 6771.51821986
221381 6771.51821986
221520 413.259428894
222666 413.259428894
222950 6382.73050333
223528 6382.73050333
223764 7548.04436625
224374 7548.04436625
224638 9153.86070655
225917 9153.86070655
226312 9313.51838515
227354 9313.51838515
227744 2343.80286238
229019 2343.80286238
229171 4621.94675238
230094 4621.94675238
230330 6980.60077278
231383 6980.60077278
231572 6264.31368557
233019 6264.31368557
233480 3397.13197926
234417 3397.13197926
234795 11601.6612693
235874 11601.6612693
236321 3113.96145736
237799 3113.96145736
237962 3705.97045321
238933 3705.97045321
239311 2788.19055985
240346 2788.19055985
240626 8349.50559783
241859 8349.50559783
242213 1075.58792608
243692 1075.58792608
243932 6.9304098474
244756 6.9304098474
244862 7430.91257283
245831 7430.91257283
246050 4699.6231471
247374 4699.6231471
247512 996.358211279
248968 996.358211279
249330 1811.90296195
250826 1811.90296195
250965 4869.13980635
252344 4869.13980635
252805 4325.53102666
254119 4325.53102666
254258 5058.46605452
255634 5058.46605452
255959 8122.60233244
257420 8122.60233244
257729 2609.55701374
258937 2609.55701374
259133 7061.29386852
260359 7061.29386852
260494 5130.05741161
261634 5130.05741161
261807 9090.14461392
262728 9090.14461392
263218 7913.04669194
264105 7913.04669194
264575 2024.69980357
265365 2024.69980357
265682 6022.51427002
266469 6022.51427002
266766 7169.75388159
268141 7169.75388159
268385 5142.28590221
269167 5142.28590221
269284 6705.36914672
270179 6705.36914672
270418 45.4244581844
271273 45.4244581844
271455 10065.1918114
272293 10065.1918114
272479 1754.73348771
273184 1754.73348771
273288 1327.89761252
274028 1327.89761252
274511 7850.96126013
275204 7850.96126013
275642 8451.15743069
276477 8451.15743069
