0 7384.83264362
726 7384.83264362
909 4963.33947745
1573 4963.33947745
1884 4948.90648364
2902 4948.90648364
3357 8179.2725257
4439 8179.2725257
4640 2265.40294647
5399 2265.40294647
5814 3639.15786566
7074 3639.15786566
7296 5227.60570696
8058 5227.60570696
8248 3175.02385096
9190 3175.02385096
9554 9539.80178471
10732 9539.80178471
11029 2457.71963529
11931 2457.71963529
12192 2051.34903795
13590 2051.34903795
13913 3783.88859822
14463 3783.88859822
14656 6540.85825416
16069 6540.85825416
16283 2261.88732843
17028 2261.88732843
17407 9369.5540615
18646 9369.5540615
18983 4118.33205391
20071 4118.33205391
20274 1108.7431563
21187 1108.7431563
21357 2903.37376901
22077 2903.37376901
22235 8512.1463135
23318 8512.1463135
23806 750.023907793
25173 750.023907793
25468 7116.26163433
26936 7116.26163433
27144 7082.55655677
28326 7082.55655677
28589 3982.68978032
29771 3982.68978032
30105 3742.53381088
30832 3742.53381088
31227 6155.8000662
31803 6155.8000662
32296 7720.76859197
33349 7720.76859197
33653 871.962893928
34746 871.962893928
35126 3427.44334715
35845 3427.44334715
36162 7789.94957583
37201 7789.94957583
37340 11828.1005267
38055 11828.1005267
38418 4715.19508688
39376 4715.19508688
39697 4412.41373058
40903 4412.41373058
41120 4004.19163605
41887 4004.19163605
42193 4857.7038909
43455 4857.7038909
43938 5355.57160181
44931 5355.57160181
45045 4750.03370253
46035 4750.03370253
46136 3130.63952654
47125 3130.63952654
47370 1124.82954926
48690 1124.82954926
49049 6224.88144532
49951 6224.88144532
50349 3705.46219548
51443 3705.46219548
51652 6703.02791515
52732 6703.02791515
52949 3267.55293841
54130 3267.55293841
54490 5621.10366628
55521 5621.10366628
55891 4090.87920895
57284 4090.87920895
57485 9450.29989392
58764 9450.29989392
59134 7033.22908191
59918 7033.22908191
60318 4365.85115532
61466 4365.85115532
61763 6380.84453925
63222 6380.84453925
63649 2844.35768441
64305 2844.35768441
64569 2475.40474202
65200 2475.40474202
65639 4781.10273494
66512 4781.10273494
66658 1663.78159232
67518 1663.78159232
67988 6808.73768055
69047 6808.73768055
69244 4596.07431904
69943 4596.07431904
70217 276.930595346
70794 276.930595346
70921 3494.97872788
72092 3494.97872788
72500 2541.40061121
73085 2541.40061121
73232 1109.08521657
74652 1109.08521657
74850 2821.25652552
75761 2821.25652552
75893 8184.95179671
77058 8184.95179671
77183 4112.86992672
78267 4112.86992672
78761 459.455644318
79989 459.455644318
80178 4189.71989601
81432 4189.71989601
81750 5597.13066932
83113 5597.13066932
83245 781.73694685
84731 781.73694685
85205 2647.56085057
86509 2647.56085057
86972 2886.17141565
88048 2886.17141565
88517 3138.38355738
89978 3138.38355738
90152 3163.52320069
90713 3163.52320069
91209 5218.0752603
91816 5218.0752603
92188 5437.37501525
93077 5437.37501525
93569 3669.42036452
94689 3669.42036452
95064 8380.8196036
95936 8380.8196036
96094 7813.46595049
96663 7813.46595049
96792 1245.64414995
97585 1245.64414995
97859 8438.09730029
98813 8438.09730029
98964 3133.89942895
99851 3133.89942895
100223 1313.93155421
101431 1313.93155421
101609 5790.32277505
102714 5790.32277505
102973 5083.14445426
103664 5083.14445426
103849 596.72840363
104510 596.72840363
104698 708.908574832
105339 708.908574832
105675 4087.28647345
106798 4087.28647345
106923 3439.51158146
108335 3439.51158146
108528 381.915568771
109788 381.915568771
109904 1175.19515291
111065 1175.19515291
111496 733.061858483
112910 733.061858483
113125 1969.00750577
114320 1969.00750577
114496 3298.30321749
115475 3298.30321749
115809 7276.56136297
116797 7276.56136297
117229 3045.02295136
118190 3045.02295136
118430 1271.4491835
119393 1271.4491835
119732 6859.59093343
120887 6859.59093343
121288 2905.67472998
122079 2905.67472998
122524 3479.22105464
123771 3479.22105464
124149 7851.93004258
124866 7851.93004258
125030 1834.03280565
126119 1834.03280565
126481 9146.29139363
127911 9146.29139363
128092 1216.03397856
128894 1216.03397856
129370 1530.59624573
130186 1530.59624573
130334 508.800051756
131796 508.800051756
132141 9295.05807648
132687 9295.05807648
133003 2889.47993961
134364 2889.47993961
134778 3853.2655726
136252 3853.2655726
136440 479.097327089
137171 479.097327089
137597 2477.89657792
138847 2477.89657792
139063 3012.42925764
140500 3012.42925764
140684 9329.63291305
142135 9329.63291305
142449 3958.0774674
143759 3958.0774674
144042 1066.10659159
145459 1066.10659159
145874 6999.59006071
146979 6999.59006071
147161 5213.34681722
147743 5213.34681722
148004 442.487966712
149413 442.487966712
149674 1799.60790942
150571 1799.60790942
150955 6164.14707764
151520 6164.14707764
151796 7366.43625005
152513 7366.43625005
152846 6270.19304522
153979 6270.19304522
154305 3279.0822742
155340 3279.0822742
155658 762.154325375
156478 762.154325375
156781 3307.18159812
158018 3307.18159812
158253 1653.89996731
159608 1653.89996731
159906 1920.02788902
161396 1920.02788902
161832 3235.94374528
162713 3235.94374528
162846 3742.43537912
164280 3742.43537912
164658 2935.43166218
165690 2935.43166218
166185 1629.66834136
167567 1629.66834136
167850 2071.02255712
168852 2071.02255712
169195 3640.02293222
169916 3640.02293222
170280 5035.91525199
170871 5035.91525199
171318 5947.48292569
172372 5947.48292569
172480 4890.95245331
173871 4890.95245331
174313 3435.41453698
175467 3435.41453698
175705 6847.84047975
176772 6847.84047975
176930 2845.86391378
177729 2845.86391378
178025 4233.68061063
179408 4233.68061063
179799 5093.79537034
180467 5093.79537034
180750 3056.26350673
181639 3056.26350673
182010 4982.5842122
183082 4982.5842122
183394 3392.45627019
184025 3392.45627019
184474 7836.96376128
185649 7836.96376128
186020 2027.76361125
187045 2027.76361125
187512 1440.56168016
188155 1440.56168016
188612 6054.73597064
189452 6054.73597064
189870 5576.77991644
191138 5576.77991644
191462 3124.02719659
192811 3124.02719659
192928 2781.07409237
193460 2781.07409237
193604 3237.87502646
194408 3237.87502646
194519 4225.55934514
195250 4225.55934514
195362 8443.05963155
196066 8443.05963155
196317 8584.80498853
196905 8584.80498853
197052 6301.42982439
197626 6301.42982439
197913 7095.82056226
198741 7095.82056226
198874 4043.50346772
199661 4043.50346772
199826 4891.13616659
200509 4891.13616659
200897 9296.28951932
201705 9296.28951932
201831 6177.03534862
202866 6177.03534862
202982 7029.12134593
204395 7029.12134593
204693 5569.91962383
205946 5569.91962383
206071 7799.20102203
207551 7799.20102203
207908 6778.73350991
208777 6778.73350991
208998 11272.0424824
209941 11272.0424824
210344 2681.11284766
211749 2681.11284766
212043 1382.00647599
212929 1382.00647599
213337 5661.74186527
214082 5661.74186527
214460 7431.7216196
215047 7431.7216196
215253 3336.63645391
216110 3336.63645391
216319 13131.9770354
216856 13131.9770354
217339 5025.1898398
218682 5025.1898398
219044 4480.30078705
220463 4480.30078705
220699 2246.80128645
222078 2246.80128645
222437 5528.182499
223265 5528.182499
223443 2199.87585905
224347 2199.87585905
224630 4340.98472936
226010 4340.98472936
226233 3590.20456905
227173 3590.20456905
227533 3532.1386021
228507 3532.1386021
228776 717.383871088
229457 717.383871088
229565 4621.29659998
230758 4621.29659998
231217 6243.93507661
231845 6243.93507661
232084 3890.52131224
233217 3890.52131224
233512 406.361226806
234778 406.361226806
235195 10083.9594467
236611 10083.9594467
236927 7385.6162531
238307 7385.6162531
238747 2105.01951805
239445 2105.01951805
239854 3679.05264302
241100 3679.05264302
241312 4293.12641772
242486 4293.12641772
242780 4671.38122151
243986 4671.38122151
244137 4761.12142212
245320 4761.12142212
245575 4182.39319187
246725 4182.39319187
247159 989.494328394
247709 989.494328394
247981 2696.8927345
248729 2696.8927345
248889 5196.73083241
249923 5196.73083241
250097 8821.14337972
251369 8821.14337972
251574 6063.03320383
252989 6063.03320383
253145 2287.98906011
254348 2287.98906011
254805 7597.20445173
256115 7597.20445173
256334 1023.14742914
257102 1023.14742914
257401 5205.85216985
258522 5205.85216985
258793 3018.10807185
260081 3018.10807185
