0 4522.78665637
927 4522.78665637
1034 669.154670637
2061 669.154670637
2307 1367.92889138
3117 1367.92889138
3401 1953.62436012
4090 1953.62436012
4504 1769.71188853
5657 1769.71188853
5828 5231.39119518
6789 5231.39119518
7198 8962.52132292
7702 8962.52132292
8021 420.707593295
8878 420.707593295
9250 208.064712794
9788 208.064712794
10128 13675.7436934
11336 13675.7436934
11536 6341.13984307
12055 6341.13984307
12473 4109.11481723
13395 4109.11481723
13864 3273.02197615
14508 3273.02197615
14644 2564.43400107
15406 2564.43400107
15648 114.360901411
16175 114.360901411
16544 647.198457374
17701 647.198457374
17898 3433.54192957
19347 3433.54192957
19616 7795.34341656
20292 7795.34341656
20747 10436.1558785
21465 10436.1558785
21773 9926.73476219
22657 9926.73476219
22933 1339.7941172
24083 1339.7941172
24256 1546.28527462
24769 1546.28527462
25204 4560.38583881
26667 4560.38583881
27127 8088.94794816
27783 8088.94794816
27887 1294.75955105
28869 1294.75955105
29320 14764.7104479
30232 14764.7104479
30569 4833.21803552
31272 4833.21803552
31445 188.804040678
32024 188.804040678
32247 1365.71692264
33714 1365.71692264
33817 4832.97976397
34373 4832.97976397
34692 4645.78504207
35277 4645.78504207
35410 3871.14057814
36841 3871.14057814
37298 6037.77084306
38540 6037.77084306
38938 539.780147709
39726 539.780147709
39963 9874.68429736
41435 9874.68429736
41673 337.066401881
42834 337.066401881
43247 1986.81350469
44474 1986.81350469
44759 902.615520921
45271 902.615520921
45740 2313.19099076
46860 2313.19099076
47152 2528.20511687
47949 2528.20511687
48120 2656.07991737
48801 2656.07991737
49121 4533.94778637
50423 4533.94778637
50848 567.143180088
51586 567.143180088
51885 5027.51103485
52894 5027.51103485
53246 1256.71631893
54517 1256.71631893
54806 571.577439997
55844 571.577439997
56199 2765.42982515
57394 2765.42982515
57548 644.029845687
58096 644.029845687
58218 950.75970668
58945 950.75970668
59088 3322.13661933
59761 3322.13661933
60105 163.343845702
61489 163.343845702
61914 1682.6161877
62489 1682.6161877
62674 2822.20151615
63936 2822.20151615
64429 2194.37440512
65905 2194.37440512
66180 7103.04971464
66788 7103.04971464
67108 1395.18920163
67872 1395.18920163
68370 9954.68923129
68954 9954.68923129
69212 1271.90485917
69914 1271.90485917
70037 1440.69811233
70783 1440.69811233
71135 1506.70699342
71913 1506.70699342
72343 13494.7092143
73465 13494.7092143
73860 490.948774807
75168 490.948774807
75665 1005.79021097
76252 1005.79021097
76391 7512.26821547
77680 7512.26821547
78051 2220.8967184
79516 2220.8967184
79710 491.359384113
80421 491.359384113
80672 1255.87783726
81742 1255.87783726
81985 6661.15270096
83322 6661.15270096
83805 871.848948961
84647 871.848948961
85112 7761.90598747
85718 7761.90598747
86012 9128.14957132
86970 9128.14957132
87373 4810.58381438
88024 4810.58381438
88455 1129.36529072
89270 1129.36529072
89393 3337.39087598
90738 3337.39087598
90960 5940.88021085
92378 5940.88021085
92486 946.165925602
93111 946.165925602
93322 8932.61326658
94535 8932.61326658
95008 1886.46919239
95791 1886.46919239
95920 656.086639083
97114 656.086639083
97488 5558.67749931
98867 5558.67749931
99343 10458.6745194
100665 10458.6745194
100773 3437.66469407
101275 3437.66469407
101486 2385.95333371
102582 2385.95333371
103040 7230.14859889
103640 7230.14859889
103856 1147.60672434
104989 1147.60672434
105142 1286.81452755
106608 1286.81452755
106856 4219.67170456
107719 4219.67170456
107997 7290.06888166
108658 7290.06888166
108911 15240.9406308
109840 15240.9406308
110082 4405.8003324
111060 4405.8003324
111317 686.42946741
112498 686.42946741
112758 5918.51443627
113509 5918.51443627
113737 2023.56114346
114630 2023.56114346
115068 1175.40661845
116295 1175.40661845
116788 10181.7268482
117758 10181.7268482
118103 1750.79876735
119000 1750.79876735
119193 2717.59853927
120550 2717.59853927
120908 5226.7604728
122072 5226.7604728
122466 1126.66067453
123271 1126.66067453
123396 5614.44244797
124122 5614.44244797
124458 1904.28399695
125135 1904.28399695
125472 4549.62628314
126468 4549.62628314
126881 4481.88936988
127522 4481.88936988
127673 2491.91780867
128691 2491.91780867
129152 11097.5674178
130047 11097.5674178
130443 5511.0742308
131658 5511.0742308
131805 12895.4511421
132719 12895.4511421
132884 7297.26062721
134138 7297.26062721
134413 7001.69673232
135894 7001.69673232
136354 8925.45904941
137124 8925.45904941
137361 6472.39131292
138602 6472.39131292
138881 2990.04098035
139415 2990.04098035
139834 4905.69335562
140498 4905.69335562
140854 2926.12109222
141775 2926.12109222
142116 4522.84460915
143606 4522.84460915
143831 4.61570475696
144989 4.61570475696
145476 2197.74021658
146724 2197.74021658
147125 124.789232812
147751 124.789232812
148067 16569.789646
149127 16569.789646
149510 2413.0522394
150634 2413.0522394
151133 1855.03170219
151633 1855.03170219
152083 3494.0795849
153524 3494.0795849
153739 8193.31178207
154927 8193.31178207
155300 3573.09687826
156482 3573.09687826
156704 5134.55928286
157871 5134.55928286
158200 1628.82877546
158839 1628.82877546
159285 9508.3886053
160751 9508.3886053
161182 3827.90739707
162557 3827.90739707
162711 1087.09747571
163945 1087.09747571
164242 2338.61706828
164753 2338.61706828
165033 5052.83244312
166510 5052.83244312
166903 1920.03627228
168350 1920.03627228
168781 2464.60154785
169537 2464.60154785
170000 306.176543303
170881 306.176543303
171324 1752.27514679
172738 1752.27514679
173168 498.468542723
174336 498.468542723
174485 1665.5953997
175222 1665.5953997
175715 2182.95745239
176789 2182.95745239
177182 1191.44968809
178254 1191.44968809
178379 1947.13079952
179110 1947.13079952
179573 5967.53618201
180346 5967.53618201
180473 5589.04349495
181705 5589.04349495
181825 4118.02609638
182757 4118.02609638
182967 1586.85200822
183841 1586.85200822
184101 4482.44969971
185241 4482.44969971
185407 2008.42692426
186472 2008.42692426
186770 307.194336589
187455 307.194336589
187642 8614.00884412
188768 8614.00884412
189249 1799.18438215
189845 1799.18438215
190308 1648.97540929
191398 1648.97540929
191728 5367.01799731
192903 5367.01799731
193054 3441.68715873
193582 3441.68715873
193726 459.014383426
194467 459.014383426
194621 4420.47441765
195540 4420.47441765
195717 12165.6193955
196378 12165.6193955
196553 1914.98481477
197331 1914.98481477
197690 479.880791714
199038 479.880791714
199286 16595.5613819
200502 16595.5613819
200643 349.894410653
202044 349.894410653
202449 4227.5065218
203932 4227.5065218
204288 9804.29410817
205225 9804.29410817
205445 607.891676233
206578 607.891676233
206721 7927.92885581
207548 7927.92885581
207661 4009.73743969
208449 4009.73743969
208804 4711.19355138
209454 4711.19355138
209834 2067.94126052
210757 2067.94126052
211104 4968.28733181
212164 4968.28733181
212326 4381.7433682
213153 4381.7433682
213483 1275.02384162
214438 1275.02384162
214733 1396.54770815
215294 1396.54770815
215455 5118.3094403
216495 5118.3094403
216771 2659.94089694
217974 2659.94089694
218350 4022.40915728
219197 4022.40915728
219454 1683.05423545
220064 1683.05423545
220359 3469.40545355
221823 3469.40545355
