0 3070.82076584
707 3070.82076584
938 5554.84131979
2218 5554.84131979
2359 9231.70065572
3122 9231.70065572
3307 5158.31416186
3842 5158.31416186
4304 7197.23566574
5647 7197.23566574
5920 779.021634229
7263 779.021634229
7375 1791.11764148
8835 1791.11764148
9281 10139.7686856
10591 10139.7686856
10847 2337.81037227
11382 2337.81037227
11824 10291.6882682
12393 10291.6882682
12774 5198.96519882
14098 5198.96519882
14385 171.057109976
15098 171.057109976
15461 1648.86842807
16108 1648.86842807
16425 4857.80253098
17175 4857.80253098
17313 6645.65703841
17970 6645.65703841
18343 10811.1344364
19673 10811.1344364
19875 4456.89098909
21168 4456.89098909
21345 1492.10201359
21983 1492.10201359
22190 4630.63523317
22690 4630.63523317
22871 3906.34684342
24071 3906.34684342
24462 7706.69202746
25111 7706.69202746
25515 5826.41035108
26700 5826.41035108
26990 5106.25284966
27760 5106.25284966
27982 2105.90325365
29472 2105.90325365
29783 2046.4414395
30756 2046.4414395
31225 5802.28032656
32630 5802.28032656
33120 1835.26954244
34478 1835.26954244
34951 9897.22028404
35839 9897.22028404
35969 54.0716381883
36473 54.0716381883
36794 5207.16438954
37863 5207.16438954
37968 2960.99987745
38695 2960.99987745
39040 8281.21515089
40003 8281.21515089
40195 4998.29275975
40910 4998.29275975
41163 805.15329751
41902 805.15329751
42249 1514.56344492
43481 1514.56344492
43728 6571.16354683
44407 6571.16354683
44812 5404.14201672
45810 5404.14201672
46098 2066.86917616
47341 2066.86917616
47684 1737.26350071
48954 1737.26350071
49083 8047.61029181
50247 8047.61029181
50719 3623.57835434
51956 3623.57835434
52218 2066.06416908
52718 2066.06416908
52938 498.009222291
53840 498.009222291
54083 5792.91349815
55089 5792.91349815
55530 9916.84030376
56169 9916.84030376
56394 3110.43326096
57207 3110.43326096
57701 4696.26274495
58960 4696.26274495
59389 15095.0401902
60584 15095.0401902
60791 6317.62399462
61999 6317.62399462
62495 6004.41507116
63427 6004.41507116
63862 997.072619034
65267 997.072619034
65675 7462.41948436
66959 7462.41948436
67062 6282.95597962
68118 6282.95597962
68571 4069.48898564
69646 4069.48898564
70004 7805.79130028
71302 7805.79130028
71714 6541.75242327
72899 6541.75242327
73188 7387.41812224
74292 7387.41812224
74466 9477.84434878
75082 9477.84434878
75442 2617.98708831
76113 2617.98708831
76307 23.5573013686
76865 23.5573013686
77090 4808.08069688
77931 4808.08069688
78186 3979.2499086
79576 3979.2499086
80061 1228.26235628
81176 1228.26235628
81602 2903.55758439
82270 2903.55758439
82484 661.608839649
83479 661.608839649
83738 5642.0768397
85006 5642.0768397
85497 3623.35609227
86222 3623.35609227
86345 996.658909011
87587 996.658909011
87864 4371.75850532
88906 4371.75850532
89095 9309.11752818
89930 9309.11752818
90347 1651.5993731
91177 1651.5993731
91399 5764.58300618
92642 5764.58300618
93056 9235.9978553
94260 9235.9978553
94670 12798.500993
95574 12798.500993
95696 6384.31360426
96851 6384.31360426
96983 4481.1021389
97670 4481.1021389
97948 1184.8623429
99017 1184.8623429
99464 4890.23305306
100763 4890.23305306
101088 7112.72220013
101807 7112.72220013
101948 3172.66108038
102864 3172.66108038
103095 8313.50242
104552 8313.50242
105013 7183.69312413
106500 7183.69312413
106677 1614.23658511
107183 1614.23658511
107327 5018.20213421
108483 5018.20213421
108610 4235.15349921
109197 4235.15349921
109452 12576.2596485
110389 12576.2596485
110552 1323.37414815
111722 1323.37414815
111843 7100.61780031
113300 7100.61780031
113419 9730.53054141
114350 9730.53054141
114593 1668.83455384
115846 1668.83455384
116147 3256.26526944
117579 3256.26526944
117705 6156.73004856
118510 6156.73004856
118881 7191.65433089
119588 7191.65433089
119823 22.8399156105
121239 22.8399156105
121452 3459.67425433
122899 3459.67425433
123253 4555.39828631
124578 4555.39828631
124961 8334.02914023
125852 8334.02914023
126324 2745.80235216
127205 2745.80235216
127350 4600.10503445
128620 4600.10503445
128742 5584.41252791
130033 5584.41252791
130510 8889.70758509
131025 8889.70758509
131348 20.5049541465
131898 20.5049541465
132181 1221.01032135
133004 1221.01032135
133119 4477.17640609
133993 4477.17640609
134144 9803.99422032
134980 9803.99422032
135233 10185.4946489
136013 10185.4946489
136439 5482.85524393
136975 5482.85524393
137446 420.0466813
138453 420.0466813
138554 1334.83865533
139358 1334.83865533
139466 8456.66641614
140920 8456.66641614
141295 3416.42771888
142088 3416.42771888
142519 3191.47930451
143261 3191.47930451
143475 4246.09278209
144399 4246.09278209
144805 9834.99507354
146295 9834.99507354
146468 5305.50295932
147579 5305.50295932
147746 498.856872946
149091 498.856872946
149208 5594.43347125
150102 5594.43347125
150509 13037.5016036
151344 13037.5016036
151789 7237.0394331
152960 7237.0394331
153173 8321.89407653
154631 8321.89407653
154789 2072.86178419
155865 2072.86178419
156274 6994.93473572
157141 6994.93473572
157612 5725.51672952
159084 5725.51672952
159576 1556.06383713
160743 1556.06383713
161009 12538.3065938
161937 12538.3065938
162180 8210.05032782
162858 8210.05032782
163230 2023.03309125
163775 2023.03309125
164205 1297.27760762
165366 1297.27760762
165749 9114.24764326
167164 9114.24764326
167268 2407.25270383
168320 2407.25270383
168575 8077.88855244
169566 8077.88855244
169729 3233.79352257
170826 3233.79352257
171279 9976.75590337
172094 9976.75590337
172542 13988.1722237
173208 13988.1722237
173497 5967.20097727
174040 5967.20097727
174500 3155.45227168
175459 3155.45227168
175852 1937.16453752
177316 1937.16453752
177642 3061.66606626
178899 3061.66606626
179031 10619.9568727
179854 10619.9568727
180332 7707.28242715
181649 7707.28242715
181932 6365.31866712
183078 6365.31866712
183577 7590.75182102
184328 7590.75182102
184708 2626.92222986
185372 2626.92222986
185484 1628.62424525
186819 1628.62424525
187202 6068.7748763
187843 6068.7748763
188112 4989.24012092
189094 4989.24012092
189529 14832.1295899
190542 14832.1295899
190882 1324.44133702
191979 1324.44133702
192227 5763.14944111
192760 5763.14944111
192963 12847.8398009
194268 12847.8398009
194624 4510.38178256
195347 4510.38178256
195481 10791.7253985
195998 10791.7253985
196278 1574.77014679
197018 1574.77014679
197209 4739.47381255
198210 4739.47381255
198648 4789.16495655
199620 4789.16495655
200087 2881.90968471
201574 2881.90968471
201783 11414.7047516
202835 11414.7047516
203189 3914.37727803
204468 3914.37727803
204727 3864.18555185
206197 3864.18555185
206347 5119.23220345
207798 5119.23220345
208041 1674.23660722
209147 1674.23660722
209426 2409.87903329
210110 2409.87903329
210414 3875.86514445
211906 3875.86514445
212352 7136.00061419
213261 7136.00061419
213519 5656.9000824
214182 5656.9000824
214454 993.035969485
215235 993.035969485
215424 1160.47161217
216622 1160.47161217
217086 3664.13243798
217718 3664.13243798
218020 15060.8146886
219210 15060.8146886
219573 729.049912182
220616 729.049912182
220882 7433.47275612
222211 7433.47275612
222575 1567.43398425
223413 1567.43398425
223768 4106.14869048
224295 4106.14869048
224666 3731.55721895
226165 3731.55721895
226491 3252.8740724
227686 3252.8740724
228075 11602.6975
229183 11602.6975
229371 10752.1029195
230857 10752.1029195
230982 364.528292593
231681 364.528292593
232077 8486.07653007
233036 8486.07653007
233327 347.545119872
234519 347.545119872
234678 19185.94322
235281 19185.94322
235408 3990.63796751
236259 3990.63796751
236544 2394.51363931
237394 2394.51363931
237723 4906.54002033
238536 4906.54002033
238951 1205.88399947
239814 1205.88399947
240311 4091.29797308
240961 4091.29797308
241459 8084.04017987
242400 8084.04017987
242842 13431.7797257
244087 13431.7797257
244392 3709.36778464
244998 3709.36778464
245177 5514.31955266
245721 5514.31955266
246184 11757.9642375
247473 11757.9642375
247709 1576.68882353
248905 1576.68882353
249032 2255.57845044
250429 2255.57845044
250574 17587.9926612
251536 17587.9926612
251688 2457.27944928
252817 2457.27944928
