0 4535.1577377
1485 4535.1577377
1825 4237.64323097
2624 4237.64323097
2897 4470.4086906
3773 4470.4086906
4240 3997.56541916
4782 3997.56541916
4968 4649.5022955
5718 4649.5022955
6117 3971.09992462
7094 3971.09992462
7488 4329.18907186
8592 4329.18907186
9013 3626.487104
9894 3626.487104
10122 4084.75715734
10974 4084.75715734
11447 3617.91287253
12897 3617.91287253
13297 4032.70146283
14025 4032.70146283
14498 4315.31967507
15203 4315.31967507
15671 3783.6512661
16781 3783.6512661
17256 4165.63994964
18252 4165.63994964
18411 4241.24490924
19885 4241.24490924
20331 3546.81713423
21479 3546.81713423
21612 4089.67004449
23102 4089.67004449
23486 4008.9039142
24807 4008.9039142
25160 3158.36243663
26138 3158.36243663
26364 4234.48771224
27842 4234.48771224
27962 3032.10822917
28886 3032.10822917
29354 3409.72385991
30200 3409.72385991
30634 4237.41682603
31933 4237.41682603
32151 3783.56142642
33580 3783.56142642
33724 3926.99908388
35221 3926.99908388
35716 4402.88668001
36395 4402.88668001
36584 3891.9677236
37495 3891.9677236
37859 4339.94216492
38601 4339.94216492
39075 4432.47028782
39657 4432.47028782
40112 4581.4544868
41597 4581.4544868
41757 4739.77301641
42265 4739.77301641
42672 4136.99004263
43294 4136.99004263
43453 3966.98171698
44075 3966.98171698
44425 3806.65666025
45360 3806.65666025
45726 3700.42907985
46340 3700.42907985
46838 3850.17551818
48284 3850.17551818
48429 4706.86328107
49856 4706.86328107
50277 4872.22959155
51627 4872.22959155
51830 3468.29169706
52631 3468.29169706
53052 4662.13134539
53948 4662.13134539
54429 3465.84637332
55344 3465.84637332
55512 3987.55657201
56039 3987.55657201
56431 4183.20182458
57424 4183.20182458
57630 4634.47001398
58257 4634.47001398
58654 4070.50293257
59718 4070.50293257
60173 4053.9328231
60846 4053.9328231
61138 4403.00063788
62071 4403.00063788
62226 3607.03948678
63667 3607.03948678
64015 4577.5604124
64866 4577.5604124
65148 3492.63177226
66502 3492.63177226
66738 5186.57685764
67777 5186.57685764
68116 3434.72196439
68894 3434.72196439
69164 4031.47374997
70069 4031.47374997
70521 4044.47299591
71402 4044.47299591
71752 4092.70360553
72860 4092.70360553
73355 4218.26913077
74854 4218.26913077
75339 4141.37632631
76387 4141.37632631
76677 4330.65199503
77358 4330.65199503
77731 4262.60257232
79076 4262.60257232
79178 3677.77842946
80563 3677.77842946
80992 4441.54144686
82079 4441.54144686
82432 4314.58073002
83821 4314.58073002
84202 5113.31036448
85069 5113.31036448
85275 4086.09871104
86492 4086.09871104
86741 4611.04898464
87952 4611.04898464
88302 4084.99579335
88951 4084.99579335
89112 3870.90844864
90085 3870.90844864
90443 4663.10007006
91268 4663.10007006
91653 3886.90507882
92808 3886.90507882
93106 3266.90063353
93723 3266.90063353
94208 4363.61615307
95063 4363.61615307
95360 3861.38019898
96562 3861.38019898
96950 4275.79090904
97654 4275.79090904
98127 4389.45169215
99182 4389.45169215
99627 3713.58365979
100454 3713.58365979
100631 3915.57411647
102121 3915.57411647
102521 4007.30194881
103219 4007.30194881
103354 4133.69328684
104468 4133.69328684
104653 4936.36812347
106031 4936.36812347
106262 4369.91042802
107021 4369.91042802
107520 4966.38002791
108355 4966.38002791
108749 3493.9277617
109567 3493.9277617
109849 4021.13961477
110859 4021.13961477
111306 4155.09382782
112080 4155.09382782
112222 3995.08665224
113158 3995.08665224
113564 4087.89299356
114331 4087.89299356
114697 5017.34915363
115288 5017.34915363
115607 4145.5540293
116499 4145.5540293
116617 3674.80166461
117711 3674.80166461
118187 4393.14583422
119508 4393.14583422
119900 4195.78181003
120889 4195.78181003
121072 4106.85039059
122009 4106.85039059
122416 5362.75215022
123537 5362.75215022
124010 3841.78823597
125311 3841.78823597
125596 3946.68004374
126833 3946.68004374
126940 4594.8711642
128061 4594.8711642
128491 4399.54122906
129417 4399.54122906
129660 4305.61659609
130788 4305.61659609
131182 4647.72757263
132072 4647.72757263
132300 4185.25373815
133634 4185.25373815
133887 4640.1082008
135141 4640.1082008
135483 3534.89611509
136690 3534.89611509
136910 3817.53132816
137615 3817.53132816
137958 4958.26393917
139326 4958.26393917
139656 4154.35854449
140645 4154.35854449
141133 4182.660116
142037 4182.660116
142275 3228.74389003
143758 3228.74389003
144132 3478.34265825
145077 3478.34265825
145564 4518.67926281
146999 4518.67926281
147291 3526.49066798
147873 3526.49066798
147980 3894.16713613
148555 3894.16713613
148884 3734.22218922
150175 3734.22218922
150329 3915.93982616
151819 3915.93982616
152227 4876.42478994
152867 4876.42478994
153252 5387.37002715
154314 5387.37002715
154421 4106.75803136
155229 4106.75803136
155506 4268.56707725
156888 4268.56707725
157217 4355.64479985
158624 4355.64479985
158726 4297.11187823
159660 4297.11187823
159907 3033.26077052
161129 3033.26077052
161537 3956.57230329
162217 3956.57230329
162681 4226.48552388
163353 4226.48552388
163627 3692.93046436
164147 3692.93046436
164401 4966.89475969
165320 4966.89475969
165709 4900.8687978
166849 4900.8687978
167254 4736.17032692
167903 4736.17032692
168336 3878.3725096
169642 3878.3725096
169848 4192.60009215
170800 4192.60009215
171207 4242.76354702
172272 4242.76354702
172628 4356.87129619
173558 4356.87129619
174033 3201.23929029
174794 3201.23929029
175082 3179.82299318
175992 3179.82299318
176360 4169.85320498
177387 4169.85320498
177863 4950.82353289
179002 4950.82353289
179125 4283.34634866
180445 4283.34634866
180688 4661.1041659
181392 4661.1041659
181748 4909.76275289
182797 4909.76275289
182926 4285.60438862
183882 4285.60438862
184152 2500.91988784
185327 2500.91988784
185662 4077.94599442
186917 4077.94599442
187031 4388.45820438
187819 4388.45820438
188109 4462.753737
188989 4462.753737
189456 3306.82306508
190641 3306.82306508
191115 3450.63963532
192017 3450.63963532
192185 4620.21032542
193058 4620.21032542
193478 4631.43153097
194375 4631.43153097
194658 5317.40149977
195268 5317.40149977
195760 4085.64581122
196519 4085.64581122
196805 2761.47831488
198072 2761.47831488
198231 4113.76191486
199653 4113.76191486
200115 4052.07675376
201120 4052.07675376
201402 3475.9035225
202665 3475.9035225
202876 3842.85335781
204043 3842.85335781
204210 4563.91155026
205633 4563.91155026
205937 4765.52732278
206494 4765.52732278
206988 3627.38764222
208456 3627.38764222
208870 3733.06370194
209906 3733.06370194
210251 4000.84831234
211099 4000.84831234
211555 3445.39626517
212879 3445.39626517
213314 4567.05927848
214365 4567.05927848
214692 4019.55146655
215256 4019.55146655
215500 3402.76700553
216253 3402.76700553
216717 3773.40318063
217937 3773.40318063
218084 3995.64810751
218783 3995.64810751
219252 4239.48707136
220071 4239.48707136
220388 3763.65742294
221571 3763.65742294
222023 4917.42500718
223487 4917.42500718
223615 4857.09306233
225001 4857.09306233
225242 3695.61631436
225959 3695.61631436
226151 4012.14930302
227067 4012.14930302
227204 4748.8394566
228552 4748.8394566
228987 3101.21205173
229607 3101.21205173
229805 4470.48067971
231084 4470.48067971
231358 3882.5735631
232722 3882.5735631
232828 3749.98532255
233875 3749.98532255
234172 4070.02118742
235669 4070.02118742
235869 3347.03585936
237357 3347.03585936
237653 4191.91195865
238209 4191.91195865
238617 3474.5671728
239208 3474.5671728
239598 2577.67916034
240566 2577.67916034
240984 4638.99571969
242318 4638.99571969
242572 4148.36153142
243213 4148.36153142
243418 3739.01728518
244133 3739.01728518
244421 5656.61849865
244936 5656.61849865
245259 4745.978901
246564 4745.978901
246933 4150.84407968
247438 4150.84407968
247848 3814.58746967
248517 3814.58746967
248629 4683.43120854
249338 4683.43120854
249444 3865.18307044
250621 3865.18307044
251038 3004.48379785
252202 3004.48379785
252375 4352.66329268
253406 4352.66329268
253561 4237.50943066
255016 4237.50943066
255190 4171.14967202
256425 4171.14967202
256637 4820.70314157
257895 4820.70314157
258354 3483.43719218
259287 3483.43719218
259548 3840.31325003
260444 3840.31325003
260926 3979.63837193
262160 3979.63837193
262606 3329.51520359
263180 3329.51520359
263345 3972.47055406
264084 3972.47055406
264300 4359.66353428
265251 4359.66353428
265638 3689.06907558
266413 3689.06907558
266624 4860.13335359
267264 4860.13335359
267550 5295.14248106
268616 5295.14248106
268978 4697.02292279
269669 4697.02292279
269864 3759.58881739
270523 3759.58881739
270651 4309.48786118
271653 4309.48786118
271820 3796.55904175
272943 3796.55904175
273121 3111.39204475
274544 3111.39204475
274710 4163.33248007
275890 4163.33248007
276385 4326.88364424
277228 4326.88364424
277582 3814.04170245
279059 3814.04170245
279289 3234.40856842
279851 3234.40856842
280023 4458.01897589
281277 4458.01897589
281612 4438.63375633
282216 4438.63375633
282555 3943.67530867
283344 3943.67530867
283823 4902.64042072
285310 4902.64042072
285474 4403.15944669
286463 4403.15944669
286594 4506.19658741
287422 4506.19658741
287643 4956.81305399
288336 4956.81305399
288757 4202.19452239
289389 4202.19452239
289500 4517.36335109
290014 4517.36335109
290320 4048.66338406
291031 4048.66338406
291322 4415.34867991
291966 4415.34867991
292459 3846.65887866
293873 3846.65887866
294170 3510.81485819
295023 3510.81485819
295302 4714.95585141
296415 4714.95585141
