0 4490.90334163
1149 4490.90334163
1646 4940.0743148
2715 4940.0743148
3003 7717.33527057
3823 7717.33527057
4113 2688.72554403
4817 2688.72554403
5034 3409.94363257
6511 3409.94363257
6734 4960.88362775
7453 4960.88362775
7610 7592.41450659
8564 7592.41450659
8981 1059.0831733
10394 1059.0831733
10604 3038.41236883
11307 3038.41236883
11709 2724.24337992
13031 2724.24337992
13293 10863.6070414
13911 10863.6070414
14262 4045.57172904
14858 4045.57172904
15109 3848.28610975
15918 3848.28610975
16058 1516.93829287
17282 1516.93829287
17755 4535.53489437
19124 4535.53489437
19393 797.858623762
20616 797.858623762
21027 8427.9836377
21714 8427.9836377
22184 3369.84038796
23383 3369.84038796
23483 10067.3319351
24039 10067.3319351
24369 7652.86382219
25219 7652.86382219
25342 7051.66242742
26109 7051.66242742
26305 7314.74515926
26964 7314.74515926
27273 5664.2634236
28386 5664.2634236
28838 3562.00081017
29504 3562.00081017
29732 5199.36623024
30330 5199.36623024
30433 7970.38230104
31635 7970.38230104
31961 4518.15215939
33038 4518.15215939
33251 518.479317934
34510 518.479317934
34912 1268.81678254
36265 1268.81678254
36657 2444.6614874
37630 2444.6614874
37955 8120.11561478
39082 8120.11561478
39401 7033.99144995
40283 7033.99144995
40703 3919.70278366
42066 3919.70278366
42429 3569.25940897
43208 3569.25940897
43653 7061.26734949
45023 7061.26734949
45177 12502.3278272
45837 12502.3278272
46179 10012.727105
47196 10012.727105
47671 3685.35763909
48521 3685.35763909
48631 6476.0731342
50007 6476.0731342
50292 7951.75825169
51575 7951.75825169
51774 5287.33811752
52842 5287.33811752
53140 2900.96633747
54314 2900.96633747
54604 2249.44281639
55185 2249.44281639
55409 2648.717426
56890 2648.717426
57077 3876.31456982
58555 3876.31456982
58952 6134.2881096
60172 6134.2881096
60563 5249.84956362
61331 5249.84956362
61502 2536.4979094
62999 2536.4979094
63344 8715.47647569
64712 8715.47647569
64980 4520.28506002
66131 4520.28506002
66474 3409.73911779
67237 3409.73911779
67434 6077.15662606
68512 6077.15662606
68673 6353.34542743
69746 6353.34542743
70180 7464.34564869
70730 7464.34564869
71220 1465.37150701
71773 1465.37150701
72097 6571.58117155
73040 6571.58117155
73411 3972.375437
74259 3972.375437
74440 10010.1816925
74953 10010.1816925
75109 2121.13157716
76388 2121.13157716
76670 10502.7177414
78146 10502.7177414
78481 2919.09365391
79774 2919.09365391
79951 9523.47541823
81394 9523.47541823
81733 1359.77455863
82869 1359.77455863
83332 523.636012332
84139 523.636012332
84447 6681.24494816
85920 6681.24494816
86405 7403.48766589
87568 7403.48766589
87674 5378.68172041
89061 5378.68172041
89425 1839.88838521
90352 1839.88838521
90489 1637.01987291
91988 1637.01987291
92159 3710.4572147
92971 3710.4572147
93195 3766.60106183
94259 3766.60106183
94446 210.890570076
95778 210.890570076
96243 859.662479813
97257 859.662479813
97360 8779.15091517
98256 8779.15091517
98672 2279.19424628
99363 2279.19424628
99679 6488.76917541
101154 6488.76917541
101406 5696.43609097
102607 5696.43609097
102910 4487.42541342
104176 4487.42541342
104582 361.489829508
105847 361.489829508
106044 6920.09229971
106661 6920.09229971
107097 5386.79530236
108286 5386.79530236
108754 1678.95264193
109377 1678.95264193
109830 3562.69384762
110653 3562.69384762
110828 5663.63367148
111392 5663.63367148
111503 960.081997905
112338 960.081997905
112706 1613.54277793
113366 1613.54277793
113786 1886.21899523
115134 1886.21899523
115606 4438.42454821
116561 4438.42454821
116667 6883.12327254
118166 6883.12327254
118362 592.423383762
119575 592.423383762
119973 5259.48582703
121182 5259.48582703
121571 1439.99235046
122383 1439.99235046
122507 1759.35519056
123168 1759.35519056
123539 3741.34510253
124581 3741.34510253
124695 10603.2205668
125766 10603.2205668
126256 5847.79352726
126765 5847.79352726
126917 7884.90932013
127819 7884.90932013
128173 967.880355367
129374 967.880355367
129609 4793.21040899
130562 4793.21040899
130767 5086.01774405
132190 5086.01774405
132359 804.574116971
133628 804.574116971
133907 5915.20913818
135336 5915.20913818
135567 4633.88703298
136297 4633.88703298
136397 1096.05593284
137572 1096.05593284
137833 4363.95593712
139309 4363.95593712
139414 1900.66513794
140708 1900.66513794
140940 1763.16432076
142377 1763.16432076
142831 2616.31079568
143724 2616.31079568
144038 1269.82086826
144793 1269.82086826
145239 9962.19805069
146193 9962.19805069
146490 4226.2296654
147790 4226.2296654
148144 2506.76710222
149094 2506.76710222
149487 9812.25506146
150222 9812.25506146
150720 4636.00473581
151734 4636.00473581
152164 5803.7517276
152766 5803.7517276
153069 8706.35617957
154005 8706.35617957
154364 6653.49142417
154895 6653.49142417
155390 1129.27144828
156553 1129.27144828
157001 9818.17123468
158017 9818.17123468
158119 4262.80967666
159367 4262.80967666
159614 4323.82804154
160161 4323.82804154
160604 4389.34085012
161511 4389.34085012
161646 8310.82857965
162571 8310.82857965
162927 2424.44555154
164402 2424.44555154
164550 4329.74175366
165351 4329.74175366
165646 3425.07298748
166873 3425.07298748
166981 1790.83024717
167975 1790.83024717
168340 1742.58743867
169592 1742.58743867
169718 1809.61997501
170596 1809.61997501
170790 921.28762779
171886 921.28762779
171988 7440.28457692
172983 7440.28457692
173185 6156.17883295
173988 6156.17883295
174195 6284.67882014
174935 6284.67882014
175365 7086.35671772
176423 7086.35671772
176808 5154.48057638
178235 5154.48057638
178490 8999.74058076
179260 8999.74058076
179455 5151.88011351
180844 5151.88011351
181112 4821.82768145
181657 4821.82768145
181808 4930.10387729
182798 4930.10387729
183192 7935.58294636
184427 7935.58294636
184858 3567.13386213
186096 3567.13386213
186424 764.840775518
187627 764.840775518
187865 3207.55715535
188551 3207.55715535
189008 7917.98335378
189832 7917.98335378
190158 3078.02850223
191422 3078.02850223
191797 4974.29694255
193275 4974.29694255
193590 9070.17998418
194365 9070.17998418
194735 7727.40729293
195358 7727.40729293
195739 6028.12732898
196398 6028.12732898
196789 4049.84578271
197522 4049.84578271
197858 7726.46731069
198433 7726.46731069
198594 4001.43421981
199163 4001.43421981
199498 8188.42202079
200574 8188.42202079
200885 4835.62563656
201942 4835.62563656
202299 5694.47778261
203646 5694.47778261
204075 13235.8942256
205412 13235.8942256
205589 8737.30142247
206904 8737.30142247
207028 9895.24573089
207536 9895.24573089
207837 4163.53360443
209199 4163.53360443
