0 4034.84666588
707 4034.84666588
1163 11618.2149426
2164 11618.2149426
2520 269.128836708
3311 269.128836708
3724 3870.56521255
5030 3870.56521255
5171 8723.24049834
6340 8723.24049834
6520 4553.93084125
7461 4553.93084125
7922 5734.13370529
8446 5734.13370529
8913 6006.09566648
10248 6006.09566648
10573 11162.0465893
11970 11162.0465893
12357 2576.96926848
13273 2576.96926848
13551 2613.14443313
14274 2613.14443313
14641 3457.84647136
15714 3457.84647136
16124 8250.05075788
17141 8250.05075788
17595 10801.8642635
18428 10801.8642635
18761 946.376002225
19482 946.376002225
19961 1917.45941812
20683 1917.45941812
20806 4254.02612058
22015 4254.02612058
22360 7990.99303942
23272 7990.99303942
23497 274.068056723
24686 274.068056723
25077 10075.0752686
25778 10075.0752686
26199 656.79763695
27316 656.79763695
27692 4296.05593038
28275 4296.05593038
28399 2121.11147141
29230 2121.11147141
29552 684.755839706
30506 684.755839706
30632 4760.63577132
31462 4760.63577132
31672 8787.85313458
32753 8787.85313458
33093 411.625654865
34314 411.625654865
34591 6265.22659276
35939 6265.22659276
36399 2360.65818223
37734 2360.65818223
38221 7414.69370616
39663 7414.69370616
40000 2073.63150482
40634 2073.63150482
40939 11178.1745939
42059 11178.1745939
42456 2188.04409032
42988 2188.04409032
43277 9368.66730991
44613 9368.66730991
44885 706.560548455
45808 706.560548455
46133 1031.23328692
47379 1031.23328692
47574 5917.00090458
48967 5917.00090458
49412 7474.73349079
50867 7474.73349079
51186 2003.55058086
51882 2003.55058086
52107 1290.91396683
53116 1290.91396683
53331 2790.34633559
54747 2790.34633559
55179 243.044652556
55995 243.044652556
56426 3705.57349091
57377 3705.57349091
57481 5011.02313777
58578 5011.02313777
59076 3885.35275573
60409 3885.35275573
60665 10127.5955717
61642 10127.5955717
62115 1021.96263119
63568 1021.96263119
64041 10130.8083454
64899 10130.8083454
65315 10464.0489215
66322 10464.0489215
66768 3868.49855263
67391 3868.49855263
67539 5120.75706372
69026 5120.75706372
69425 7165.5609243
70423 7165.5609243
70567 8797.12608821
71161 8797.12608821
71623 6858.78287575
72243 6858.78287575
72664 4169.41013401
73814 4169.41013401
74277 2719.29643682
74959 2719.29643682
75202 7855.97692329
76147 7855.97692329
76556 7380.11911247
77748 7380.11911247
77866 1295.12287427
79012 1295.12287427
79136 6032.90936707
79709 6032.90936707
79963 6133.74487189
81094 6133.74487189
81346 9877.97587339
82788 9877.97587339
83095 5173.03816377
84496 5173.03816377
84700 4222.20755554
86022 4222.20755554
86179 9646.84463454
87492 9646.84463454
87818 2718.80987414
88493 2718.80987414
88771 9018.36568585
89872 9018.36568585
90073 7997.58090142
91533 7997.58090142
91702 3716.90910025
92641 3716.90910025
92854 3243.63179456
94240 3243.63179456
94391 8191.95782449
95463 8191.95782449
95799 8598.09783979
96700 8598.09783979
96881 1376.21038285
97794 1376.21038285
97907 5581.73641006
98895 5581.73641006
99003 4678.4325804
100256 4678.4325804
100633 5385.64329345
101904 5385.64329345
102378 10545.4743963
103547 10545.4743963
103934 3722.39580093
105189 3722.39580093
105593 9128.15117761
106819 9128.15117761
106928 7137.64774849
108420 7137.64774849
108826 9114.44360577
109532 9114.44360577
109714 4988.83732768
110521 4988.83732768
110634 6125.10262206
112096 6125.10262206
112217 11061.9057397
113575 11061.9057397
113937 5069.38044201
114694 5069.38044201
114818 8917.62150919
116230 8917.62150919
116675 4545.0440374
117349 4545.0440374
117755 5688.04007106
118810 5688.04007106
119088 6198.83633831
120419 6198.83633831
120743 8108.43307187
121520 8108.43307187
122008 4875.58892122
122995 4875.58892122
123273 2323.64982834
124536 2323.64982834
124849 3590.2060908
125743 3590.2060908
126221 167.765483105
127032 167.765483105
127357 5208.60584937
128201 5208.60584937
128302 7754.33072709
128908 7754.33072709
129407 4357.13787355
129944 4357.13787355
130202 3144.27789234
131672 3144.27789234
131772 4391.04112067
132690 4391.04112067
132997 3797.43130733
134483 3797.43130733
134949 1092.32057559
136326 1092.32057559
136560 5793.72059564
137880 5793.72059564
138378 24.0932412223
139072 24.0932412223
139310 7981.59272456
140337 7981.59272456
140445 6826.52854217
141710 6826.52854217
142107 5303.48858205
143099 5303.48858205
143525 12432.4504154
144343 12432.4504154
144527 9153.52521085
145345 9153.52521085
145695 5121.1641168
147137 5121.1641168
147412 4011.00252771
148391 4011.00252771
148887 3450.95155899
150247 3450.95155899
150516 10918.7009174
151041 10918.7009174
151237 5666.87715975
152623 5666.87715975
152990 11955.7980573
154069 11955.7980573
154484 4823.21445383
155370 4823.21445383
155856 278.304868531
156996 278.304868531
157105 3403.41680351
157729 3403.41680351
157995 10313.2573541
159038 10313.2573541
159229 7178.28783146
160568 7178.28783146
160990 5542.59768565
161819 5542.59768565
162313 4087.84200106
163108 4087.84200106
163323 8441.78892477
164719 8441.78892477
164932 2851.81368193
166006 2851.81368193
166179 8520.69741634
167230 8520.69741634
167700 7666.41066373
168336 7666.41066373
168670 8486.97053645
169901 8486.97053645
170243 4339.11387277
171028 4339.11387277
171472 6824.27185251
172155 6824.27185251
172419 2221.46138416
173719 2221.46138416
174203 634.678310518
175104 634.678310518
175393 6880.84017131
176761 6880.84017131
177214 3112.97798696
178504 3112.97798696
178831 7114.19354047
179448 7114.19354047
179761 8215.77543319
180867 8215.77543319
181171 122.005428186
182532 122.005428186
182830 6565.93491752
184040 6565.93491752
184438 1684.68629544
185228 1684.68629544
185579 10626.2221839
186940 10626.2221839
187197 5775.53913114
188618 5775.53913114
188824 16528.1643549
190203 16528.1643549
190369 606.542361141
191868 606.542361141
192326 7536.84717124
193530 7536.84717124
193846 12226.2299035
195061 12226.2299035
195368 267.544562836
196488 267.544562836
196590 4348.11938034
198031 4348.11938034
198400 12923.8120119
199433 12923.8120119
199594 1364.04636875
200808 1364.04636875
201097 7496.14136391
201714 7496.14136391
201815 1235.88132612
203261 1235.88132612
203390 4355.75756373
204018 4355.75756373
204371 5352.56079125
205212 5352.56079125
205587 5216.14887762
207024 5216.14887762
207350 2259.45568842
207967 2259.45568842
208177 12389.6866377
209470 12389.6866377
209744 7643.13662137
210460 7643.13662137
210591 4283.59570761
211857 4283.59570761
212227 5778.01982662
212998 5778.01982662
213243 2604.89873135
213780 2604.89873135
214069 8325.57732387
215174 8325.57732387
215660 9064.36360375
217011 9064.36360375
217154 5871.98356461
218276 5871.98356461
218764 6737.13481649
220203 6737.13481649
220403 8381.32878007
221311 8381.32878007
221577 4141.47483075
222586 4141.47483075
223063 5052.99718717
224201 5052.99718717
224316 6698.36157583
224937 6698.36157583
