0 3522.4606384
1102 3522.4606384
1289 9690.08850367
2729 9690.08850367
3049 7991.06631241
3981 7991.06631241
4348 4106.25122615
5564 4106.25122615
6009 11624.6870383
6899 11624.6870383
7387 2050.57456919
8026 2050.57456919
8356 10588.5479806
9742 10588.5479806
10176 7366.88446104
11136 7366.88446104
11630 6363.71019834
12519 6363.71019834
12987 689.999787393
13876 689.999787393
14305 5920.23718954
15340 5920.23718954
15617 3028.46002006
16869 3028.46002006
17272 3581.40316802
17976 3581.40316802
18411 26.0928691783
19142 26.0928691783
19532 7396.55832286
20938 7396.55832286
21111 4007.07936044
22352 4007.07936044
22724 4550.89463979
23524 4550.89463979
23741 1121.23244729
24592 1121.23244729
24915 3158.71592244
26239 3158.71592244
26525 5703.59266017
27996 5703.59266017
28376 2307.90895337
29824 2307.90895337
30285 7960.8772525
30943 7960.8772525
31292 8180.21753128
32746 8180.21753128
33102 939.640718305
33615 939.640718305
33750 8213.16707926
34321 8213.16707926
34533 3942.68727005
35721 3942.68727005
35873 3774.69839126
36916 3774.69839126
37125 6056.92469383
38619 6056.92469383
38864 9279.7713688
39509 9279.7713688
39656 4913.4620773
40355 4913.4620773
40813 9162.40157751
42228 9162.40157751
42505 10485.3883032
43709 10485.3883032
44014 1942.45692972
44762 1942.45692972
45214 5979.77905134
45726 5979.77905134
46165 6225.93625979
47477 6225.93625979
47609 5385.74049872
48216 5385.74049872
48602 1770.95413441
49783 1770.95413441
50243 2512.09755066
51719 2512.09755066
52013 13762.9020158
53181 13762.9020158
53441 7434.29232659
54675 7434.29232659
54844 6273.46752578
55352 6273.46752578
55691 4055.5819768
56218 4055.5819768
56607 12536.239143
57347 12536.239143
57845 11484.8252413
58508 11484.8252413
58612 7325.67663298
59803 7325.67663298
60025 1987.902092
60904 1987.902092
61238 5240.90569006
61984 5240.90569006
62159 2029.02488842
62825 2029.02488842
63069 3934.74958072
63645 3934.74958072
63838 13147.6947464
65185 13147.6947464
65590 4435.75282036
66556 4435.75282036
66867 6122.3322872
67384 6122.3322872
67779 8087.46894368
69150 8087.46894368
69481 924.892991531
70314 924.892991531
70553 2070.14273155
71325 2070.14273155
71428 813.275184055
72290 813.275184055
72508 2375.73973899
73956 2375.73973899
74162 896.537087163
75554 896.537087163
76016 1743.34357419
77155 1743.34357419
77570 9859.70397353
78848 9859.70397353
79054 14078.9510656
80443 14078.9510656
80858 2386.16503347
81886 2386.16503347
82229 8347.37383493
83693 8347.37383493
84166 10788.5349646
85462 10788.5349646
85770 4121.52581286
86624 4121.52581286
86977 3245.07366895
88105 3245.07366895
88247 982.207642087
88950 982.207642087
89355 208.474419837
90614 208.474419837
90966 748.668219617
92007 748.668219617
92344 3294.73000095
93334 3294.73000095
93776 14642.847889
94625 14642.847889
94785 6829.93896364
95341 6829.93896364
95806 3052.88444871
97031 3052.88444871
97401 701.844178989
98533 701.844178989
98901 4080.46804045
99761 4080.46804045
100242 1820.58629186
100991 1820.58629186
101419 5358.5826849
102836 5358.5826849
102967 7072.07335294
103637 7072.07335294
104103 8761.82950595
105364 8761.82950595
105542 4986.9822505
106867 4986.9822505
107275 12251.2294322
108397 12251.2294322
108746 6663.14785645
109748 6663.14785645
110103 7256.08082813
111075 7256.08082813
111572 7852.82425465
112130 7852.82425465
112449 1054.22276624
113106 1054.22276624
113569 1472.59432363
114682 1472.59432363
114842 6311.83478308
115977 6311.83478308
116334 2729.05579777
117068 2729.05579777
117479 2267.5951911
118966 2267.5951911
119438 2430.4197201
120145 2430.4197201
120534 3922.56935134
121623 3922.56935134
121780 181.560266501
122631 181.560266501
122771 6014.48814423
123714 6014.48814423
124173 5371.51633427
124709 5371.51633427
124927 3903.40805719
126327 3903.40805719
126803 10517.7385339
127856 10517.7385339
127991 9530.13192692
129320 9530.13192692
129663 688.179135601
130244 688.179135601
130539 2178.135061
131985 2178.135061
132297 5134.58527433
133023 5134.58527433
133349 7616.57251127
134822 7616.57251127
134942 2272.12285048
136077 2272.12285048
136498 7063.24228306
137519 7063.24228306
137779 1760.07432691
139139 1760.07432691
139351 8735.02757509
139985 8735.02757509
140344 818.51936421
141553 818.51936421
141718 3801.16180326
142728 3801.16180326
142884 10310.6436765
143859 10310.6436765
144019 3641.85234379
144825 3641.85234379
145277 6590.37870321
146747 6590.37870321
147090 6319.51568438
147732 6319.51568438
148061 869.51204063
149541 869.51204063
150002 5258.70878008
150870 5258.70878008
151222 1011.69934118
151844 1011.69934118
152105 4236.59540719
153484 4236.59540719
153849 1569.48897471
154673 1569.48897471
154872 6407.27867966
155407 6407.27867966
155560 3021.20560945
156060 3021.20560945
156546 7491.72078084
157263 7491.72078084
157366 792.487332752
157924 792.487332752
158369 14168.3679316
159050 14168.3679316
159459 8410.74588723
160474 8410.74588723
160874 6894.4357109
161567 6894.4357109
161792 2394.13622363
163001 2394.13622363
163230 9363.42241732
164291 9363.42241732
164748 3103.87940842
165267 3103.87940842
165397 1064.77444375
166080 1064.77444375
166396 7047.24309719
167531 7047.24309719
167964 5574.99953832
168868 5574.99953832
169090 8394.69344653
169637 8394.69344653
170050 3205.81373858
170755 3205.81373858
171027 4588.91460261
172388 4588.91460261
172606 4532.24526691
173911 4532.24526691
174032 7200.92177846
175269 7200.92177846
175726 7241.14157033
177003 7241.14157033
177183 2108.08383846
178393 2108.08383846
178548 6738.7808303
179500 6738.7808303
179961 1548.89742638
181194 1548.89742638
181518 4543.61857961
182612 4543.61857961
182785 9749.55355056
183452 9749.55355056
183649 8517.45874267
185140 8517.45874267
185557 5043.94560645
186234 5043.94560645
186664 5169.17930257
187170 5169.17930257
187649 10873.6779091
189141 10873.6779091
189609 687.212109136
190379 687.212109136
190514 10179.854839
191266 10179.854839
191718 3760.3744561
192741 3760.3744561
193094 4356.86380412
194141 4356.86380412
194531 12742.8072261
195330 12742.8072261
195754 7693.16013359
196443 7693.16013359
196704 11798.8829481
197400 11798.8829481
197828 5491.90051833
199316 5491.90051833
199454 7566.40387433
200592 7566.40387433
200971 9588.50137962
202247 9588.50137962
