0 3066.94123128
925 3066.94123128
1228 11295.7866572
1851 11295.7866572
2091 11650.9398624
3320 11650.9398624
3472 8203.26814767
4618 8203.26814767
4809 5793.0270749
5461 5793.0270749
5800 730.026306758
6940 730.026306758
7293 582.099911515
8327 582.099911515
8448 5472.03227556
9323 5472.03227556
9802 7144.888214
10754 7144.888214
11143 12458.5045839
11869 12458.5045839
12339 81.1696641546
13775 81.1696641546
14215 1123.27084954
14917 1123.27084954
15134 7018.59310367
16048 7018.59310367
16477 5439.24683546
17373 5439.24683546
17839 2671.62361142
19154 2671.62361142
19383 1855.16388827
20027 1855.16388827
20172 1763.79164308
20717 1763.79164308
20959 4220.33590496
22068 4220.33590496
22314 7800.68198193
23047 7800.68198193
23231 5210.91093425
24372 5210.91093425
24812 8824.76756604
25936 8824.76756604
26384 12002.6208857
27250 12002.6208857
27364 973.207055606
28030 973.207055606
28427 15556.9943076
28958 15556.9943076
29334 11943.0056061
30311 11943.0056061
30804 4517.69307068
31320 4517.69307068
31555 5321.04788975
32300 5321.04788975
32732 7927.7915337
34161 7927.7915337
34587 11330.9600717
35557 11330.9600717
36044 10086.8066068
37201 10086.8066068
37559 3902.54216263
38374 3902.54216263
38696 7984.27544879
39969 7984.27544879
40405 4414.4972167
40986 4414.4972167
41319 2051.77691597
41968 2051.77691597
42247 11812.180848
43425 11812.180848
43605 7733.42447713
44285 7733.42447713
44708 17142.4182922
45217 17142.4182922
45705 894.893841589
46797 894.893841589
47069 11003.1274111
47811 11003.1274111
48269 1410.29754615
49730 1410.29754615
50107 5825.73921541
51591 5825.73921541
51708 8693.8022673
52656 8693.8022673
52817 4876.0087578
54142 4876.0087578
54410 8240.8320847
55857 8240.8320847
56160 7815.64848381
57250 7815.64848381
57595 11058.2668017
58860 11058.2668017
58988 8249.95290628
60093 8249.95290628
60512 3948.49826567
61929 3948.49826567
62040 3712.64775
63031 3712.64775
63444 3719.78712244
64791 3719.78712244
65164 4613.06738282
65706 4613.06738282
65819 5656.20974374
67021 5656.20974374
67332 4876.59077628
68677 4876.59077628
68955 1919.13193536
70326 1919.13193536
70569 9039.93010803
71307 9039.93010803
71509 2795.2992963
72120 2795.2992963
72479 7058.59092968
73545 7058.59092968
73686 5111.12509964
74268 5111.12509964
74597 4746.91642592
75704 4746.91642592
76019 4665.26986832
76705 4665.26986832
77081 5905.49403444
78527 5905.49403444
78723 4631.19265054
79259 4631.19265054
79431 243.572989001
80649 243.572989001
81035 9161.02592157
82321 9161.02592157
82483 5382.37970279
83330 5382.37970279
83483 2534.43119873
84573 2534.43119873
84736 18202.424249
85699 18202.424249
85839 5157.91445803
86498 5157.91445803
86972 3821.59069726
87666 3821.59069726
87934 8968.41270083
89157 8968.41270083
89571 7954.88077556
90392 7954.88077556
90588 8771.10436498
92015 8771.10436498
92428 9079.59841912
93310 9079.59841912
93419 4638.22425039
94005 4638.22425039
94438 8225.53475885
95584 8225.53475885
95747 14749.3518194
96692 14749.3518194
97088 6499.87912877
98291 6499.87912877
98533 4286.49568544
99738 4286.49568544
99950 16117.1352941
101275 16117.1352941
101711 14323.3222802
103090 14323.3222802
103393 585.948953794
103951 585.948953794
104141 9799.96208447
104823 9799.96208447
105116 9012.98386983
105838 9012.98386983
106258 1351.95995687
107225 1351.95995687
107439 15280.5357857
108781 15280.5357857
108944 4351.3310492
109532 4351.3310492
109975 5237.25260892
110994 5237.25260892
111359 1205.8258682
111896 1205.8258682
112304 16038.672742
113017 16038.672742
113328 3639.58250267
114804 3639.58250267
115223 2472.59841746
116612 2472.59841746
116878 3860.78048704
118011 3860.78048704
118412 12001.3443835
119304 12001.3443835
119572 6727.75009507
120637 6727.75009507
120985 6365.56024206
121926 6365.56024206
122256 3866.22213262
123396 3866.22213262
123614 2664.14154707
124365 2664.14154707
124809 4742.77801462
125977 4742.77801462
126366 11417.2724718
126935 11417.2724718
127269 8644.26189454
128522 8644.26189454
128721 3703.59225469
129760 3703.59225469
129961 8662.87190654
131404 8662.87190654
131562 55.3327968357
132288 55.3327968357
132592 7367.72546144
133864 7367.72546144
134233 274.774513924
135312 274.774513924
135639 10330.0454364
136633 10330.0454364
137096 7682.54163399
138355 7682.54163399
138704 777.427825322
139966 777.427825322
140105 6565.84505495
141412 6565.84505495
141661 13957.3033719
142387 13957.3033719
142513 1141.55191616
143953 1141.55191616
144251 11742.3313555
145435 11742.3313555
145856 14563.5214814
147044 14563.5214814
147178 602.209197191
148111 602.209197191
148567 8514.75790176
149287 8514.75790176
149514 7702.2601677
150450 7702.2601677
150901 7018.54725227
152226 7018.54725227
152660 7323.61692854
153735 7323.61692854
154016 4765.40055751
155059 4765.40055751
155538 3899.12404638
156119 3899.12404638
156543 14071.3858146
157791 14071.3858146
158091 5718.07911642
159465 5718.07911642
159865 6631.72377589
161202 6631.72377589
161700 3782.63925179
162282 3782.63925179
162722 11669.622049
163947 11669.622049
164354 5272.15380647
165437 5272.15380647
165678 6749.66689562
166737 6749.66689562
166964 5563.31290797
167769 5563.31290797
168074 5422.33047105
169548 5422.33047105
169898 3141.38066075
170428 3141.38066075
170764 669.563269428
171281 669.563269428
171423 1246.65442992
172292 1246.65442992
172742 7100.8887624
174067 7100.8887624
174341 5244.39416551
174869 5244.39416551
175036 18512.5670883
176305 18512.5670883
176712 137.703301904
177300 137.703301904
177558 8154.77261643
178579 8154.77261643
178828 6857.51978541
180181 6857.51978541
180332 314.340931405
181153 314.340931405
181617 6638.91062135
182856 6638.91062135
183181 8225.71520534
184570 8225.71520534
184939 7671.3406227
185810 7671.3406227
186305 5054.39725098
187228 5054.39725098
187622 11.2000351882
188856 11.2000351882
189009 3631.32455321
190507 3631.32455321
190997 6205.04419226
192345 6205.04419226
192598 4665.73368683
193153 4665.73368683
193473 3188.25353519
194064 3188.25353519
194364 3922.31215949
195577 3922.31215949
195830 5234.80422865
197152 5234.80422865
197530 781.784661637
198157 781.784661637
198379 5760.99730691
198943 5760.99730691
199066 21460.298275
199596 21460.298275
200004 3130.52937402
201331 3130.52937402
201478 11866.6301546
202192 11866.6301546
202592 6948.27555252
203446 6948.27555252
203638 4630.08675084
204856 4630.08675084
205316 2734.32175216
206315 2734.32175216
206637 3002.9788653
207565 3002.9788653
207978 5915.66624654
209471 5915.66624654
209947 10344.4877935
210667 10344.4877935
211140 2951.51438594
212407 2951.51438594
212625 6331.46336044
214035 6331.46336044
214531 2781.33505044
215755 2781.33505044
216216 2542.04892902
217382 2542.04892902
217879 8357.62339528
219211 8357.62339528
219355 20468.8644139
220412 20468.8644139
220848 10109.4750359
221371 10109.4750359
221713 6981.08505956
222459 6981.08505956
222698 7701.79165394
223346 7701.79165394
223595 8954.03103545
224795 8954.03103545
225081 2428.00153974
225735 2428.00153974
226203 3123.53507044
227688 3123.53507044
227862 10725.348017
228439 10725.348017
228782 11412.3620252
229658 11412.3620252
229903 10992.5475212
231120 10992.5475212
231538 10197.2452085
232796 10197.2452085
233069 1175.26565517
234466 1175.26565517
234630 7595.44398273
235289 7595.44398273
235639 4730.74514573
237035 4730.74514573
237153 15615.0454568
237874 15615.0454568
238158 588.41677561
238895 588.41677561
239026 5675.78715557
240383 5675.78715557
240680 17316.210644
241739 17316.210644
241951 8897.59856428
243223 8897.59856428
243621 4458.8102171
244583 4458.8102171
244854 14611.6853284
245484 14611.6853284
245682 7727.75572158
247057 7727.75572158
