0 9397.58398999
1080 9397.58398999
1399 3566.61062966
2235 3566.61062966
2593 9259.24267073
3961 9259.24267073
4080 7145.73861735
5000 7145.73861735
5426 3748.60633007
6712 3748.60633007
7015 788.845597987
8370 788.845597987
8642 9164.06128168
9755 9164.06128168
10132 216.329509774
10921 216.329509774
11335 10939.7472495
12479 10939.7472495
12666 3990.30463731
13203 3990.30463731
13465 4097.17878883
14831 4097.17878883
14951 1606.615145
15689 1606.615145
15926 14865.7918604
16488 14865.7918604
16955 3085.27633657
18324 3085.27633657
18435 9845.70281929
19198 9845.70281929
19650 617.891560575
20185 617.891560575
20569 17429.4799817
21114 17429.4799817
21360 7230.94229616
22646 7230.94229616
22928 1571.51967528
24420 1571.51967528
24819 4827.6223331
26119 4827.6223331
26543 2470.68646
27595 2470.68646
27745 3415.87961359
28463 3415.87961359
28805 4315.46437716
29983 4315.46437716
30276 3279.00897157
31254 3279.00897157
31374 7302.79642511
32658 7302.79642511
33035 4969.6986406
34289 4969.6986406
34766 10823.8201781
35395 10823.8201781
35783 9645.16328473
36544 9645.16328473
36649 3553.0561119
37727 3553.0561119
38003 5770.85236752
39171 5770.85236752
39441 4452.41329097
40461 4452.41329097
40610 6479.17625152
41264 6479.17625152
41376 9331.68738475
42062 9331.68738475
42420 744.987723571
43403 744.987723571
43790 8359.1810753
45184 8359.1810753
45299 5565.3143419
46121 5565.3143419
46332 6320.08318332
47019 6320.08318332
47200 9241.79074793
48321 9241.79074793
48486 61.2336794277
49248 61.2336794277
49625 1422.11933941
50491 1422.11933941
50612 10184.2667909
51786 10184.2667909
51889 17830.9071631
52862 17830.9071631
53186 3282.28953907
54288 3282.28953907
54437 1482.48760694
55562 1482.48760694
55910 4538.05436486
57088 4538.05436486
57327 2574.75498777
58129 2574.75498777
58271 8127.10028317
59462 8127.10028317
59819 13511.8043761
60651 13511.8043761
60891 12681.0757663
61507 12681.0757663
61852 11399.9281233
62394 11399.9281233
62599 3320.45350667
63323 3320.45350667
63570 8419.1626881
64100 8419.1626881
64485 869.90212561
65799 869.90212561
66090 2599.38056928
66927 2599.38056928
67030 10978.0046826
68072 10978.0046826
68332 9427.02571916
69166 9427.02571916
69354 8636.38463707
70663 8636.38463707
71036 13481.8378294
71626 13481.8378294
72077 1258.07137123
73452 1258.07137123
73754 4220.21116801
74339 4220.21116801
74821 722.175054575
75971 722.175054575
76362 11432.0310615
77429 11432.0310615
77897 3188.05253926
78612 3188.05253926
78866 831.422993866
79576 831.422993866
79680 3077.62671193
81179 3077.62671193
81645 147.259867777
83057 147.259867777
83391 3402.85755667
84780 3402.85755667
85127 15487.5196682
85784 15487.5196682
86031 9382.54173129
87361 9382.54173129
87620 8521.48626035
88682 8521.48626035
88938 5583.55235625
89487 5583.55235625
89847 12017.9725422
91315 12017.9725422
91696 11249.7079408
92824 11249.7079408
92976 4264.29781758
93830 4264.29781758
94107 1824.25539295
95343 1824.25539295
95482 281.035712389
96672 281.035712389
96973 6760.40580013
98148 6760.40580013
98514 6746.16459527
99854 6746.16459527
100024 3035.9394014
100662 3035.9394014
101155 1758.87489248
102457 1758.87489248
102624 459.05881535
103937 459.05881535
104321 9582.396209
105773 9582.396209
106010 8614.91900431
107317 8614.91900431
107453 2849.13595451
108556 2849.13595451
108717 5243.79351221
109926 5243.79351221
110397 1358.35565538
110913 1358.35565538
111219 17825.9841083
111955 17825.9841083
112203 7070.98605171
113131 7070.98605171
113365 4811.21323918
114719 4811.21323918
115103 9960.66313531
116292 9960.66313531
116766 4958.73913001
118225 4958.73913001
118372 13775.9264856
119395 13775.9264856
119890 1157.02315489
120848 1157.02315489
121262 8895.20699494
121846 8895.20699494
122227 15743.5064322
122932 15743.5064322
123061 9846.19762393
123647 9846.19762393
124047 3301.35664991
124668 3301.35664991
125101 18071.0317955
125968 18071.0317955
126236 9636.73244978
127008 9636.73244978
127450 4744.14165791
128257 4744.14165791
128500 3210.03571855
129082 3210.03571855
129562 3592.60103767
130137 3592.60103767
130479 5187.4923088
131448 5187.4923088
131679 2900.67258899
132480 2900.67258899
132667 8234.72848595
133212 8234.72848595
133708 271.335538734
135085 271.335538734
135497 2486.86222833
136582 2486.86222833
136988 8845.07806648
137532 8845.07806648
137682 3665.43545844
138867 3665.43545844
139197 9367.76853586
140443 9367.76853586
140674 9286.19995573
141247 9286.19995573
141408 9313.07354274
142181 9313.07354274
142625 3403.30749878
144070 3403.30749878
144408 3850.91920099
144990 3850.91920099
145322 181.982628421
146570 181.982628421
146824 7185.17097516
147733 7185.17097516
148106 7128.98227691
149326 7128.98227691
149817 2401.84377918
150750 2401.84377918
150912 8500.58960465
151627 8500.58960465
151728 6394.70733562
152388 6394.70733562
152720 7555.1816034
153627 7555.1816034
153940 6908.97142178
154544 6908.97142178
154936 10935.9127018
156060 10935.9127018
156308 3178.4669067
156838 3178.4669067
156970 21566.5128093
157965 21566.5128093
158433 9451.677197
159190 9451.677197
159392 14802.6369497
160527 14802.6369497
160796 3595.98815797
162154 3595.98815797
162464 4669.76073608
163338 4669.76073608
163572 6506.94564772
164819 6506.94564772
165187 5136.01769884
166600 5136.01769884
166984 5624.55966548
167815 5624.55966548
168024 21.3348607171
169369 21.3348607171
169647 6847.8462196
170891 6847.8462196
171318 9264.60782218
172257 9264.60782218
172592 6140.55638236
173202 6140.55638236
173451 2986.56782712
174027 2986.56782712
174163 18309.8004922
175278 18309.8004922
175752 2650.13162012
176841 2650.13162012
176974 5126.52061684
178017 5126.52061684
178403 4862.38624441
179393 4862.38624441
179807 265.913523885
180448 265.913523885
180659 13026.194419
182146 13026.194419
182588 7132.48606159
183732 7132.48606159
184190 7381.45129739
184759 7381.45129739
185224 6231.86085805
186717 6231.86085805
186982 9980.01945428
187695 9980.01945428
188117 4045.15062887
189395 4045.15062887
189587 5362.07178538
190712 5362.07178538
190893 9685.93080367
191882 9685.93080367
192329 993.284999221
193334 993.284999221
193707 12396.6391548
194620 12396.6391548
195075 8925.27353542
195643 8925.27353542
195857 1674.39860998
197152 1674.39860998
197413 8264.39612996
198197 8264.39612996
198392 5033.56802873
199719 5033.56802873
200105 5685.71052419
200703 5685.71052419
201076 7017.21070256
201747 7017.21070256
202092 6819.31241748
203467 6819.31241748
203569 5599.68623726
204306 5599.68623726
204746 7520.53164149
205544 7520.53164149
205682 6411.63229574
206641 6411.63229574
206822 6614.75500893
207735 6614.75500893
208094 14239.2811583
209550 14239.2811583
209711 10411.8489045
210577 10411.8489045
210847 6325.86328132
212183 6325.86328132
212572 2418.10086971
213705 2418.10086971
214124 3486.15249305
214890 3486.15249305
215035 13382.1008337
216002 13382.1008337
216413 5429.27362867
217309 5429.27362867
217582 7117.93893009
218346 7117.93893009
218672 6116.23706701
219907 6116.23706701
220208 11000.9950685
221614 11000.9950685
222021 437.413630309
223376 437.413630309
223740 6916.31255576
224390 6916.31255576
224615 5564.65040877
225283 5564.65040877
225687 4836.33154131
226889 4836.33154131
227021 1013.39562612
227709 1013.39562612
228126 16221.8198716
228923 16221.8198716
229286 6693.69870831
230479 6693.69870831
230704 18402.6611131
231962 18402.6611131
232107 3285.48017554
233438 3285.48017554
233885 7086.87883921
234460 7086.87883921
234744 11220.5550082
236208 11220.5550082
236647 1775.88627149
237907 1775.88627149
238108 7252.50779366
239492 7252.50779366
239618 970.833719332
240662 970.833719332
241124 13834.1753254
242147 13834.1753254
242575 5410.85798095
244069 5410.85798095
244275 5542.26916236
244808 5542.26916236
245252 16336.7118847
246204 16336.7118847
246448 5679.74360424
247920 5679.74360424
248398 10170.0671301
249695 10170.0671301
250033 2208.89695252
250849 2208.89695252
251173 8899.61774919
252206 8899.61774919
252629 2183.63618414
253172 2183.63618414
253324 11289.4643837
254697 11289.4643837
255017 1707.64520038
255875 1707.64520038
256238 15881.9657928
256922 15881.9657928
257172 14360.5608378
257897 14360.5608378
258154 8840.25421272
258919 8840.25421272
259214 15814.7916405
260020 15814.7916405
260301 10912.9624626
261182 10912.9624626
261484 4243.68517361
262551 4243.68517361
262801 5586.84391116
264127 5586.84391116
264319 13094.1420916
264852 13094.1420916
265019 2752.21687632
266142 2752.21687632
266611 8819.8188361
267710 8819.8188361
268130 4308.01220701
269145 4308.01220701
269370 17010.3830584
270159 17010.3830584
270483 2908.07998852
271669 2908.07998852
272120 3707.7067896
273324 3707.7067896
273615 1090.5377287
274273 1090.5377287
274757 3589.77268329
275952 3589.77268329
276088 7520.50013869
277102 7520.50013869
277412 12191.2214389
278586 12191.2214389
279067 4058.38729015
280037 4058.38729015
280529 3563.85045217
281220 3563.85045217
281349 12662.2771658
282395 12662.2771658
282769 14085.3574564
284117 14085.3574564
284594 19777.5800312
285214 19777.5800312
285683 1413.39596612
286966 1413.39596612
287344 4791.25794821
288092 4791.25794821
