0 5993.67377298
808 5993.67377298
1281 18507.4709914
2384 18507.4709914
2592 9389.85967757
3547 9389.85967757
3780 107.844000812
4550 107.844000812
4952 633.489306633
5652 633.489306633
5988 2948.05573659
7434 2948.05573659
7693 2214.81660444
8765 2214.81660444
8924 1315.80608138
9837 1315.80608138
10295 9607.55461921
11616 9607.55461921
11998 7588.50897487
12695 7588.50897487
13008 13989.9873825
13898 13989.9873825
14120 3375.89272113
15463 3375.89272113
15743 9117.24196176
16402 9117.24196176
16635 2758.33992702
17713 2758.33992702
17982 2895.28808614
18534 2895.28808614
18639 8537.06524536
19473 8537.06524536
19596 14176.8253454
20161 14176.8253454
20412 13916.6582504
21089 13916.6582504
21193 9260.42929253
22588 9260.42929253
23023 16627.3371965
23626 16627.3371965
24002 258.05068653
24773 258.05068653
24934 13359.6993691
25975 13359.6993691
26420 16426.9013016
27184 16426.9013016
27293 7912.23142767
28216 7912.23142767
28711 14545.3019006
29864 14545.3019006
30053 1056.96684009
30782 1056.96684009
31197 5363.40743554
31811 5363.40743554
32169 11547.2293573
32907 11547.2293573
33056 11124.7309903
33659 11124.7309903
33940 11502.436342
34634 11502.436342
34919 6587.5204567
36019 6587.5204567
36142 5629.51026051
36850 5629.51026051
37302 526.558052829
37867 526.558052829
38074 3452.98195417
39534 3452.98195417
39677 4442.5763281
40591 4442.5763281
40965 16149.126553
42281 16149.126553
42699 11619.2891104
44083 11619.2891104
44236 8348.06497729
45066 8348.06497729
45539 8265.27449664
46781 8265.27449664
46892 6728.09283609
47757 6728.09283609
47918 382.767554094
48502 382.767554094
48709 2766.52968863
49291 2766.52968863
49697 10468.1470921
50893 10468.1470921
51066 4786.24908754
52019 4786.24908754
52471 6146.96314931
53777 6146.96314931
53888 12602.1797647
54570 12602.1797647
54847 14945.4369093
55358 14945.4369093
55849 12935.000131
56399 12935.000131
56844 46.3625296669
57620 46.3625296669
58118 7561.69297857
58621 7561.69297857
58795 7253.39811148
59568 7253.39811148
60058 5853.60552271
61355 5853.60552271
61805 5519.82055674
62668 5519.82055674
62833 15219.9434631
63774 15219.9434631
64189 1372.82924705
65085 1372.82924705
65294 12731.7175378
66571 12731.7175378
66778 9258.80313824
67807 9258.80313824
68022 19789.616491
69106 19789.616491
69219 7167.21484058
70574 7167.21484058
70792 7520.88624797
71498 7520.88624797
71702 15244.8721205
72760 15244.8721205
73023 9976.67889376
74134 9976.67889376
74463 7057.91139037
75106 7057.91139037
75233 15651.5472179
76555 15651.5472179
76817 1843.87049702
77933 1843.87049702
78349 4302.73348256
79152 4302.73348256
79274 5849.80066483
80765 5849.80066483
81008 429.609579527
82458 429.609579527
82580 717.258038062
84007 717.258038062
84378 10004.7427298
85070 10004.7427298
85337 3168.019273
86602 3168.019273
86831 5593.16556243
87849 5593.16556243
88229 364.554854623
88875 364.554854623
89151 8409.12286362
90398 8409.12286362
90879 8284.60470539
91942 8284.60470539
92067 5803.22487406
92914 5803.22487406
93102 1349.53314839
94561 1349.53314839
94952 6882.74416134
96137 6882.74416134
96445 12767.5386719
97492 12767.5386719
97630 273.481926649
98844 273.481926649
99047 6216.74083577
100334 6216.74083577
100495 10068.3609064
101016 10068.3609064
101131 7693.74050627
101940 7693.74050627
102358 4730.93264646
103039 4730.93264646
103385 8833.41063249
104400 8833.41063249
104539 682.539794022
105142 682.539794022
105566 11888.4097377
106953 11888.4097377
107118 5849.09749117
107694 5849.09749117
107926 10465.2484166
109196 10465.2484166
109633 5426.28330265
110792 5426.28330265
111144 1535.0747519
112258 1535.0747519
112573 5227.16341129
113741 5227.16341129
113952 7066.87532469
115205 7066.87532469
115481 12819.0167996
116946 12819.0167996
117071 863.964060996
118375 863.964060996
118553 10207.6602878
119965 10207.6602878
120401 1982.13424952
121403 1982.13424952
121877 5750.82147283
123136 5750.82147283
123385 7158.49107982
124000 7158.49107982
124319 5387.66897455
125325 5387.66897455
125777 3943.13682051
126374 3943.13682051
126601 6967.34837086
128017 6967.34837086
128147 10340.2366369
129345 10340.2366369
129823 785.43449086
130983 785.43449086
131342 13308.4984815
131890 13308.4984815
132340 11637.4378818
133594 11637.4378818
133815 17120.3823817
134501 17120.3823817
134801 4747.43094139
135654 4747.43094139
136089 10760.971109
137263 10760.971109
137752 25619.1191834
138571 25619.1191834
139032 14922.9434976
139822 14922.9434976
140139 11450.105668
141481 11450.105668
141770 16557.645863
143141 16557.645863
143316 11946.6414684
144518 11946.6414684
144798 15560.4830518
145611 15560.4830518
145841 6593.48088321
147110 6593.48088321
147423 7374.98337946
148562 7374.98337946
148861 11687.0788374
149561 11687.0788374
149777 10752.016783
151047 10752.016783
151312 2272.87573649
151889 2272.87573649
152328 1212.65921365
153786 1212.65921365
153912 12657.287992
154754 12657.287992
154911 10324.0307288
155935 10324.0307288
156248 3204.24984144
157631 3204.24984144
157808 11009.0068687
158346 11009.0068687
158690 11223.3917512
159974 11223.3917512
160104 6032.01378276
161332 6032.01378276
161679 10781.4665188
162623 10781.4665188
163000 10953.6758222
163717 10953.6758222
163907 8156.03642154
165255 8156.03642154
165470 810.936694223
166965 810.936694223
167075 3036.46785344
168246 3036.46785344
168738 3836.84105655
169915 3836.84105655
170082 7555.24569644
170823 7555.24569644
171216 8576.11139279
171938 8576.11139279
172237 9062.26805789
173376 9062.26805789
173853 9872.43888633
174576 9872.43888633
174858 12025.5694034
175581 12025.5694034
175766 2515.02400421
176896 2515.02400421
177280 11331.6948972
178316 11331.6948972
178433 3310.45347894
179665 3310.45347894
179819 12817.3631868
181043 12817.3631868
181517 6275.01726963
182702 6275.01726963
182923 9987.63559665
184009 9987.63559665
184148 3432.42266918
184932 3432.42266918
185410 7773.16126677
186580 7773.16126677
186981 5206.85796671
187761 5206.85796671
188091 21275.768663
189303 21275.768663
189726 6803.44767651
190248 6803.44767651
190354 13067.7938679
191340 13067.7938679
191769 12736.9065568
192341 12736.9065568
192528 869.743846458
193764 869.743846458
194058 19983.7329724
194880 19983.7329724
195083 8671.55574493
196486 8671.55574493
196886 3635.26291204
197807 3635.26291204
198095 2095.99159426
199005 2095.99159426
199467 5995.59604443
200397 5995.59604443
200660 12785.6536134
201459 12785.6536134
201796 6120.25910046
202840 6120.25910046
203033 9024.43916727
204450 9024.43916727
204852 15653.6784824
205721 15653.6784824
206094 2611.51946324
206935 2611.51946324
207364 5817.61037273
207927 5817.61037273
208350 10765.979421
209504 10765.979421
209632 7854.98830053
210519 7854.98830053
210751 15428.0386213
211780 15428.0386213
212087 16004.8653219
212846 16004.8653219
213114 24357.5239165
214485 24357.5239165
214886 13635.1735682
216310 13635.1735682
216644 1158.71718793
218099 1158.71718793
218595 4224.65529643
219888 4224.65529643
220040 6020.54722177
221144 6020.54722177
221256 14675.9218792
221879 14675.9218792
222272 13763.8688496
223422 13763.8688496
223548 12075.962548
224296 12075.962548
224568 12412.8634631
225688 12412.8634631
226176 9665.20501914
226933 9665.20501914
227156 4195.13226178
228383 4195.13226178
228776 563.820154697
229556 563.820154697
229688 6494.33830968
230655 6494.33830968
230819 3139.55621083
231658 3139.55621083
231903 8483.89635287
233079 8483.89635287
233449 6627.38224998
234751 6627.38224998
234878 5161.32860682
235747 5161.32860682
236238 6099.99436903
236800 6099.99436903
236948 11376.6078449
238087 11376.6078449
238273 7467.12915321
238795 7467.12915321
238975 19490.7006696
240242 19490.7006696
240529 3698.10035427
241210 3698.10035427
241449 7683.67491703
242923 7683.67491703
243115 5515.56996005
244223 5515.56996005
244353 10090.8292885
245488 10090.8292885
245930 13873.9461775
247357 13873.9461775
247480 4271.35400331
248850 4271.35400331
249283 6412.97797287
249815 6412.97797287
250038 2751.49062056
251008 2751.49062056
251319 2844.8870023
252177 2844.8870023
252592 13038.7465519
253612 13038.7465519
253899 561.491575272
254969 561.491575272
255251 7836.83343934
256545 7836.83343934
256873 21248.3538259
257428 21248.3538259
257566 13120.8257752
258569 13120.8257752
258694 16848.9202208
260009 16848.9202208
260439 14677.8892717
261469 14677.8892717
261793 4281.80158308
262498 4281.80158308
262942 11337.0294432
263800 11337.0294432
264214 7594.1155404
264919 7594.1155404
265401 11449.5868451
266077 11449.5868451
266575 10888.4363014
267971 10888.4363014
268094 9332.47281301
268626 9332.47281301
269058 13295.1632545
270113 13295.1632545
270452 9693.9372297
270976 9693.9372297
271079 7774.73712535
271930 7774.73712535
272358 7758.50577941
273243 7758.50577941
273709 1790.47331036
275082 1790.47331036
275560 71.0912690036
276286 71.0912690036
276410 12788.4705245
277150 12788.4705245
277250 4630.07977753
278172 4630.07977753
278281 8678.33973323
279681 8678.33973323
279851 4234.85794062
280588 4234.85794062
280964 7156.23814837
281688 7156.23814837
282020 13799.2833901
283264 13799.2833901
283738 4337.35403086
284367 4337.35403086
284586 20782.961825
285266 20782.961825
285370 6372.77579239
286248 6372.77579239
286684 865.704028194
287660 865.704028194
287760 1891.39013081
288640 1891.39013081
289035 2210.69550408
289870 2210.69550408
290351 4026.32974062
291287 4026.32974062
