0 4713.87096476
1353 4713.87096476
1475 4493.68320181
2379 4493.68320181
2506 5323.83488635
3913 5323.83488635
4352 5008.05430296
5460 5008.05430296
5700 4654.42592808
6630 4654.42592808
6876 3525.81296276
7461 3525.81296276
7912 4655.10430087
9312 4655.10430087
9430 4711.31877002
10526 4711.31877002
10733 4669.3616275
11258 4669.3616275
11455 4288.95870307
12014 4288.95870307
12210 5627.79423937
13624 5627.79423937
13866 2981.74926901
15001 2981.74926901
15346 4203.95487259
16612 4203.95487259
17106 3532.31649251
18572 3532.31649251
19049 4918.09813499
19683 4918.09813499
19961 3824.57123714
20609 3824.57123714
20913 4627.77160967
22114 4627.77160967
22291 4583.0992315
22824 4583.0992315
23180 5200.81581879
23698 5200.81581879
23826 4143.77869248
25162 4143.77869248
25426 4294.84882499
26696 4294.84882499
26859 4594.66153904
28218 4594.66153904
28338 4583.59519602
29813 4583.59519602
29968 3816.68338918
31107 3816.68338918
31432 4899.02751843
32866 4899.02751843
33172 4272.93876159
34446 4272.93876159
34855 4977.78684126
35659 4977.78684126
35935 4949.5277936
37085 4949.5277936
37446 4518.9210609
38493 4518.9210609
38630 5556.49900631
39944 5556.49900631
40134 4856.64825595
41424 4856.64825595
41594 3384.39438722
42266 3384.39438722
42414 4557.2541451
43526 4557.2541451
43773 4576.70971766
45015 4576.70971766
45379 4473.7187663
46811 4473.7187663
47209 4958.97002737
48051 4958.97002737
48549 4230.82682932
49608 4230.82682932
49950 3800.74798281
50608 3800.74798281
51055 4134.65499692
52189 4134.65499692
52408 4551.27712879
53077 4551.27712879
53454 5176.04042623
54535 5176.04042623
54680 2791.47126158
56095 2791.47126158
56427 3788.13217322
57439 3788.13217322
57645 4316.29580134
58814 4316.29580134
59101 5015.51769559
60404 5015.51769559
60632 4255.41406153
61769 4255.41406153
62207 4757.52631183
63102 4757.52631183
63353 3891.16244993
63878 3891.16244993
64133 4447.15511988
65128 4447.15511988
65564 4564.12814967
66189 4564.12814967
66456 4243.85985546
67149 4243.85985546
67296 4347.1754387
68238 4347.1754387
68592 4684.62629661
69367 4684.62629661
69498 4151.30020519
70659 4151.30020519
70893 4235.75127146
71832 4235.75127146
71962 5190.86003589
73438 5190.86003589
73857 4688.56708925
74922 4688.56708925
75362 4571.00590276
76703 4571.00590276
77156 4793.1805703
78553 4793.1805703
78933 4106.2055132
80333 4106.2055132
80625 3302.71667659
81139 3302.71667659
81612 4073.8453244
82775 4073.8453244
82983 5287.62533922
84052 5287.62533922
84499 4560.69109996
85603 4560.69109996
85804 4755.57802187
86553 4755.57802187
87039 4924.6374763
87986 4924.6374763
88161 4268.88451999
89249 4268.88451999
89479 4271.61605199
90463 4271.61605199
90587 3985.71344239
91169 3985.71344239
91301 3917.28350301
92310 3917.28350301
92755 4521.18335669
94112 4521.18335669
94284 4584.67036034
95762 4584.67036034
96218 4639.11626318
97309 4639.11626318
97748 4436.6432828
98499 4436.6432828
98689 3370.07910673
99368 3370.07910673
99655 4049.25053023
100995 4049.25053023
101455 4426.07729152
101996 4426.07729152
102342 3799.83685486
103046 3799.83685486
103249 5883.11460428
104288 5883.11460428
104761 4632.33680219
105837 4632.33680219
105996 2561.4104011
107408 2561.4104011
107561 4316.65236391
108319 4316.65236391
108436 4231.84513503
109731 4231.84513503
109950 5401.93352272
110818 5401.93352272
111308 4476.29236194
112121 4476.29236194
112355 4410.06253958
113017 4410.06253958
113451 4963.47958809
114265 4963.47958809
114640 3822.99190095
115275 3822.99190095
115540 4859.77107493
116930 4859.77107493
117165 4993.48011765
118466 4993.48011765
118638 3847.39184284
119961 3847.39184284
120342 4592.44618433
121068 4592.44618433
121258 5545.64392924
122130 5545.64392924
122560 4147.86271036
123171 4147.86271036
123668 2947.41076457
124181 2947.41076457
124377 3782.42627178
125590 3782.42627178
125852 4464.28959258
126920 4464.28959258
127030 3093.21358224
127892 3093.21358224
128297 2950.30947197
129382 2950.30947197
129553 3686.24342637
130921 3686.24342637
131351 4725.89630615
132658 4725.89630615
132809 4693.25124365
133893 4693.25124365
134121 3967.3600089
135608 3967.3600089
135760 5128.96720952
137209 5128.96720952
137615 5496.14424331
138435 5496.14424331
138576 3885.61546306
139385 3885.61546306
139793 4830.45438684
140639 4830.45438684
140783 5112.48024339
141759 5112.48024339
142184 5612.45742794
143389 5612.45742794
143784 6238.90092984
145200 6238.90092984
145578 4491.60092706
146539 4491.60092706
146876 5683.09632496
147377 5683.09632496
147688 4351.52068204
148344 4351.52068204
148465 6037.29429701
149045 6037.29429701
149476 5264.47857321
150070 5264.47857321
150434 5134.92894337
151677 5134.92894337
151896 4856.62661015
153186 4856.62661015
153358 4176.31168122
154388 4176.31168122
154638 3930.52842872
156134 3930.52842872
156373 4828.7516604
157776 4828.7516604
158164 4495.00488229
159378 4495.00488229
159561 3563.19479583
160680 3563.19479583
160995 5829.23243079
162391 5829.23243079
162539 5295.51609838
163445 5295.51609838
163717 4043.83520112
164786 4043.83520112
165087 4937.14010359
166324 4937.14010359
166563 4434.14427345
167623 4434.14427345
167963 4900.89197868
169432 4900.89197868
169873 4990.31540284
171315 4990.31540284
171569 4035.4010763
172696 4035.4010763
172819 5452.96701434
174267 5452.96701434
174682 4847.53531309
175564 4847.53531309
175664 4408.17691971
176396 4408.17691971
176664 4597.90221408
177290 4597.90221408
177592 3863.51257006
178995 3863.51257006
179235 4738.029431
179828 4738.029431
180178 4325.16363135
181605 4325.16363135
181782 5858.48978033
182996 5858.48978033
183356 2795.22461816
184088 2795.22461816
184294 4583.40270975
184930 4583.40270975
185122 4378.93434461
186381 4378.93434461
186756 3202.76832297
188047 3202.76832297
188184 5375.47243523
188849 5375.47243523
189024 4531.61704987
190254 4531.61704987
190460 3254.27598498
191440 3254.27598498
191663 4214.20306426
192992 4214.20306426
193408 4976.36800952
194566 4976.36800952
194828 3692.71171201
195373 3692.71171201
195821 5919.05432739
196397 5919.05432739
196525 4514.24474781
197728 4514.24474781
197936 4256.11054258
199426 4256.11054258
199647 5423.6580512
201083 5423.6580512
201554 4485.19998545
202930 4485.19998545
203088 4693.17184098
204358 4693.17184098
204652 5007.49798723
205247 5007.49798723
205659 4431.72333193
206414 4431.72333193
206764 4733.87306062
207733 4733.87306062
208121 4921.25877795
208725 4921.25877795
208851 3774.72887454
210278 3774.72887454
210774 4849.73857688
211445 4849.73857688
211637 5535.35302923
212663 5535.35302923
212770 4325.93846512
213301 4325.93846512
213594 4335.99869214
214794 4335.99869214
215057 4661.00614281
216106 4661.00614281
216373 3929.96796551
217764 3929.96796551
218216 4405.04194934
219691 4405.04194934
220093 4496.77051742
221183 4496.77051742
221292 4696.43719139
222024 4696.43719139
222197 4410.43583805
223531 4410.43583805
223663 5129.71567882
224476 5129.71567882
224922 4286.27816581
225901 4286.27816581
226093 3949.14030115
226984 3949.14030115
227316 3606.27207462
228057 3606.27207462
228233 5751.49870205
229045 5751.49870205
229173 5824.72159936
230558 5824.72159936
230870 5031.81874134
231810 5031.81874134
232222 5270.96109965
232740 5270.96109965
232959 6561.73049953
234276 6561.73049953
234522 3931.72963589
235755 3931.72963589
236140 5067.76622587
237118 5067.76622587
237537 4192.81326507
238509 4192.81326507
238837 4526.15738015
239391 4526.15738015
239668 4812.72128871
240504 4812.72128871
240734 4350.39170466
241454 4350.39170466
241596 3675.45919134
242403 3675.45919134
242748 5580.43195051
243418 5580.43195051
243596 4943.70600453
244926 4943.70600453
245377 6055.36678436
246620 6055.36678436
246874 5082.11335423
248293 5082.11335423
248404 4734.33763273
249769 4734.33763273
250161 5718.70509391
251156 5718.70509391
251410 3660.91360867
252497 3660.91360867
252770 4188.9411662
253593 4188.9411662
253706 4678.33470519
255049 4678.33470519
255358 5545.1974768
256741 5545.1974768
256904 3373.15857668
258236 3373.15857668
