0 5120.45158794
1240 5120.45158794
1369 2619.09310878
2586 2619.09310878
2873 6749.20982558
3450 6749.20982558
3757 4452.23602464
5067 4452.23602464
5444 6767.80357719
6926 6767.80357719
7298 5446.21063314
8019 5446.21063314
8441 4031.84566101
9381 4031.84566101
9755 5882.17829822
10607 5882.17829822
11055 5492.19063651
11613 5492.19063651
11909 3935.8945825
12913 3935.8945825
13294 6321.78622467
13846 6321.78622467
14115 3324.33033225
15072 3324.33033225
15277 2248.47784495
16134 2248.47784495
16535 3486.0377696
17602 3486.0377696
17995 4989.18669246
19129 4989.18669246
19237 5222.88455936
20592 5222.88455936
20908 3081.21539135
21444 3081.21539135
21858 5764.58935941
23175 5764.58935941
23306 6742.37016814
24157 6742.37016814
24372 2614.00487051
25569 2614.00487051
25748 6499.4824761
26824 6499.4824761
26933 6816.39948895
27752 6816.39948895
27901 5818.13207611
29086 5818.13207611
29406 4849.59838617
30247 4849.59838617
30396 4390.2347464
31061 4390.2347464
31296 3823.63774282
32205 3823.63774282
32505 3935.84958679
33376 3935.84958679
33634 5282.79551175
34357 5282.79551175
34812 3119.20687688
36192 3119.20687688
36687 4664.17394529
38073 4664.17394529
38486 5400.82506143
39817 5400.82506143
40111 5832.26728326
40705 5832.26728326
41045 5767.70302558
42201 5767.70302558
42491 4980.73848163
43358 4980.73848163
43631 5574.59068379
44426 5574.59068379
44819 3753.89854141
45546 3753.89854141
45873 2075.70563684
46800 2075.70563684
47132 5201.88186519
48363 5201.88186519
48549 3443.20530102
49367 3443.20530102
49679 3925.51392873
51057 3925.51392873
51422 2625.57385255
52319 2625.57385255
52699 5508.25488637
53406 5508.25488637
53663 4352.41487975
54509 4352.41487975
54696 4667.91753483
55450 4667.91753483
55940 3073.60417731
57009 3073.60417731
57111 5311.03277659
57995 5311.03277659
58432 5956.92091822
59503 5956.92091822
59649 5117.71893757
60880 5117.71893757
61026 7499.54971253
62025 7499.54971253
62438 6731.79291299
63766 6731.79291299
64137 3574.38180993
65307 3574.38180993
65451 5059.66048409
66008 5059.66048409
66166 4224.47359855
67015 4224.47359855
67240 1912.4300949
68279 1912.4300949
68673 3751.25015004
70068 3751.25015004
70296 3874.20836632
71368 3874.20836632
71503 5011.51911906
72558 5011.51911906
73027 3903.79897236
74117 3903.79897236
74217 3363.86999479
75323 3363.86999479
75584 3591.70654721
76649 3591.70654721
77053 3133.56811636
77584 3133.56811636
77721 4541.14565864
78538 4541.14565864
79033 4297.93343676
80434 4297.93343676
80581 5332.69509751
81764 5332.69509751
82074 6015.54619994
82636 6015.54619994
82973 5097.86976934
83839 5097.86976934
84180 5671.75374477
84982 5671.75374477
85203 4855.2434916
86530 4855.2434916
86945 3365.9496909
87766 3365.9496909
88254 2360.79107502
88946 2360.79107502
89173 5413.06497387
90016 5413.06497387
90321 2508.02471271
91062 2508.02471271
91545 3200.48393032
92700 3200.48393032
92861 3687.13203551
94019 3687.13203551
94201 5426.40868415
94915 5426.40868415
95221 5457.589364
95868 5457.589364
96098 6410.92320641
96974 6410.92320641
97288 5870.77162768
97937 5870.77162768
98164 5562.06704755
98988 5562.06704755
99218 3570.15230906
100446 3570.15230906
100655 3617.4532783
101998 3617.4532783
102421 5150.1513774
102939 5150.1513774
103223 4464.26921726
103894 4464.26921726
104327 4511.1631458
105458 4511.1631458
105739 1381.66564535
106346 1381.66564535
106512 3245.7533218
107114 3245.7533218
107461 5167.37561026
108063 5167.37561026
108208 7381.27764764
108800 7381.27764764
109202 3057.5456529
109728 3057.5456529
110044 3070.28821413
110856 3070.28821413
111211 3418.69798745
112301 3418.69798745
112648 2099.31344634
113328 2099.31344634
113481 4382.05581676
114391 4382.05581676
114813 5843.1002861
115452 5843.1002861
115901 4997.71172526
116714 4997.71172526
117211 5164.49220885
117721 5164.49220885
117918 4222.8531735
119004 4222.8531735
119341 5055.15633522
120417 5055.15633522
120645 5705.35021728
122054 5705.35021728
122339 6097.3268731
123706 6097.3268731
123946 5143.64534624
125064 5143.64534624
125244 4134.26354523
126620 4134.26354523
127085 5012.6375796
128021 5012.6375796
128166 4934.42028777
129470 4934.42028777
129718 4851.33644702
130385 4851.33644702
130818 2954.7284123
132153 2954.7284123
132261 5025.53529864
132765 5025.53529864
133172 5010.01155275
133901 5010.01155275
134359 4251.15792825
135539 4251.15792825
135868 5608.41662101
136675 5608.41662101
136857 4308.09679203
137661 4308.09679203
137879 6054.27276599
138569 6054.27276599
138952 3668.03875959
140149 3668.03875959
140602 3573.23685838
141278 3573.23685838
141399 2589.23353425
142369 2589.23353425
142564 5440.02759431
143914 5440.02759431
144142 4863.39466561
145006 4863.39466561
145357 4194.14988882
146330 4194.14988882
146746 4050.56502942
147565 4050.56502942
147846 5898.92542883
148774 5898.92542883
148968 6484.30899444
150099 6484.30899444
150434 4525.65268556
151783 4525.65268556
152234 5970.46207153
153433 5970.46207153
153557 3783.28031763
154633 3783.28031763
154917 4695.97246928
156299 4695.97246928
156549 4863.73663942
157777 4863.73663942
158230 4006.08508799
159391 4006.08508799
159855 5614.66484173
160393 5614.66484173
160581 5249.49574718
161328 5249.49574718
161452 5099.75017342
162060 5099.75017342
162530 4115.70192246
163312 4115.70192246
163606 3696.37887198
164842 3696.37887198
164967 4311.67463764
166132 4311.67463764
166237 4295.37406116
167456 4295.37406116
167804 1440.29355765
168410 1440.29355765
168668 3896.38560745
169536 3896.38560745
169874 4049.52714924
170390 4049.52714924
170693 1718.93816898
171645 1718.93816898
171838 2073.54281284
172528 2073.54281284
172914 3907.13159456
174126 3907.13159456
174392 3146.15243035
175867 3146.15243035
176353 3703.4545114
177186 3703.4545114
177310 4026.90453533
177923 4026.90453533
178243 4261.81878413
178928 4261.81878413
179061 3966.20996153
180211 3966.20996153
180400 3610.04645275
181239 3610.04645275
181690 2108.1154769
182477 2108.1154769
182696 5432.80505386
183441 5432.80505386
183730 5533.51468288
185032 5533.51468288
185488 5307.84962416
186489 5307.84962416
186887 4834.51882944
187732 4834.51882944
188019 3061.3786884
188582 3061.3786884
189081 5585.49174728
189670 5585.49174728
189786 3746.57059777
190879 3746.57059777
191354 5167.07493856
192576 5167.07493856
192810 5668.6649294
193857 5668.6649294
194232 3743.03917352
194852 3743.03917352
195268 3479.61125373
196287 3479.61125373
196706 4138.92259768
197343 4138.92259768
197485 6433.54384812
198687 6433.54384812
199150 4386.97797236
200392 4386.97797236
200862 2333.89302719
202057 2333.89302719
202511 5209.60791801
203448 5209.60791801
203790 5559.35440452
205000 5559.35440452
205176 3762.7863302
205978 3762.7863302
206437 4449.28606744
207612 4449.28606744
208007 6476.07216594
209185 6476.07216594
209619 3910.4109807
210463 3910.4109807
210678 4717.74008474
211488 4717.74008474
