0 4632.11883487
572 4632.11883487
709 2995.8505308
1725 2995.8505308
2206 3332.43794013
3503 3332.43794013
3808 4625.67733031
5082 4625.67733031
5194 6795.268391
6647 6795.268391
6833 6522.67021548
8206 6522.67021548
8372 1084.06258564
9836 1084.06258564
10025 4427.13194355
10924 4427.13194355
11217 4106.95976097
11856 4106.95976097
12267 3463.46285766
13731 3463.46285766
13939 5631.29779621
14518 5631.29779621
14796 3142.05491092
15940 3142.05491092
16266 5062.42285194
17343 5062.42285194
17690 4372.28021709
18284 4372.28021709
18749 4155.32190999
19736 4155.32190999
19973 2824.79541102
20522 2824.79541102
20712 6327.68777502
22202 6327.68777502
22697 7037.52516295
24178 7037.52516295
24560 1555.40871744
25062 1555.40871744
25195 4750.21315299
26105 4750.21315299
26444 3768.80336672
27108 3768.80336672
27585 4119.87523386
28427 4119.87523386
28678 3606.0925238
29618 3606.0925238
29917 6111.6425772
31199 6111.6425772
31539 6741.56386672
32760 6741.56386672
33252 2332.04837496
33946 2332.04837496
34345 5342.98185442
35055 5342.98185442
35285 5778.18708292
36455 5778.18708292
36933 2677.88103096
38341 2677.88103096
38509 6092.23829676
39549 6092.23829676
39759 4416.89397863
40485 4416.89397863
40911 6267.14438989
41830 6267.14438989
42170 6703.08734115
43106 6703.08734115
43519 2720.68291674
44847 2720.68291674
45188 5052.32273301
46139 5052.32273301
46329 6653.87868591
47828 6653.87868591
48081 5034.65456449
48664 5034.65456449
48846 3793.45972896
50177 3793.45972896
50633 4562.59193275
51347 4562.59193275
51516 4997.15881941
52105 4997.15881941
52269 5135.04996363
53012 5135.04996363
53467 3211.00770631
54739 3211.00770631
55149 5208.28128722
56602 5208.28128722
57016 6685.02887805
58074 6685.02887805
58364 7388.19222333
58945 7388.19222333
59123 7895.26992333
60096 7895.26992333
60464 3273.90328416
61052 3273.90328416
61362 3808.03849676
62819 3808.03849676
62956 4935.18073191
63887 4935.18073191
64292 5284.09379987
65748 5284.09379987
66158 4826.47796705
66941 4826.47796705
67067 5494.09933984
68508 5494.09933984
68998 5072.210962
70080 5072.210962
70285 5072.0146098
71526 5072.0146098
71685 3207.2086831
72252 3207.2086831
72547 4270.4920403
73731 4270.4920403
74144 2455.05525279
75028 2455.05525279
75440 7150.84387568
76525 7150.84387568
76783 6434.92333977
77680 6434.92333977
78047 3203.15885082
78856 3203.15885082
79075 4348.18202403
79859 4348.18202403
80325 4903.55498554
81778 4903.55498554
82262 104.239853141
83044 104.239853141
83322 2640.38770566
83980 2640.38770566
84166 3593.44792377
85428 3593.44792377
85786 5430.81343915
87276 5430.81343915
87669 7709.4955096
88840 7709.4955096
88972 4688.95924084
89540 4688.95924084
89830 7842.52300079
91303 7842.52300079
91756 3950.94550533
92498 3950.94550533
92682 3375.41627202
93952 3375.41627202
94263 3363.83106144
95272 3363.83106144
95612 5042.05997985
96583 5042.05997985
96826 5952.76760935
97853 5952.76760935
98085 5828.10199483
99555 5828.10199483
99793 6126.70571245
100723 6126.70571245
100853 2498.8243301
101455 2498.8243301
101621 4081.16307897
102547 4081.16307897
102865 4280.07994157
103852 4280.07994157
104104 3312.80101685
105394 3312.80101685
105575 6323.57099754
106488 6323.57099754
106759 4822.63467174
107470 4822.63467174
107712 4604.08354478
108571 4604.08354478
108860 7434.32872683
109905 7434.32872683
110316 3567.39238131
111318 3567.39238131
111740 4064.41698198
112406 4064.41698198
112808 8802.26579382
113875 8802.26579382
114120 5308.421041
115551 5308.421041
115702 2923.48469055
116876 2923.48469055
117080 6517.75611621
117658 6517.75611621
118137 6187.70666199
119158 6187.70666199
119495 6831.3852645
120340 6831.3852645
120588 1089.84135457
121901 1089.84135457
122143 4877.49597564
123011 4877.49597564
123362 4769.49259967
124203 4769.49259967
124568 7159.01646557
125816 7159.01646557
126122 5046.78374605
126921 5046.78374605
127181 7487.09339353
128605 7487.09339353
128876 5367.93648377
129885 5367.93648377
130134 762.916444034
130753 762.916444034
130914 4333.38103549
132266 4333.38103549
132368 4810.30107664
133548 4810.30107664
133940 5913.45104355
134874 5913.45104355
135151 2776.85815534
136446 2776.85815534
136731 1694.93076181
137664 1694.93076181
137874 1832.46009696
139175 1832.46009696
139378 6355.09385534
140458 6355.09385534
140638 5215.67882807
141806 5215.67882807
142116 7371.64915075
142716 7371.64915075
142854 6262.58599586
144132 6262.58599586
144314 4369.61169939
144966 4369.61169939
145450 5600.68596872
146215 5600.68596872
146467 5815.35869922
147115 5815.35869922
147254 2882.44050936
148648 2882.44050936
149050 3163.28551492
150121 3163.28551492
150540 4287.56735428
151566 4287.56735428
151913 5989.45120771
153281 5989.45120771
153391 5187.52772875
154178 5187.52772875
154644 6115.46334192
155819 6115.46334192
155926 4121.69844124
156586 4121.69844124
156902 5329.20271447
157405 5329.20271447
157585 4667.24760602
158437 4667.24760602
158759 6369.13455056
159350 6369.13455056
159775 3278.65625968
160770 3278.65625968
161195 3592.63689558
162376 3592.63689558
162511 7037.87818269
163181 7037.87818269
163486 7063.15760254
164028 7063.15760254
164232 8146.03309957
165524 8146.03309957
165923 4406.5790695
166617 4406.5790695
167039 3977.95351826
168017 3977.95351826
168364 7246.5136696
168887 7246.5136696
169045 7071.94147583
170042 7071.94147583
170236 3510.29813701
170942 3510.29813701
171261 6423.7365394
172071 6423.7365394
172380 5379.03417143
172918 5379.03417143
173286 4765.58483613
174634 4765.58483613
174856 6170.17938339
176273 6170.17938339
176406 3069.61250119
177597 3069.61250119
177985 4956.86343448
179143 4956.86343448
179593 4429.63474184
180434 4429.63474184
180715 5723.95171017
181786 5723.95171017
182226 9787.82099286
183419 9787.82099286
183750 3494.17110762
184855 3494.17110762
185170 6067.72615347
186248 6067.72615347
186469 3240.37940844
186994 3240.37940844
187445 6734.89641443
188167 6734.89641443
188601 7293.34752883
189810 7293.34752883
190057 5511.23722667
191343 5511.23722667
191608 6316.75175238
192410 6316.75175238
192575 5568.11674721
193100 5568.11674721
193372 2926.58216688
194137 2926.58216688
194516 5421.47715563
195589 5421.47715563
195857 5222.40710361
196384 5222.40710361
196678 4938.32333737
197334 4938.32333737
197654 6925.54408503
198329 6925.54408503
198534 5326.24607616
199700 5326.24607616
200125 6472.92669073
201258 6472.92669073
201506 5023.38003596
202793 5023.38003596
203262 6349.8694264
203818 6349.8694264
204183 4528.68096351
205127 4528.68096351
205571 5663.88974413
206247 5663.88974413
206731 4875.18684445
207696 4875.18684445
208148 2985.6038442
209418 2985.6038442
