0 5296.26290209
1087 5296.26290209
1265 1261.79002243
2062 1261.79002243
2483 3232.36126961
3973 3232.36126961
4108 8053.97410378
5100 8053.97410378
5526 6105.13829747
6258 6105.13829747
6445 6976.43145535
7484 6976.43145535
7838 2434.11990436
9330 2434.11990436
9623 1009.14840436
10633 1009.14840436
10745 3761.95772027
11295 3761.95772027
11524 2465.39094998
12547 2465.39094998
12768 1643.21217773
14257 1643.21217773
14538 6508.64753304
15996 6508.64753304
16254 10573.5445987
17210 10573.5445987
17476 10643.0604419
18428 10643.0604419
18646 8384.27007537
19366 8384.27007537
19829 5529.22894931
20548 5529.22894931
20865 5377.69855584
22159 5377.69855584
22266 9164.71007645
22870 9164.71007645
23361 617.436041048
24634 617.436041048
24950 715.460028008
26294 715.460028008
26461 11486.0708716
27197 11486.0708716
27616 8090.42637655
29078 8090.42637655
29203 4215.89133714
30372 4215.89133714
30480 3123.66456789
31805 3123.66456789
31914 3669.47553164
33081 3669.47553164
33578 5829.17607985
34582 5829.17607985
34709 87.5480861668
35238 87.5480861668
35638 5202.44031583
37052 5202.44031583
37520 7325.67471687
38675 7325.67471687
38801 7293.58032634
39848 7293.58032634
40109 1165.03542815
41365 1165.03542815
41712 622.942261255
42462 622.942261255
42892 3639.30208024
43915 3639.30208024
44388 2710.90275174
45797 2710.90275174
46131 4598.55541728
46839 4598.55541728
46958 4229.99329932
48100 4229.99329932
48355 2963.81542048
49097 2963.81542048
49303 4523.63296429
50505 4523.63296429
50799 10298.2263591
51306 10298.2263591
51488 9044.97662386
52486 9044.97662386
52818 1847.31324733
53417 1847.31324733
53791 3443.08568173
55289 3443.08568173
55578 3627.37147095
56757 3627.37147095
57249 6681.33755629
58557 6681.33755629
58932 413.914017343
59978 413.914017343
60150 6751.33995241
61582 6751.33995241
61775 4019.46087011
63073 4019.46087011
63492 6074.10637416
64446 6074.10637416
64933 5319.4966371
65804 5319.4966371
66213 9796.05420596
66773 9796.05420596
67185 9634.78062214
67828 9634.78062214
68183 9488.69129833
68779 9488.69129833
69160 1007.97960021
69947 1007.97960021
70224 871.36100457
70894 871.36100457
71342 10135.5591855
72508 10135.5591855
72898 5666.39028831
74043 5666.39028831
74327 2571.44963192
74846 2571.44963192
74950 2860.9398392
75499 2860.9398392
75673 11835.2767196
76950 11835.2767196
77248 2683.85249184
78379 2683.85249184
78756 5309.32993623
79815 5309.32993623
80263 439.500417081
81716 439.500417081
82113 6068.27251451
82672 6068.27251451
83041 5402.39010141
84070 5402.39010141
84246 7042.5287852
85078 7042.5287852
85466 9186.28098899
86114 9186.28098899
86526 9073.19268309
87900 9073.19268309
88392 7105.78325124
89437 7105.78325124
89685 1960.06251128
90207 1960.06251128
90323 2974.55209621
91355 2974.55209621
91841 3049.03217927
92774 3049.03217927
93065 4222.39960002
93676 4222.39960002
93861 9681.99297554
95068 9681.99297554
95281 1174.91207035
96184 1174.91207035
96339 5850.29024024
97383 5850.29024024
97661 4892.56296613
98320 4892.56296613
98524 13528.017308
99636 13528.017308
99796 8277.10387871
100321 8277.10387871
100600 8162.60090981
101343 8162.60090981
101693 10744.4915331
102584 10744.4915331
102803 7813.89619968
103556 7813.89619968
103805 8079.37024726
104904 8079.37024726
105080 14729.5890045
106158 14729.5890045
106523 10129.3521568
107501 10129.3521568
107891 2473.22350818
108857 2473.22350818
109118 7579.01501094
110603 7579.01501094
110877 2921.51444194
111636 2921.51444194
111889 4112.28664782
112934 4112.28664782
113162 10129.9516989
113825 10129.9516989
114265 227.715618614
115097 227.715618614
115331 12973.7782106
116282 12973.7782106
116508 8423.4358446
117206 8423.4358446
117518 3097.26312076
118498 3097.26312076
118867 7613.82614129
119617 7613.82614129
119790 7326.23653036
120472 7326.23653036
120971 13211.9949771
122462 13211.9949771
122631 1985.98954905
123577 1985.98954905
124057 4779.23996538
124800 4779.23996538
125115 2418.55902328
126544 2418.55902328
126907 1622.26928054
127587 1622.26928054
128077 1368.52581
128588 1368.52581
129012 6225.16739316
129813 6225.16739316
130067 1810.58439484
131007 1810.58439484
131366 5023.81554471
132836 5023.81554471
133234 9862.39924034
134344 9862.39924034
134770 10908.1449647
135608 10908.1449647
135718 9027.07692681
136835 9027.07692681
137290 3640.45692895
138419 3640.45692895
138823 5381.81543623
140175 5381.81543623
140355 4301.51015124
141090 4301.51015124
141210 6874.80921482
142107 6874.80921482
142317 2693.47961058
143751 2693.47961058
144146 10166.5001114
144845 10166.5001114
145131 1358.03551633
146333 1358.03551633
146434 12366.2176897
147302 12366.2176897
147759 3240.53552488
148765 3240.53552488
149081 8125.71794283
150296 8125.71794283
150485 5845.32071165
151367 5845.32071165
151559 8357.84477896
152686 8357.84477896
152918 8259.11312326
154187 8259.11312326
154588 204.935451245
155330 204.935451245
155757 2283.21520097
156607 2283.21520097
157051 2712.97371105
158352 2712.97371105
158527 7052.1579058
159761 7052.1579058
160082 6810.69947429
161276 6810.69947429
161725 5880.24683778
163029 5880.24683778
163158 11704.1878804
164384 11704.1878804
164761 806.578111587
165812 806.578111587
166024 4087.15036116
166616 4087.15036116
166760 5051.04885244
167517 5051.04885244
167924 5822.63306013
168531 5822.63306013
168790 1622.2309605
169526 1622.2309605
170014 9083.77332413
170568 9083.77332413
170838 9533.2635253
171551 9533.2635253
171791 4461.76139095
172520 4461.76139095
172865 5428.19770797
173959 5428.19770797
174087 8859.75518164
175296 8859.75518164
175470 3572.69437837
176363 3572.69437837
176511 1402.9148789
177614 1402.9148789
177741 5743.31523702
178894 5743.31523702
179328 7265.3213066
180165 7265.3213066
180583 5268.05929078
181696 5268.05929078
182151 6901.75830365
182697 6901.75830365
183062 4578.49724843
184530 4578.49724843
184645 9138.25514465
185957 9138.25514465
186416 10823.108846
187477 10823.108846
187965 3091.82077534
188755 3091.82077534
189178 6067.9795402
189861 6067.9795402
190083 6806.73919893
191395 6806.73919893
191568 7044.90901949
192661 7044.90901949
192980 3794.6183958
194391 3794.6183958
194610 7958.80541808
195522 7958.80541808
195798 2135.72272285
197156 2135.72272285
197295 10275.3124858
197857 10275.3124858
198166 9289.19727052
198749 9289.19727052
198948 3581.45147908
200026 3581.45147908
200186 6146.66745463
200998 6146.66745463
201494 4475.9632938
202649 4475.9632938
203043 1170.39524274
204423 1170.39524274
204687 6614.29812865
205875 6614.29812865
206358 1993.22865485
207756 1993.22865485
208089 10624.4256466
208906 10624.4256466
209106 8926.16654551
210365 8926.16654551
210617 6805.53322859
211993 6805.53322859
212393 8614.07273994
213193 8614.07273994
213629 12845.3489878
214216 12845.3489878
214537 6442.55109136
215902 6442.55109136
216292 7959.25326493
216956 7959.25326493
217283 652.404143995
218699 652.404143995
219174 9112.71603908
220624 9112.71603908
220884 4248.66703106
221431 4248.66703106
221697 8173.5518405
222620 8173.5518405
223033 5386.11314911
223705 5386.11314911
223833 9701.5032613
225097 9701.5032613
225589 5492.97660423
226959 5492.97660423
227348 7080.29054883
228724 7080.29054883
229153 6856.84368515
230638 6856.84368515
230890 2411.65621703
231390 2411.65621703
231508 2765.52388785
232309 2765.52388785
232747 7809.35488422
233413 7809.35488422
233585 5395.7046426
234239 5395.7046426
234574 6457.83784166
235838 6457.83784166
235939 8734.12873732
236982 8734.12873732
237152 5814.53175816
237792 5814.53175816
238001 6067.10467408
239296 6067.10467408
239488 1075.20577308
240391 1075.20577308
240687 2645.35867568
241277 2645.35867568
241442 97.2323347336
242194 97.2323347336
242690 305.517795987
243478 305.517795987
243597 9536.44218904
244300 9536.44218904
244580 3890.19999672
245961 3890.19999672
246299 4926.21568638
247364 4926.21568638
247551 314.97821407
248664 314.97821407
249111 2954.13946648
249640 2954.13946648
249955 7117.6136552
250909 7117.6136552
251139 7676.39327841
251652 7676.39327841
251997 4751.47239081
253329 4751.47239081
253556 3326.61153565
254087 3326.61153565
254464 3264.10311354
255227 3264.10311354
255529 6878.68297338
256989 6878.68297338
257107 10832.673454
257875 10832.673454
258050 3441.5435943
259497 3441.5435943
259971 4319.02180266
260557 4319.02180266
260742 7726.19571684
261547 7726.19571684
261708 13819.4754751
262727 13819.4754751
262912 5908.23207949
264083 5908.23207949
264372 2494.76889736
265560 2494.76889736
265697 9197.14199503
266851 9197.14199503
267084 6532.74596239
267776 6532.74596239
267880 3230.03909038
269118 3230.03909038
269301 11749.4414648
270475 11749.4414648
270901 9541.64456101
271674 9541.64456101
271961 8057.28670577
272488 8057.28670577
272852 7387.14646922
273959 7387.14646922
274353 9854.00405978
275295 9854.00405978
275458 1281.98523757
276702 1281.98523757
277118 2901.03015055
278113 2901.03015055
278532 11672.9498117
279279 11672.9498117
279692 8366.30493444
280875 8366.30493444
281301 7454.08514772
282744 7454.08514772
283126 6705.35349934
284292 6705.35349934
284572 9349.817129
285952 9349.817129
286359 8317.8930969
287805 8317.8930969
288156 8489.77226044
288732 8489.77226044
289225 1979.6302424
289822 1979.6302424
289927 8545.25617757
290446 8545.25617757
290876 5348.8965818
292138 5348.8965818
292264 11342.3776809
293147 11342.3776809
293325 10624.9746313
294158 10624.9746313
294352 9556.29899526
295648 9556.29899526
