0 5334.12238639
756 5334.12238639
1235 4815.2662561
2020 4815.2662561
2417 8251.99296897
2995 8251.99296897
3289 11611.5545526
3834 11611.5545526
4286 10100.3294958
5127 10100.3294958
5476 13084.0668373
6754 13084.0668373
7226 9360.97463377
8049 9360.97463377
8389 8007.67314773
9649 8007.67314773
10072 6591.76369822
10590 6591.76369822
11046 1586.90417175
12172 1586.90417175
12416 4487.4123018
13731 4487.4123018
13964 3279.52683185
15015 3279.52683185
15274 10865.3791319
16182 10865.3791319
16584 7814.28429588
17432 7814.28429588
17550 9655.7330019
18838 9655.7330019
19191 7921.43144839
19847 7921.43144839
20139 1190.95249078
21377 1190.95249078
21700 10766.2784033
23145 10766.2784033
23622 9235.42116824
24619 9235.42116824
25018 9913.73933107
26206 9913.73933107
26650 6996.02060217
27793 6996.02060217
28116 3356.13242916
29277 3356.13242916
29770 2824.76601846
30809 2824.76601846
31140 1434.89328242
32604 1434.89328242
32966 10303.2115205
33705 10303.2115205
33993 8426.55151072
34543 8426.55151072
34762 4772.74358687
35798 4772.74358687
36071 11244.6365718
37290 11244.6365718
37725 1813.49138567
39031 1813.49138567
39363 7835.74290057
40396 7835.74290057
40838 8863.52425747
42148 8863.52425747
42402 6839.10843612
43147 6839.10843612
43295 1362.32141984
44271 1362.32141984
44376 8613.42547598
45501 8613.42547598
45892 7966.72968923
47351 7966.72968923
47833 7422.92246422
49301 7422.92246422
49420 2218.04108135
50196 2218.04108135
50430 4658.14628625
50930 4658.14628625
51363 8276.58051177
52199 8276.58051177
52415 9330.60349416
52978 9330.60349416
53104 2003.09790671
53954 2003.09790671
54169 2313.80682793
55158 2313.80682793
55414 4462.1334642
56732 4462.1334642
57213 12812.4403669
58593 12812.4403669
59083 7771.05853914
60301 7771.05853914
60697 3626.98048676
61698 3626.98048676
61970 7095.33021662
63450 7095.33021662
63755 7629.45895756
64886 7629.45895756
65172 8495.16584483
65897 8495.16584483
66261 3588.9736227
67073 3588.9736227
67510 2728.04412044
68594 2728.04412044
69011 4120.64239225
69616 4120.64239225
69761 6864.6232484
71022 6864.6232484
71321 6736.14070545
72776 6736.14070545
72984 5339.02499379
74152 5339.02499379
74500 2337.56622476
75170 2337.56622476
75496 7235.50196104
76651 7235.50196104
76967 1067.83378255
78035 1067.83378255
78220 10078.5199646
78942 10078.5199646
79176 500.365650391
80178 500.365650391
80574 4828.61857539
81925 4828.61857539
82224 15179.7725649
83206 15179.7725649
83646 5094.18730927
84470 5094.18730927
84915 320.031357121
85637 320.031357121
86061 4867.0361975
87262 4867.0361975
87469 2198.19976096
88877 2198.19976096
89016 17856.0372248
89682 17856.0372248
90047 9031.00466739
91489 9031.00466739
91957 6377.88636846
92719 6377.88636846
93102 10409.9200583
93668 10409.9200583
93990 6466.78240381
95365 6466.78240381
95700 3937.59093994
96617 3937.59093994
96758 7306.22377176
98100 7306.22377176
98216 9432.21136601
99439 9432.21136601
99884 7733.01749757
101000 7733.01749757
101454 1492.42888855
102009 1492.42888855
102444 5027.71216092
103428 5027.71216092
103544 11687.6680327
104876 11687.6680327
105223 5670.50133103
106110 5670.50133103
106451 13584.1969153
106957 13584.1969153
107160 12692.8861765
108024 12692.8861765
108330 804.239462462
109164 804.239462462
109582 7231.99848888
110089 7231.99848888
110471 7484.23688866
111707 7484.23688866
111885 4185.47644138
112740 4185.47644138
112850 6838.34512266
113400 6838.34512266
113805 9853.12356123
114689 9853.12356123
115180 6870.27830528
116257 6870.27830528
116746 7040.29521662
118044 7040.29521662
118477 5613.86191016
119518 5613.86191016
119888 8373.1274185
120617 8373.1274185
120909 6998.53288417
121656 6998.53288417
121815 4758.04839481
123113 4758.04839481
123515 7564.14195969
124057 7564.14195969
124323 5030.23383629
125685 5030.23383629
126024 7122.11740744
126561 7122.11740744
126870 5152.82121734
127718 5152.82121734
127946 4916.05208611
129317 4916.05208611
129423 8429.17627762
130560 8429.17627762
131002 7862.67197692
132483 7862.67197692
132916 15090.5384394
133593 15090.5384394
133740 6673.75506029
134806 6673.75506029
135196 12074.7819772
136424 12074.7819772
136895 4758.03886831
137734 4758.03886831
138144 5275.39299512
139525 5275.39299512
139719 2999.55655972
140264 2999.55655972
140639 7293.69657365
141745 7293.69657365
141892 11727.3976482
142758 11727.3976482
142961 5241.82235294
144380 5241.82235294
144635 9074.23104043
145924 9074.23104043
146235 10621.9386334
147470 10621.9386334
147765 6266.92217638
148651 6266.92217638
148911 13220.218929
149449 13220.218929
149699 12458.5051551
151097 12458.5051551
151357 7470.62558547
152332 7470.62558547
152517 14460.0240805
153989 14460.0240805
154352 10539.4253294
155800 10539.4253294
156188 14271.6005327
157098 14271.6005327
157457 426.883997326
158729 426.883997326
158918 13309.0510573
160017 13309.0510573
160159 4082.716406
161032 4082.716406
161227 13803.2101228
162454 13803.2101228
162663 9658.53600017
163346 9658.53600017
163631 7254.85822769
164587 7254.85822769
164877 7088.7765918
166010 7088.7765918
166502 3484.78085347
167538 3484.78085347
167728 5958.44386662
168233 5958.44386662
168382 8894.37236232
169596 8894.37236232
169700 6525.61830317
171142 6525.61830317
171620 5114.3125781
173118 5114.3125781
173301 13882.4095798
174084 13882.4095798
174248 8623.40429791
174836 8623.40429791
175160 4494.28840304
176594 4494.28840304
176819 10148.3401736
178127 10148.3401736
178332 9792.75013316
179401 9792.75013316
179548 8488.02340046
180219 8488.02340046
180606 7392.34804432
182035 7392.34804432
182347 2490.12009582
182926 2490.12009582
183136 4315.23121972
184221 4315.23121972
184703 5999.41033645
185680 5999.41033645
185820 12488.6160954
186368 12488.6160954
186847 18437.8957446
187493 18437.8957446
187912 7831.15124245
189055 7831.15124245
189322 8177.49295393
190496 8177.49295393
190918 2111.62750814
191606 2111.62750814
191833 5005.81569297
192635 5005.81569297
192752 4444.72304244
193751 4444.72304244
193999 6238.59826779
194789 6238.59826779
195003 70.1794983251
196343 70.1794983251
196838 3456.95704874
197770 3456.95704874
198142 5778.50093563
199309 5778.50093563
199595 7961.16097332
200725 7961.16097332
201008 6547.32233533
202180 6547.32233533
202373 1113.29163181
203406 1113.29163181
203696 11289.0696629
204936 11289.0696629
205305 1267.45576916
206550 1267.45576916
206952 4279.87331515
207921 4279.87331515
208301 3199.00733105
209493 3199.00733105
209901 1924.2528034
210843 1924.2528034
211070 17724.3841482
212300 17724.3841482
212546 1205.55739905
213198 1205.55739905
213413 9889.27041222
214430 9889.27041222
214589 9048.34341235
215129 9048.34341235
215487 5635.81995159
216945 5635.81995159
