0 5325.92446481
742 5325.92446481
878 4661.47384491
1883 4661.47384491
2113 6382.0610367
3070 6382.0610367
3343 4921.69183388
4444 4921.69183388
4721 4580.08164088
5676 4580.08164088
5990 4865.21103313
7032 4865.21103313
7515 5315.68339471
8495 5315.68339471
8873 5148.64997019
9392 5148.64997019
9674 5688.08253389
10932 5688.08253389
11326 4146.02752334
12008 4146.02752334
12473 5776.01194851
13057 5776.01194851
13171 6409.76213729
14368 6409.76213729
14867 4645.11531575
15517 4645.11531575
15925 6163.72915925
16620 6163.72915925
16747 4820.08866703
17249 4820.08866703
17718 5259.38851733
18683 5259.38851733
19073 3721.98575511
19596 3721.98575511
20077 4473.23146635
20685 4473.23146635
20808 5297.87639108
22018 5297.87639108
22480 4974.39728015
23208 4974.39728015
23356 4637.03556288
24547 4637.03556288
24824 4959.15799689
25568 4959.15799689
26025 5255.41177245
27144 5255.41177245
27506 4718.79412232
28612 4718.79412232
29004 6286.34700414
29962 6286.34700414
30197 5504.36713402
31126 5504.36713402
31352 4553.42386106
32145 4553.42386106
32436 4325.30537197
33687 4325.30537197
33796 5993.68242042
35265 5993.68242042
35446 6305.169463
36751 6305.169463
37097 5517.95481817
38468 5517.95481817
38888 4901.89378577
39959 4901.89378577
40319 5106.60089119
41056 5106.60089119
41179 5130.6738495
42149 5130.6738495
42333 5188.35292904
43594 5188.35292904
43907 4181.92431094
45386 4181.92431094
45754 5994.84190031
47063 5994.84190031
47372 5549.75767243
48130 5549.75767243
48532 5331.67843324
49400 5331.67843324
49508 6185.13314571
50949 6185.13314571
51174 4708.28752891
52233 4708.28752891
52662 5512.70714932
53774 5512.70714932
54186 5597.08226204
55208 5597.08226204
55357 4300.72453747
56715 4300.72453747
57117 6080.63916965
57623 6080.63916965
57849 5979.14453803
58980 5979.14453803
59171 4851.73939567
60509 4851.73939567
60818 4123.82377354
61572 4123.82377354
61728 4064.65426255
63169 4064.65426255
63325 4869.4209545
64188 4869.4209545
64520 5977.00394354
65347 5977.00394354
65790 4602.2902442
67044 4602.2902442
67362 4709.45151894
68327 4709.45151894
68808 6045.04006227
69760 6045.04006227
69863 4934.39719825
71095 4934.39719825
71214 4205.40595459
71832 4205.40595459
72094 4591.74844802
72606 4591.74844802
72722 3691.3940226
74207 3691.3940226
74511 4780.34036477
75502 4780.34036477
75809 6221.85922646
76696 6221.85922646
77019 5996.0035218
78339 5996.0035218
78478 4688.83370449
79955 4688.83370449
80137 4984.73044499
81496 4984.73044499
81687 6308.55270424
82963 6308.55270424
83191 4550.25553494
83880 4550.25553494
84271 6421.94276202
85418 6421.94276202
85886 5158.94778404
86628 5158.94778404
86755 6106.47479733
87355 6106.47479733
87629 4870.83555994
88835 4870.83555994
89275 4956.03651469
90018 4956.03651469
90467 5674.22154449
91562 5674.22154449
91947 5453.4648341
93089 5453.4648341
93428 4847.4516945
94551 4847.4516945
94921 4266.33464519
96219 4266.33464519
96350 5661.16300319
97553 5661.16300319
97960 5497.84814615
98641 5497.84814615
98998 4471.54018623
99933 4471.54018623
100323 5093.76436916
100888 5093.76436916
101242 4112.92262075
101801 4112.92262075
102170 4606.39129926
103461 4606.39129926
103723 5802.81453899
104265 5802.81453899
104496 4486.73698348
105407 4486.73698348
105702 4632.34851946
106561 4632.34851946
106895 5304.3514855
108044 5304.3514855
108529 5044.16452527
109409 5044.16452527
109660 6419.61207989
110989 6419.61207989
111303 4854.78616328
112503 4854.78616328
112875 4416.36130496
113797 4416.36130496
114172 4304.04999544
115588 4304.04999544
115722 4643.63812054
116943 4643.63812054
117333 5050.14666829
118485 5050.14666829
118948 4592.40209048
119734 4592.40209048
119898 4206.08457159
120906 4206.08457159
121006 4889.67683067
122012 4889.67683067
122410 6133.65545497
123092 6133.65545497
123318 5474.75668497
124549 5474.75668497
124921 6073.87360977
125709 6073.87360977
126105 3958.77836671
126710 3958.77836671
127154 5238.1355052
128281 5238.1355052
128469 6236.66416218
129411 6236.66416218
129784 3561.12333618
131116 3561.12333618
131371 4655.33080342
132452 4655.33080342
132939 3317.3782458
134268 3317.3782458
134656 4495.52142861
135719 4495.52142861
136105 6473.07302135
137599 6473.07302135
137778 6610.7376338
138861 6610.7376338
139071 3518.75497701
140124 3518.75497701
140377 5252.58861928
141126 5252.58861928
141590 4398.38791112
142191 4398.38791112
142401 6006.69814205
143551 6006.69814205
143842 4749.70452421
144905 4749.70452421
145052 4717.86832115
146077 4717.86832115
146228 6120.93479373
146821 6120.93479373
147072 3208.06754669
148176 3208.06754669
148484 4328.55101787
149898 4328.55101787
150173 4513.79563644
151383 4513.79563644
151696 4739.55531722
152532 4739.55531722
152714 4088.24675795
153267 4088.24675795
153410 3351.30860565
154217 3351.30860565
154575 5449.91019819
155601 5449.91019819
156010 5359.33514859
156721 5359.33514859
156991 4999.57559346
158395 4999.57559346
158777 5495.46137197
159923 5495.46137197
160180 6060.94069129
160680 6060.94069129
160926 5500.89462596
161520 5500.89462596
161667 4691.56826058
162394 4691.56826058
162776 5299.6920073
163568 5299.6920073
163893 4958.73658739
165122 4958.73658739
165350 5563.87989039
165936 5563.87989039
166309 3913.91289046
167547 3913.91289046
167876 5173.46785373
168776 5173.46785373
169005 4308.25730719
170316 4308.25730719
170763 4353.6476531
171812 4353.6476531
172238 4658.03753464
173339 4658.03753464
173501 5670.85678168
174170 5670.85678168
174407 3581.09610294
175887 3581.09610294
176079 4963.78522944
177522 4963.78522944
177664 6407.62676128
178819 6407.62676128
179277 6059.46923177
179798 6059.46923177
180146 5154.42622136
181178 5154.42622136
181514 6270.707026
182917 6270.707026
183144 5932.1075299
183781 5932.1075299
183910 5444.17880107
184597 5444.17880107
185052 4969.62355995
185698 4969.62355995
186176 5570.60487344
186912 5570.60487344
187272 5662.33976704
188385 5662.33976704
188884 3380.76999157
190205 3380.76999157
190543 5264.93681386
191742 5264.93681386
192104 4663.17528207
193389 4663.17528207
193582 5563.00629427
194153 5563.00629427
194378 5489.83005241
195434 5489.83005241
195692 6365.40374549
196238 6365.40374549
196446 4275.66490386
197588 4275.66490386
197969 4691.15842345
198612 4691.15842345
198999 5519.51054699
200435 5519.51054699
200755 6046.48678385
201393 6046.48678385
201711 5665.15860319
202333 5665.15860319
202776 6635.93495826
203495 6635.93495826
203721 6602.73332669
204809 6602.73332669
205207 4468.40432729
206699 4468.40432729
206991 6153.35972588
207903 6153.35972588
208064 4708.48436964
208842 4708.48436964
209198 5411.71062203
210280 5411.71062203
210507 4998.13396768
211127 4998.13396768
211415 5168.92085047
212279 5168.92085047
212576 4138.96281357
213606 4138.96281357
213823 4347.33799948
214734 4347.33799948
215207 5195.15901568
216040 5195.15901568
216388 4967.10009379
217016 4967.10009379
217435 5927.63619763
218322 5927.63619763
218604 3774.4839903
220026 3774.4839903
220463 6364.084147
221749 6364.084147
222192 4324.64364933
223567 4324.64364933
223693 4346.99176144
224507 4346.99176144
224837 3899.50375648
226089 3899.50375648
226510 3766.59950147
227790 3766.59950147
228145 5548.8389766
229538 5548.8389766
229917 5772.41692163
230423 5772.41692163
230734 5360.50176812
232132 5360.50176812
232433 3808.77464382
233379 3808.77464382
233533 4887.95186936
234880 4887.95186936
235316 5833.22780413
236670 5833.22780413
237058 5949.46879729
237617 5949.46879729
237792 4622.37412867
238541 4622.37412867
238978 4786.96816633
240270 4786.96816633
240599 3722.37347787
241863 3722.37347787
242343 6071.79377945
243667 6071.79377945
243791 4227.78865545
245139 4227.78865545
