0 6147.2430733
1012 6147.2430733
1243 6752.61477406
2057 6752.61477406
2455 4357.60309713
3845 4357.60309713
4196 3132.15873079
4732 3132.15873079
5195 5877.31834747
6417 5877.31834747
6702 5690.96410861
7846 5690.96410861
8077 2799.09001184
9232 2799.09001184
9650 4797.19361082
10314 4797.19361082
10752 3254.97152551
11591 3254.97152551
11920 4607.43364779
13263 4607.43364779
13426 5310.94523699
14729 5310.94523699
14853 9087.37431711
15783 9087.37431711
16184 5111.31519558
17209 5111.31519558
17377 10808.1121674
18687 10808.1121674
18918 8139.19024911
20152 8139.19024911
20478 6321.25268831
21228 6321.25268831
21548 5735.77660443
22454 5735.77660443
22937 2144.80959501
23692 2144.80959501
24124 3255.92942218
25379 3255.92942218
25690 4312.91233764
26776 4312.91233764
27076 7412.6018026
27759 7412.6018026
28007 5175.49140251
28736 5175.49140251
28923 7161.79243591
30239 7161.79243591
30588 1283.62634887
31252 1283.62634887
31741 5696.9867849
32328 5696.9867849
32720 6562.82383028
33263 6562.82383028
33510 10015.0828526
34751 10015.0828526
34875 3012.78504922
35777 3012.78504922
35887 3077.4059164
36928 3077.4059164
37226 3125.18564478
38279 3125.18564478
38385 6768.34183214
39382 6768.34183214
39756 5253.27718498
40832 5253.27718498
41191 7689.11507659
42436 7689.11507659
42857 3504.67116737
43848 3504.67116737
44276 6288.32835192
45227 6288.32835192
45479 9597.19820905
46139 9597.19820905
46282 8596.8629189
47685 8596.8629189
48153 544.294073825
48975 544.294073825
49330 4869.17786228
50517 4869.17786228
50755 6994.45465715
51541 6994.45465715
51753 4139.9955838
52729 4139.9955838
52904 4456.05777392
53623 4456.05777392
53991 6132.68469048
54911 6132.68469048
55346 3013.83472973
56578 3013.83472973
56854 7047.83475409
57855 7047.83475409
58170 4211.62398594
59374 4211.62398594
59582 6651.81675777
60577 6651.81675777
60793 3161.11032686
61958 3161.11032686
62240 7679.38550271
62923 7679.38550271
63144 5010.43566282
63694 5010.43566282
63876 5462.01648782
65078 5462.01648782
65496 3470.23997001
66396 3470.23997001
66577 3605.49890632
67374 3605.49890632
67751 4845.41749092
68660 4845.41749092
69030 3753.57089791
69827 3753.57089791
70274 5820.09362225
71464 5820.09362225
71586 2356.66883607
72254 2356.66883607
72507 3100.17367
73396 3100.17367
73586 1034.72968833
74419 1034.72968833
74576 5606.31041136
75691 5606.31041136
76020 1753.33387996
76543 1753.33387996
76962 3510.39287768
77959 3510.39287768
78342 5384.08875681
79721 5384.08875681
80118 1003.62333462
81467 1003.62333462
81942 2481.37732454
82771 2481.37732454
83113 7191.066852
83973 7191.066852
84313 5826.58399392
84820 5826.58399392
85125 4708.87770363
86381 4708.87770363
86503 2803.78554359
87040 2803.78554359
87278 3831.49947435
88763 3831.49947435
89248 5652.49099288
90316 5652.49099288
90484 6417.02684964
91842 6417.02684964
92332 3730.57687719
93485 3730.57687719
93708 6192.24787179
94506 6192.24787179
94861 2472.05526198
96056 2472.05526198
96447 2274.06729199
97578 2274.06729199
97758 8443.65542925
99026 8443.65542925
99209 6680.39548097
99908 6680.39548097
100342 5176.98154674
101326 5176.98154674
101429 2704.88916652
102005 2704.88916652
102227 7491.50484717
103081 7491.50484717
103200 5768.8077212
103978 5768.8077212
104313 5158.75018514
105139 5158.75018514
105515 5675.78212936
106611 5675.78212936
107043 4632.58575152
107701 4632.58575152
108032 7433.22108355
108678 7433.22108355
108924 3091.41484516
110197 3091.41484516
110324 4481.62004587
111455 4481.62004587
111665 6111.74654062
112166 6111.74654062
112447 837.89517578
113568 837.89517578
113757 3685.8682646
115150 3685.8682646
115431 2684.54338686
116395 2684.54338686
116824 3475.46128942
118200 3475.46128942
118586 6289.27760268
119888 6289.27760268
120190 6852.13664575
121152 6852.13664575
121637 1250.95148728
123102 1250.95148728
123240 2804.96983568
124380 2804.96983568
124863 3909.40428816
125686 3909.40428816
126046 5644.79271882
126789 5644.79271882
127260 9883.86663289
128479 9883.86663289
128806 865.587011745
130140 865.587011745
130585 7175.63489551
131773 7175.63489551
132258 5170.83929203
133657 5170.83929203
133998 4841.7168408
135113 4841.7168408
135264 5053.70804323
136404 5053.70804323
136694 4645.77240726
138003 4645.77240726
138269 8135.02827291
139454 8135.02827291
139697 3113.70622922
140549 3113.70622922
140785 6409.14791355
141959 6409.14791355
142279 4837.95591257
143686 4837.95591257
143979 7425.17169346
145078 7425.17169346
145511 6672.95878941
146693 6672.95878941
147102 4735.15636671
147673 4735.15636671
148024 2983.92116626
149479 2983.92116626
149751 6233.65466555
151239 6233.65466555
151598 5015.5538176
152629 5015.5538176
152971 6237.05188777
153620 6237.05188777
154105 4922.88901041
155520 4922.88901041
155658 8024.53631283
156900 8024.53631283
157088 4402.15075627
158438 4402.15075627
158694 4325.78959779
160053 4325.78959779
160300 5518.71566908
161029 5518.71566908
161486 10168.1327628
162151 10168.1327628
162326 5762.04567879
163464 5762.04567879
163569 4636.68165265
165029 4636.68165265
165313 2634.57746022
166190 2634.57746022
166682 4698.62038955
167424 4698.62038955
167865 2480.43678358
169177 2480.43678358
169565 2278.1300477
170990 2278.1300477
171094 8873.61619709
172057 8873.61619709
172491 2512.07634506
173960 2512.07634506
174409 3254.0244736
175427 3254.0244736
175895 5089.84995192
176953 5089.84995192
177297 2285.22434131
177824 2285.22434131
178175 4745.87340635
178986 4745.87340635
179205 3107.5295627
179886 3107.5295627
180348 3972.62877378
181216 3972.62877378
181533 2985.66485373
182142 2985.66485373
182487 4944.94422495
183850 4944.94422495
184064 3825.29715775
185435 3825.29715775
185771 4701.69039673
186413 4701.69039673
186623 3310.90375525
188058 3310.90375525
188521 5254.53024403
189638 5254.53024403
190069 4008.64535965
191039 4008.64535965
191457 6421.75420868
192261 6421.75420868
192393 8566.1752951
193169 8566.1752951
193319 7952.97718233
194386 7952.97718233
194760 5988.83345077
195828 5988.83345077
196043 3158.26921182
197167 3158.26921182
197600 3873.66470115
198960 3873.66470115
199196 4237.21748798
199999 4237.21748798
200276 4995.8425901
201231 4995.8425901
201639 2715.97385719
202832 2715.97385719
203059 5202.26705315
204249 5202.26705315
204444 2749.79923797
205720 2749.79923797
206014 5206.79655235
207067 5206.79655235
207346 2590.79946776
208170 2590.79946776
208458 8022.67490101
209233 8022.67490101
209497 4837.90948567
210820 4837.90948567
211268 2050.10192044
211899 2050.10192044
212247 9195.19964239
213367 9195.19964239
213564 893.971391499
214183 893.971391499
214351 5132.8897622
215092 5132.8897622
215582 5581.0194155
216141 5581.0194155
216605 1203.55142117
217134 1203.55142117
217399 5262.36447772
218213 5262.36447772
218592 5119.97412427
219257 5119.97412427
219397 4113.29629009
220392 4113.29629009
220779 4473.02439415
222276 4473.02439415
222562 4555.75110952
223825 4555.75110952
224221 4213.26092791
225606 4213.26092791
225864 8380.44457847
227073 8380.44457847
227196 2621.40230827
228461 2621.40230827
228892 5078.90312803
229689 5078.90312803
229857 7884.64712073
230386 7884.64712073
230869 6092.2864818
232331 6092.2864818
232576 7324.5195434
233403 7324.5195434
233865 403.619866829
235179 403.619866829
235620 9895.36655845
236515 9895.36655845
236723 4656.01996202
237748 4656.01996202
237867 1797.5550069
238588 1797.5550069
238841 2242.01253117
240011 2242.01253117
240161 7488.00938418
241015 7488.00938418
241332 5321.59254533
242243 5321.59254533
242645 4344.50329039
243914 4344.50329039
244118 7822.12274272
244889 7822.12274272
245098 2745.75911388
246135 2745.75911388
246537 5330.12100794
247384 5330.12100794
247498 1971.40393182
248437 1971.40393182
248624 4225.98614207
250103 4225.98614207
250488 3567.48333495
251020 3567.48333495
251403 6822.98426066
252887 6822.98426066
253269 5766.3964838
254419 5766.3964838
254676 5572.76655626
255181 5572.76655626
255645 3401.42821255
256618 3401.42821255
