0 11147.0333497
648 11147.0333497
1050 12031.3211439
1856 12031.3211439
2321 4745.57241162
2928 4745.57241162
3291 14850.7687975
4069 14850.7687975
4407 15676.8428277
5455 15676.8428277
5725 10551.3259065
6348 10551.3259065
6609 2005.86798507
7330 2005.86798507
7619 2950.08917579
8287 2950.08917579
8682 9791.86563319
9881 9791.86563319
10331 11146.5403214
11284 11146.5403214
11502 6424.44978242
12202 6424.44978242
12459 6332.03366692
13943 6332.03366692
14263 4190.8550947
15259 4190.8550947
15659 9899.71569941
16824 9899.71569941
17103 3414.84451962
18174 3414.84451962
18489 4196.73786422
19487 4196.73786422
19732 11668.4765566
21016 11668.4765566
21296 2228.54905257
22038 2228.54905257
22180 57.7364567699
23306 57.7364567699
23613 9868.49956041
24847 9868.49956041
24958 8272.49488412
25581 8272.49488412
25836 10126.1094671
26830 10126.1094671
27318 7909.45168889
27932 7909.45168889
28387 11645.8908943
29614 11645.8908943
29738 14090.853668
31079 14090.853668
31504 3402.51395499
32202 3402.51395499
32582 4337.34999722
33470 4337.34999722
33958 12133.5402198
35288 12133.5402198
35471 15491.3407054
36877 15491.3407054
37081 367.265377319
37831 367.265377319
38026 5937.11656731
38658 5937.11656731
38969 14008.1697323
40304 14008.1697323
40492 3799.06684467
41716 3799.06684467
41939 3926.21131302
43177 3926.21131302
43300 237.969359149
44774 237.969359149
44954 6555.11760355
46186 6555.11760355
46431 15295.9216753
47379 15295.9216753
47726 8570.14894619
48609 8570.14894619
48790 11464.8711313
49578 11464.8711313
49891 5937.84686312
51118 5937.84686312
51263 5092.86422274
51764 5092.86422274
52220 12814.9783503
53212 12814.9783503
53700 3076.92142468
54578 3076.92142468
54976 2906.9967503
56466 2906.9967503
56588 5616.42654073
57510 5616.42654073
57665 8445.66523502
58165 8445.66523502
58660 862.556582439
59252 862.556582439
59591 1147.23020868
60596 1147.23020868
60796 9100.69892566
62234 9100.69892566
62514 16453.4296659
63618 16453.4296659
63816 270.223382436
64673 270.223382436
64800 16025.6613993
65652 16025.6613993
66089 13223.2820578
67070 13223.2820578
67260 12784.7504132
68413 12784.7504132
68546 3333.50642279
69381 3333.50642279
69656 711.699490107
70702 711.699490107
71190 8940.63531827
72046 8940.63531827
72443 13101.407103
73306 13101.407103
73549 7151.16750612
74185 7151.16750612
74355 5665.01087394
75104 5665.01087394
75340 11123.4158602
76738 11123.4158602
77154 6067.25422317
78623 6067.25422317
78902 1386.24276721
80215 1386.24276721
80622 2088.08740838
81609 2088.08740838
81736 16157.7950888
83129 16157.7950888
83322 4671.9714174
84603 4671.9714174
84945 13112.9602982
86036 13112.9602982
86491 4767.58191723
87929 4767.58191723
88322 7337.08726282
89633 7337.08726282
90076 20001.6648152
90672 20001.6648152
90983 36.6779107532
92119 36.6779107532
92271 12123.1214941
93586 12123.1214941
93879 19306.4007178
95001 19306.4007178
95286 9600.31066034
95917 9600.31066034
96123 288.564863556
97147 288.564863556
97411 20721.6749483
98496 20721.6749483
98864 20999.4013201
100348 20999.4013201
100581 2849.34281565
101637 2849.34281565
101748 8663.19227621
102348 8663.19227621
102527 4987.89620502
103671 4987.89620502
103833 1938.56830987
104450 1938.56830987
104841 4622.24655511
105961 4622.24655511
106332 15606.5212951
107651 15606.5212951
107958 2573.76331754
108505 2573.76331754
108657 20867.4287089
109733 20867.4287089
110011 9825.45338397
111160 9825.45338397
111406 1390.68013187
111920 1390.68013187
112316 1132.69479344
113096 1132.69479344
113458 515.688712701
114932 515.688712701
115333 3585.72475149
116613 3585.72475149
116899 2803.10540719
117667 2803.10540719
117789 24106.7831376
118673 24106.7831376
119074 5139.51171203
120364 5139.51171203
120670 10383.7942621
121262 10383.7942621
121414 11531.0530865
122559 11531.0530865
123008 5625.92014974
123845 5625.92014974
124274 22224.5063758
124805 22224.5063758
125111 4050.54600002
125637 4050.54600002
125995 18944.6858311
127186 18944.6858311
127394 10773.2337306
128333 10773.2337306
128591 3971.30197589
129178 3971.30197589
129474 4259.84970543
129995 4259.84970543
130411 13648.3075691
131441 13648.3075691
131849 13897.0073395
132551 13897.0073395
132983 6003.36777445
133708 6003.36777445
134012 1909.09926542
135397 1909.09926542
135854 16970.6183145
136439 16970.6183145
136653 5042.43858233
137339 5042.43858233
137506 11366.9646141
138816 11366.9646141
138965 5450.0954252
139947 5450.0954252
140408 5841.81385483
141002 5841.81385483
141195 12866.8770251
142659 12866.8770251
142958 9915.99626182
144245 9915.99626182
144544 2020.66999677
145856 2020.66999677
146278 7829.51254369
146943 7829.51254369
147418 1577.56046865
148857 1577.56046865
149139 16851.8296464
150455 16851.8296464
150836 4939.1263748
152159 4939.1263748
152594 202.541367934
153857 202.541367934
154316 10550.3998208
154876 10550.3998208
155052 5332.03668058
156128 5332.03668058
156371 10847.1832454
157634 10847.1832454
157912 14241.2549654
158809 14241.2549654
159243 62.8663520572
159877 62.8663520572
160066 9611.01598722
161127 9611.01598722
161502 13072.6010429
162990 13072.6010429
163350 11529.3076305
164755 11529.3076305
164904 6773.50022961
165649 6773.50022961
165861 5581.02267178
166794 5581.02267178
167165 14395.2498883
167918 14395.2498883
168387 8895.44580253
169144 8895.44580253
169390 10775.1654953
170705 10775.1654953
171050 11150.2806668
172113 11150.2806668
172235 16510.2869377
173581 16510.2869377
173848 5045.28861601
174993 5045.28861601
175484 8771.45343401
176371 8771.45343401
176671 7627.59139536
177646 7627.59139536
177970 5536.26207899
179310 5536.26207899
179676 10273.1768146
180788 10273.1768146
181139 22403.489013
181929 22403.489013
182121 3251.1124602
183487 3251.1124602
183733 9958.51422892
184292 9958.51422892
184580 15490.6810978
185099 15490.6810978
185569 3844.44133102
186726 3844.44133102
186877 8562.22609987
188221 8562.22609987
188698 2761.50552515
190065 2761.50552515
190275 8591.0810856
191313 8591.0810856
191692 2317.99904324
192671 2317.99904324
192890 11879.3131358
193546 11879.3131358
194015 10717.7394562
195098 10717.7394562
195468 18539.682403
196525 18539.682403
196634 4719.39492124
197758 4719.39492124
198120 16582.0590177
199417 16582.0590177
199702 19972.0859083
200695 19972.0859083
200913 7093.27998143
201442 7093.27998143
201684 6898.5176892
202360 6898.5176892
202546 16323.0052362
203298 16323.0052362
203629 8324.56582928
205109 8324.56582928
205512 6411.48088338
206163 6411.48088338
206280 9514.0904726
207064 9514.0904726
207170 7764.39373103
208150 7764.39373103
208261 14534.7057132
208918 14534.7057132
209108 705.489469859
210606 705.489469859
211039 1081.2901341
212191 1081.2901341
212342 13051.733872
212896 13051.733872
213136 2445.59342939
214377 2445.59342939
214671 6372.19992345
215971 6372.19992345
216404 10785.3605955
217590 10785.3605955
217899 1034.74800539
218963 1034.74800539
219335 1449.08114199
220560 1449.08114199
221014 3448.82839171
222427 3448.82839171
222883 7286.73625457
223782 7286.73625457
223937 5934.47560043
224448 5934.47560043
224914 7705.2524001
225829 7705.2524001
226261 2695.4266399
227050 2695.4266399
227197 9384.54809966
228341 9384.54809966
228765 3156.32381199
230226 3156.32381199
230338 4672.79215767
231460 4672.79215767
231820 22173.8496658
232540 22173.8496658
232817 4716.82589408
233882 4716.82589408
233984 15041.2546117
234853 15041.2546117
235298 17317.4251852
235902 17317.4251852
236175 9028.28857259
236890 9028.28857259
237277 1788.54325338
238194 1788.54325338
238458 12330.6100357
239506 12330.6100357
239971 17739.8052897
241302 17739.8052897
241580 5787.82639269
242611 5787.82639269
242717 6093.41968075
243359 6093.41968075
243798 16490.1733842
244608 16490.1733842
245011 10746.6076407
245657 10746.6076407
245873 2191.71056949
246480 2191.71056949
246887 20706.8234808
248247 20706.8234808
248450 6846.89851019
249666 6846.89851019
250059 6860.5928249
250781 6860.5928249
251197 3539.2660418
252223 3539.2660418
252552 13519.1617243
253731 13519.1617243
254149 7782.98505345
254799 7782.98505345
254964 21636.4537004
255469 21636.4537004
