0 5912.05727348
733 5912.05727348
1171 6760.72898848
2113 6760.72898848
2429 6168.94463895
3918 6168.94463895
4022 6449.50817466
4819 6449.50817466
5040 6408.03108543
6167 6408.03108543
6344 6461.73211971
6876 6461.73211971
7220 6044.65042371
8573 6044.65042371
9011 5814.73747308
9670 5814.73747308
9903 5519.25886855
10694 5519.25886855
11152 5944.49941696
12331 5944.49941696
12509 6093.71336128
13247 6093.71336128
13712 5723.32805599
14931 5723.32805599
15048 6367.5434803
16125 6367.5434803
16249 6504.86973641
17000 6504.86973641
17321 6147.84362286
17840 6147.84362286
18094 6129.04122167
19129 6129.04122167
19604 6266.81056518
20861 6266.81056518
21145 5492.74301349
22134 5492.74301349
22495 6037.35345769
23784 6037.35345769
24194 6665.79618769
25441 6665.79618769
25788 6249.27362524
26692 6249.27362524
27170 6199.21200942
28344 6199.21200942
28654 6285.41721702
30134 6285.41721702
30398 6042.27286695
31262 6042.27286695
31512 6781.34488264
32576 6781.34488264
33062 6441.8802385
33671 6441.8802385
34144 6351.55925665
35087 6351.55925665
35404 6701.98474682
36171 6701.98474682
36467 5512.30134598
37891 5512.30134598
38041 6199.21488062
39258 6199.21488062
39596 5388.00168678
40527 5388.00168678
40747 5950.75770843
41676 5950.75770843
41989 5722.38725981
42962 5722.38725981
43193 5806.36318511
43703 5806.36318511
43893 6224.26586852
45161 6224.26586852
45322 5964.47069641
46349 5964.47069641
46775 6073.67588605
47772 6073.67588605
48159 5652.64946759
49487 5652.64946759
49874 6101.60915265
51282 6101.60915265
51600 6746.85731674
52679 6746.85731674
52798 6036.67485725
53839 6036.67485725
54306 5862.00969484
55352 5862.00969484
55817 6124.92111327
57060 6124.92111327
57507 5554.42888734
58583 5554.42888734
58824 6136.29157433
59379 6136.29157433
59634 5900.69544974
60512 5900.69544974
60625 5625.30017903
61226 5625.30017903
61705 6104.79028472
62357 6104.79028472
62799 6084.28546755
63732 6084.28546755
64216 6994.73376217
65274 6994.73376217
65676 5802.14610701
66564 5802.14610701
66868 5769.71534458
67568 5769.71534458
67835 6162.18455369
69136 6162.18455369
69423 6091.60829337
70828 6091.60829337
70990 6062.7286139
71888 6062.7286139
72207 6727.25872186
73076 6727.25872186
73544 6045.10581288
74248 6045.10581288
74621 6396.96500151
75572 6396.96500151
75750 6025.11360928
77010 6025.11360928
77120 6452.25693928
78606 6452.25693928
78830 5626.22281669
79889 5626.22281669
80270 5964.27317082
81726 5964.27317082
82086 6017.65973864
83317 6017.65973864
83746 5642.75230211
85082 5642.75230211
85509 6073.60913409
86407 6073.60913409
86606 6598.00578875
88051 6598.00578875
88497 5647.15470776
89015 5647.15470776
89486 5722.63725411
90280 5722.63725411
90392 5698.02135384
91616 5698.02135384
92040 5751.87992391
92827 5751.87992391
93242 5570.33666518
94534 5570.33666518
94811 4966.71528368
96037 4966.71528368
96509 6041.65912513
97923 6041.65912513
98357 5938.68544772
99097 5938.68544772
99293 6102.91680096
100750 6102.91680096
101031 5781.68738762
101932 5781.68738762
102331 5825.37639301
103137 5825.37639301
103372 5923.26767324
103901 5923.26767324
104380 5730.23188142
105117 5730.23188142
105369 5980.91771225
106866 5980.91771225
107174 5913.07922375
108345 5913.07922375
108692 6381.1732258
110106 6381.1732258
110360 6046.3337846
111316 6046.3337846
111527 5623.1620712
112243 5623.1620712
112641 6087.14200004
113330 6087.14200004
113642 5771.9837332
114422 5771.9837332
114905 5956.58323356
116082 5956.58323356
116391 5612.33801937
117663 5612.33801937
117780 6038.08799823
118551 6038.08799823
118686 5854.11613834
120002 5854.11613834
120338 6024.71039205
120934 6024.71039205
121293 5583.84267718
122758 5583.84267718
123148 5760.7189197
123657 5760.7189197
123828 5979.54367216
125077 5979.54367216
125217 6170.34233598
126240 6170.34233598
126484 5996.95776914
126992 5996.95776914
127462 6594.30587676
128395 6594.30587676
128757 5983.00847941
129587 5983.00847941
129867 5687.03131385
130951 5687.03131385
131164 6079.38822202
132321 6079.38822202
132751 5462.36455061
133270 5462.36455061
133422 6271.37524475
134054 6271.37524475
134448 5299.45937718
135117 5299.45937718
135463 6638.89491642
136488 6638.89491642
136737 5754.99235884
137549 5754.99235884
137952 6987.55307059
139239 6987.55307059
139363 6336.13344293
140152 6336.13344293
140273 5542.55792617
141355 5542.55792617
141524 5939.5327197
142137 5939.5327197
142440 6668.68797599
143731 6668.68797599
143919 6503.10347419
145408 6503.10347419
145748 5960.07496332
146841 5960.07496332
147172 6174.40436472
148285 6174.40436472
148712 5891.1033273
149751 5891.1033273
150083 6498.66607181
150960 6498.66607181
151144 6182.00217578
152178 6182.00217578
152374 6310.843406
153607 6310.843406
154054 5941.93377715
154575 5941.93377715
154990 6251.7744712
155677 6251.7744712
156073 6534.5334543
157387 6534.5334543
157786 5587.04189333
158732 5587.04189333
158838 6376.69082344
160030 6376.69082344
160234 5659.21500811
161142 5659.21500811
161301 6356.53538405
162485 6356.53538405
162725 5769.35852697
163771 5769.35852697
163978 5814.35059349
165084 5814.35059349
165269 6663.08579698
166030 6663.08579698
166219 6242.79976343
167619 6242.79976343
167797 6111.20377264
168448 6111.20377264
168827 6807.38879465
170054 6807.38879465
170185 6210.01909146
170791 6210.01909146
170935 5453.26475686
171436 5453.26475686
171907 5727.24777343
173053 5727.24777343
173463 6399.55017752
174362 6399.55017752
174629 6480.0215262
175999 6480.0215262
176222 5944.76334276
177208 5944.76334276
177544 5245.16829643
178286 5245.16829643
178779 5661.2083765
180003 5661.2083765
180335 5774.74621819
181626 5774.74621819
181868 6274.28143531
182944 6274.28143531
183277 5301.60004759
184374 5301.60004759
184640 5943.4440544
185755 5943.4440544
185905 6267.06411474
186989 6267.06411474
187118 5335.93232662
187844 5335.93232662
188257 6053.7469239
188994 6053.7469239
189435 5794.12154718
190886 5794.12154718
191114 5672.71375801
192207 5672.71375801
192325 6181.92611653
193105 6181.92611653
193482 5588.61629585
194283 5588.61629585
194699 6066.83361412
195668 6066.83361412
196081 6000.80188546
197574 6000.80188546
197850 5940.72606862
198634 5940.72606862
198959 6355.35808123
199708 6355.35808123
200118 5852.77925831
201124 5852.77925831
201375 6158.63098202
202287 6158.63098202
202459 5514.57051129
203210 5514.57051129
203576 6295.47362059
204944 6295.47362059
205378 5950.39815721
206323 5950.39815721
206511 6469.74188663
207628 6469.74188663
207981 5692.27833352
208861 5692.27833352
209213 5921.07639122
210427 5921.07639122
210570 6019.8139557
211229 6019.8139557
211552 5741.31673348
212810 5741.31673348
213213 5511.33326796
214473 5511.33326796
214721 6080.55182664
216035 6080.55182664
216429 6341.46133195
216977 6341.46133195
217195 5994.89875849
218166 5994.89875849
218544 5675.89221479
219718 5675.89221479
220162 6394.97975053
221087 6394.97975053
221200 6411.14962268
222410 6411.14962268
222875 6498.44279965
223611 6498.44279965
224044 5836.87357794
225059 5836.87357794
225445 5522.06196652
226261 5522.06196652
226511 5631.6943983
227304 5631.6943983
227436 5246.04474443
228070 5246.04474443
228482 5998.96631123
229822 5998.96631123
229928 5506.76224602
231132 5506.76224602
231490 6126.47447718
232789 6126.47447718
233029 5201.24068112
233613 5201.24068112
234009 6583.17535208
234607 6583.17535208
234893 5908.08849582
236242 5908.08849582
236528 5458.08057072
237964 5458.08057072
238391 6502.87565146
239224 6502.87565146
239477 5624.720368
240256 5624.720368
240597 6321.7637087
241758 6321.7637087
242209 5398.2681547
243541 5398.2681547
243706 6080.54612652
244663 6080.54612652
245113 6195.20628174
245945 6195.20628174
246188 6029.41600156
247234 6029.41600156
247469 5819.44640585
248195 5819.44640585
248621 5703.01581349
249652 5703.01581349
250036 6499.95924958
251131 6499.95924958
251441 5927.345329
252073 5927.345329
252502 6236.03600547
253370 6236.03600547
253796 6022.44895614
254661 6022.44895614
254927 6158.03559142
255465 6158.03559142
255771 5859.67751872
256344 5859.67751872
256631 6402.72641048
257522 6402.72641048
257806 5950.18836579
258433 5950.18836579
258840 5340.41295157
259683 5340.41295157
260011 6465.41445789
260597 6465.41445789
260980 5679.06509555
261795 5679.06509555
