0 6767.32720226
503 6767.32720226
610 7429.7105769
1127 7429.7105769
1366 5011.4058125
1946 5011.4058125
2103 4658.44147326
3235 4658.44147326
3377 6834.20762191
4637 6834.20762191
4835 6513.53138138
5426 6513.53138138
5538 6454.01974545
6939 6454.01974545
7137 4365.11204103
8083 4365.11204103
8427 6831.72943262
9166 6831.72943262
9360 7814.21353422
10494 7814.21353422
10595 5518.08080008
11768 5518.08080008
12246 6579.31982315
13277 6579.31982315
13580 8613.14638465
14674 8613.14638465
14839 6867.9967996
15788 6867.9967996
16182 4894.42192885
16855 4894.42192885
17100 6644.61925282
18583 6644.61925282
18736 3985.64343787
19468 3985.64343787
19689 4230.93922686
21087 4230.93922686
21343 5701.32782955
21848 5701.32782955
22124 6691.93747927
23175 6691.93747927
23629 5155.27806848
24703 5155.27806848
24915 5228.42852126
26401 5228.42852126
26837 6026.56162913
27345 6026.56162913
27778 6680.99334981
29262 6680.99334981
29504 7842.68167237
30329 7842.68167237
30741 4818.49133158
31492 4818.49133158
31858 4859.29506227
33303 4859.29506227
33768 5439.67277926
34534 5439.67277926
34659 7484.80254287
35581 7484.80254287
35751 4522.28021226
36930 4522.28021226
37060 5643.30437342
37605 5643.30437342
37837 5823.03092012
38535 5823.03092012
38764 7773.52438832
39994 7773.52438832
40177 5971.62249398
41162 5971.62249398
41436 4298.44375456
42535 4298.44375456
42989 6772.20800072
43872 6772.20800072
44350 2964.09516948
45644 2964.09516948
45955 5071.50732683
46566 5071.50732683
46795 5646.65072977
47635 5646.65072977
48008 6541.80304893
49125 6541.80304893
49317 6669.94471891
50062 6669.94471891
50167 5146.78031786
51380 5146.78031786
51834 6527.63830616
52931 6527.63830616
53047 4117.43136325
54486 4117.43136325
54636 5654.00616361
55802 5654.00616361
56155 4062.21691045
56813 4062.21691045
57232 2776.89829649
58059 2776.89829649
58475 1940.42648913
59386 1940.42648913
59523 8444.36328257
60238 8444.36328257
60342 5256.97631631
60887 5256.97631631
61129 5198.19996096
62522 5198.19996096
63018 8023.1641107
63783 8023.1641107
63959 6379.60346205
64582 6379.60346205
64994 5253.23800833
66284 5253.23800833
66559 4415.99240672
67513 4415.99240672
67674 3435.1079068
68839 3435.1079068
69107 5216.49952584
69678 5216.49952584
70170 3307.83959929
71625 3307.83959929
71977 4900.93150296
73152 4900.93150296
73449 6200.52944093
74747 6200.52944093
75230 8471.75525555
76224 8471.75525555
76627 6223.51946262
78039 6223.51946262
78496 7592.69293442
79725 7592.69293442
80103 5685.63574711
81095 5685.63574711
81283 7689.69070184
82082 7689.69070184
82273 7545.80094997
83212 7545.80094997
83601 9345.7704373
84402 9345.7704373
84510 4705.32224168
85694 4705.32224168
85938 2347.87587076
87043 2347.87587076
87512 4656.37666719
88706 4656.37666719
89182 2631.62856002
90267 2631.62856002
90372 4798.79223253
91120 4798.79223253
91606 7031.13371005
92174 7031.13371005
92280 5762.66382737
93297 5762.66382737
93506 6747.01244998
94794 6747.01244998
95132 5427.74323165
96198 5427.74323165
96316 9339.18897874
96910 9339.18897874
97230 3082.36162932
98087 3082.36162932
98387 5055.93991754
99392 5055.93991754
99492 6891.26337356
100669 6891.26337356
100928 6188.50625343
101954 6188.50625343
102432 5298.24571943
103766 5298.24571943
104073 8527.18426995
105522 8527.18426995
105915 5153.63279276
106576 5153.63279276
106945 10464.193413
107643 10464.193413
107919 5317.28993341
109194 5317.28993341
109684 5895.4148793
111072 5895.4148793
111234 1492.00258413
112576 1492.00258413
112730 4289.78671735
113940 4289.78671735
114205 3760.296373
115620 3760.296373
115733 8317.02457367
116348 8317.02457367
116526 7781.76984094
117539 7781.76984094
117729 2256.92332538
119126 2256.92332538
119499 2794.47662182
120962 2794.47662182
121271 4565.42108732
121934 4565.42108732
122084 9435.79336543
122756 9435.79336543
122972 4426.35139124
124244 4426.35139124
124619 5264.3974388
125182 5264.3974388
125402 6349.27927866
125904 6349.27927866
126022 6699.68377346
126860 6699.68377346
127288 8178.56234269
127962 8178.56234269
128215 6139.67425743
129200 6139.67425743
129676 4866.33970764
130483 4866.33970764
130758 10550.1771235
132235 10550.1771235
132632 7053.61728888
133326 7053.61728888
133622 5673.6054942
134126 5673.6054942
134513 3362.00135719
135962 3362.00135719
136116 512.058050242
136657 512.058050242
137140 6446.81859007
138080 6446.81859007
138280 7381.30252243
138933 7381.30252243
139279 3768.0218644
140413 3768.0218644
140614 3336.86554648
141999 3336.86554648
142477 5991.04834677
143295 5991.04834677
143640 6504.21311467
144281 6504.21311467
144486 7263.8104691
145854 7263.8104691
146039 6202.76589152
146648 6202.76589152
147005 4903.38843626
147813 4903.38843626
148107 6168.55759129
148653 6168.55759129
149051 5600.44940594
149566 5600.44940594
149721 2982.55478084
150531 2982.55478084
150719 547.891520074
151784 547.891520074
152241 4548.51094087
153264 4548.51094087
153673 4953.48218104
154281 4953.48218104
154748 6348.65439199
156013 6348.65439199
156200 2492.71343929
157163 2492.71343929
157479 7634.62099391
158692 7634.62099391
159078 8638.27196897
159929 8638.27196897
160152 4464.74230574
160712 4464.74230574
161146 6724.96753922
162125 6724.96753922
162513 6915.07135946
163435 6915.07135946
163701 6050.84149614
164441 6050.84149614
164558 3879.60600044
165872 3879.60600044
166333 5582.76712043
167089 5582.76712043
167481 6227.94139658
168791 6227.94139658
169000 4286.92000601
170214 4286.92000601
170449 7573.14470311
171164 7573.14470311
171487 3353.74725153
172306 3353.74725153
172721 8460.79276319
174047 8460.79276319
174489 5015.29295143
175767 5015.29295143
175980 6303.98956274
177385 6303.98956274
177619 3628.11815418
178696 3628.11815418
178929 5649.13025289
179548 5649.13025289
180044 4410.43662057
181144 4410.43662057
181254 8560.52523866
181868 8560.52523866
182205 8068.09450332
183565 8068.09450332
183816 7963.08739522
184495 7963.08739522
184695 7962.15620967
185620 7962.15620967
185737 8520.88996982
186902 8520.88996982
187266 6676.56408295
188330 6676.56408295
188437 4675.98118614
189729 4675.98118614
190174 7094.51714114
191181 7094.51714114
191559 8382.76111203
192262 8382.76111203
192403 3602.7394867
193389 3602.7394867
193542 8729.74720424
194399 8729.74720424
194766 5982.5640911
196157 5982.5640911
196492 5788.11774954
197101 5788.11774954
197223 6740.16258625
198310 6740.16258625
198531 8703.86361291
199242 8703.86361291
199607 6159.58673728
201102 6159.58673728
201510 6509.77046162
202880 6509.77046162
203162 1988.3879933
204299 1988.3879933
204569 2914.98454542
205131 2914.98454542
205284 6402.24433246
206436 6402.24433246
206720 2750.57684657
207833 2750.57684657
208106 4108.61659551
208611 4108.61659551
208916 4737.63237004
210379 4737.63237004
210606 7143.89719716
211413 7143.89719716
211910 5403.08215837
212678 5403.08215837
213096 5802.54759677
214579 5802.54759677
214816 8123.96142674
215865 8123.96142674
216048 7880.44725751
217441 7880.44725751
217777 10254.295371
219244 10254.295371
219371 3354.98250754
220475 3354.98250754
220652 6968.15945762
221343 6968.15945762
221835 7578.54897909
223029 7578.54897909
223203 6553.03205459
224015 6553.03205459
224188 3153.68979412
225049 3153.68979412
225334 5935.9324453
226122 5935.9324453
226612 7309.71960196
227567 7309.71960196
227696 6798.67415648
228298 6798.67415648
