0 6611.78741362
614 6611.78741362
804 5657.30596974
1382 5657.30596974
1880 6002.959293
3343 6002.959293
3506 6099.42202369
4532 6099.42202369
4805 1347.29009845
6173 1347.29009845
6275 3441.22329945
7444 3441.22329945
7843 13422.3125099
9043 13422.3125099
9417 16440.9190512
9980 16440.9190512
10134 14988.5405076
11224 14988.5405076
11566 11776.5339622
12884 11776.5339622
13362 13808.0154972
14754 13808.0154972
15252 12730.4030375
15879 12730.4030375
16182 9073.68881769
17035 9073.68881769
17227 9949.37913192
18334 9949.37913192
18496 2974.36766514
19463 2974.36766514
19862 12944.5493502
21256 12944.5493502
21499 7171.54016662
22145 7171.54016662
22399 3870.00007494
23496 3870.00007494
23671 6289.27928593
25131 6289.27928593
25468 5468.55036752
26005 5468.55036752
26386 15379.9476815
27051 15379.9476815
27352 10504.6466713
28757 10504.6466713
28896 9258.26847337
29959 9258.26847337
30143 12656.2429328
30881 12656.2429328
31063 15246.6335755
31586 15246.6335755
31782 4316.04627677
33270 4316.04627677
33514 1728.02113622
34027 1728.02113622
34362 5239.37708218
35415 5239.37708218
35594 12502.6579681
36371 12502.6579681
36615 11279.5596848
37340 11279.5596848
37812 14898.0782393
38491 14898.0782393
38915 16900.152523
39716 16900.152523
39892 3766.08249367
40955 3766.08249367
41273 6855.0388774
42358 6855.0388774
42849 2799.03831028
43445 2799.03831028
43691 10876.3019518
44547 10876.3019518
44772 6545.66278047
45815 6545.66278047
45928 4678.21534709
46701 4678.21534709
46962 2325.77763115
47579 2325.77763115
48022 3429.36403807
49519 3429.36403807
49934 1251.28256438
50468 1251.28256438
50655 5209.49174381
51763 5209.49174381
51970 12222.8295388
52781 12222.8295388
53190 3210.12082143
53807 3210.12082143
54095 5214.54091409
54966 5214.54091409
55335 1990.72759052
56386 1990.72759052
56715 4124.22425562
58033 4124.22425562
58308 5386.95789718
59791 5386.95789718
59897 10832.1955576
60965 10832.1955576
61223 19698.7523232
62214 19698.7523232
62490 16674.3743033
63684 16674.3743033
63848 1226.30132917
64351 1226.30132917
64579 5238.23759414
65903 5238.23759414
66309 11018.7273082
67499 11018.7273082
67601 9600.84178657
68968 9600.84178657
69384 9928.76067261
70152 9928.76067261
70450 7574.42017978
71756 7574.42017978
72139 4545.59657174
73276 4545.59657174
73538 13301.6599944
74622 13301.6599944
75064 4169.34367555
76070 4169.34367555
76286 5982.02925485
76841 5982.02925485
77106 12358.7470183
77854 12358.7470183
78027 2859.70045395
78975 2859.70045395
79096 3631.10780965
80306 3631.10780965
80758 5952.60000296
81518 5952.60000296
81939 3569.97491181
82678 3569.97491181
83085 9617.86929877
83791 9617.86929877
83905 6739.04590815
85382 6739.04590815
85506 4999.4333088
86564 4999.4333088
86899 121.144200598
88238 121.144200598
88531 2983.22609545
89208 2983.22609545
89382 1050.68327087
90450 1050.68327087
90614 5738.51875233
91719 5738.51875233
92047 2619.26093821
92790 2619.26093821
92947 3221.91085789
94341 3221.91085789
94839 6139.06408481
95627 6139.06408481
95781 6616.56574745
97183 6616.56574745
97549 4438.98289911
98599 4438.98289911
98909 12099.7727182
99954 12099.7727182
100137 16638.136091
100644 16638.136091
100948 7136.42352505
101895 7136.42352505
102098 2378.95459508
102947 2378.95459508
103426 7210.40710638
104915 7210.40710638
105197 5008.73407766
106568 5008.73407766
106763 6580.30029645
107822 6580.30029645
108202 6008.33448114
109316 6008.33448114
109552 3192.2879778
110765 3192.2879778
110944 1912.15057032
112150 1912.15057032
112481 2125.07462462
113304 2125.07462462
113641 11532.5536745
115088 11532.5536745
115578 5114.2061998
116654 5114.2061998
116927 863.209719659
117538 863.209719659
117932 5321.89307028
118621 5321.89307028
118999 16356.1430002
119543 16356.1430002
119830 2718.40311615
120695 2718.40311615
121134 2849.19613932
121734 2849.19613932
121949 6164.95191599
123056 6164.95191599
123270 9742.58978866
124352 9742.58978866
124790 10475.5363536
125731 10475.5363536
126093 7182.0923393
127008 7182.0923393
127286 8549.48498392
128304 8549.48498392
128439 8720.83975909
129412 8720.83975909
129624 8658.54995066
130890 8658.54995066
131233 9638.95624234
131957 9638.95624234
132438 5857.94277957
133109 5857.94277957
133268 1480.85750236
134572 1480.85750236
134860 211.728069448
135722 211.728069448
136118 3762.80398159
137559 3762.80398159
137699 8099.73614364
138552 8099.73614364
139004 6360.73345462
139997 6360.73345462
140359 8917.30046405
141115 8917.30046405
141537 17087.7755371
142494 17087.7755371
142967 15373.8603205
143612 15373.8603205
143976 22832.8717172
144588 22832.8717172
144719 7456.72040959
145636 7456.72040959
145948 3196.96438032
147433 3196.96438032
147723 10350.0373607
148658 10350.0373607
148810 5365.23303913
149647 5365.23303913
150117 7556.93193154
151210 7556.93193154
151516 18279.0249926
152328 18279.0249926
152495 21466.392166
153809 21466.392166
154181 446.830795089
155088 446.830795089
155355 3569.95670012
155970 3569.95670012
156254 8157.29736698
157621 8157.29736698
158111 1732.03402713
159373 1732.03402713
159694 11551.5363283
160401 11551.5363283
160859 9832.91426457
162170 9832.91426457
162444 6565.47841147
163878 6565.47841147
164081 11188.7322503
165070 11188.7322503
165508 4943.12984549
166768 4943.12984549
167215 9243.14536805
168156 9243.14536805
168361 3710.59421914
169235 3710.59421914
169660 11600.4382761
170656 11600.4382761
170994 2257.27839173
172338 2257.27839173
172832 2312.58149636
173723 2312.58149636
173827 8735.09241939
175199 8735.09241939
175330 4498.59300698
176783 4498.59300698
177008 2399.42383364
177683 2399.42383364
178007 2649.09369665
179014 2649.09369665
179447 1213.47519932
180204 1213.47519932
180350 12694.856334
181344 12694.856334
181537 9329.2012992
182920 9329.2012992
183028 10113.9213416
183999 10113.9213416
184349 7659.95858914
185789 7659.95858914
185899 5089.33694138
186987 5089.33694138
187266 19713.0119897
188348 19713.0119897
188845 17743.1980644
189560 17743.1980644
189937 8540.74567158
191250 8540.74567158
191362 3221.76410703
192120 3221.76410703
192239 8394.72167425
193551 8394.72167425
193900 12266.1332343
194986 12266.1332343
195271 16694.2424705
196739 16694.2424705
197223 6424.93799862
198603 6424.93799862
198807 1.0239120928
199814 1.0239120928
200181 4549.82084959
200776 4549.82084959
201049 193.550300627
202291 193.550300627
202416 3503.44869997
203567 3503.44869997
203758 9418.16381904
204791 9418.16381904
205176 5680.12364304
206035 5680.12364304
206234 9773.50163745
207220 9773.50163745
207333 10518.5478525
208187 10518.5478525
208585 9767.98877458
209272 9767.98877458
209538 12645.0995676
210177 12645.0995676
210617 13053.5868361
211851 13053.5868361
212061 4087.82201841
212611 4087.82201841
212983 4315.80629148
213881 4315.80629148
214373 14266.2446785
215479 14266.2446785
215723 4747.27711025
217166 4747.27711025
217438 6348.48456153
218189 6348.48456153
218668 8930.72516604
219808 8930.72516604
220145 1024.94628805
220883 1024.94628805
221052 3885.24205573
222403 3885.24205573
222576 11873.3843975
223593 11873.3843975
223955 6321.36615087
224511 6321.36615087
224662 4373.02022686
225499 4373.02022686
225653 4708.32380336
226815 4708.32380336
226986 10120.5070621
228127 10120.5070621
228244 934.969022699
228840 934.969022699
229285 6853.84920033
229894 6853.84920033
230262 5841.4329234
231638 5841.4329234
231758 227.360302233
233231 227.360302233
233560 4281.338392
234805 4281.338392
235076 10037.4579144
236478 10037.4579144
236677 16087.6669057
238134 16087.6669057
238382 1999.28347663
239297 1999.28347663
239485 5796.83935747
240214 5796.83935747
240365 6116.78498129
241420 6116.78498129
241634 1363.53293964
242891 1363.53293964
243356 12621.6574298
244220 12621.6574298
244490 8173.46509739
245701 8173.46509739
246004 6107.14852262
247272 6107.14852262
247455 13043.0768143
248458 13043.0768143
248947 11312.3119411
250234 11312.3119411
250680 7203.01954575
251748 7203.01954575
252196 12984.7132282
252724 12984.7132282
252939 13051.463525
254272 13051.463525
254473 9510.92678151
255055 9510.92678151
255223 3317.87645798
256458 3317.87645798
