0 6707.28085064
998 6707.28085064
1322 9013.9719129
2216 9013.9719129
2681 6438.04912852
3233 6438.04912852
3338 6156.49412757
4590 6156.49412757
5033 9891.65356355
6335 9891.65356355
6535 8770.38733588
7589 8770.38733588
7746 5245.03805907
8723 5245.03805907
8991 6599.72040501
10158 6599.72040501
10620 8028.27969877
11195 8028.27969877
11673 9236.71472046
13159 9236.71472046
13442 8313.9955933
13990 8313.9955933
14460 6236.47794865
15124 6236.47794865
15260 8655.78564844
16246 8655.78564844
16383 3933.79714279
17308 3933.79714279
17791 3998.51782117
18604 3998.51782117
18915 4656.4937458
19996 4656.4937458
20187 5802.48387026
21685 5802.48387026
21954 7047.41735468
23037 7047.41735468
23347 5359.38140053
24087 5359.38140053
24575 7192.24294024
25728 7192.24294024
26047 4812.19080679
27144 4812.19080679
27436 8617.18077707
28428 8617.18077707
28665 9303.55599213
30134 9303.55599213
30596 3434.83719254
31196 3434.83719254
31413 5295.52496327
32710 5295.52496327
32892 8691.14635186
34183 8691.14635186
34599 2400.30917288
36031 2400.30917288
36341 7612.68023809
37317 7612.68023809
37622 3317.1669404
38732 3317.1669404
38862 7714.59536176
39873 7714.59536176
40350 6522.56853261
41565 6522.56853261
41880 6418.32339807
42656 6418.32339807
43145 5554.57432592
43934 5554.57432592
44176 4991.07708427
45480 4991.07708427
45605 9260.16005679
46864 9260.16005679
47283 3238.65606561
47835 3238.65606561
48157 7775.28022647
49050 7775.28022647
49470 6965.02171848
50643 6965.02171848
50839 3407.77190886
51684 3407.77190886
52113 8911.77929019
53300 8911.77929019
53692 3115.81437551
54534 3115.81437551
54904 6264.13920159
55614 6264.13920159
55833 7757.90995662
57197 7757.90995662
57685 6533.55904597
58974 6533.55904597
59084 7224.53724776
60239 7224.53724776
60359 4192.20058518
61442 4192.20058518
61670 6160.86425953
62551 6160.86425953
62747 8950.1375048
64094 8950.1375048
64358 6610.43040544
65256 6610.43040544
65590 2641.44199459
66969 2641.44199459
67287 6050.5200239
68409 6050.5200239
68842 4829.19405141
69389 4829.19405141
69779 6443.5617578
71131 6443.5617578
71561 3294.58311256
72675 3294.58311256
73162 4877.67990015
73958 4877.67990015
74185 6070.50964265
75534 6070.50964265
75957 5624.22840976
77356 5624.22840976
77630 4220.76171615
79064 4220.76171615
79269 4545.88466076
79883 4545.88466076
79984 5750.73874127
80617 5750.73874127
80881 7402.05179522
81970 7402.05179522
82186 4427.48812171
83416 4427.48812171
83817 7146.78326361
84495 7146.78326361
84983 6701.51881212
86419 6701.51881212
86887 5191.58908064
88350 5191.58908064
88610 4516.2731013
89874 4516.2731013
90064 5026.93862703
91094 5026.93862703
91409 5994.91448151
92844 5994.91448151
93012 9231.40403235
93860 9231.40403235
94165 3372.22591729
95470 3372.22591729
95766 7393.95332457
96271 7393.95332457
96734 9986.33260999
97535 9986.33260999
97806 8996.48784776
98931 8996.48784776
99223 4529.11857748
100213 4529.11857748
100488 9101.633815
101522 9101.633815
101965 4450.38738137
102812 4450.38738137
103179 3900.14473624
103920 3900.14473624
104126 8287.27797148
104740 8287.27797148
105009 6088.95083387
106236 6088.95083387
106353 8223.6498095
107054 8223.6498095
107365 5402.7494377
107867 5402.7494377
108366 5225.10559066
109617 5225.10559066
110009 6781.06640143
110661 6781.06640143
110897 4882.34209283
112018 4882.34209283
112385 9240.23668163
113625 9240.23668163
114055 6997.60555014
115477 6997.60555014
115747 9761.24955597
116770 9761.24955597
117249 5675.7042176
118434 5675.7042176
118536 3585.4693236
119655 3585.4693236
120153 2915.18467768
121000 2915.18467768
121490 7312.34583779
122312 7312.34583779
122496 5221.34371207
123208 5221.34371207
123511 4809.01557264
124351 4809.01557264
124601 8791.35109169
125536 8791.35109169
125672 7808.52441443
126461 7808.52441443
126886 4266.28600648
127768 4266.28600648
127868 6957.43750146
128652 6957.43750146
129054 8695.84273768
130367 8695.84273768
130708 5705.13492649
132051 5705.13492649
132309 5737.04260598
133460 5737.04260598
133676 6118.89968773
134708 6118.89968773
134817 5168.96527881
135982 5168.96527881
136150 4180.69463491
136814 4180.69463491
137312 6221.82683224
137943 6221.82683224
138072 6672.27882881
139052 6672.27882881
139411 3568.18142204
140852 3568.18142204
141317 4799.97902447
142634 4799.97902447
142818 5737.74646137
143756 5737.74646137
143919 8850.36013743
144613 8850.36013743
145077 7024.56048397
146238 7024.56048397
146380 8886.50497541
147176 8886.50497541
147662 11354.5304316
148657 11354.5304316
148800 8377.2954613
150135 8377.2954613
150248 5222.99063812
151033 5222.99063812
151156 5146.09631821
151741 5146.09631821
152107 3026.01982868
153199 3026.01982868
153476 5152.74566824
154919 5152.74566824
155363 3898.95750769
155913 3898.95750769
156089 7166.86171
156680 7166.86171
156897 5147.2577573
157892 5147.2577573
158179 5415.32420707
159464 5415.32420707
159744 6298.89023386
160839 6298.89023386
160984 6038.14642662
161941 6038.14642662
162126 5138.02549581
162841 5138.02549581
162994 4947.29492099
164270 4947.29492099
164630 9899.65426336
166011 9899.65426336
166459 8420.38393365
167918 8420.38393365
168140 6907.40721442
169150 6907.40721442
169488 7471.34856737
170864 7471.34856737
170967 6111.71117649
171618 6111.71117649
171785 8650.4341791
172381 8650.4341791
172620 4971.5203118
174048 4971.5203118
174507 6611.71826336
175538 6611.71826336
175854 8942.82363887
176736 8942.82363887
176944 2545.72566228
177835 2545.72566228
177995 4897.96829046
178655 4897.96829046
178806 7195.29205315
179919 7195.29205315
180270 5832.63704882
181750 5832.63704882
181949 4529.97353215
182938 4529.97353215
183405 3408.32634899
183918 3408.32634899
184043 6628.5608749
185233 6628.5608749
185345 3767.84690234
186501 3767.84690234
186670 5671.1540133
187932 5671.1540133
188144 7061.04855342
189186 7061.04855342
189512 7441.63072801
190053 7441.63072801
190275 7523.61570842
191023 7523.61570842
191133 9272.03003449
192499 9272.03003449
192791 4197.8412564
193299 4197.8412564
193481 1650.74883232
194539 1650.74883232
195017 4372.33595849
195852 4372.33595849
196004 9085.56052628
197149 9085.56052628
197521 6908.58084185
198079 6908.58084185
198397 9846.42536448
199122 9846.42536448
199619 6564.55102877
200568 6564.55102877
200888 4130.946793
202054 4130.946793
202354 8901.22761808
203690 8901.22761808
