0 13428.9057694
995 13428.9057694
1164 5602.41087415
1680 5602.41087415
2087 5943.16019899
3499 5943.16019899
3616 11873.0046883
4705 11873.0046883
5196 2895.0528806
6551 2895.0528806
6943 13313.5036447
7690 13313.5036447
7952 5422.07576289
8767 5422.07576289
8985 11746.4918643
10325 11746.4918643
10488 12850.712096
11968 12850.712096
12116 5934.66035554
13601 5934.66035554
14081 8342.24876733
14770 8342.24876733
14970 15045.8346075
16016 15045.8346075
16345 8545.9686089
17786 8545.9686089
18110 6141.44614553
18910 6141.44614553
19326 672.987955899
19934 672.987955899
20221 12653.0358478
21505 12653.0358478
21642 3967.08449958
22279 3967.08449958
22512 6498.77062022
24010 6498.77062022
24176 5547.03566741
25644 5547.03566741
25914 6932.23915141
26974 6932.23915141
27275 9310.32393721
28651 9310.32393721
28781 4365.888486
29716 4365.888486
29822 3380.47394392
30602 3380.47394392
30811 13774.357246
31493 13774.357246
31760 7565.25323337
32456 7565.25323337
32727 9689.04661294
33756 9689.04661294
34228 10053.4765483
35185 10053.4765483
35628 8898.30693046
36189 8898.30693046
36676 6376.88869967
37565 6376.88869967
37696 7159.60188866
38630 7159.60188866
39014 3750.27007014
39929 3750.27007014
40039 2083.49736615
40678 2083.49736615
40844 4061.07246446
41710 4061.07246446
42012 8438.61023487
43114 8438.61023487
43459 7859.81794484
44596 7859.81794484
44761 5349.6154349
46107 5349.6154349
46367 928.02662492
47382 928.02662492
47840 11905.4522012
49102 11905.4522012
49523 811.820692874
50797 811.820692874
50947 6389.66830423
51529 6389.66830423
51686 4719.69630301
52529 4719.69630301
52827 9858.29461587
53719 9858.29461587
54071 2467.41433852
55255 2467.41433852
55727 6076.19991174
56475 6076.19991174
56606 8337.69999229
57388 8337.69999229
57820 9477.51381048
58450 9477.51381048
58624 7693.18004768
59790 7693.18004768
59997 8291.78258432
60522 8291.78258432
60968 17615.7708157
61795 17615.7708157
61984 6239.25244353
62609 6239.25244353
62874 2853.83543717
63896 2853.83543717
64272 8150.86084274
64772 8150.86084274
65225 1914.08125769
65918 1914.08125769
66194 7851.99987297
66938 7851.99987297
67083 236.959575527
67775 236.959575527
67900 5084.61398111
68497 5084.61398111
68726 6705.84020956
69561 6705.84020956
69709 6267.93493629
70544 6267.93493629
70787 9146.72094783
71530 9146.72094783
71962 12016.0795224
73324 12016.0795224
73492 8278.19483269
74806 8278.19483269
75297 8842.29693979
76474 8842.29693979
76691 11711.9753023
77832 11711.9753023
78026 6338.39428379
79034 6338.39428379
79361 7297.96376917
80065 7297.96376917
80280 15158.0821142
81064 15158.0821142
81265 12915.8450706
82057 12915.8450706
82409 11166.5196284
83788 11166.5196284
84074 3722.4506736
84963 3722.4506736
85221 6668.62691417
86018 6668.62691417
86179 10096.9424109
87497 10096.9424109
87945 6550.65763681
89274 6550.65763681
89599 7607.44629077
90972 7607.44629077
91332 89.256605279
92454 89.256605279
92774 3408.95850219
93702 3408.95850219
94011 1043.24726662
95482 1043.24726662
95744 6866.80666126
96893 6866.80666126
97167 7679.22326999
98512 7679.22326999
98964 9763.30990135
100348 9763.30990135
100524 4807.35680266
101439 4807.35680266
101779 11260.1768184
102915 11260.1768184
103260 4323.54279547
104358 4323.54279547
104731 7263.62722734
105872 7263.62722734
106321 3983.45476833
106941 3983.45476833
107226 10220.4791637
108692 10220.4791637
109062 11103.3761678
110182 11103.3761678
110623 11191.3222735
111774 11191.3222735
112207 7237.83638422
113352 7237.83638422
113633 3795.66629958
114817 3795.66629958
115200 7442.05054362
116323 7442.05054362
116479 2510.7337409
117028 2510.7337409
117432 10905.722324
118257 10905.722324
118360 7230.54147745
119070 7230.54147745
119208 6417.56725421
120164 6417.56725421
120645 12332.2393067
121155 12332.2393067
121422 11983.5423174
122753 11983.5423174
122933 4327.75632678
124235 4327.75632678
124714 13364.0973027
126059 13364.0973027
126272 14239.4861763
127445 14239.4861763
127753 10814.7753844
128880 10814.7753844
129354 7259.95222144
130458 7259.95222144
130944 8471.4825062
131575 8471.4825062
132043 8144.67625441
133187 8144.67625441
133337 6160.26466314
134563 6160.26466314
134904 9272.78388662
136368 9272.78388662
136798 6481.37287003
137666 6481.37287003
137986 668.13785698
139145 668.13785698
139569 10145.6849011
140321 10145.6849011
140547 9097.32852007
141769 9097.32852007
142042 6685.19785791
142982 6685.19785791
143305 13173.5721089
144388 13173.5721089
144523 3982.21348866
145985 3982.21348866
146241 5547.9604698
147391 5547.9604698
147632 2593.12830669
149021 2593.12830669
149445 7567.23964837
150663 7567.23964837
150831 5218.55563395
151546 5218.55563395
151770 4916.23734684
153083 4916.23734684
153318 9871.01262139
154210 9871.01262139
154508 11232.9340206
155358 11232.9340206
155650 2268.95299683
156606 2268.95299683
156961 7409.48574221
158291 7409.48574221
158678 5070.75270074
159920 5070.75270074
160264 2032.17508248
161397 2032.17508248
161498 7644.35179252
162302 7644.35179252
162618 9209.62376649
163256 9209.62376649
163631 5079.96232742
164309 5079.96232742
164419 12031.9702371
165691 12031.9702371
165929 7334.94974434
166919 7334.94974434
167181 7597.5560241
167918 7597.5560241
168021 9683.28045391
168584 9683.28045391
168934 10422.3015194
169973 10422.3015194
170230 6464.10299447
171645 6464.10299447
172124 6209.09393065
172805 6209.09393065
173189 8007.20782095
173927 8007.20782095
174299 4755.96561767
174990 4755.96561767
175310 6555.1212205
176525 6555.1212205
176916 5745.42584286
177579 5745.42584286
177691 1663.81553453
178263 1663.81553453
178569 13622.5961167
179227 13622.5961167
179340 9998.62775689
180583 9998.62775689
180749 9287.51894251
181825 9287.51894251
181992 4357.97726232
183112 4357.97726232
183269 10768.8404421
184410 10768.8404421
184604 9347.56481567
185927 9347.56481567
186289 4515.72178285
187093 4515.72178285
187358 5480.64588321
188779 5480.64588321
188920 2984.51225573
189617 2984.51225573
189938 5861.10952657
190891 5861.10952657
191245 5026.68384504
192316 5026.68384504
192571 11357.9074628
193487 11357.9074628
193958 7989.94123004
194977 7989.94123004
195128 7935.67997065
196257 7935.67997065
196467 3505.29894177
197548 3505.29894177
197937 7968.73917207
198507 7968.73917207
198835 9911.04950359
200160 9911.04950359
200366 11378.0491453
200890 11378.0491453
201063 12106.9581332
202162 12106.9581332
202551 9183.60500059
203136 9183.60500059
203456 13014.2482487
204020 13014.2482487
204217 5732.01120622
204949 5732.01120622
205386 2184.56548372
206372 2184.56548372
206720 8730.95925956
208203 8730.95925956
208514 2083.0511725
209719 2083.0511725
209999 2019.3426759
211022 2019.3426759
211472 3317.07822048
212583 3317.07822048
212973 5803.67846128
214225 5803.67846128
214338 7104.76178276
215514 7104.76178276
215742 8616.92554695
216969 8616.92554695
217083 10590.447254
218262 10590.447254
218449 10284.2581089
219749 10284.2581089
220061 5107.80214261
221390 5107.80214261
221759 6298.40972626
222545 6298.40972626
222940 8229.54491284
224225 8229.54491284
224511 8809.99019221
225692 8809.99019221
225918 10849.1233168
226962 10849.1233168
227159 8340.48703674
228397 8340.48703674
228815 3837.86062873
229466 3837.86062873
229910 12305.4526447
230700 12305.4526447
231005 3418.62537477
232264 3418.62537477
232579 3559.64687469
233158 3559.64687469
233656 4996.8921546
234494 4996.8921546
234628 6910.55714341
235692 6910.55714341
236084 5593.56968721
237207 5593.56968721
237481 10576.8896851
238889 10576.8896851
238994 8532.00983987
239505 8532.00983987
239636 2933.02473665
240313 2933.02473665
240498 7882.61888966
241073 7882.61888966
241336 10508.2967655
242221 10508.2967655
242414 4758.66181203
243775 4758.66181203
243940 3523.70595881
245367 3523.70595881
245514 2355.90179442
246545 2355.90179442
246764 8105.47960997
247393 8105.47960997
247551 6113.10135202
248173 6113.10135202
248367 9643.21633959
249266 9643.21633959
249705 7434.85736
250348 7434.85736
250799 9099.8428447
252044 9099.8428447
252475 6806.92474717
253577 6806.92474717
253906 3252.77386314
254491 3252.77386314
254721 6605.38071908
255541 6605.38071908
255982 5497.98556546
256997 5497.98556546
257114 12232.2734477
257889 12232.2734477
258305 8366.45814642
259042 8366.45814642
259468 515.713644547
260658 515.713644547
261157 9861.45080034
262304 9861.45080034
262577 4324.91558052
263420 4324.91558052
