0 1873.47500525
891 1873.47500525
1326 2936.63932973
2471 2936.63932973
2581 3309.74550558
3495 3309.74550558
3866 8180.41451376
4722 8180.41451376
4926 9309.21217441
5895 9309.21217441
6024 2389.63541748
7279 2389.63541748
7520 11981.1328957
8930 11981.1328957
9210 16468.2215761
10084 16468.2215761
10416 4405.3547854
11554 4405.3547854
11974 7353.47574212
12663 7353.47574212
12973 5667.60039532
13551 5667.60039532
13733 7085.38552503
15135 7085.38552503
15458 1866.27919787
16816 1866.27919787
16971 14520.2100375
17617 14520.2100375
17763 1243.8732221
18791 1243.8732221
19104 5817.7036366
19774 5817.7036366
19886 6136.09232157
20391 6136.09232157
20592 4987.60964261
21716 4987.60964261
21935 7461.96762215
22801 7461.96762215
23159 6142.15841325
23847 6142.15841325
24217 8375.13073528
25343 8375.13073528
25729 8238.48707249
26792 8238.48707249
26932 10607.0714572
27949 10607.0714572
28223 7931.1284686
29669 7931.1284686
29987 11561.7159171
30969 11561.7159171
31373 10002.1898869
32812 10002.1898869
32986 4978.47873358
34192 4978.47873358
34300 15021.6983273
35662 15021.6983273
35887 5388.02202862
37147 5388.02202862
37459 5591.31380069
38860 5591.31380069
39044 5115.03336738
39990 5115.03336738
40361 12305.0934285
41073 12305.0934285
41541 11743.1260804
42430 11743.1260804
42779 4310.28287278
43931 4310.28287278
44246 5636.05835082
45719 5636.05835082
46047 1981.83247641
46650 1981.83247641
47025 2580.62647465
48221 2580.62647465
48412 3739.73074908
49266 3739.73074908
49532 9563.81590973
51018 9563.81590973
51225 5854.84557863
51922 5854.84557863
52171 4900.77377971
53278 4900.77377971
53433 698.244664382
54203 698.244664382
54434 6957.4789074
55531 6957.4789074
55646 14182.5320329
56522 14182.5320329
56867 9229.00669603
58020 9229.00669603
58502 15382.3912357
59321 15382.3912357
59454 12259.3189767
60233 12259.3189767
60511 11436.4465654
61564 11436.4465654
61815 8573.93940576
62626 8573.93940576
63124 5801.03335896
64396 5801.03335896
64649 1887.52935343
66075 1887.52935343
66401 5829.82122787
67090 5829.82122787
67469 7413.98628415
68799 7413.98628415
69208 11452.527474
70227 11452.527474
70705 3963.56579326
71750 3963.56579326
72138 4273.26829005
73570 4273.26829005
74060 4897.48266805
75000 4897.48266805
75461 2080.22584106
76263 2080.22584106
76705 6880.27825605
78103 6880.27825605
78584 2386.81071597
79136 2386.81071597
79470 8705.32014965
80315 8705.32014965
80596 3870.12037227
81154 3870.12037227
81266 10292.6373234
82731 10292.6373234
83067 4652.69165955
83576 4652.69165955
84063 6373.31404589
85327 6373.31404589
85757 9098.66675786
86341 9098.66675786
86492 9979.19786431
87504 9979.19786431
87658 720.481186667
88205 720.481186667
88545 15901.4529783
89674 15901.4529783
90002 6796.6640335
90596 6796.6640335
90756 7412.1847419
91257 7412.1847419
91684 11814.7598215
92724 11814.7598215
92901 4524.52335978
94202 4524.52335978
94442 12274.112692
94992 12274.112692
95353 11102.1022332
96368 11102.1022332
96525 3480.71115582
97511 3480.71115582
97887 4393.53955148
98496 4393.53955148
98783 5823.52043913
100222 5823.52043913
100510 8869.04041586
101486 8869.04041586
101877 4237.85462079
102943 4237.85462079
103365 3044.84648836
104762 3044.84648836
105071 7137.60085456
105936 7137.60085456
106384 7680.4902539
107790 7680.4902539
108159 4991.68860851
109616 4991.68860851
109730 13510.482844
110247 13510.482844
110407 11356.0755192
110955 11356.0755192
111443 8757.69479552
112455 8757.69479552
112828 7290.96853314
114270 7290.96853314
114629 3589.22509353
115457 3589.22509353
115685 7570.03845887
116702 7570.03845887
116864 8735.4225564
118007 8735.4225564
118299 5805.72067145
119021 5805.72067145
119326 8569.06596433
120573 8569.06596433
120785 11265.4531964
121370 11265.4531964
121574 6461.86326312
122408 6461.86326312
122729 8692.16668893
123433 8692.16668893
123902 5999.86977256
124701 5999.86977256
124986 5760.15946996
126091 5760.15946996
126434 10864.7398808
127811 10864.7398808
128184 11155.5970905
128962 11155.5970905
129234 9999.66103698
129996 9999.66103698
130191 10452.5861951
131061 10452.5861951
131522 3891.81708754
132316 3891.81708754
132751 7721.96076085
134103 7721.96076085
134212 2676.40475772
135192 2676.40475772
135689 4097.03117694
137128 4097.03117694
137304 8854.65646788
138041 8854.65646788
138385 7385.20500256
139432 7385.20500256
139808 8938.05034518
140368 8938.05034518
140474 5537.42093877
141650 5537.42093877
141834 6398.82293506
142580 6398.82293506
142946 7698.10828402
143988 7698.10828402
144428 7938.63324448
145245 7938.63324448
145444 13627.0170896
146141 13627.0170896
146348 8753.08687101
146938 8753.08687101
147045 8188.49122296
148502 8188.49122296
148994 9205.9460468
149641 9205.9460468
149772 7068.87703504
151138 7068.87703504
151451 10221.2859507
152878 10221.2859507
153030 10979.457052
154421 10979.457052
154757 8185.18338581
156180 8185.18338581
156487 7270.04916971
157622 7270.04916971
158069 10678.3769018
158859 10678.3769018
159037 10569.6848917
159702 10569.6848917
160109 4566.60967767
161554 4566.60967767
161797 4927.42018818
162842 4927.42018818
163087 6457.08345526
164110 6457.08345526
164495 2570.1193067
165539 2570.1193067
165932 6673.04718021
166525 6673.04718021
166701 2749.14359712
167389 2749.14359712
167746 8086.3180553
169171 8086.3180553
169551 2022.91989445
170526 2022.91989445
170721 1132.83072463
171806 1132.83072463
172126 620.29101592
173523 620.29101592
173731 5674.85109378
174241 5674.85109378
174368 10830.0235857
175293 10830.0235857
175473 4855.83108831
176324 4855.83108831
176581 3941.63974597
177839 3941.63974597
178017 9698.3375891
178994 9698.3375891
179387 7164.90444879
180209 7164.90444879
180571 11426.623618
181749 11426.623618
182129 6888.79315855
183490 6888.79315855
183855 5402.94049746
184390 5402.94049746
184765 2518.07838372
185265 2518.07838372
185650 10906.5943648
187082 10906.5943648
187486 2882.09658086
188884 2882.09658086
189300 14699.6405967
190127 14699.6405967
190541 3908.55331007
191317 3908.55331007
191626 11078.8922189
192321 11078.8922189
192788 11855.8189746
193419 11855.8189746
193784 7741.60704833
194678 7741.60704833
194987 10565.3990075
195491 10565.3990075
195899 7409.13028175
196480 7409.13028175
196903 6936.33753366
197439 6936.33753366
197762 9172.99916799
198877 9172.99916799
199020 3129.85613861
199989 3129.85613861
200304 7915.0218295
200807 7915.0218295
201207 11185.29479
202314 11185.29479
202653 4518.39451844
203243 4518.39451844
203361 2477.51407188
203964 2477.51407188
204424 8296.04517429
205641 8296.04517429
205965 11397.1986627
207100 11397.1986627
207389 6925.71406709
208596 6925.71406709
208943 6825.92311757
209750 6825.92311757
209957 9994.8649551
210837 9994.8649551
211276 11982.0323214
212495 11982.0323214
212694 7714.43422074
213939 7714.43422074
214243 1114.10420066
215057 1114.10420066
215474 6270.96413604
215987 6270.96413604
216159 10031.4684751
217087 10031.4684751
217192 14345.0180666
218195 14345.0180666
218408 5097.288261
219109 5097.288261
219401 6770.31850925
219965 6770.31850925
220124 10092.6710976
221446 10092.6710976
221758 6701.82967068
222999 6701.82967068
223332 10839.5494155
224427 10839.5494155
224672 7591.15210893
225644 7591.15210893
226039 6469.30268555
227343 6469.30268555
227782 10842.741019
228786 10842.741019
228944 6123.03280624
230174 6123.03280624
230401 4410.08157899
231896 4410.08157899
232182 10379.1025846
233461 10379.1025846
233741 3294.44703017
234541 3294.44703017
234756 9581.77993113
235481 9581.77993113
235893 8206.45856081
237118 8206.45856081
237488 2551.1888594
238681 2551.1888594
238912 9122.01572733
239977 9122.01572733
240473 9895.57186944
241744 9895.57186944
242149 8302.88114562
242692 8302.88114562
243171 8304.67707532
243844 8304.67707532
244259 8872.71958731
245441 8872.71958731
245625 9438.31617449
247010 9438.31617449
247251 8743.78077638
248114 8743.78077638
248343 6535.05210831
249399 6535.05210831
249887 8316.24275878
250441 8316.24275878
250638 4772.70693902
251186 4772.70693902
251561 6418.75845665
252534 6418.75845665
252902 6708.902123
254301 6708.902123
254583 6846.88379658
255724 6846.88379658
256053 11178.3787501
256963 11178.3787501
257445 148.907060302
258450 148.907060302
258868 5857.13651354
260201 5857.13651354
260637 4318.31354787
261218 4318.31354787
261652 3907.61651246
262792 3907.61651246
263285 7818.88326263
264247 7818.88326263
