0 14897.4559077
1138 14897.4559077
1291 4990.51218585
2267 4990.51218585
2594 8613.91509544
3398 8613.91509544
3592 743.192180675
5083 743.192180675
5430 13815.2680264
6267 13815.2680264
6695 8656.09726059
7495 8656.09726059
7861 6682.2731662
9193 6682.2731662
9522 1256.4888991
10934 1256.4888991
11410 3491.10563041
12234 3491.10563041
12399 12322.9220636
13422 12322.9220636
13640 10266.8191118
14933 10266.8191118
15100 12471.7329997
15892 12471.7329997
16217 3991.0668468
17694 3991.0668468
18040 3044.08166408
18965 3044.08166408
19339 7875.0629095
20597 7875.0629095
20933 19857.6498825
21765 19857.6498825
22109 8677.54647461
23001 8677.54647461
23461 14122.7892434
24423 14122.7892434
24833 11649.5462559
25867 11649.5462559
26197 2832.88185479
27275 2832.88185479
27763 14872.7548849
28593 14872.7548849
28712 3661.65153104
30031 3661.65153104
30404 15180.7169578
31428 15180.7169578
31919 5371.25581138
32935 5371.25581138
33042 6847.76843625
34468 6847.76843625
34901 4225.56929739
35476 4225.56929739
35810 52.1805347086
36707 52.1805347086
37028 12153.7099458
38049 12153.7099458
38376 5524.07287501
38935 5524.07287501
39125 12176.7234476
39827 12176.7234476
40240 5970.17836602
41681 5970.17836602
41862 4935.57752455
42628 4935.57752455
42782 3316.27793601
43618 3316.27793601
43863 9412.67854453
44658 9412.67854453
45146 10587.6504736
45953 10587.6504736
46431 9474.83245422
47615 9474.83245422
47948 15556.8346928
49391 15556.8346928
49869 13828.89354
51232 13828.89354
51635 13409.426594
52361 13409.426594
52647 12538.6435836
54054 12538.6435836
54525 6356.69618927
55211 6356.69618927
55454 2266.48212226
56669 2266.48212226
57071 18215.8017489
57989 18215.8017489
58330 8301.49707506
59216 8301.49707506
59548 10758.6777361
60802 10758.6777361
60959 7996.30553055
61749 7996.30553055
61954 3253.23335102
62788 3253.23335102
63160 10458.2165952
64033 10458.2165952
64492 5816.0668421
65633 5816.0668421
66038 13728.9550787
66762 13728.9550787
67247 8850.0408467
68496 8850.0408467
68609 6588.55375483
69462 6588.55375483
69664 13337.4314185
70822 13337.4314185
71101 8868.3524934
71623 8868.3524934
72038 4538.42346495
73384 4538.42346495
73599 11979.7222475
74577 11979.7222475
74827 15816.8810649
75879 15816.8810649
76270 2091.4307592
77181 2091.4307592
77529 10839.2570074
78652 10839.2570074
78916 2741.83976806
80288 2741.83976806
80473 6175.4809046
81140 6175.4809046
81344 9600.96782857
81923 9600.96782857
82175 11064.4449392
83419 11064.4449392
83734 11666.9049838
85071 11666.9049838
85475 2346.50383882
86766 2346.50383882
87043 12596.0957558
87703 12596.0957558
87806 7484.92926016
88897 7484.92926016
89163 6117.52568517
90104 6117.52568517
90268 3526.29993794
90913 3526.29993794
91335 9876.09132957
91840 9876.09132957
92118 14665.2740238
92770 14665.2740238
93124 3747.25783828
94088 3747.25783828
94380 6789.00695345
95536 6789.00695345
95755 6231.77005879
97162 6231.77005879
97643 8822.48190079
98207 8822.48190079
98377 7858.22637231
99033 7858.22637231
99501 7846.78083304
100730 7846.78083304
101184 4407.90388663
102107 4407.90388663
102591 6891.88733443
103992 6891.88733443
104469 6275.70480672
105178 6275.70480672
105319 4636.98779229
106809 4636.98779229
107033 7505.02456828
107950 7505.02456828
108059 6171.5925981
109028 6171.5925981
109426 4520.82804751
110250 4520.82804751
110557 9241.41873363
111732 9241.41873363
112093 13437.1835487
113243 13437.1835487
113434 11532.6911677
114484 11532.6911677
114593 9533.63975561
115371 9533.63975561
115813 9097.69585127
116823 9097.69585127
117024 3638.35354121
117582 3638.35354121
117713 6288.20156481
119140 6288.20156481
119612 1156.46571265
120615 1156.46571265
120850 16314.2093013
122098 16314.2093013
122229 7253.61805497
123303 7253.61805497
123433 717.336097499
124449 717.336097499
124776 12626.1621951
125516 12626.1621951
125820 12160.152551
127295 12160.152551
127705 5212.66582729
128984 5212.66582729
129426 11523.8281843
130023 11523.8281843
130262 5311.54540637
131252 5311.54540637
131609 3115.65058859
132596 3115.65058859
132975 13285.015098
134044 13285.015098
134325 9389.1236417
135253 9389.1236417
135470 6496.69761107
136555 6496.69761107
136932 12071.8252389
138193 12071.8252389
138294 14234.5037256
139525 14234.5037256
139723 8241.23698679
140663 8241.23698679
140951 2836.2232856
141552 2836.2232856
141713 4776.91305791
142354 4776.91305791
142672 14577.7323459
144034 14577.7323459
144434 13887.6788756
145434 13887.6788756
145876 7441.53621982
147295 7441.53621982
147438 1818.20138112
148217 1818.20138112
148332 7268.29214206
149273 7268.29214206
149664 7882.25992644
150477 7882.25992644
150866 10839.0475264
151764 10839.0475264
152252 2873.52049205
153033 2873.52049205
153378 5594.70305802
154599 5594.70305802
154948 5769.30201366
155507 5769.30201366
155739 11505.512882
156522 11505.512882
157016 2160.09545622
158260 2160.09545622
158455 19255.8222489
159539 19255.8222489
159893 4766.90323919
160675 4766.90323919
161094 9670.51967757
162192 9670.51967757
162323 11223.5063826
162868 11223.5063826
163049 11369.1708559
164148 11369.1708559
164415 8418.27243243
165831 8418.27243243
166255 3089.2618294
166871 3089.2618294
167224 3691.43543444
168596 3691.43543444
169024 10363.6827615
170121 10363.6827615
170558 9619.16757715
171068 9619.16757715
171426 13189.2059135
172901 13189.2059135
173355 13695.8943174
173928 13695.8943174
174328 4043.87544684
174883 4043.87544684
174983 8458.32774905
176368 8458.32774905
176585 6048.8414742
177898 6048.8414742
178256 8387.38160317
179089 8387.38160317
179238 6962.43156421
180106 6962.43156421
180407 13142.7385476
181705 13142.7385476
181970 8097.87543554
182944 8097.87543554
183193 226.064080398
184472 226.064080398
184661 1884.66885411
185727 1884.66885411
185895 9298.28302634
187170 9298.28302634
187626 3190.68747406
189047 3190.68747406
189416 8101.51117602
190517 8101.51117602
190762 6022.94026005
192021 6022.94026005
192239 7288.95381239
193378 7288.95381239
193648 15741.3299587
194204 15741.3299587
194573 11641.4307985
195997 11641.4307985
196302 8890.69741291
197439 8890.69741291
197772 8898.87985205
198985 8898.87985205
199469 7478.268534
200185 7478.268534
200396 10777.6019553
201353 10777.6019553
201748 15677.5482219
202754 15677.5482219
202928 5740.12558721
204007 5740.12558721
204227 3348.11450677
205294 3348.11450677
205763 3418.93452751
206740 3418.93452751
207165 12097.8968609
208460 12097.8968609
208643 13427.7280975
210054 13427.7280975
210274 222.715840059
210919 222.715840059
211086 6458.85068292
212559 6458.85068292
213058 8952.9800474
214441 8952.9800474
214806 10325.1747962
215529 10325.1747962
215846 13794.3172962
217201 13794.3172962
217623 7302.86388639
218873 7302.86388639
219059 14053.6909418
220023 14053.6909418
220454 4038.09433367
221494 4038.09433367
221691 6534.35294415
222728 6534.35294415
222881 5942.9416462
223847 5942.9416462
224313 2646.21021109
225005 2646.21021109
225415 7799.2165278
226883 7799.2165278
227054 1234.74897372
227615 1234.74897372
