0 11416.3746995
838 11416.3746995
1219 9436.58527133
2527 9436.58527133
2859 10024.0913657
3475 10024.0913657
3809 7766.3890991
4820 7766.3890991
4964 9677.99216113
5546 9677.99216113
5857 11114.1952471
6740 11114.1952471
6952 10495.6554723
8261 10495.6554723
8577 3521.64221959
9860 3521.64221959
10179 831.725308466
11182 831.725308466
11290 4554.27620632
11924 4554.27620632
12381 8707.88390043
13153 8707.88390043
13404 8498.39839704
14203 8498.39839704
14481 7997.35111126
15073 7997.35111126
15473 6247.82361374
16199 6247.82361374
16652 7064.84217841
17166 7064.84217841
17563 8589.8851361
18394 8589.8851361
18740 5940.27976758
19858 5940.27976758
20124 10710.2608661
21480 10710.2608661
21642 9945.65325075
22501 9945.65325075
22972 8848.84698675
24105 8848.84698675
24427 2775.95700787
24987 2775.95700787
25476 10261.1866406
26417 10261.1866406
26864 9371.24867091
27761 9371.24867091
28069 5430.19561973
29532 5430.19561973
29812 9600.82631698
31126 9600.82631698
31403 4969.09959439
32319 4969.09959439
32627 7016.251448
33711 7016.251448
33850 8001.05817858
35335 8001.05817858
35435 8254.30211683
36463 8254.30211683
36600 9146.43903235
37282 9146.43903235
37680 2895.88440437
38930 2895.88440437
39141 5966.43754849
40173 5966.43754849
40486 6874.36724596
41008 6874.36724596
41218 8724.94789257
42258 8724.94789257
42749 10816.6118646
43942 10816.6118646
44183 4831.01179853
45510 4831.01179853
45840 5782.70462503
46562 5782.70462503
46871 6385.15090409
48030 6385.15090409
48183 5737.71621787
49536 5737.71621787
49964 10043.6848233
51189 10043.6848233
51435 6676.32596854
52019 6676.32596854
52470 9340.81019424
53520 9340.81019424
53717 5300.67932006
54256 5300.67932006
54453 11417.3192006
55580 11417.3192006
56057 9656.67946827
56890 9656.67946827
57288 5835.54393557
58484 5835.54393557
58874 7658.2363708
59410 7658.2363708
59682 7077.52418623
60248 7077.52418623
60719 8303.97749189
61529 8303.97749189
62011 3560.64483728
63225 3560.64483728
63443 5664.52537706
64767 5664.52537706
65080 8696.53393358
66470 8696.53393358
66570 10489.7151773
67281 10489.7151773
67444 7109.71786236
68448 7109.71786236
68859 5406.34827617
69496 5406.34827617
69906 6513.46591635
70728 6513.46591635
71026 6928.62143997
72095 6928.62143997
72554 13404.1518643
73761 13404.1518643
73998 8821.55923422
74825 8821.55923422
75094 5030.67702067
75858 5030.67702067
76124 7798.87074883
76897 7798.87074883
77304 6288.41211896
77915 6288.41211896
78145 8853.74268756
79541 8853.74268756
79944 7729.07027208
80877 7729.07027208
81257 8746.30761013
82107 8746.30761013
82517 10437.356445
83608 10437.356445
83739 6275.155906
84299 6275.155906
84402 2854.39761022
85778 2854.39761022
86107 6045.74717293
87391 6045.74717293
87866 9433.50435675
89186 9433.50435675
89663 13508.7788528
90298 13508.7788528
90657 6453.82682374
91475 6453.82682374
91663 8541.38810918
92305 8541.38810918
92614 12260.6315395
93185 12260.6315395
93628 8401.06410549
94323 8401.06410549
94670 7364.03731996
95392 7364.03731996
95608 7200.14415665
96741 7200.14415665
97034 8436.85257819
98135 8436.85257819
98389 8929.92426017
99178 8929.92426017
99294 4435.43434652
100627 4435.43434652
100736 6853.43308678
102196 6853.43308678
102401 5507.19796812
103587 5507.19796812
103783 7276.66214221
104680 7276.66214221
104955 7843.42190309
106101 7843.42190309
106427 9867.81874124
107463 9867.81874124
107610 3902.87961434
108784 3902.87961434
109066 9145.42579589
110354 9145.42579589
110518 7037.18685683
111726 7037.18685683
112144 9231.4531573
112897 9231.4531573
113280 7022.24427433
114529 7022.24427433
114927 9766.74766631
116153 9766.74766631
116555 8278.56678226
117151 8278.56678226
117644 7761.67833796
118772 7761.67833796
119192 9713.45763918
120355 9713.45763918
120500 13315.1464637
121718 13315.1464637
121982 9693.10555542
123208 9693.10555542
123444 6277.67668978
124894 6277.67668978
125046 7558.11440898
126516 7558.11440898
126890 3876.84051692
127831 3876.84051692
128247 12284.7393315
128938 12284.7393315
129091 8024.82141237
130312 8024.82141237
130742 10354.8927632
132135 10354.8927632
132521 4038.9693389
133855 4038.9693389
134051 5694.37111192
135313 5694.37111192
135635 5440.34020446
136267 5440.34020446
136379 6709.11920213
136879 6709.11920213
137050 3490.06642436
137879 3490.06642436
138186 7333.37602517
139300 7333.37602517
139599 11464.2254069
140185 11464.2254069
140427 7281.03970335
141021 7281.03970335
141240 5692.92627657
142166 5692.92627657
142410 6537.16497066
143167 6537.16497066
143386 8927.58741698
144686 8927.58741698
145176 12297.2742795
146356 12297.2742795
146633 7155.79939281
147667 7155.79939281
148084 9655.42380048
148733 9655.42380048
149133 4568.82600948
150358 4568.82600948
150582 6530.265804
151347 6530.265804
151683 8909.70918931
152246 8909.70918931
152410 11826.5821471
153065 11826.5821471
153374 9753.13919364
154137 9753.13919364
154487 8540.3204851
155317 8540.3204851
155702 11277.4657906
156678 11277.4657906
156822 10831.897352
157895 10831.897352
158070 7688.56073153
158926 7688.56073153
159207 8900.36290847
160309 8900.36290847
160560 8911.17370876
161647 8911.17370876
162028 4709.43863915
163280 4709.43863915
163564 9170.39413265
165016 9170.39413265
165384 6721.15315024
166703 6721.15315024
166804 8549.02085559
167800 8549.02085559
168016 9745.20155996
169009 9745.20155996
169207 8293.95880674
170399 8293.95880674
170755 6795.36248201
171659 6795.36248201
172093 5791.10565248
173140 5791.10565248
173578 9797.51229365
174779 9797.51229365
175077 6251.19259268
175646 6251.19259268
176069 7754.02409519
177387 7754.02409519
177522 6405.12584998
178431 6405.12584998
178886 8031.75829222
179400 8031.75829222
179759 7357.53059581
180665 7357.53059581
181036 7936.35194884
181556 7936.35194884
181985 4750.58772283
182971 4750.58772283
183447 6708.63863567
184685 6708.63863567
185079 9518.99404855
186341 9518.99404855
186567 5581.05844048
187466 5581.05844048
187901 9218.57943195
189065 9218.57943195
189217 9693.47487323
190632 9693.47487323
190825 13577.753152
192027 13577.753152
192320 8461.97935708
192892 8461.97935708
193098 6181.31178794
193672 6181.31178794
194146 8826.58240459
194824 8826.58240459
195284 6715.26938818
196436 6715.26938818
196564 7796.88327936
197797 7796.88327936
198211 7370.17652696
198897 7370.17652696
199304 9368.00110401
200238 9368.00110401
200443 11885.1544721
201531 11885.1544721
202018 9488.14597439
202587 9488.14597439
202851 6938.02167738
203752 6938.02167738
203989 9806.30998744
205463 9806.30998744
205845 7114.07647621
206693 7114.07647621
207156 6747.20568505
208164 6747.20568505
208654 5917.03780945
209351 5917.03780945
209552 9832.00431576
210963 9832.00431576
211260 7660.23636287
212143 7660.23636287
212503 10071.4959414
213876 10071.4959414
214250 12104.8875521
215181 12104.8875521
215351 10581.2164728
216781 10581.2164728
216926 10987.1283525
217580 10987.1283525
218015 6518.82181857
219314 6518.82181857
219749 9539.09268811
221021 9539.09268811
221324 7599.51354149
222799 7599.51354149
223024 6600.40140763
224485 6600.40140763
224947 8715.95307605
226149 8715.95307605
226334 9633.19282852
227430 9633.19282852
227562 8099.52852043
228999 8099.52852043
229430 10841.0951228
230618 10841.0951228
