0 5203.67380934
889 5203.67380934
1136 8414.1621589
2183 8414.1621589
2537 12483.1748333
3098 12483.1748333
3366 7585.74862972
3918 7585.74862972
4280 10165.0539748
4833 10165.0539748
5283 4313.04102474
6034 4313.04102474
6493 5066.41065566
7295 5066.41065566
7789 9587.9345151
9161 9587.9345151
9270 7907.22991129
9790 7907.22991129
9918 4385.05208846
10890 4385.05208846
11083 1600.7278426
12169 1600.7278426
12559 8993.28712534
13547 8993.28712534
13739 7858.43814191
14595 7858.43814191
14720 7990.29315046
15815 7990.29315046
16039 11128.7907155
16705 11128.7907155
17036 10698.3462769
17974 10698.3462769
18356 11397.2773609
19419 11397.2773609
19762 10448.0818295
20584 10448.0818295
20957 5900.32255242
21843 5900.32255242
22101 13755.2653867
23511 13755.2653867
23993 3501.20398494
24817 3501.20398494
25293 4804.43347281
26053 4804.43347281
26236 11304.7064711
26870 11304.7064711
27130 356.018885507
28143 356.018885507
28348 8017.13186001
29725 8017.13186001
30111 8362.15059941
31588 8362.15059941
32081 11044.1155415
32584 11044.1155415
33059 11776.4847838
33648 11776.4847838
33913 12144.1154097
35301 12144.1154097
35549 6437.305123
36242 6437.305123
36348 5243.92087027
37460 5243.92087027
37690 10931.334143
39093 10931.334143
39474 8877.04271559
40613 8877.04271559
40838 11609.9623857
41817 11609.9623857
42126 10305.4942982
42903 10305.4942982
43021 9576.54808642
43607 9576.54808642
43946 5164.21697868
44764 5164.21697868
45248 6835.06637236
46527 6835.06637236
46719 11527.4348863
47540 11527.4348863
47951 11131.618115
48972 11131.618115
49090 6514.07196094
49933 6514.07196094
50381 13232.8684822
51129 13232.8684822
51422 12899.290711
52179 12899.290711
52438 8123.21290171
53845 8123.21290171
54028 11924.6681054
54693 11924.6681054
54880 8973.04438284
56205 8973.04438284
56540 7209.43791042
57559 7209.43791042
57706 13460.9865562
58417 13460.9865562
58597 5305.96576255
60086 5305.96576255
60545 8017.00558613
61618 8017.00558613
61868 7106.87832151
62543 7106.87832151
62890 6745.32183108
63529 6745.32183108
64020 9765.61112826
65455 9765.61112826
65922 8077.35863024
67352 8077.35863024
67754 9770.67564927
68470 9770.67564927
68655 9105.77800292
69185 9105.77800292
69322 4134.02606815
70225 4134.02606815
70652 10452.8086919
71678 10452.8086919
71784 10559.342059
72291 10559.342059
72634 3653.23181637
74101 3653.23181637
74444 6860.12043474
75373 6860.12043474
75649 10803.0742993
77118 10803.0742993
77538 8380.96485267
78987 8380.96485267
79438 3715.89021908
80212 3715.89021908
80579 3405.83389696
81440 3405.83389696
81560 7567.86512923
82467 7567.86512923
82733 8435.70455203
84203 8435.70455203
84307 13121.2591356
85624 13121.2591356
86077 11836.08807
86964 11836.08807
87169 5265.20151622
88281 5265.20151622
88528 9345.24566616
89641 9345.24566616
89988 9058.52853053
91304 9058.52853053
91443 8752.09250804
92102 8752.09250804
92447 2489.48409234
93379 2489.48409234
93777 7926.58492478
94664 7926.58492478
95050 7610.44880863
95915 7610.44880863
96394 8107.89812109
97264 8107.89812109
97529 5231.99699432
98215 5231.99699432
98663 8528.29374915
99844 8528.29374915
100070 11665.466828
101105 11665.466828
101405 9623.46794977
101925 9623.46794977
102410 9333.2972089
103287 9333.2972089
103776 9920.34757401
104306 9920.34757401
104641 9904.02213598
105470 9904.02213598
105912 5319.76432457
107388 5319.76432457
107550 2951.7697572
108454 2951.7697572
108694 9234.89659342
109684 9234.89659342
110031 10578.1311972
110666 10578.1311972
111163 5957.55231378
112643 5957.55231378
112935 10790.8210247
113592 10790.8210247
113865 9473.34783904
115195 9473.34783904
115651 9241.26734173
116576 9241.26734173
116923 11850.8405664
117754 11850.8405664
117954 5898.82026846
118490 5898.82026846
118730 7357.77028849
119996 7357.77028849
120221 6715.66507216
120885 6715.66507216
121236 6866.52384189
122658 6866.52384189
123155 11884.146805
124440 11884.146805
124554 6216.69185747
125927 6216.69185747
126169 9368.88194658
126791 9368.88194658
127168 12239.1191219
128535 12239.1191219
128981 6707.19782699
129908 6707.19782699
130190 6225.62622422
131321 6225.62622422
131787 5204.0837808
132866 5204.0837808
133089 7899.54276497
134333 7899.54276497
134613 12799.707379
135531 12799.707379
135722 8964.56189635
136733 8964.56189635
137225 1967.9702576
138124 1967.9702576
138559 7703.17403304
139685 7703.17403304
140161 13215.6345864
140690 13215.6345864
140930 8091.22019027
141598 8091.22019027
141701 6357.40068612
142796 6357.40068612
143259 13373.3316713
143964 13373.3316713
144314 9664.62658645
144896 9664.62658645
145229 7398.73813676
146560 7398.73813676
146723 12403.3627845
147537 12403.3627845
147711 7140.11823832
148337 7140.11823832
148638 8976.22709201
150027 8976.22709201
150491 6689.15353531
151731 6689.15353531
151975 13535.6372275
152830 13535.6372275
153146 5365.12592025
154135 5365.12592025
154541 2849.88586892
155620 2849.88586892
155960 7784.14009349
157313 7784.14009349
157744 6363.29153571
158774 6363.29153571
158971 10251.3520913
159538 10251.3520913
159835 13045.270083
160904 13045.270083
161174 9041.52582447
162172 9041.52582447
162294 7623.17087292
163342 7623.17087292
163815 3562.34345362
164317 3562.34345362
164499 12465.6649466
165815 12465.6649466
165993 779.852386887
166914 779.852386887
167379 8177.36081915
167910 8177.36081915
168289 6174.84432052
169023 6174.84432052
169483 6126.1002124
170276 6126.1002124
170704 6661.79734957
171907 6661.79734957
172307 1357.05459473
173002 1357.05459473
173229 12997.1895701
173773 12997.1895701
173899 13334.1044348
174659 13334.1044348
175144 6260.81977665
176040 6260.81977665
176370 9620.16898566
177698 9620.16898566
177849 10901.6271014
178605 10901.6271014
178933 11918.7800279
180270 11918.7800279
180435 10666.5162323
180936 10666.5162323
181123 7062.87757426
181877 7062.87757426
182275 11461.5783406
182991 11461.5783406
183230 1180.98590352
184552 1180.98590352
184726 1637.2812116
185869 1637.2812116
186291 6179.77604601
187006 6179.77604601
187210 8475.86035508
187744 8475.86035508
187877 9983.71334338
188718 9983.71334338
189181 9018.17257901
190515 9018.17257901
190783 8161.35696529
191339 8161.35696529
191752 11049.7108802
193197 11049.7108802
193596 7301.31879199
194262 7301.31879199
194486 6278.80991138
195372 6278.80991138
195814 8543.39601052
196933 8543.39601052
197301 7462.69836941
197924 7462.69836941
198165 7170.18207547
199113 7170.18207547
199367 7029.7352629
200790 7029.7352629
201135 12313.2712606
202556 12313.2712606
202970 8619.67565689
204040 8619.67565689
204334 5332.43860695
205363 5332.43860695
205584 10605.7964591
206472 10605.7964591
206965 11399.9579416
208203 11399.9579416
208606 6664.21914088
209374 6664.21914088
209736 6475.63957837
210665 6475.63957837
210957 4386.19848048
212304 4386.19848048
212703 12295.6653671
213334 12295.6653671
213498 7728.65865002
214442 7728.65865002
214683 3572.46852936
216073 3572.46852936
216421 1483.52501637
217203 1483.52501637
217532 11062.4300573
218454 11062.4300573
218866 8345.33752174
220322 8345.33752174
220440 5996.59041356
220958 5996.59041356
221165 10337.7281623
222036 10337.7281623
222397 4553.70313337
223498 4553.70313337
223807 9472.72419842
225148 9472.72419842
225357 9120.1866318
226352 9120.1866318
226631 6079.97847053
227330 6079.97847053
227800 11834.2124875
228302 11834.2124875
228451 7437.42666392
229786 7437.42666392
