0 5668.70401423
841 5668.70401423
1274 4523.14737347
2275 4523.14737347
2482 8280.04435554
3072 8280.04435554
3319 990.956829857
4044 990.956829857
4299 7382.55688336
5495 7382.55688336
5649 8542.35980703
7019 8542.35980703
7151 1155.1151014
8084 1155.1151014
8422 22584.3928728
9726 22584.3928728
10017 5972.33302702
10728 5972.33302702
11104 10134.5958429
11940 10134.5958429
12244 12345.4206876
13281 12345.4206876
13571 13791.4187742
14760 13791.4187742
14943 6010.74293159
15755 6010.74293159
16018 13454.2109349
16599 13454.2109349
16715 9311.21907252
18115 9311.21907252
18588 16801.9194995
19720 16801.9194995
19901 5137.70590498
21175 5137.70590498
21648 10331.0451869
22511 10331.0451869
22640 15927.0313926
23250 15927.0313926
23670 12903.6665268
25064 12903.6665268
25356 9590.93130883
26663 9590.93130883
26793 6995.69827356
27528 6995.69827356
27782 9120.35266551
28756 9120.35266551
28887 9004.6106014
29804 9004.6106014
29908 8164.00518895
31214 8164.00518895
31710 12680.881453
32621 12680.881453
32926 6755.50887228
33560 6755.50887228
33953 11272.9656795
34775 11272.9656795
35037 10159.1028579
35721 10159.1028579
36108 7195.53031932
37373 7195.53031932
37767 10470.0527636
38268 10470.0527636
38591 5118.86827244
39880 5118.86827244
40143 13146.1188696
41281 13146.1188696
41397 7732.48761659
41932 7732.48761659
42046 2968.8227431
43226 2968.8227431
43699 11119.2773546
44526 11119.2773546
44813 12256.5642114
45984 12256.5642114
46278 12352.4291946
47703 12352.4291946
47963 4144.86008813
48483 4144.86008813
48972 9746.40446578
49497 9746.40446578
49877 12021.8374371
50755 12021.8374371
51229 706.38818129
52480 706.38818129
52746 10917.7140505
53286 10917.7140505
53415 8567.62612531
54282 8567.62612531
54512 13278.6900533
55075 13278.6900533
55402 5080.44039217
56668 5080.44039217
56794 5170.03236719
58256 5170.03236719
58621 8489.6477857
60119 8489.6477857
60531 6106.75523533
61031 6106.75523533
61499 4318.67154067
62398 4318.67154067
62721 6973.74044875
63415 6973.74044875
63821 18294.6311427
64913 18294.6311427
65092 13701.2885579
65939 13701.2885579
66104 9329.57988995
66608 9329.57988995
67041 18695.61081
67799 18695.61081
67975 8071.36327253
69049 8071.36327253
69378 14705.0659994
69910 14705.0659994
70291 4452.53181788
70948 4452.53181788
71156 8062.39921507
72222 8062.39921507
72459 517.925781802
73081 517.925781802
73349 5194.76007063
74829 5194.76007063
75118 7941.13118653
75998 7941.13118653
76400 6837.34724925
77894 6837.34724925
78236 1120.8355893
79103 1120.8355893
79536 6341.64207057
80086 6341.64207057
80339 3820.63506937
81527 3820.63506937
81821 880.049574181
83137 880.049574181
83350 11069.9538925
84801 11069.9538925
84978 9116.25082453
85797 9116.25082453
86098 1496.95569111
87143 1496.95569111
87532 17507.8114785
88798 17507.8114785
88964 2675.81230406
90188 2675.81230406
90505 16386.5976873
91603 16386.5976873
92008 9628.68036666
92627 9628.68036666
92953 6779.11971026
93726 6779.11971026
94071 13779.2807269
94698 13779.2807269
94979 4256.42958645
95497 4256.42958645
95656 13647.5278248
97039 13647.5278248
97520 8315.77955477
98565 8315.77955477
98872 8636.19513127
99743 8636.19513127
100142 12892.8861943
101342 12892.8861943
101529 7905.44520966
102543 7905.44520966
102664 4317.07997273
103287 4317.07997273
103392 9987.87977828
104270 9987.87977828
104614 1582.08731317
105686 1582.08731317
106006 11232.3253724
106842 11232.3253724
106955 6313.25326393
107998 6313.25326393
108382 10377.1494377
109454 10377.1494377
109719 10813.7384596
110219 10813.7384596
110632 8781.54356083
111396 8781.54356083
111662 4821.93068696
113081 4821.93068696
113562 6021.18680609
114762 6021.18680609
115139 10070.0509487
116235 10070.0509487
116546 7303.43887484
117050 7303.43887484
117515 5784.92707897
118093 5784.92707897
118586 17698.8860572
119412 17698.8860572
119518 11408.3822524
120594 11408.3822524
120739 10546.0769472
122017 10546.0769472
122367 11882.5624321
123282 11882.5624321
123518 7332.49437889
124125 7332.49437889
124544 348.574370635
125622 348.574370635
126052 11911.1942958
127194 11911.1942958
127590 5337.03918566
128887 5337.03918566
129305 32.1963957609
130398 32.1963957609
130500 5260.76632872
131217 5260.76632872
131550 11348.9477225
132752 11348.9477225
133164 19183.9216362
134048 19183.9216362
134538 7328.91379483
135479 7328.91379483
135727 10056.6230563
136259 10056.6230563
136625 8220.32362312
137826 8220.32362312
138248 15010.0177876
138769 15010.0177876
138914 5691.85075323
139868 5691.85075323
140263 1273.86341935
141020 1273.86341935
141407 14897.7649292
142013 14897.7649292
142288 16803.7223994
143312 16803.7223994
143654 3552.93047309
145145 3552.93047309
145560 343.193938107
146157 343.193938107
146319 6597.60749241
147785 6597.60749241
148140 6042.55710608
149371 6042.55710608
149587 3481.94497861
150646 3481.94497861
151140 9666.23266373
152202 9666.23266373
152680 3137.14833663
153974 3137.14833663
154442 11273.9785647
155745 11273.9785647
156154 12498.0414279
157572 12498.0414279
157677 6179.7143446
158311 6179.7143446
158472 5701.42680991
159853 5701.42680991
160040 7662.19156515
160540 7662.19156515
160830 10422.3905907
162007 10422.3905907
162125 5141.98886089
162967 5141.98886089
163133 14254.3050861
164515 14254.3050861
164923 12360.2939285
165921 12360.2939285
166130 10372.9925563
166643 10372.9925563
167140 6697.89226643
168334 6697.89226643
168496 11345.3591792
169960 11345.3591792
170154 3405.99246232
171492 3405.99246232
171941 10204.2826129
173410 10204.2826129
173787 12708.0627415
175234 12708.0627415
175600 8958.31671801
176756 8958.31671801
177219 7741.50297634
177924 7741.50297634
178372 5122.39415597
179028 5122.39415597
179374 3704.04598399
180347 3704.04598399
180586 1003.66264641
181836 1003.66264641
182251 12697.8106169
182877 12697.8106169
183268 9744.93560979
184072 9744.93560979
184311 327.299287353
185774 327.299287353
185931 15239.1362233
186691 15239.1362233
186801 9984.77717153
188295 9984.77717153
188704 8870.750864
189336 8870.750864
189795 18965.9373404
190642 18965.9373404
191081 3071.46577029
191655 3071.46577029
192100 11033.6325999
192784 11033.6325999
192932 9043.17418742
194411 9043.17418742
194762 7109.10395726
195887 7109.10395726
196232 7330.85521957
197714 7330.85521957
197846 10047.6672856
198683 10047.6672856
198885 7480.47315714
200178 7480.47315714
200572 15013.1233504
201216 15013.1233504
201374 7817.84123208
202232 7817.84123208
202452 4453.06944224
203884 4453.06944224
204032 12246.7000232
205350 12246.7000232
205848 9736.84498185
207124 9736.84498185
207445 5144.01795147
208365 5144.01795147
208607 11822.1034895
209114 11822.1034895
209253 12374.1517688
210256 12374.1517688
210441 8504.56618792
211256 8504.56618792
211666 2700.67041653
212399 2700.67041653
212872 11213.3540519
214196 11213.3540519
214512 5422.40214618
215627 5422.40214618
215783 6671.35258707
216955 6671.35258707
217388 8727.4282908
218684 8727.4282908
219135 15126.5448645
220491 15126.5448645
220749 5598.98924935
222003 5598.98924935
222282 4792.11537461
223181 4792.11537461
223558 1699.9871651
224106 1699.9871651
224265 2303.79362294
225621 2303.79362294
225768 13304.6381813
226992 13304.6381813
227170 9175.83263706
228410 9175.83263706
228575 3088.4405506
229838 3088.4405506
230222 5068.14864188
231083 5068.14864188
231490 12178.623604
232362 12178.623604
232757 11309.1943801
233486 11309.1943801
233813 8625.18610606
234845 8625.18610606
235018 5181.7233621
235661 5181.7233621
235863 6699.93966591
236831 6699.93966591
237118 6144.89948744
237719 6144.89948744
237994 6856.34690331
239037 6856.34690331
239469 7966.88164647
240864 7966.88164647
241278 4275.81918913
242347 4275.81918913
242560 16905.3016712
243556 16905.3016712
243793 5221.98776603
244433 5221.98776603
244737 9396.81641794
245982 9396.81641794
246164 6654.87739822
247261 6654.87739822
247456 12340.4176984
248215 12340.4176984
248389 16481.3602761
249048 16481.3602761
249522 1432.1581949
250199 1432.1581949
250463 13276.9033351
251105 13276.9033351
251537 8022.69145259
252855 8022.69145259
253036 3553.13025717
253944 3553.13025717
254189 716.346065283
255077 716.346065283
255215 8562.4787105
256188 8562.4787105
256554 6503.9453619
257748 6503.9453619
257943 8726.38545109
258941 8726.38545109
259230 12099.362654
260278 12099.362654
260502 6553.6319239
261051 6553.6319239
261281 10225.3901017
262602 10225.3901017
262728 8998.1948114
263333 8998.1948114
