0 10956.212209
1098 10956.212209
1570 1981.6672873
2324 1981.6672873
2450 14084.1717508
3286 14084.1717508
3481 17223.6995564
4248 17223.6995564
4585 12366.3669959
5287 12366.3669959
5503 8222.81775141
6481 8222.81775141
6609 6135.02121833
7820 6135.02121833
8048 11080.7021147
8548 11080.7021147
8970 10259.938451
10401 10259.938451
10784 6597.61058852
11904 6597.61058852
12229 17594.2083934
13605 17594.2083934
13903 8559.70405755
15051 8559.70405755
15361 4187.32152991
16087 4187.32152991
16520 14791.113384
17247 14791.113384
17454 3045.49661322
18707 3045.49661322
19061 8932.13390243
19882 8932.13390243
20159 8451.16284581
21462 8451.16284581
21843 6966.55875765
22583 6966.55875765
22742 4012.69659847
23980 4012.69659847
24136 15821.802341
25013 15821.802341
25507 16164.3603512
26310 16164.3603512
26616 9178.93402623
27993 9178.93402623
28404 16648.9625768
29374 16648.9625768
29833 1254.73374498
30379 1254.73374498
30688 14649.782034
31889 14649.782034
32097 6312.24104209
32756 6312.24104209
32859 7039.37864319
33995 7039.37864319
34479 7051.53841311
35350 7051.53841311
35770 7133.59252124
37203 7133.59252124
37571 12200.6091841
38960 12200.6091841
39384 4873.29717167
40667 4873.29717167
41008 6871.08760731
41598 6871.08760731
42012 4184.5243466
42840 4184.5243466
43251 18048.1805114
44365 18048.1805114
44806 10867.5129222
46020 10867.5129222
46443 13382.7064182
47145 13382.7064182
47417 10788.4648906
48171 10788.4648906
48314 7909.12099413
49203 7909.12099413
49566 10248.4434519
50174 10248.4434519
50560 10855.9201586
51336 10855.9201586
51501 11370.2113948
52075 11370.2113948
52398 5219.30594076
53826 5219.30594076
53994 7040.96828997
54955 7040.96828997
55131 1458.27817691
56202 1458.27817691
56486 10045.8428219
57634 10045.8428219
58005 3070.32561877
59123 3070.32561877
59335 4431.42989589
60400 4431.42989589
60721 9957.26626843
61999 9957.26626843
62344 6487.11574226
63078 6487.11574226
63573 10669.8048774
64659 10669.8048774
65002 6356.32727678
66172 6356.32727678
66291 12398.7568781
66844 12398.7568781
67124 1450.39699035
67725 1450.39699035
67977 11363.0903267
68761 11363.0903267
69171 10596.726758
69842 10596.726758
70269 19288.1333695
71617 19288.1333695
71997 13029.462648
72838 13029.462648
73078 12165.5187838
74211 12165.5187838
74518 9439.60016774
75723 9439.60016774
76179 7336.41694834
77351 7336.41694834
77841 5800.54467012
78356 5800.54467012
78758 3755.87259221
80220 3755.87259221
80402 10272.172402
81809 10272.172402
82251 14411.5499811
83223 14411.5499811
83504 9193.50528803
84690 9193.50528803
84946 10381.9141929
85813 10381.9141929
86031 8956.54267843
86590 8956.54267843
86941 14773.8012069
88419 14773.8012069
88522 15626.7566658
89315 15626.7566658
89614 6312.13794942
90716 6312.13794942
91168 866.711291586
92511 866.711291586
92757 11806.217117
93451 11806.217117
93942 9720.3041617
94886 9720.3041617
95065 3127.82481291
96019 3127.82481291
96407 6354.71241404
97241 6354.71241404
97681 7956.89797838
99071 7956.89797838
99414 9734.61403781
100093 9734.61403781
100221 9347.05881914
101339 9347.05881914
101633 5894.40231134
102767 5894.40231134
102913 7164.21013702
104124 7164.21013702
104596 13972.7443514
105569 13972.7443514
106039 3185.69672391
107306 3185.69672391
107448 14321.5413856
108485 14321.5413856
108767 9583.82175358
109843 9583.82175358
110110 1044.29992428
111187 1044.29992428
111535 11216.2108691
112886 11216.2108691
113060 13028.9607236
113956 13028.9607236
114380 4017.59395518
115659 4017.59395518
116139 12127.7242494
117371 12127.7242494
117767 2757.40502296
118828 2757.40502296
119013 7931.91512986
119751 7931.91512986
120125 13928.6402132
121274 13928.6402132
121595 2557.76883781
123063 2557.76883781
123271 10887.8594479
124692 10887.8594479
125115 4226.76354489
126536 4226.76354489
126925 1370.46558718
127709 1370.46558718
128167 6878.5764393
129091 6878.5764393
129360 4055.30701601
130419 4055.30701601
130860 11363.1508195
131548 11363.1508195
131713 4071.24842332
133073 4071.24842332
133462 7850.8887885
134821 7850.8887885
135316 10216.1106804
136479 10216.1106804
136898 8017.14139247
137871 8017.14139247
138293 9108.41435251
139535 9108.41435251
140006 10054.8876084
141495 10054.8876084
141826 5679.90505991
143010 5679.90505991
143428 9550.86730577
144082 9550.86730577
144378 11102.5741074
145106 11102.5741074
145254 1801.36743222
145955 1801.36743222
146218 7468.17757075
147408 7468.17757075
147549 3483.44533425
148470 3483.44533425
148811 5277.51785523
149691 5277.51785523
149930 12502.7611924
151332 12502.7611924
151547 11534.6212267
152335 11534.6212267
152821 17273.2940345
153394 17273.2940345
153651 11943.118706
154943 11943.118706
155223 7109.88074886
156597 7109.88074886
156776 12047.5376476
158236 12047.5376476
158484 1512.09639289
159257 1512.09639289
159517 15590.3380683
160609 15590.3380683
160857 14088.0351281
161529 14088.0351281
161911 4506.52882755
162670 4506.52882755
163022 4621.18112004
164455 4621.18112004
164920 7118.33395382
165474 7118.33395382
165629 11038.3543559
166695 11038.3543559
166893 12074.2752629
168111 12074.2752629
168484 3172.22119441
169747 3172.22119441
170147 7484.96373928
171600 7484.96373928
172074 14610.2010149
173358 14610.2010149
173469 4951.94848008
174112 4951.94848008
174530 3508.31716055
175841 3508.31716055
176227 10112.0616983
177697 10112.0616983
178139 4846.24295512
179236 4846.24295512
179443 19574.5001158
180161 19574.5001158
180605 7435.55030266
181654 7435.55030266
181908 7167.57996156
183242 7167.57996156
183603 14621.4733438
185099 14621.4733438
185397 10154.3651219
186335 10154.3651219
186832 19434.8931563
187764 19434.8931563
188190 12570.1247726
189520 12570.1247726
189858 1999.31952144
191033 1999.31952144
191145 4441.20114045
192352 4441.20114045
192603 18829.1224328
193896 18829.1224328
194025 16409.012961
194760 16409.012961
195225 1608.63845202
195979 1608.63845202
196448 6533.52183489
197370 6533.52183489
197588 6201.65290135
198653 6201.65290135
199018 18971.8711316
199824 18971.8711316
200191 11247.7612875
201014 11247.7612875
201425 14237.8754571
202117 14237.8754571
202390 19218.5570549
203523 19218.5570549
203693 5284.24791829
204480 5284.24791829
204967 11295.0302435
205865 11295.0302435
206006 12260.3776313
207454 12260.3776313
207597 5279.78087859
208188 5279.78087859
208514 3331.67637792
209410 3331.67637792
209885 16489.5202882
210443 16489.5202882
210941 17182.0354941
211564 17182.0354941
211845 3862.8187839
213292 3862.8187839
213730 5806.29844037
214796 5806.29844037
214989 14842.699545
215898 14842.699545
216286 12603.3482062
217135 12603.3482062
217475 10783.5140259
218600 10783.5140259
218797 9676.04006108
219364 9676.04006108
219691 6207.49016136
221150 6207.49016136
221464 1219.57384967
222715 1219.57384967
222932 5760.11656489
223960 5760.11656489
224324 13174.1031969
225119 13174.1031969
225355 9619.06213671
226620 9619.06213671
226940 14629.8895763
228402 14629.8895763
228731 7594.75224088
229848 7594.75224088
230252 7861.73480967
230775 7861.73480967
231022 6250.43579986
232485 6250.43579986
232729 6901.28337981
233333 6901.28337981
233777 10471.5658424
234532 10471.5658424
234763 6021.06993091
235912 6021.06993091
236378 8604.42566836
236890 8604.42566836
237300 8587.61186591
238768 8587.61186591
239137 5812.03853242
240514 5812.03853242
240646 8871.67356676
242132 8871.67356676
