0 1087.19568765
832 1087.19568765
1298 3728.60517051
2758 3728.60517051
3209 2614.32464627
4443 2614.32464627
4921 8763.65801828
5823 8763.65801828
5973 4620.77442458
7317 4620.77442458
7751 5473.70962504
8645 5473.70962504
8863 2623.46397032
10018 2623.46397032
10136 8101.05881163
10669 8101.05881163
11027 9852.19594027
11901 9852.19594027
12301 3175.20919634
13695 3175.20919634
14176 11732.0850388
14759 11732.0850388
15126 1702.93646825
15928 1702.93646825
16106 7044.50142307
17177 7044.50142307
17468 12695.3071341
18794 12695.3071341
19127 10605.556512
20394 10605.556512
20619 6181.45488387
22105 6181.45488387
22593 4302.44506031
23774 4302.44506031
23995 5870.81007348
24809 5870.81007348
25269 442.41902024
26483 442.41902024
26642 6559.12211755
28044 6559.12211755
28523 1769.24261433
29741 1769.24261433
30215 6122.80440232
30989 6122.80440232
31090 7130.9741114
31975 7130.9741114
32370 15007.615995
33823 15007.615995
34287 4763.83255871
35294 4763.83255871
35471 3419.15892866
36524 3419.15892866
36760 8298.69610141
37454 8298.69610141
37656 22416.6686279
38630 22416.6686279
39041 7463.16362312
39790 7463.16362312
40201 21081.5020627
41543 21081.5020627
41893 14004.0624823
42472 14004.0624823
42747 9308.07975955
43754 9308.07975955
43901 10301.8285175
45057 10301.8285175
45247 19766.9015178
46201 19766.9015178
46679 5916.7124885
47605 5916.7124885
48099 21109.5157301
49387 21109.5157301
49840 3157.65540188
50669 3157.65540188
51025 1202.69485642
51931 1202.69485642
52255 8708.79279913
53076 8708.79279913
53216 12226.0734774
53820 12226.0734774
54282 49.0416165881
54947 49.0416165881
55177 7897.40931243
55754 7897.40931243
56132 4309.64535851
56654 4309.64535851
56930 7679.64296224
57685 7679.64296224
57916 18930.8749113
59153 18930.8749113
59306 13342.337703
60374 13342.337703
60760 12208.0276969
61585 12208.0276969
61823 3716.59803466
62815 3716.59803466
63186 16380.6593154
64592 16380.6593154
64763 10315.4171734
65967 10315.4171734
66160 9854.40080202
66884 9854.40080202
67238 3542.31454457
68202 3542.31454457
68542 12566.2923436
69439 12566.2923436
69647 8487.30349952
70226 8487.30349952
70628 10452.6065082
71613 10452.6065082
72035 18229.7147869
73315 18229.7147869
73556 4980.25535613
74103 4980.25535613
74296 11766.9911818
75490 11766.9911818
75764 134.964936813
77122 134.964936813
77315 8413.29213568
78510 8413.29213568
78929 17168.288366
79790 17168.288366
80258 11055.3201499
80824 11055.3201499
81130 8452.36762309
82066 8452.36762309
82562 10102.6479098
83306 10102.6479098
83449 6257.36447589
84652 6257.36447589
84782 5900.20557808
85388 5900.20557808
85857 2819.94432301
86571 2819.94432301
87048 4196.72558545
87600 4196.72558545
88057 8946.09244085
89470 8946.09244085
89814 12440.8882758
90968 12440.8882758
91393 13718.0409812
92421 13718.0409812
92748 8398.72511134
93416 8398.72511134
93805 1502.67996481
94550 1502.67996481
94827 5963.99623158
95747 5963.99623158
95951 4574.75956931
96705 4574.75956931
96931 4453.58749823
97960 4453.58749823
98407 13535.5343123
99730 13535.5343123
100227 3253.471557
100944 3253.471557
101063 13110.0929288
101938 13110.0929288
102308 14150.3900303
102887 14150.3900303
103200 20201.464706
104402 20201.464706
104789 5560.62623033
106106 5560.62623033
106298 16094.3202468
107480 16094.3202468
107869 11567.4558475
108398 11567.4558475
108797 7954.81619687
109730 7954.81619687
109846 11851.1322836
110501 11851.1322836
110761 7802.16584877
111419 7802.16584877
111795 12641.0525927
112575 12641.0525927
113054 5982.71309099
114139 5982.71309099
114260 18244.5579209
115465 18244.5579209
115909 13485.0760853
116861 13485.0760853
116964 1834.68266939
118432 1834.68266939
118789 6828.26578993
119809 6828.26578993
119917 5016.30028014
120921 5016.30028014
121366 5453.92330161
122359 5453.92330161
122598 7909.45043671
124035 7909.45043671
124376 10663.6863575
125066 10663.6863575
125315 18509.9981594
126268 18509.9981594
126654 11567.8692217
127616 11567.8692217
128086 15791.8693977
129201 15791.8693977
129670 8181.80759509
130452 8181.80759509
130572 12228.7160143
131211 12228.7160143
131412 11990.3454553
132694 11990.3454553
133153 12733.3836912
133928 12733.3836912
134211 20985.0765968
134998 20985.0765968
135111 12151.4205471
136187 12151.4205471
136391 4635.31501893
137882 4635.31501893
138080 9940.74530233
139029 9940.74530233
139289 2090.7314405
139920 2090.7314405
140328 2213.22611881
141663 2213.22611881
141864 10871.1422042
142720 10871.1422042
143036 1178.41355495
143686 1178.41355495
143948 9916.39301411
145205 9916.39301411
145543 10040.8737419
146810 10040.8737419
146912 8387.22915016
147580 8387.22915016
147806 1922.0965033
148747 1922.0965033
149227 9660.06904522
150183 9660.06904522
150442 21930.6460697
151779 21930.6460697
152236 10601.0780472
152837 10601.0780472
153078 9580.91831996
153619 9580.91831996
153749 8993.952334
155009 8993.952334
155293 8713.71347857
155895 8713.71347857
155999 12575.9592683
157173 12575.9592683
157448 13723.5951009
158553 13723.5951009
158897 17455.6348627
159916 17455.6348627
160084 4846.47882177
161560 4846.47882177
162042 12028.771331
162788 12028.771331
163013 7681.95728342
163737 7681.95728342
164013 13470.0650674
164662 13470.0650674
164797 7397.14463484
165976 7397.14463484
166206 4482.06680289
166982 4482.06680289
167267 12621.1367901
168165 12621.1367901
168477 1858.45943559
169475 1858.45943559
169683 9355.45810089
170550 9355.45810089
170687 3472.66156139
171779 3472.66156139
172239 17834.2720539
172764 17834.2720539
173111 1019.43320945
173636 1019.43320945
173814 11967.7026826
175283 11967.7026826
175519 583.052251574
176992 583.052251574
177185 1126.70890547
178354 1126.70890547
178730 6155.85794955
179750 6155.85794955
180048 3147.66008444
180981 3147.66008444
181346 14535.2985322
181974 14535.2985322
182217 6543.83583054
182841 6543.83583054
183090 1450.51256312
184421 1450.51256312
184731 4758.29695028
185775 4758.29695028
186181 11663.2246264
186849 11663.2246264
187305 14402.7798959
187898 14402.7798959
188161 5234.53431097
189218 5234.53431097
189404 19345.5131431
190815 19345.5131431
191116 12981.9495003
192584 12981.9495003
192897 2365.75088465
193983 2365.75088465
194169 7380.44951265
195335 7380.44951265
195572 12073.8172064
196919 12073.8172064
197207 2138.250888
197854 2138.250888
198304 16282.1831475
198892 16282.1831475
199245 8334.38968929
199782 8334.38968929
200020 12187.2621968
201280 12187.2621968
201759 12631.3215357
202367 12631.3215357
202797 7067.16856782
203508 7067.16856782
203769 7517.65715686
204898 7517.65715686
205337 13356.8208718
205840 13356.8208718
206291 7203.51251013
207542 7203.51251013
207751 8738.49418376
208708 8738.49418376
209001 3576.06397268
209995 3576.06397268
210440 16011.9763175
211628 16011.9763175
212003 13771.7576688
213225 13771.7576688
213505 12660.961915
214415 12660.961915
214723 8131.76453553
215388 8131.76453553
215768 2918.50083423
216864 2918.50083423
217017 5041.70003215
218293 5041.70003215
218592 12154.7456874
219677 12154.7456874
219817 11946.593856
220489 11946.593856
220635 9382.74584676
222041 9382.74584676
222365 5257.54510699
223084 5257.54510699
223316 16356.8692213
224122 16356.8692213
224349 1063.10225293
225319 1063.10225293
225459 6081.85856652
225995 6081.85856652
226315 827.830834396
227134 827.830834396
227410 9178.22488999
228367 9178.22488999
