0 16217.2803
906 16217.2803
1309 2301.13412221
2513 2301.13412221
2755 6479.49090867
3731 6479.49090867
3910 8856.85336766
4958 8856.85336766
5236 7451.16408121
6212 7451.16408121
6370 1681.95842098
7654 1681.95842098
7932 15979.2068391
9076 15979.2068391
9550 4435.98270513
10612 4435.98270513
11082 10336.3499459
12051 10336.3499459
12324 611.825500898
12869 611.825500898
13225 5663.25006431
14288 5663.25006431
14607 2585.18455644
15792 2585.18455644
16179 5555.1238555
17322 5555.1238555
17753 16802.8375741
19252 16802.8375741
19729 13590.1752933
20767 13590.1752933
20923 9714.88968011
21889 9714.88968011
22254 7816.42508089
23147 7816.42508089
23419 11315.7417065
24492 11315.7417065
24872 16132.0114575
26178 16132.0114575
26486 5759.39181328
27884 5759.39181328
28105 3524.32015021
28940 3524.32015021
29404 10682.3248957
30313 10682.3248957
30651 4433.17443026
32083 4433.17443026
32361 13526.333344
33113 13526.333344
33338 14654.7068961
34515 14654.7068961
34791 12394.7190651
35548 12394.7190651
35869 15520.513993
36465 15520.513993
36754 5638.89511024
37511 5638.89511024
37857 7957.86678237
39302 7957.86678237
39546 935.887822929
40067 935.887822929
40468 3588.80545722
41168 3588.80545722
41574 3437.54840704
42423 3437.54840704
42748 5837.60441581
43321 5837.60441581
43747 17399.695508
44652 17399.695508
44903 9908.93586156
45914 9908.93586156
46075 9280.92666959
47348 9280.92666959
47839 10850.1621874
48881 10850.1621874
48992 5286.05565143
50461 5286.05565143
50572 3152.74384765
51586 3152.74384765
51932 5667.29245405
52577 5667.29245405
52889 7320.53719683
54046 7320.53719683
54175 19547.4134622
54823 19547.4134622
55009 20396.9540438
55578 20396.9540438
55782 6169.489294
56691 6169.489294
57062 9935.26847614
57678 9935.26847614
57799 9659.40469213
58597 9659.40469213
58871 1767.19891661
60082 1767.19891661
60521 9017.82115109
61209 9017.82115109
61661 19629.6310902
63130 19629.6310902
63384 6688.14729974
64083 6688.14729974
64580 16886.1129813
65765 16886.1129813
65923 3982.62247159
66799 3982.62247159
66958 16117.8872782
68416 16117.8872782
68647 9328.10851215
69591 9328.10851215
69691 3663.44436972
71158 3663.44436972
71562 10845.4779614
72201 10845.4779614
72389 3400.15449145
73803 3400.15449145
74137 3009.16489552
75498 3009.16489552
75815 12134.0911957
77204 12134.0911957
77510 10798.8587183
78114 10798.8587183
78409 12369.2911843
78934 12369.2911843
79071 3629.50147447
80442 3629.50147447
80672 19768.6073166
81984 19768.6073166
82478 7273.3147298
83308 7273.3147298
83750 24299.8909221
84691 24299.8909221
84936 2251.01192164
85667 2251.01192164
85901 6304.30170255
87262 6304.30170255
87527 16241.9496044
88300 16241.9496044
88733 26429.40906
90113 26429.40906
90527 20915.1796962
92001 20915.1796962
92464 6485.69758419
93928 6485.69758419
94162 3803.92757693
95307 3803.92757693
95433 3205.98720279
96512 3205.98720279
96848 16889.7441161
97919 16889.7441161
98190 14862.85928
99600 14862.85928
99979 8554.12032919
101070 8554.12032919
101386 8906.08509624
102468 8906.08509624
102844 7272.53095079
103350 7272.53095079
103518 13790.3295624
104592 13790.3295624
105024 14329.0657666
105605 14329.0657666
105989 9642.13980198
106909 9642.13980198
107048 11406.8336303
108538 11406.8336303
108726 22215.7650666
109690 22215.7650666
109808 2862.87350177
110724 2862.87350177
111029 16647.0937648
112137 16647.0937648
112338 1277.75813136
113567 1277.75813136
113899 3844.63952019
115383 3844.63952019
115747 10017.460681
116399 10017.460681
116547 6961.96961664
117291 6961.96961664
117552 12926.8190957
118959 12926.8190957
119059 10762.5528646
120431 10762.5528646
120755 13616.8287975
121929 13616.8287975
122327 4180.4347126
123006 4180.4347126
123311 2631.34099797
124443 2631.34099797
124597 10430.694044
125381 10430.694044
125626 11800.4838267
126148 11800.4838267
126591 1810.48207743
127459 1810.48207743
127691 6786.28104653
128899 6786.28104653
129283 19502.4693646
130575 19502.4693646
130964 15890.946911
132285 15890.946911
132552 6625.00936954
133751 6625.00936954
134015 9363.22732857
134537 9363.22732857
135026 12889.469269
136075 12889.469269
136530 4784.29354468
137308 4784.29354468
137541 15560.529426
138272 15560.529426
138456 9317.90036393
138971 9317.90036393
139425 12920.5793138
140690 12920.5793138
141140 18528.907167
141903 18528.907167
142232 10796.4934663
142737 10796.4934663
143128 2272.20853408
144320 2272.20853408
144749 23260.7656833
146165 23260.7656833
146321 6128.58838491
146854 6128.58838491
147047 12316.7271877
148174 12316.7271877
148442 20338.9263289
149837 20338.9263289
150186 2581.16207285
151361 2581.16207285
151773 12524.1056503
153227 12524.1056503
153386 5915.88957409
154843 5915.88957409
155304 12262.4652928
156740 12262.4652928
157209 11062.4305227
158061 11062.4305227
158474 5416.35776344
159476 5416.35776344
159597 7557.58995711
161012 7557.58995711
161247 4815.21709234
161801 4815.21709234
162027 5636.69612268
162592 5636.69612268
163054 12105.770032
164350 12105.770032
164591 9173.30259581
166076 9173.30259581
166402 14819.1489051
167627 14819.1489051
167870 2720.6304534
168635 2720.6304534
168937 13598.765151
170332 13598.765151
170771 12419.0537092
171450 12419.0537092
171869 11451.9259917
172766 11451.9259917
173092 5526.18667513
174588 5526.18667513
174923 14511.6815889
175439 14511.6815889
175540 22224.9905377
176539 22224.9905377
176643 10309.7156979
177716 10309.7156979
177892 7724.10763312
178944 7724.10763312
179220 6136.5305222
180300 6136.5305222
180561 816.326335062
181757 816.326335062
182024 3307.36258078
182953 3307.36258078
183200 6630.31466352
184617 6630.31466352
185055 12774.2950564
186405 12774.2950564
186790 6612.13614273
188180 6612.13614273
188379 6444.38051476
189460 6444.38051476
189906 8059.47325012
190925 8059.47325012
191260 8713.46812736
192463 8713.46812736
192851 6060.09230144
193765 6060.09230144
194118 4902.44821042
195258 4902.44821042
195432 5949.01228956
196607 5949.01228956
196917 6286.23178724
197433 6286.23178724
197622 20138.6827368
198138 20138.6827368
198353 14766.8401595
199362 14766.8401595
199648 14562.9101493
200958 14562.9101493
201110 11755.8490412
201667 11755.8490412
201813 8533.43315043
202965 8533.43315043
203177 13437.8914378
204338 13437.8914378
204656 5799.72254519
206043 5799.72254519
206456 13375.5456498
207605 13375.5456498
207911 1090.51564594
208834 1090.51564594
209193 6314.37827453
210045 6314.37827453
210521 12959.3885907
211174 12959.3885907
211635 11835.8196891
213018 11835.8196891
213178 19881.4903245
213810 19881.4903245
214166 10293.3679162
214943 10293.3679162
215076 20030.9978505
216335 20030.9978505
216614 7934.98318612
217752 7934.98318612
218032 7319.04264703
219320 7319.04264703
219606 5436.10625035
221032 5436.10625035
221161 14874.5223788
222656 14874.5223788
223133 6947.41448952
224416 6947.41448952
224685 13250.5721076
226072 13250.5721076
226455 15018.6859875
227228 15018.6859875
227692 5475.03639413
228246 5475.03639413
228524 5243.17908457
230007 5243.17908457
230468 4663.01392381
231795 4663.01392381
231929 290.007712669
232548 290.007712669
232691 7375.51781975
233556 7375.51781975
233703 1891.45463693
234894 1891.45463693
