0 9738.86352004
1002 9738.86352004
1336 12298.2954285
2728 12298.2954285
2868 15331.7723086
4107 15331.7723086
4454 19013.3315039
5048 19013.3315039
5397 10708.76157
6108 10708.76157
6505 9323.43205251
7740 9323.43205251
8186 13067.4111962
8710 13067.4111962
8948 15147.2898867
9631 15147.2898867
9936 11035.6887818
10696 11035.6887818
11068 16421.9715583
12199 16421.9715583
12458 16495.1120756
13935 16495.1120756
14037 4282.88354611
15252 4282.88354611
15442 8999.8211609
16855 8999.8211609
17034 16518.7854388
17978 16518.7854388
18115 23417.7323507
19283 23417.7323507
19635 10797.5707416
20718 10797.5707416
20950 8081.63142338
22249 8081.63142338
22683 2428.30181091
23703 2428.30181091
23926 11271.7878285
24678 11271.7878285
25053 16901.6940981
26169 16901.6940981
26565 16023.4988409
27093 16023.4988409
27358 13903.4412681
28463 13903.4412681
28784 14660.1454189
29450 14660.1454189
29892 8304.68074897
31257 8304.68074897
31369 3087.87132415
31926 3087.87132415
32302 2816.95689958
33241 2816.95689958
33693 16516.3723773
35183 16516.3723773
35510 7228.91256741
36312 7228.91256741
36591 15447.1701307
37709 15447.1701307
37863 10973.2884429
39326 10973.2884429
39563 14573.6032257
40206 14573.6032257
40692 8687.43801479
41508 8687.43801479
41849 1485.07186024
42623 1485.07186024
42924 2511.65499241
43773 2511.65499241
43975 14582.9740172
44809 14582.9740172
45249 21563.4711278
45887 21563.4711278
46373 6975.77383945
46944 6975.77383945
47237 1075.86975969
48644 1075.86975969
48983 18688.1609223
49543 18688.1609223
49857 15238.6258678
50720 15238.6258678
50829 10373.8593174
51630 10373.8593174
51939 2673.80803751
53061 2673.80803751
53522 4280.68811304
54597 4280.68811304
55082 21463.8553427
56181 21463.8553427
56483 18077.3454187
57956 18077.3454187
58371 5389.45625236
58981 5389.45625236
59093 6440.35576962
60014 6440.35576962
60158 13076.4419966
61548 13076.4419966
62043 5037.36086887
63389 5037.36086887
63583 358.842162882
64837 358.842162882
65163 7013.04575177
66011 7013.04575177
66339 15831.9519587
67765 15831.9519587
68108 9701.34473982
69370 9701.34473982
69669 2176.17270857
70855 2176.17270857
71322 10677.8619822
71922 10677.8619822
72131 14084.6260084
73277 14084.6260084
73631 14927.8337095
74889 14927.8337095
75059 20411.6386788
76176 20411.6386788
76539 8203.37185328
77822 8203.37185328
78293 20815.7691518
79503 20815.7691518
79958 7568.93169443
81135 7568.93169443
81478 5801.17764826
82953 5801.17764826
83342 12201.4717365
84820 12201.4717365
85170 14338.7643536
85871 14338.7643536
86363 1483.34230204
86896 1483.34230204
87213 1708.31679854
88069 1708.31679854
88390 5384.57989823
89230 5384.57989823
89358 2961.05606199
90076 2961.05606199
90508 14496.1021092
91103 14496.1021092
91248 11664.7552225
91830 11664.7552225
92121 21241.1821116
93163 21241.1821116
93383 6762.07974158
94410 6762.07974158
94621 12781.1532932
95344 12781.1532932
95723 12278.4646251
97175 12278.4646251
97353 8213.00423248
98738 8213.00423248
98904 10002.2202641
100180 10002.2202641
100634 3885.22132404
101612 3885.22132404
101833 3975.38426375
103244 3975.38426375
103565 3673.07728844
104897 3673.07728844
105291 5370.25540266
105940 5370.25540266
106428 12625.0431971
107835 12625.0431971
108167 11182.3070217
108900 11182.3070217
109106 9976.54133928
109966 9976.54133928
110450 5062.7914014
111777 5062.7914014
112214 6131.82431898
113137 6131.82431898
113418 14319.9778508
114044 14319.9778508
114262 25.8991073369
114936 25.8991073369
115210 11848.9362589
116515 11848.9362589
116856 11426.2561436
117626 11426.2561436
117840 17350.7770275
118938 17350.7770275
119084 5699.68714752
119752 5699.68714752
120151 14257.5927731
120683 14257.5927731
121077 7513.5281882
122235 7513.5281882
122709 2472.45479951
123785 2472.45479951
124268 14012.3758682
125276 14012.3758682
125594 7784.77694513
126571 7784.77694513
127065 2608.35333366
127810 2608.35333366
128018 8042.58871589
129095 8042.58871589
129534 15869.476978
130508 15869.476978
130980 21103.6496113
132164 21103.6496113
132652 15457.3440885
133460 15457.3440885
133825 14542.9378058
134916 14542.9378058
135404 7330.96376051
136518 7330.96376051
136669 16569.2569091
137933 16569.2569091
138230 8044.92252919
139368 8044.92252919
139812 16021.4899609
141220 16021.4899609
141405 7312.74479916
142727 7312.74479916
142863 8241.61938317
143581 8241.61938317
144074 7155.11441668
144681 7155.11441668
144967 531.050174086
145919 531.050174086
146328 20235.7349265
146840 20235.7349265
147217 7511.66567016
148155 7511.66567016
148345 2071.40042981
149425 2071.40042981
149720 9436.51364049
150565 9436.51364049
150681 8953.53144195
151600 8953.53144195
151802 7942.07899246
153223 7942.07899246
153632 14337.4148585
154284 14337.4148585
154649 9346.34733308
155849 9346.34733308
156164 9059.00951977
156956 9059.00951977
157063 12855.5394127
158513 12855.5394127
158729 12235.4437696
160191 12235.4437696
160553 21632.6282559
161786 21632.6282559
161931 372.180046583
162712 372.180046583
162925 13124.8201628
163726 13124.8201628
163849 4249.62533721
164823 4249.62533721
165267 12077.1421744
166532 12077.1421744
166811 6202.43563573
167383 6202.43563573
167795 17499.7082052
168473 17499.7082052
168768 16314.5052697
169880 16314.5052697
170124 9234.53875952
171557 9234.53875952
171885 364.027011431
172780 364.027011431
173191 7694.28959059
173839 7694.28959059
173987 3166.25033017
174554 3166.25033017
174694 2826.80365311
175626 2826.80365311
175755 23661.4891617
176981 23661.4891617
177295 10790.7938411
178728 10790.7938411
179192 6370.1821011
180148 6370.1821011
180348 5898.73565547
181431 5898.73565547
181897 13928.1436519
182741 13928.1436519
183054 3345.31134913
184467 3345.31134913
184904 15265.6774928
185962 15265.6774928
186228 15513.9220458
186811 15513.9220458
187269 203.670575219
188347 203.670575219
188659 8450.6804143
189693 8450.6804143
189925 18603.267707
191422 18603.267707
191856 9684.60840115
193151 9684.60840115
193628 2725.10943691
194128 2725.10943691
194529 3992.38080065
195375 3992.38080065
195702 405.729387067
196543 405.729387067
197025 2132.93835328
197908 2132.93835328
198079 3637.53244862
199059 3637.53244862
199295 993.443021337
200390 993.443021337
200593 1947.09318769
201593 1947.09318769
