0 3264.3967633
666 3264.3967633
819 12160.0222625
1863 12160.0222625
2253 13565.5035335
3013 13565.5035335
3254 30289.888026
4703 30289.888026
4875 4116.78269366
6157 4116.78269366
6269 14965.1033821
7265 14965.1033821
7731 6114.88187645
8469 6114.88187645
8952 7690.67157328
9968 7690.67157328
10101 8511.74896009
10665 8511.74896009
10781 15974.5698689
12208 15974.5698689
12624 12168.2325789
13822 12168.2325789
14149 11475.6741581
15547 11475.6741581
15685 6488.63507933
16219 6488.63507933
16699 8214.07559989
17985 8214.07559989
18483 17100.0961221
19285 17100.0961221
19631 16188.3258801
20940 16188.3258801
21284 17222.1969017
22447 17222.1969017
22792 14361.1986069
23605 14361.1986069
23959 4918.74259043
24860 4918.74259043
25087 1640.50120201
25788 1640.50120201
26179 25056.0879546
26880 25056.0879546
27002 7797.25029021
28388 7797.25029021
28532 21960.5002269
29724 21960.5002269
29894 1006.23872969
30577 1006.23872969
30972 11474.3304189
32183 11474.3304189
32334 15799.8051532
33247 15799.8051532
33534 16434.1848567
34213 16434.1848567
34374 4776.47128732
35377 4776.47128732
35537 10774.4707411
36731 10774.4707411
37184 6739.2943091
38378 6739.2943091
38704 8219.19753437
39609 8219.19753437
40080 8588.00815209
41194 8588.00815209
41573 28840.5627294
42506 28840.5627294
42868 14082.3890855
43816 14082.3890855
44181 20253.3829376
45057 20253.3829376
45499 12341.5073674
46105 12341.5073674
46323 636.711524676
47210 636.711524676
47404 6942.4676669
48224 6942.4676669
48616 8360.23873966
49239 8360.23873966
49736 6010.44243207
51093 6010.44243207
51576 4037.97489789
52597 4037.97489789
52864 18063.3418065
53665 18063.3418065
53837 13140.1651252
55104 13140.1651252
55424 9970.30410986
56910 9970.30410986
57229 18887.3685169
57889 18887.3685169
58016 8172.74262398
59252 8172.74262398
59749 3254.41011284
61112 3254.41011284
61593 2863.60392628
62480 2863.60392628
62822 9833.67529892
64282 9833.67529892
64765 19168.4182722
65738 19168.4182722
65873 18921.0335955
66844 18921.0335955
67195 11613.3815335
68350 11613.3815335
68756 22411.6550309
70018 22411.6550309
70218 17851.624622
70825 17851.624622
71117 11266.1847583
71800 11266.1847583
72279 6193.10598335
73231 6193.10598335
73569 24188.58129
74159 24188.58129
74284 13335.2948382
75250 13335.2948382
75744 9832.6712844
76678 9832.6712844
76989 18735.0593493
77735 18735.0593493
77962 15367.8610068
79457 15367.8610068
79944 16.3420848232
81157 16.3420848232
81477 5264.23361615
82021 5264.23361615
82191 19179.1465667
83115 19179.1465667
83414 6466.34146369
84295 6466.34146369
84620 2827.55678536
85618 2827.55678536
85999 8279.68700837
86509 8279.68700837
86717 14656.3530676
88159 14656.3530676
88456 8973.03204456
89228 8973.03204456
89572 10682.4183855
90919 10682.4183855
91085 22675.8332272
92353 22675.8332272
92615 3865.26490677
93599 3865.26490677
93942 17694.8732794
95037 17694.8732794
95497 13211.3193393
96714 13211.3193393
97110 18092.9735873
97635 18092.9735873
97854 4790.65474832
98943 4790.65474832
99407 11120.8647345
100750 11120.8647345
100852 5528.67708924
101862 5528.67708924
102258 11377.2619367
102773 11377.2619367
103130 12789.0556026
104216 12789.0556026
104683 16407.3084316
105635 16407.3084316
105821 1101.45192782
106759 1101.45192782
106940 3120.8413408
107962 3120.8413408
108309 16006.3344251
109591 16006.3344251
109821 14108.3432929
110504 14108.3432929
110860 1643.08543162
111620 1643.08543162
112116 11608.1694958
112752 11608.1694958
113144 17064.9419904
114443 17064.9419904
114820 3908.24113943
115761 3908.24113943
116148 18040.6173299
116975 18040.6173299
117110 18604.4462152
118538 18604.4462152
118786 14152.5455411
120220 14152.5455411
120433 17555.8705944
121384 17555.8705944
121672 8995.24472611
122957 8995.24472611
123135 18728.7412861
124573 18728.7412861
124805 2561.27706297
125863 2561.27706297
126104 10522.0288582
127249 10522.0288582
127405 709.304111498
128217 709.304111498
128455 10574.2149525
129427 10574.2149525
129620 7608.04403462
130802 7608.04403462
131087 4680.05140226
132237 4680.05140226
132647 7930.72895786
134057 7930.72895786
134177 15589.6837796
135670 15589.6837796
135977 705.748032047
137452 705.748032047
137867 12988.4798364
139099 12988.4798364
139311 5904.86132185
140532 5904.86132185
140712 10731.8310799
141754 10731.8310799
142101 3969.55663351
142988 3969.55663351
143184 10181.9258491
144641 10181.9258491
144786 2282.57515364
145555 2282.57515364
145804 14908.5925432
147120 14908.5925432
147439 1500.06198959
148833 1500.06198959
148965 19391.022899
149937 19391.022899
150111 24898.3944123
150865 24898.3944123
151071 11002.9968844
151843 11002.9968844
152330 7449.99091955
153680 7449.99091955
153938 4419.2389054
155128 4419.2389054
155269 1110.10500554
156452 1110.10500554
156910 17815.8038912
158306 17815.8038912
158632 5111.802009
159390 5111.802009
159763 4052.64541481
160637 4052.64541481
160905 6851.73762206
161412 6851.73762206
161599 14789.4015722
162941 14789.4015722
163084 4939.28207911
164467 4939.28207911
164793 24306.600576
165790 24306.600576
166240 5343.83128297
166948 5343.83128297
167296 19615.221473
168078 19615.221473
168426 10168.1824025
168935 10168.1824025
169076 8307.6959316
170008 8307.6959316
170412 12675.8378375
170938 12675.8378375
171137 6350.29587801
172369 6350.29587801
172521 14998.6830718
173296 14998.6830718
173656 7256.00849315
174751 7256.00849315
175052 6172.3854113
176174 6172.3854113
176486 11738.697652
177378 11738.697652
177787 7979.6384562
178781 7979.6384562
179029 16584.8195676
180476 16584.8195676
180803 2874.73615751
182252 2874.73615751
182609 5243.30776921
183983 5243.30776921
184118 20158.0740237
185210 20158.0740237
185471 6577.30319294
186215 6577.30319294
186677 13069.0025284
187870 13069.0025284
188155 10792.6680608
189368 10792.6680608
189523 4427.75752008
190029 4427.75752008
190413 12374.1790914
191592 12374.1790914
192040 9986.00155161
193484 9986.00155161
193911 15340.6738672
194525 15340.6738672
195007 3047.25159941
196467 3047.25159941
196923 19190.4738226
197766 19190.4738226
197912 9762.44719955
198718 9762.44719955
199187 15833.593518
200181 15833.593518
200634 5415.22517226
201854 5415.22517226
