0 8869.05271002
711 8869.05271002
979 3419.80304416
2192 3419.80304416
2514 16033.3511076
3134 16033.3511076
3329 11524.8161268
4454 11524.8161268
4866 10953.8242123
5374 10953.8242123
5584 3833.80407799
6770 3833.80407799
7131 6686.95059551
8351 6686.95059551
8617 2042.24950352
9331 2042.24950352
9657 5533.98011192
10372 5533.98011192
10473 6550.10545089
11436 6550.10545089
11730 10149.2779247
12348 10149.2779247
12466 9405.24636255
13515 9405.24636255
13725 11936.1337758
15115 11936.1337758
15594 10929.5672642
16724 10929.5672642
17022 11919.2887517
18236 11919.2887517
18469 16132.7063362
19086 16132.7063362
19432 10385.0789245
20873 10385.0789245
21043 13497.4640314
22074 13497.4640314
22334 8265.4181643
23394 8265.4181643
23714 6975.90962182
25001 6975.90962182
25232 15773.0720667
25931 15773.0720667
26237 11164.0558295
27458 11164.0558295
27896 10990.4528984
28420 10990.4528984
28801 9608.54526235
29749 9608.54526235
29900 8660.58813107
30605 8660.58813107
31044 7899.69584621
31573 7899.69584621
31719 11562.7520451
32282 11562.7520451
32388 7168.34579947
33386 7168.34579947
33534 5075.15740188
34718 5075.15740188
35131 15408.7906712
36501 15408.7906712
36985 16638.7048244
37842 16638.7048244
38040 6175.66931466
39035 6175.66931466
39342 8063.48465064
40765 8063.48465064
41239 1372.24930458
42628 1372.24930458
42785 14466.2866358
43865 14466.2866358
44032 13234.0333422
45202 13234.0333422
45453 12178.3822674
46749 12178.3822674
47068 11674.0125525
47897 11674.0125525
48232 5863.07256085
49488 5863.07256085
49643 5778.12452633
50315 5778.12452633
50588 7149.00608274
51459 7149.00608274
51589 8372.85500021
52823 8372.85500021
53245 15055.778767
54425 15055.778767
54748 11592.2237465
56024 11592.2237465
56162 17646.3918
56919 17646.3918
57316 16493.2903583
58591 16493.2903583
58819 11148.0948648
59683 11148.0948648
59909 9879.99451984
60657 9879.99451984
60942 16274.3432847
62162 16274.3432847
62605 16480.3032363
63733 16480.3032363
64208 10296.3762955
64744 10296.3762955
65140 23106.146833
66342 23106.146833
66712 8714.08780804
68136 8714.08780804
68460 8482.22685229
69867 8482.22685229
70257 12073.0094907
70854 12073.0094907
71043 11738.7253123
72411 11738.7253123
72819 7751.5845618
73806 7751.5845618
74184 10478.3586003
75044 10478.3586003
75405 14777.3663518
76845 14777.3663518
76953 10785.7554672
77756 10785.7554672
78154 2506.77036204
79598 2506.77036204
79965 4370.46272978
80989 4370.46272978
81339 13540.2118762
82352 13540.2118762
82721 8417.8306814
83480 8417.8306814
83960 10013.780689
85385 10013.780689
85756 7322.42935217
87125 7322.42935217
87302 1979.17241236
88253 1979.17241236
88515 8137.38620075
89051 8137.38620075
89171 5293.6900134
89723 5293.6900134
89879 6336.49371296
90645 6336.49371296
90895 14704.7619073
91702 14704.7619073
92072 6638.79995034
93064 6638.79995034
93221 1658.28717141
93865 1658.28717141
94049 3033.16748227
94665 3033.16748227
94846 12610.0888994
95529 12610.0888994
96022 10337.685191
97108 10337.685191
97438 15980.1858132
98895 15980.1858132
99109 3722.9690848
100150 3722.9690848
100470 7633.42782327
101919 7633.42782327
102375 13970.2886018
103127 13970.2886018
103600 4378.16554442
105093 4378.16554442
105278 9710.2238216
106625 9710.2238216
106962 13249.9364811
107721 13249.9364811
107962 8754.06848883
109058 8754.06848883
109436 9012.94031041
110681 9012.94031041
111059 4501.91284253
112252 4501.91284253
112506 12796.6342625
113664 12796.6342625
113785 18242.6434098
115003 18242.6434098
115266 13982.8464117
116564 13982.8464117
116951 12440.0078172
118091 12440.0078172
118321 8752.85507836
119479 8752.85507836
119839 6374.38066056
120376 6374.38066056
120592 8232.73617661
121723 8232.73617661
121825 13891.8109036
123175 13891.8109036
123465 10871.6267527
124542 10871.6267527
125020 11281.5562876
126189 11281.5562876
126627 7086.51615662
127160 7086.51615662
127591 13643.5590491
128716 13643.5590491
128899 10626.251583
130235 10626.251583
130555 5983.07926292
131695 5983.07926292
132154 11437.9159326
133344 11437.9159326
133735 3270.88584657
134823 3270.88584657
135062 3094.86188671
136166 3094.86188671
136415 11253.1560496
137131 11253.1560496
137532 7407.54666638
138363 7407.54666638
138634 9415.05367404
139851 9415.05367404
140095 6133.74358755
140948 6133.74358755
141144 2343.80737042
142398 2343.80737042
142674 9078.4271627
143575 9078.4271627
143868 13049.8498541
144757 13049.8498541
145051 1491.86977426
145883 1491.86977426
146171 6652.7124791
147464 6652.7124791
147901 7427.11107342
148579 7427.11107342
148813 15201.870452
149830 15201.870452
150221 7820.76281338
151377 7820.76281338
151535 9786.51500021
152310 9786.51500021
152707 9494.73959476
153317 9494.73959476
153488 14918.9969572
154809 14918.9969572
154966 7006.79261221
156301 7006.79261221
156586 3390.82664129
157276 3390.82664129
157747 6656.46396741
158620 6656.46396741
158791 11268.0823175
159398 11268.0823175
159784 4500.7568457
160635 4500.7568457
161004 422.523305656
162000 422.523305656
162466 2537.07071116
163877 2537.07071116
164041 5678.27652628
164934 5678.27652628
165122 8138.5630142
166554 8138.5630142
166908 11306.1519844
168384 11306.1519844
168876 5387.6078801
169675 5387.6078801
169873 6201.0852585
171351 6201.0852585
171581 3038.06168352
172182 3038.06168352
172621 8571.17548209
173749 8571.17548209
174196 7949.51418234
174802 7949.51418234
175005 12871.8293556
175541 12871.8293556
175660 6391.9240337
176917 6391.9240337
177097 4053.00121838
178032 4053.00121838
178162 4056.83519231
178925 4056.83519231
179190 4892.52743294
180531 4892.52743294
180757 10214.3940734
181887 10214.3940734
182176 12475.0290782
182748 12475.0290782
183085 10828.6368527
184496 10828.6368527
184620 8848.12418933
185508 8848.12418933
185897 18844.7180439
186423 18844.7180439
186553 7557.0588592
187344 7557.0588592
187624 1336.22443731
188208 1336.22443731
188472 14312.5507938
189660 14312.5507938
189972 3112.17269599
190793 3112.17269599
190946 974.387605924
192041 974.387605924
192156 12383.2725265
193624 12383.2725265
193826 6467.67053081
194637 6467.67053081
194909 2491.28568062
196160 2491.28568062
196518 11295.3445749
197650 11295.3445749
197934 10261.366842
198499 10261.366842
198746 5281.92239915
199417 5281.92239915
199589 10719.8846581
200768 10719.8846581
201085 13643.5800893
202268 13643.5800893
202639 8242.74113324
203816 8242.74113324
204155 2666.91625358
205055 2666.91625358
205480 16196.5162691
206935 16196.5162691
207282 6614.22146853
208565 6614.22146853
208765 3685.86287374
209966 3685.86287374
210451 8016.79354114
211456 8016.79354114
211877 6141.4091048
212570 6141.4091048
212960 9711.9137194
213858 9711.9137194
