0 4931.6714742
505 4931.6714742
997 14966.9073052
1805 14966.9073052
2104 13256.2569395
2634 13256.2569395
3019 686.819918041
3569 686.819918041
3861 3024.4553188
5189 3024.4553188
5437 9081.73525757
6864 9081.73525757
7116 12170.2111226
8485 12170.2111226
8702 2325.00354729
9499 2325.00354729
9626 2365.68080055
10186 2365.68080055
10382 2868.32277401
10893 2868.32277401
11040 4112.12492037
11871 4112.12492037
12249 3748.62285242
13206 3748.62285242
13698 3577.80061787
15041 3577.80061787
15454 9716.4751937
16876 9716.4751937
17206 648.500176232
18391 648.500176232
18770 3973.7719665
20061 3973.7719665
20441 3033.98690248
21556 3033.98690248
21900 5437.2677073
23072 5437.2677073
23523 3401.67582075
24209 3401.67582075
24313 2647.53866096
25745 2647.53866096
26080 1223.06593735
26737 1223.06593735
26902 7404.02197684
28302 7404.02197684
28765 16680.8853179
29775 16680.8853179
29992 1510.75246431
30797 1510.75246431
31112 601.668570445
32039 601.668570445
32144 2266.4049472
32945 2266.4049472
33234 15130.0936044
33914 15130.0936044
34405 583.446683434
35524 583.446683434
35801 11545.5630575
36645 11545.5630575
36840 7491.67337615
37567 7491.67337615
37943 7321.79807726
38694 7321.79807726
38985 4822.8938122
39552 4822.8938122
39799 7561.40642888
41069 7561.40642888
41525 872.286672594
42980 872.286672594
43398 8733.22462137
43997 8733.22462137
44183 4822.11647249
44829 4822.11647249
45199 2909.84643686
45773 2909.84643686
45944 4143.157835
46624 4143.157835
46817 4246.28192179
47869 4246.28192179
48022 3559.10543001
48535 3559.10543001
48756 1303.31709923
49790 1303.31709923
49971 845.551402468
50847 845.551402468
51234 2176.28310107
51770 2176.28310107
52238 923.324145912
53520 923.324145912
53864 284.920842729
55178 284.920842729
55532 5572.29204611
56357 5572.29204611
56581 17255.846896
58010 17255.846896
58256 1480.8438098
59462 1480.8438098
59567 1366.59036596
60730 1366.59036596
60869 9278.80058283
62064 9278.80058283
62391 2392.42320443
63418 2392.42320443
63763 7343.25779803
64622 7343.25779803
64965 7152.43232002
66067 7152.43232002
66467 6469.85966642
67275 6469.85966642
67581 4112.16069993
68708 4112.16069993
69095 8774.43406191
69918 8774.43406191
70318 6469.61552032
71063 6469.61552032
71458 6089.20215576
72025 6089.20215576
72279 15984.2736041
73543 15984.2736041
73744 9747.01150551
75038 9747.01150551
75385 7631.56694419
75906 7631.56694419
76060 7148.59442508
76792 7148.59442508
77198 1849.73375355
78017 1849.73375355
78205 8494.52618772
79355 8494.52618772
79602 175.577390501
80642 175.577390501
80928 618.476478424
81428 618.476478424
81562 771.116168543
82617 771.116168543
83091 4779.13586571
84168 4779.13586571
84296 17076.5673967
85127 17076.5673967
85382 3033.18926901
86270 3033.18926901
86538 6437.86154798
87961 6437.86154798
88193 767.554164153
89413 767.554164153
89723 4375.33847413
90521 4375.33847413
91002 10081.177055
92470 10081.177055
92601 5028.51968363
93311 5028.51968363
93585 6694.65653611
94487 6694.65653611
94932 860.375334148
95897 860.375334148
96223 1960.16090711
97162 1960.16090711
97273 915.742189077
98455 915.742189077
98661 2213.31782783
100022 2213.31782783
100126 4482.08718481
101557 4482.08718481
101726 2786.63483055
102448 2786.63483055
102820 6457.32697045
104058 6457.32697045
104471 1339.25923121
105361 1339.25923121
105506 8957.1809933
106814 8957.1809933
107221 5190.05900576
107828 5190.05900576
108145 2969.80225944
109642 2969.80225944
109877 11178.2307857
110684 11178.2307857
111106 12253.858898
112227 12253.858898
112398 13466.7808176
113658 13466.7808176
114086 34.2497211755
114996 34.2497211755
115150 4627.88074146
116438 4627.88074146
116582 2701.51895703
117453 2701.51895703
117757 1468.24736807
118308 1468.24736807
118620 1114.39582322
119817 1114.39582322
120064 12847.8516299
120906 12847.8516299
121054 6276.83261102
121681 6276.83261102
121802 10303.110154
122903 10303.110154
123089 4472.05853948
124155 4472.05853948
124386 1186.24915634
125877 1186.24915634
126236 8843.0074972
126767 8843.0074972
127167 3238.26174645
128346 3238.26174645
128554 19489.8912024
129697 19489.8912024
129922 10172.7956265
131099 10172.7956265
131545 962.633118835
133041 962.633118835
133524 12666.4230513
134129 12666.4230513
134318 13392.6443477
135641 13392.6443477
136025 1843.28390309
136737 1843.28390309
136978 3239.1994286
138234 3239.1994286
138581 7261.38625662
140035 7261.38625662
140201 7687.96830192
141299 7687.96830192
141476 27.0885975027
142530 27.0885975027
142746 140.474147895
144215 140.474147895
144387 4079.69556878
145136 4079.69556878
145388 6714.96772827
146687 6714.96772827
146839 2682.39429481
147346 2682.39429481
147673 4804.80767441
148555 4804.80767441
149004 1506.37301328
150357 1506.37301328
150557 6086.22466082
152039 6086.22466082
152309 8863.45194097
153734 8863.45194097
153875 12235.1016612
155111 12235.1016612
155437 11209.6827027
155994 11209.6827027
156257 6838.80067492
157652 6838.80067492
158035 5932.02128882
158879 5932.02128882
159029 2085.34676118
160388 2085.34676118
160784 3024.18928373
161930 3024.18928373
162206 4855.51973328
163320 4855.51973328
163610 4397.37589804
164534 4397.37589804
164930 8746.0153996
165737 8746.0153996
166124 6114.32917646
167476 6114.32917646
167876 2645.55383194
169244 2645.55383194
169459 11676.2065619
170527 11676.2065619
170642 4282.55055363
171287 4282.55055363
171445 4101.96135594
172877 4101.96135594
173052 3649.16757405
173962 3649.16757405
174280 2751.52249137
175214 2751.52249137
175425 17656.3026161
175939 17656.3026161
176421 8970.62178105
177698 8970.62178105
178100 11349.5504879
179384 11349.5504879
179801 7194.17011568
180780 7194.17011568
180904 13624.0558277
181596 13624.0558277
181976 3032.05997734
183141 3032.05997734
183257 5364.52515351
184695 5364.52515351
184848 9783.14225716
185707 9783.14225716
186104 5361.36209607
187082 5361.36209607
187280 9703.75307753
188555 9703.75307753
188999 7665.15104912
189558 7665.15104912
189679 18740.0110195
191170 18740.0110195
191461 3050.88352808
192025 3050.88352808
192479 10930.1354091
193848 10930.1354091
194323 248.416572961
195142 248.416572961
195595 12369.3417404
196447 12369.3417404
196749 7729.03246073
197708 7729.03246073
197808 247.210883011
198474 247.210883011
198922 3126.38086101
200371 3126.38086101
200662 6011.8803999
201970 6011.8803999
202159 846.690587455
202836 846.690587455
203290 9489.65699066
204741 9489.65699066
205121 598.291053978
205773 598.291053978
205961 6465.0845766
207253 6465.0845766
207422 8604.43910238
208790 8604.43910238
209152 11777.8667684
209679 11777.8667684
210127 10146.3595614
211205 10146.3595614
211682 9802.30972322
213019 9802.30972322
213491 4920.15857912
214279 4920.15857912
214460 10052.9210092
215259 10052.9210092
215732 15849.3898953
216752 15849.3898953
