0 6623.71539006
838 6623.71539006
1205 1798.84174157
1964 1798.84174157
2240 7920.04950406
2825 7920.04950406
3324 1614.12133224
4652 1614.12133224
5056 116.484147045
6477 116.484147045
6775 1294.73994525
7737 1294.73994525
8077 5330.62780656
9465 5330.62780656
9673 11830.2224688
10553 11830.2224688
10897 4865.5583589
11643 4865.5583589
11853 803.658029706
12360 803.658029706
12784 1058.44403686
13873 1058.44403686
14202 3758.51428434
15157 3758.51428434
15409 1748.10544088
16575 1748.10544088
17064 9494.79016038
17758 9494.79016038
18087 1057.65663052
19047 1057.65663052
19148 5458.76335737
19958 5458.76335737
20199 2279.98003279
21446 2279.98003279
21815 6180.03688376
23246 6180.03688376
23607 3108.92124031
24724 3108.92124031
24909 5025.29025493
25729 5025.29025493
26074 8793.24142004
27189 8793.24142004
27385 6004.76915214
28019 6004.76915214
28352 3543.91744855
28856 3543.91744855
29103 1379.11626036
30593 1379.11626036
30858 3242.82474507
31755 3242.82474507
31954 3098.00759052
32756 3098.00759052
33187 3320.42835513
34123 3320.42835513
34368 10327.2328183
35344 10327.2328183
35816 1116.79696716
37230 1116.79696716
37595 3590.88728942
38605 3590.88728942
38819 6137.94697557
39802 6137.94697557
40176 790.262034964
40737 790.262034964
41126 2343.92225403
42035 2343.92225403
42434 6765.20246508
43519 6765.20246508
44009 3300.29834975
44559 3300.29834975
44892 9182.36438622
46061 9182.36438622
46391 19500.904786
47262 19500.904786
47564 9735.6941375
48937 9735.6941375
49356 231.505417894
50556 231.505417894
50811 7811.9357453
52097 7811.9357453
52568 270.078994948
53392 270.078994948
53768 8194.2498634
54954 8194.2498634
55176 5849.97160719
55998 5849.97160719
56120 3827.8721791
57569 3827.8721791
57781 7444.78844045
58816 7444.78844045
58934 1675.14509035
59962 1675.14509035
60113 3304.80320108
61318 3304.80320108
61494 3120.48694188
62875 3120.48694188
63357 3053.29954963
64405 3053.29954963
64544 268.780820698
65245 268.780820698
65473 188.406972502
66156 188.406972502
66397 11417.5196243
66980 11417.5196243
67110 12381.5139705
67654 12381.5139705
67963 6988.73970225
68890 6988.73970225
69215 2993.03667962
70270 2993.03667962
70513 6944.37838246
71820 6944.37838246
71996 5453.79998177
72694 5453.79998177
73170 6608.54849973
73687 6608.54849973
73982 1593.02530463
74597 1593.02530463
74842 6491.53370159
75394 6491.53370159
75594 7383.53425875
77037 7383.53425875
77402 16589.221625
78759 16589.221625
79117 5503.73467869
79874 5503.73467869
80370 397.804524486
81164 397.804524486
81528 2264.25049552
82236 2264.25049552
82356 3012.99276542
83845 3012.99276542
83950 1733.5065273
84539 1733.5065273
84939 9708.76142862
85745 9708.76142862
86106 11039.9068509
87506 11039.9068509
87694 1549.16489429
88370 1549.16489429
88761 10274.5877678
89987 10274.5877678
90124 316.649217335
91431 316.649217335
91535 15340.7705715
92803 15340.7705715
92965 2166.034574
94089 2166.034574
94325 2265.90819915
95385 2265.90819915
95662 1054.19946145
96612 1054.19946145
96745 1906.95190227
97968 1906.95190227
98337 80.8787026923
99016 80.8787026923
99422 4255.92280332
100373 4255.92280332
100785 177.545872194
102100 177.545872194
102356 3218.32921136
103101 3218.32921136
103336 12647.4634058
104786 12647.4634058
105033 4993.83350954
106423 4993.83350954
106752 19222.322488
107577 19222.322488
107971 5298.77782596
108696 5298.77782596
108822 4389.40956806
109600 4389.40956806
110031 1918.86518175
110706 1918.86518175
111016 2716.71754672
112200 2716.71754672
112568 2361.43211105
113840 2361.43211105
114329 2824.61297774
115052 2824.61297774
115269 3225.97088973
116457 3225.97088973
116762 4504.98779923
118168 4504.98779923
118638 9862.96652413
120027 9862.96652413
120371 4377.42544775
121032 4377.42544775
121465 2084.61442816
122210 2084.61442816
122547 6027.42300977
123619 6027.42300977
123923 13664.3173878
125188 13664.3173878
125417 1457.45479234
126719 1457.45479234
127165 6166.54327033
128176 6166.54327033
128578 13824.4070147
129753 13824.4070147
130116 1922.49498275
130894 1922.49498275
131290 5355.72549602
132501 5355.72549602
132634 8885.18239468
133906 8885.18239468
134325 2469.56723855
135404 2469.56723855
135625 2538.27488432
136859 2538.27488432
137080 4331.4996717
138037 4331.4996717
138249 2093.1857635
139735 2093.1857635
139932 7972.33496058
140548 7972.33496058
140724 32.0536910769
141566 32.0536910769
141862 4554.21422446
142417 4554.21422446
142886 6903.89675613
144060 6903.89675613
144452 1426.12630424
145616 1426.12630424
146016 3354.61125689
147469 3354.61125689
147959 3383.70985086
149297 3383.70985086
149510 2536.83507192
150289 2536.83507192
150614 3557.67060002
151842 3557.67060002
152015 7437.98906328
152927 7437.98906328
153423 2081.01757553
153963 2081.01757553
154110 4492.91472893
154802 4492.91472893
155123 10764.8322379
156411 10764.8322379
156733 5378.11406263
157671 5378.11406263
157788 4793.29375594
158522 4793.29375594
158791 735.600908843
159298 735.600908843
159755 3997.88924618
160657 3997.88924618
160956 6216.04664941
162146 6216.04664941
162333 8856.59811711
163002 8856.59811711
163473 4898.45837869
164343 4898.45837869
164702 7812.04407491
165445 7812.04407491
165906 11193.2065067
166900 11193.2065067
167189 448.085917159
168272 448.085917159
168510 2076.37102378
169312 2076.37102378
169636 2656.26287058
171060 2656.26287058
171521 1767.12956427
172938 1767.12956427
173319 3485.7289399
173886 3485.7289399
174027 2235.70417589
175321 2235.70417589
175691 9965.44107861
176777 9965.44107861
177192 1333.9465885
177888 1333.9465885
178061 1198.91085631
178803 1198.91085631
179217 2993.78174804
180103 2993.78174804
180309 5624.25350132
181552 5624.25350132
181716 8329.52652847
182837 8329.52652847
183013 8389.02968179
184496 8389.02968179
184652 7976.52620594
185234 7976.52620594
185491 3988.79145331
186699 3988.79145331
187030 4336.94800528
188446 4336.94800528
188902 5838.91624649
190046 5838.91624649
190426 2973.66516677
191441 2973.66516677
191693 1839.30167047
192202 1839.30167047
192336 9276.93302266
193757 9276.93302266
193904 4659.30237192
195079 4659.30237192
195185 3649.28817584
195891 3649.28817584
196003 2762.79667944
197168 2762.79667944
197456 7831.98460088
197979 7831.98460088
198392 625.007239952
199079 625.007239952
199301 4122.93902763
200051 4122.93902763
200256 11316.7379412
201515 11316.7379412
201626 780.933823995
202148 780.933823995
202397 23.6598054488
202947 23.6598054488
203404 1015.85622942
204350 1015.85622942
204554 845.915489125
205998 845.915489125
206340 7680.6500254
207040 7680.6500254
207357 9677.38095587
208316 9677.38095587
208752 571.170109927
210210 571.170109927
210650 8350.18051851
211152 8350.18051851
211590 6735.50780505
212677 6735.50780505
212955 2123.34301024
214368 2123.34301024
214753 6651.93222167
215909 6651.93222167
216261 14275.3792231
216834 14275.3792231
217329 18032.8507906
218426 18032.8507906
218873 1008.12555143
219615 1008.12555143
219784 5376.5505702
221222 5376.5505702
221530 1491.97564343
222444 1491.97564343
222607 1068.93279565
223372 1068.93279565
223797 7705.06288505
224510 7705.06288505
224767 9816.01623345
225522 9816.01623345
225639 7120.6839367
226527 7120.6839367
226742 7682.14566131
227680 7682.14566131
227986 684.306412801
228804 684.306412801
229237 4743.43036698
230232 4743.43036698
