0 10354.4641555
1096 10354.4641555
1473 10572.2647629
2471 10572.2647629
2754 9787.50026823
3602 9787.50026823
3933 9305.16876927
5232 9305.16876927
5662 7600.63819929
7112 7600.63819929
7451 10335.2439813
8903 10335.2439813
9118 8583.40244982
10490 8583.40244982
10778 11241.1878553
12033 11241.1878553
12428 7489.23150345
13247 7489.23150345
13618 13147.5999824
14763 13147.5999824
14931 8374.53266806
15940 8374.53266806
16141 11800.0164434
17495 11800.0164434
17645 3292.79445989
18646 3292.79445989
18771 14611.2965054
19307 14611.2965054
19489 7679.96745133
20469 7679.96745133
20879 8598.97831133
22165 8598.97831133
22277 2809.71555393
22886 2809.71555393
23229 16760.6295191
24438 16760.6295191
24790 10148.2012854
25948 10148.2012854
26066 11182.074055
27052 11182.074055
27499 10633.4121912
28942 10633.4121912
29316 2765.84317562
29869 2765.84317562
30291 15382.9321424
31522 15382.9321424
31813 12974.9227378
32360 12974.9227378
32658 6583.21046194
33382 6583.21046194
33726 13126.6279001
34647 13126.6279001
35074 9725.19842745
35647 9725.19842745
36029 11554.8350551
36887 11554.8350551
37208 4326.25470234
37923 4326.25470234
38302 5306.57859513
39695 5306.57859513
40139 15945.5635147
40651 15945.5635147
40943 8744.73194957
41890 8744.73194957
42292 5045.51313475
43647 5045.51313475
43859 15680.4676432
45151 15680.4676432
45614 6790.6955097
46764 6790.6955097
47238 9046.2869114
48058 9046.2869114
48241 12351.4578504
48891 12351.4578504
49013 9339.11325076
49681 9339.11325076
49866 12737.1124769
50853 12737.1124769
51235 6007.275647
52330 6007.275647
52564 4867.57263787
53764 4867.57263787
53940 8711.17433406
54949 8711.17433406
55325 5698.78464288
56276 5698.78464288
56424 9168.71565669
57611 9168.71565669
58010 5049.3305647
58794 5049.3305647
58905 11459.7780199
59712 11459.7780199
59992 9408.71775973
60749 9408.71775973
60874 9058.93786213
62100 9058.93786213
62468 7736.674316
62995 7736.674316
63250 10862.6866272
64741 10862.6866272
64882 16291.9267141
65636 16291.9267141
65900 11855.516028
67159 11855.516028
67627 16164.1211167
68209 16164.1211167
68603 11262.328965
69153 11262.328965
69584 13798.5385096
71061 13798.5385096
71302 10063.2845892
72211 10063.2845892
72691 16394.7143123
73473 16394.7143123
73676 6551.79078154
74818 6551.79078154
75063 9212.00164503
75716 9212.00164503
76076 13470.7604944
76595 13470.7604944
77031 10995.6936937
77691 10995.6936937
77897 4957.04194094
79235 4957.04194094
79337 2539.55472771
80702 2539.55472771
80809 12480.0962003
81860 12480.0962003
82180 10159.3386291
82984 10159.3386291
83425 8563.03670156
84743 8563.03670156
85051 6979.63473007
86360 6979.63473007
86520 16629.253215
87459 16629.253215
87734 4024.43349413
88781 4024.43349413
89177 14827.4311365
89696 14827.4311365
90037 7715.97583357
90775 7715.97583357
91077 5330.68048056
92369 5330.68048056
92840 18010.5753469
94339 18010.5753469
94830 2601.35589695
95454 2601.35589695
95879 10003.1679297
96990 10003.1679297
97227 16591.3385162
98052 16591.3385162
98347 9443.35183109
99278 9443.35183109
99549 13292.8587849
100582 13292.8587849
100935 11903.1477455
102312 11903.1477455
102602 10813.64199
103305 10813.64199
103684 14477.8085406
104287 14477.8085406
104511 10620.8536968
105397 10620.8536968
105514 10025.4606399
106776 10025.4606399
107167 12848.5410113
107900 12848.5410113
108368 11485.8267136
109271 11485.8267136
109440 4564.60527385
110261 4564.60527385
110546 11148.6812347
111724 11148.6812347
112029 7003.08276656
112875 7003.08276656
113317 10912.8917491
114016 10912.8917491
114316 4218.30610348
115088 4218.30610348
115530 9684.46444189
116137 9684.46444189
116407 9436.82601913
117695 9436.82601913
117979 6968.57252194
119181 6968.57252194
119495 9203.02789645
120115 9203.02789645
120388 6967.33830131
121726 6967.33830131
122002 11804.4471269
122542 11804.4471269
122795 4851.26569073
124144 4851.26569073
124614 10710.1219603
125628 10710.1219603
126036 10421.8632225
127470 10421.8632225
127896 11105.4328684
129119 11105.4328684
129428 11509.9349365
130316 11509.9349365
130772 11801.1048015
132064 11801.1048015
132209 12200.8986328
132981 12200.8986328
133460 10945.4810824
134897 10945.4810824
135063 11181.0629537
136143 11181.0629537
136526 8032.03590091
137628 8032.03590091
138067 18748.3857461
139147 18748.3857461
139568 3706.43182185
141032 3706.43182185
141427 11136.4353308
142671 11136.4353308
143104 11383.5885395
144342 11383.5885395
144443 9819.2991727
145357 9819.2991727
145609 15914.9801997
146537 15914.9801997
146896 8845.26880113
148174 8845.26880113
148491 8766.00166427
149065 8766.00166427
149563 9401.79938984
150572 9401.79938984
150822 11752.7197075
152024 11752.7197075
152511 8799.11873055
153078 8799.11873055
153459 3712.62844776
154873 3712.62844776
154996 6227.15947282
155506 6227.15947282
155693 4258.67823218
156791 4258.67823218
156963 10175.8431286
157574 10175.8431286
157792 14110.2334175
158996 14110.2334175
159253 11375.970836
159992 11375.970836
160467 8343.18703809
161926 8343.18703809
162095 6827.80484008
163197 6827.80484008
163486 7503.76816005
164696 7503.76816005
164966 10564.7507238
166169 10564.7507238
166646 5811.20994045
167406 5811.20994045
167873 7591.0039479
168777 7591.0039479
169065 8626.75763195
170530 8626.75763195
170754 3898.78605522
172105 3898.78605522
172343 11180.7075226
173510 11180.7075226
173996 12076.389811
175184 12076.389811
175600 8998.97951536
176246 8998.97951536
176615 10780.9890117
177479 10780.9890117
177887 9137.962849
178775 9137.962849
178899 12057.8377072
180388 12057.8377072
180826 9259.98552018
181408 9259.98552018
181512 7126.57866082
182112 7126.57866082
182226 7689.9795833
182902 7689.9795833
183177 8708.59255684
183778 8708.59255684
184143 4345.92600511
185545 4345.92600511
185656 7557.42372058
186320 7557.42372058
186519 5351.34854165
187782 5351.34854165
188032 13903.3495252
189059 13903.3495252
189440 8064.54200053
190037 8064.54200053
190446 10735.4832259
191133 10735.4832259
191582 11351.1357005
192991 11351.1357005
193150 17014.0361757
193883 17014.0361757
194144 5580.34706042
195575 5580.34706042
195955 9053.96670765
197297 9053.96670765
197791 17595.2090784
199287 17595.2090784
199694 7110.45601265
201093 7110.45601265
201263 1240.26116381
202526 1240.26116381
202927 16263.3016415
203842 16263.3016415
204232 7831.29287714
204976 7831.29287714
205320 12752.0759588
206083 12752.0759588
206501 4752.23717003
207090 4752.23717003
207496 7539.19276588
208061 7539.19276588
208493 14955.5688879
209172 14955.5688879
209352 6315.18104706
210129 6315.18104706
210462 6695.91714019
211118 6695.91714019
211374 12406.2166286
212827 12406.2166286
213324 15114.0262673
213950 15114.0262673
214374 9546.2260403
215265 9546.2260403
215752 5537.6707263
216606 5537.6707263
216889 16435.9399743
218326 16435.9399743
218766 7570.52462624
220067 7570.52462624
220187 5120.56002716
221290 5120.56002716
221455 13833.3123746
222103 13833.3123746
222342 16049.9357609
223634 16049.9357609
223884 3093.24412371
225301 3093.24412371
225430 9170.03265145
226533 9170.03265145
226963 850.018801039
228222 850.018801039
228381 13772.5750154
229128 13772.5750154
229266 5986.6943301
229786 5986.6943301
229956 9256.48873291
230649 9256.48873291
