0 12622.7053134
1156 12622.7053134
1264 9443.37764556
2236 9443.37764556
2350 12209.6743111
2954 12209.6743111
3218 10436.9926873
4355 10436.9926873
4531 9056.04806351
5458 9056.04806351
5639 8784.69713009
6256 8784.69713009
6364 9419.39768875
6944 9419.39768875
7113 9006.07657273
8234 9006.07657273
8616 12336.0466678
9849 12336.0466678
10251 11729.3644768
11053 11729.3644768
11507 9758.30762582
12539 9758.30762582
12870 10829.6672835
13638 10829.6672835
14021 10592.6648314
14908 10592.6648314
15344 11244.9831973
16172 11244.9831973
16325 10811.5973696
17252 10811.5973696
17402 9880.3926858
18816 9880.3926858
19315 9941.04352743
20512 9941.04352743
20723 11075.7906687
21825 11075.7906687
22141 13901.3484758
22763 13901.3484758
23143 10714.9214027
24432 10714.9214027
24682 7150.03415455
25655 7150.03415455
25867 10562.1745114
26851 10562.1745114
27049 10293.5751383
27646 10293.5751383
28068 8475.06604733
28978 8475.06604733
29172 10718.3840322
30590 10718.3840322
30956 9691.96201911
31964 9691.96201911
32412 12852.3961822
33569 12852.3961822
33680 9490.72504606
34480 9490.72504606
34902 7933.88914938
35900 7933.88914938
36140 10321.6182166
37621 10321.6182166
37956 12843.4792148
38848 12843.4792148
39111 10757.2356778
39952 10757.2356778
40400 9199.87926976
41212 9199.87926976
41586 9378.32657927
42527 9378.32657927
42793 11352.6180051
43513 11352.6180051
43781 11501.6093769
44819 11501.6093769
44970 8002.96274675
46026 8002.96274675
46469 8111.90169481
47952 8111.90169481
48059 7935.99829189
49257 7935.99829189
49685 10428.6171188
50938 10428.6171188
51243 10638.7087298
51968 10638.7087298
52419 9543.37107868
52940 9543.37107868
53169 11099.3088375
54132 11099.3088375
54235 9061.90283284
55187 9061.90283284
55562 11759.449745
56858 11759.449745
56969 11343.7482567
57683 11343.7482567
57797 9353.24276114
59122 9353.24276114
59312 11241.860815
60509 11241.860815
60872 7919.49734983
61536 7919.49734983
61816 10723.864488
62481 10723.864488
62928 10392.1137329
64189 10392.1137329
64420 9748.56694297
65459 9748.56694297
65784 11660.4063467
66965 11660.4063467
67314 9763.91448982
67917 9763.91448982
68205 9377.81901529
69667 9377.81901529
70079 10337.8746544
70596 10337.8746544
70822 11748.566885
72189 11748.566885
72294 13856.7963799
73671 13856.7963799
73772 9245.50338753
75067 9245.50338753
75396 7091.27211222
76795 7091.27211222
77111 12403.4856691
78391 12403.4856691
78752 10022.9587074
79738 10022.9587074
80156 10943.2945578
81048 10943.2945578
81339 9214.82423931
82099 9214.82423931
82286 12109.4671175
83076 12109.4671175
83527 8883.04644096
84113 8883.04644096
84361 10411.7091937
84935 10411.7091937
85072 8062.10128989
85670 8062.10128989
86053 9804.25798755
86915 9804.25798755
87183 10878.6297267
88165 10878.6297267
88587 10918.4740714
90070 10918.4740714
90418 10591.5962966
90997 10591.5962966
91230 8424.96723341
92569 8424.96723341
93028 13743.3753403
93613 13743.3753403
93715 10473.9476774
94711 10473.9476774
94869 11031.3710872
95888 11031.3710872
96082 10166.9907198
97280 10166.9907198
97451 9803.18161337
98709 9803.18161337
98829 9403.17775525
99778 9403.17775525
100025 10350.2286253
101403 10350.2286253
101829 9326.5903153
102993 9326.5903153
103367 8565.12962613
104685 8565.12962613
105143 11509.6713403
106532 11509.6713403
106728 10940.7360303
107766 10940.7360303
108199 11004.9344672
109148 11004.9344672
109369 9975.17509659
110384 9975.17509659
110748 9046.56947248
111479 9046.56947248
111721 9363.98000696
113177 9363.98000696
113293 9719.93478353
114310 9719.93478353
114548 10642.4936168
115466 10642.4936168
115848 9829.68115162
117050 9829.68115162
117234 11471.8486944
118527 11471.8486944
118654 10589.5489635
120107 10589.5489635
120233 9681.74682402
120787 9681.74682402
121127 7079.6544281
122186 7079.6544281
122449 11816.4352951
123371 11816.4352951
123736 10191.1203674
124603 10191.1203674
124754 12277.8041487
125893 12277.8041487
126014 10253.8527599
126944 10253.8527599
127121 12103.8059637
128581 12103.8059637
128742 9447.84072833
129708 9447.84072833
129849 10402.6589994
130397 10402.6589994
130840 10487.416747
131906 10487.416747
132328 11647.6263463
133815 11647.6263463
133970 10583.402024
135304 10583.402024
135651 12577.8601033
136629 12577.8601033
136867 11089.0866366
137929 11089.0866366
138255 10140.2258905
138795 10140.2258905
139052 7826.42372497
140250 7826.42372497
140669 12348.3040681
141515 12348.3040681
141848 12135.7869593
142958 12135.7869593
143338 10566.742989
144314 10566.742989
144544 9892.11705205
145180 9892.11705205
145629 10372.3053152
146676 10372.3053152
146857 8770.85334993
147785 8770.85334993
148197 8198.63142597
149576 8198.63142597
149985 7817.83080623
150607 7817.83080623
151000 11852.8877235
152132 11852.8877235
152535 9061.08442374
153693 9061.08442374
154029 10088.3163405
155273 10088.3163405
155451 9462.58874312
156059 9462.58874312
156230 8982.91694516
157171 8982.91694516
157545 7625.27101384
158355 7625.27101384
158500 9724.10115912
159572 9724.10115912
159847 10534.2015682
161268 10534.2015682
161625 10472.8936786
162591 10472.8936786
163043 10681.3457683
164198 10681.3457683
164645 11267.7985167
165729 11267.7985167
166063 10003.4098158
167298 10003.4098158
167526 9502.78793527
168417 9502.78793527
168576 8808.64928394
169140 8808.64928394
169606 10231.4900496
170279 10231.4900496
170401 10079.5733381
171662 10079.5733381
171900 11512.4649456
172584 11512.4649456
173023 10430.9968183
174478 10430.9968183
174878 10297.8408482
176074 10297.8408482
176376 10422.3898663
177420 10422.3898663
177567 8408.13288017
178386 8408.13288017
178652 8402.20172007
179158 8402.20172007
179439 10799.3503098
180578 10799.3503098
180783 12419.7849591
181637 12419.7849591
181959 9518.65107841
183104 9518.65107841
183574 9826.94717656
184808 9826.94717656
184920 11227.3483196
185654 11227.3483196
185855 10371.9240717
186954 10371.9240717
187438 9900.67281177
188595 9900.67281177
188705 12475.1383737
189622 12475.1383737
190100 10063.069393
190714 10063.069393
191064 11084.8564968
192116 11084.8564968
192588 12861.2189304
193865 12861.2189304
194011 9852.20663566
195464 9852.20663566
195752 12445.4515569
196540 12445.4515569
196687 9574.21758462
197723 9574.21758462
197868 8492.42147076
199118 8492.42147076
199354 9900.98038643
200145 9900.98038643
200458 7058.04516035
201428 7058.04516035
201643 9798.1441384
202768 9798.1441384
202996 11668.2536892
204250 11668.2536892
204684 7971.39877302
205409 7971.39877302
205634 10642.4122506
206477 10642.4122506
206735 12630.3872479
208225 12630.3872479
208595 11140.2877126
209358 11140.2877126
209780 9800.40284971
210341 9800.40284971
210718 11372.776771
211353 11372.776771
211830 11554.3614504
212584 11554.3614504
213004 8850.89266574
213548 8850.89266574
213825 9335.14423407
214751 9335.14423407
215070 10404.1361815
216530 10404.1361815
216868 10004.885658
217596 10004.885658
217806 10708.2416457
218371 10708.2416457
218623 9997.85288036
219456 9997.85288036
219832 9902.12423021
220347 9902.12423021
220661 11054.6687267
221850 11054.6687267
222202 9456.07357822
223649 9456.07357822
223801 11261.9961721
224312 11261.9961721
224619 9654.95087461
225467 9654.95087461
225668 9104.52684551
226531 9104.52684551
226889 10655.9367148
227720 10655.9367148
228086 11738.6030381
229035 11738.6030381
229382 9947.03142897
230248 9947.03142897
230581 10577.4991093
232012 10577.4991093
232149 10892.2931021
232674 10892.2931021
232925 9590.43764978
234299 9590.43764978
234650 10560.9170118
236147 10560.9170118
236473 10660.7621718
237210 10660.7621718
237441 11859.8343908
238423 11859.8343908
