0 6423.42875427
1472 6423.42875427
1596 11017.9867528
2855 11017.9867528
3308 9538.43202283
4397 9538.43202283
4750 10702.519787
5355 10702.519787
5632 9789.322009
6879 9789.322009
7335 5540.48592622
8388 5540.48592622
8872 9189.68366543
9994 9189.68366543
10132 5770.70535641
11385 5770.70535641
11829 7147.05870785
13187 7147.05870785
13359 13621.3140689
14110 13621.3140689
14494 1377.74167131
15893 1377.74167131
16219 14861.9910735
17709 14861.9910735
18072 2555.33035269
19347 2555.33035269
19582 13436.6170547
20586 13436.6170547
20742 9322.33114211
21545 9322.33114211
21695 7929.27093717
23158 7929.27093717
23278 17831.1377191
23784 17831.1377191
24024 21034.1174245
24604 21034.1174245
24991 18161.5839492
26135 18161.5839492
26587 12096.8049508
27095 12096.8049508
27465 12713.2611627
28161 12713.2611627
28545 7871.19520661
29811 7871.19520661
30053 10729.7043736
30914 10729.7043736
31375 16978.6155717
32711 16978.6155717
33091 4885.06147053
33893 4885.06147053
34203 9667.1120219
34985 9667.1120219
35146 7879.13237965
35706 7879.13237965
36107 8605.51918282
37606 8605.51918282
37891 17043.1186414
39190 17043.1186414
39619 6511.21065634
40127 6511.21065634
40334 2539.87947599
40924 2539.87947599
41188 5164.48752292
41870 5164.48752292
42130 723.515529628
42713 723.515529628
42935 7337.29151644
44395 7337.29151644
44711 5735.54845074
45782 5735.54845074
46272 17369.6729975
46991 17369.6729975
47485 10200.1563373
48340 10200.1563373
48774 6522.63975512
49934 6522.63975512
50281 15428.1792545
51418 15428.1792545
51606 2945.70071048
53009 2945.70071048
53476 4290.19469377
54284 4290.19469377
54586 3708.89035627
55299 3708.89035627
55757 7073.58693915
56833 7073.58693915
57200 2650.69908656
58029 2650.69908656
58489 14128.0538688
59364 14128.0538688
59861 7863.12386709
60756 7863.12386709
61022 17220.9086878
62168 17220.9086878
62547 12967.0319155
63148 12967.0319155
63531 9696.04370586
64806 9696.04370586
64959 8493.99930033
66165 8493.99930033
66408 16428.375494
67754 16428.375494
68110 18545.8950102
68724 18545.8950102
69152 7384.05208561
70359 7384.05208561
70643 10109.8980883
71429 10109.8980883
71892 10493.3449702
72794 10493.3449702
73005 5960.34772029
73660 5960.34772029
73887 6102.18252077
74544 6102.18252077
74726 10535.8562968
75395 10535.8562968
75680 16318.1461046
76789 16318.1461046
77035 9595.51791335
77741 9595.51791335
77922 12702.0695719
78613 12702.0695719
78862 14426.097575
79671 14426.097575
80004 23496.3325739
81018 23496.3325739
81408 15040.5504442
81954 15040.5504442
82295 6158.51102861
82964 6158.51102861
83113 11366.1664434
83831 11366.1664434
84325 9285.08589087
85630 9285.08589087
85730 16509.7550803
86910 16509.7550803
87145 18006.7909882
88493 18006.7909882
88632 3443.05050243
89809 3443.05050243
90159 16886.4427779
91254 16886.4427779
91630 4822.95411291
92898 4822.95411291
93303 16338.1633274
94726 16338.1633274
95008 12269.0668795
95918 12269.0668795
96038 9976.14729518
96754 9976.14729518
97224 17361.8030341
98437 17361.8030341
98707 19039.886178
99681 19039.886178
99951 10602.7714234
100497 10602.7714234
100882 4872.28824318
101651 4872.28824318
102010 11440.3640058
102625 11440.3640058
102939 5512.24894043
104135 5512.24894043
104507 18496.4565833
105716 18496.4565833
106205 5867.94560419
107206 5867.94560419
107704 8541.79337864
109008 8541.79337864
109135 12749.4568728
109660 12749.4568728
110128 7097.27351871
111444 7097.27351871
111833 14150.518126
113076 14150.518126
113575 11774.4560763
114773 11774.4560763
115258 13114.970662
116162 13114.970662
116615 10081.249758
117131 10081.249758
117425 14366.0596605
118331 14366.0596605
118551 12853.096143
119437 12853.096143
119668 6127.09920936
120402 6127.09920936
120826 7201.02238894
121734 7201.02238894
121951 12279.9047577
122912 12279.9047577
123247 1949.48002079
124269 1949.48002079
124492 14552.794384
125607 14552.794384
126035 2228.97093861
126839 2228.97093861
127279 9048.87133509
128503 9048.87133509
128947 255.978998262
129493 255.978998262
129752 14418.1225872
130436 14418.1225872
130788 14914.7484467
132147 14914.7484467
132433 10630.7824325
133040 10630.7824325
133292 8748.94459729
134500 8748.94459729
134681 13633.3855613
136019 13633.3855613
136208 3129.81986866
137428 3129.81986866
137665 13450.5388742
138292 13450.5388742
138647 8200.826363
139526 8200.826363
139912 13639.3011992
140929 13639.3011992
141144 7893.81114168
141684 7893.81114168
141823 20750.1149883
142978 20750.1149883
143454 14612.2015769
144189 14612.2015769
144354 8417.94991819
145575 8417.94991819
145892 9704.73851649
146703 9704.73851649
146842 13458.8526756
147402 13458.8526756
147800 3737.13168123
148871 3737.13168123
149078 4989.67060491
149739 4989.67060491
150238 2532.93145116
151264 2532.93145116
151642 16180.4759758
152255 16180.4759758
152577 4992.4393711
153552 4992.4393711
153981 5576.4472074
155119 5576.4472074
155438 22795.0270292
156915 22795.0270292
157361 5966.24051483
158198 5966.24051483
158451 5190.13996435
159375 5190.13996435
159596 7660.74151564
160709 7660.74151564
160939 13808.5988864
162419 13808.5988864
162658 6219.20830147
163628 6219.20830147
163745 13873.4570997
164935 13873.4570997
165156 7669.68662141
165920 7669.68662141
166337 4272.84367549
167071 4272.84367549
167315 6848.50819813
168804 6848.50819813
169057 5421.84619796
170235 5421.84619796
170546 4692.06530294
171280 4692.06530294
171602 11475.2374239
172803 11475.2374239
172971 10081.9327143
173799 10081.9327143
174202 10610.8832407
175299 10610.8832407
175718 14523.4772396
176569 14523.4772396
176724 18133.4119095
178084 18133.4119095
178302 11014.3947734
178845 11014.3947734
179086 10591.5904711
179671 10591.5904711
180113 19367.251186
181051 19367.251186
181266 18006.8404717
182204 18006.8404717
182622 8439.61664019
183570 8439.61664019
183686 6862.41877266
184791 6862.41877266
184971 6580.96490497
186047 6580.96490497
186163 17166.5120686
186908 17166.5120686
187031 20444.6386899
188503 20444.6386899
188963 6127.53355873
190395 6127.53355873
190566 11052.0185877
191657 11052.0185877
191846 2725.48610951
192601 2725.48610951
193035 21611.1349882
193914 21611.1349882
194263 13134.3294687
195561 13134.3294687
195794 8583.91587581
197034 8583.91587581
197309 7542.33309496
198038 7542.33309496
198336 11166.2723952
199074 11166.2723952
199414 14966.3067492
200213 14966.3067492
200607 5822.8958143
201264 5822.8958143
201602 18006.4374514
202115 18006.4374514
202568 7255.88258615
203641 7255.88258615
203748 9900.21667882
204424 9900.21667882
204769 6677.90221106
205756 6677.90221106
205928 9376.69959106
206749 9376.69959106
207043 8723.0643194
207750 8723.0643194
208131 15321.4110046
209564 15321.4110046
210006 10809.9572806
210618 10809.9572806
210811 2543.11279586
211590 2543.11279586
212031 7790.98916661
212813 7790.98916661
213181 13047.4527021
213776 13047.4527021
213899 8456.77754921
214831 8456.77754921
215317 17761.3304908
216443 17761.3304908
216852 1443.48715282
217432 1443.48715282
217883 2368.97233131
218677 2368.97233131
218858 11456.309554
219984 11456.309554
220322 16275.0508247
221179 16275.0508247
221634 3055.14620075
222849 3055.14620075
223303 9356.44311342
224120 9356.44311342
224420 17168.8791781
225723 17168.8791781
226106 15999.3052198
226821 15999.3052198
227096 12416.0601359
228284 12416.0601359
228602 3226.6387546
229360 3226.6387546
229815 1408.87668754
231024 1408.87668754
231231 5397.426299
231798 5397.426299
231899 5776.37839807
233235 5776.37839807
233547 22448.4241912
234987 22448.4241912
235485 5387.45514469
236421 5387.45514469
236841 11539.1472766
237708 11539.1472766
238024 5660.07777051
238806 5660.07777051
239075 3150.50614694
240488 3150.50614694
240896 12902.0556846
241897 12902.0556846
242265 562.850755936
243272 562.850755936
243437 14925.780177
244843 14925.780177
245242 5394.69482269
245939 5394.69482269
246041 1847.70124622
247396 1847.70124622
247517 24836.9802364
248645 24836.9802364
248782 12433.6490689
249795 12433.6490689
250284 6597.26785498
251240 6597.26785498
251556 10577.2985087
252425 10577.2985087
252754 10216.6647965
253726 10216.6647965
253918 5057.68349326
255166 5057.68349326
255473 6096.71174167
256808 6096.71174167
256918 7438.39585694
258087 7438.39585694
258493 6585.83110722
259960 6585.83110722
260327 704.854027949
261629 704.854027949
261951 13120.5238326
262911 13120.5238326
263022 15615.8338863
263566 15615.8338863
264022 19671.0432839
264914 19671.0432839
265289 9760.76264098
266048 9760.76264098
266291 1560.02430173
267724 1560.02430173
268130 3637.55746787
269183 3637.55746787
269577 6723.35908909
271063 6723.35908909
271203 8185.47051055
272137 8185.47051055
272270 5058.8156696
273041 5058.8156696
273229 18246.9098386
274586 18246.9098386
274738 1865.26999178
275878 1865.26999178
275999 5728.34150303
276532 5728.34150303
276642 8887.24954487
277712 8887.24954487
278061 11992.9442015
279238 11992.9442015
279495 15617.0135696
280009 15617.0135696
280324 19141.1156752
281404 19141.1156752
281727 15486.0328697
282825 15486.0328697
283246 7543.63720214
284471 7543.63720214
284905 4484.00556773
285474 4484.00556773
285959 14670.3667964
287026 14670.3667964
287326 12659.3241735
288039 12659.3241735
288317 7277.08132432
289333 7277.08132432
289637 16917.9833087
290201 16917.9833087
290555 14005.024663
291784 14005.024663
292164 13624.4513592
293432 13624.4513592
293740 10440.9253547
295061 10440.9253547
295356 16443.7429242
296839 16443.7429242
296949 3434.51155282
297559 3434.51155282
