0 8674.37049469
1112 8674.37049469
1307 10556.3312075
2497 10556.3312075
2649 9076.56334529
3808 9076.56334529
4027 11108.1446092
5481 11108.1446092
5949 13545.9408526
6572 13545.9408526
6740 9036.75900269
7427 9036.75900269
7572 15143.8236601
8642 15143.8236601
9095 10255.5508113
9661 10255.5508113
10159 18347.2353466
11632 18347.2353466
12046 8441.42348598
12942 8441.42348598
13318 9084.5276712
14731 9084.5276712
15127 11448.3189267
16533 11448.3189267
16872 12804.6725889
17763 12804.6725889
18045 11555.1791447
18602 11555.1791447
18739 10879.9597747
20100 10879.9597747
20282 10148.7853348
21260 10148.7853348
21500 9995.98310779
22268 9995.98310779
22398 8602.8682376
23224 8602.8682376
23688 11258.7316807
24901 11258.7316807
25125 12452.6854526
25718 12452.6854526
26019 5359.56475644
26616 5359.56475644
26943 10050.9777135
28102 10050.9777135
28453 8994.68838036
29020 8994.68838036
29281 12519.124162
30500 12519.124162
30628 13511.7840895
31385 13511.7840895
31597 10685.5127953
32974 10685.5127953
33426 17605.3651028
34220 17605.3651028
34325 10284.1669687
35395 10284.1669687
35811 6471.42008706
36871 6471.42008706
36976 6582.11664944
37767 6582.11664944
38134 5178.18914138
39530 5178.18914138
39844 9143.55558199
41178 9143.55558199
41284 8542.20092241
42104 8542.20092241
42259 9711.52195957
42979 9711.52195957
43330 10780.318918
44213 10780.318918
44557 8617.00707713
45243 8617.00707713
45636 5684.07578619
46366 5684.07578619
46538 7206.74104558
47234 7206.74104558
47571 13966.4855867
48906 13966.4855867
49388 11733.8916084
50319 11733.8916084
50484 9642.92365534
51452 9642.92365534
51926 14579.5384017
53053 14579.5384017
53198 7842.0747479
53923 7842.0747479
54385 8430.84102552
55007 8430.84102552
55365 11256.036309
56047 11256.036309
56494 8842.65371692
57033 8842.65371692
57240 15384.3035153
57844 15384.3035153
58140 9751.80552355
58949 9751.80552355
59385 4485.18397178
60389 4485.18397178
60876 12132.7609521
62125 12132.7609521
62587 7699.70125992
63444 7699.70125992
63626 12810.1726578
64878 12810.1726578
65250 12424.317787
66704 12424.317787
66941 10699.0791352
67753 10699.0791352
68102 10289.7092156
68785 10289.7092156
69261 10032.7223737
69892 10032.7223737
70108 10741.017793
71351 10741.017793
71846 12128.3560946
73148 12128.3560946
73379 8370.15240414
74718 8370.15240414
75015 12660.4114624
76361 12660.4114624
76770 9557.24171717
77304 9557.24171717
77687 12547.5862585
78398 12547.5862585
78806 10611.2251754
80300 10611.2251754
80579 13465.3922576
81720 13465.3922576
81925 12782.5985083
82898 12782.5985083
83092 9920.84221507
84000 9920.84221507
84220 12491.1199602
84967 12491.1199602
85346 9796.42934293
86764 9796.42934293
87178 9027.06291229
88545 9027.06291229
88849 10632.3848611
90197 10632.3848611
90688 14644.2363273
91977 14644.2363273
92392 6574.244057
93806 6574.244057
94009 14535.4456115
94839 14535.4456115
95173 12883.8801657
96475 12883.8801657
96722 13300.9817425
97261 13300.9817425
97499 12904.2351004
98970 12904.2351004
99452 12381.0280441
99999 12381.0280441
100143 4327.35745531
101144 4327.35745531
101405 9892.68248588
102326 9892.68248588
102650 9579.93444799
104085 9579.93444799
104405 11468.5010515
105841 11468.5010515
106068 13067.2822323
107000 13067.2822323
107350 10895.5553749
107943 10895.5553749
108220 10895.351717
108939 10895.351717
109224 6463.68962886
110251 6463.68962886
110437 12136.1960268
111466 12136.1960268
111746 15292.6333363
112599 15292.6333363
112736 10660.1052332
114113 10660.1052332
114251 15352.9982408
114909 15352.9982408
115237 9543.10972485
116130 9543.10972485
116376 10368.2456389
117155 10368.2456389
117436 11495.7538019
118616 11495.7538019
118891 5282.05603651
119555 5282.05603651
119905 13175.130164
120494 13175.130164
120812 12114.4083164
121501 12114.4083164
121809 11460.072105
123193 11460.072105
123621 6931.03213589
124297 6931.03213589
124551 11521.4228432
125712 11521.4228432
125990 11892.9041612
127426 11892.9041612
127707 12427.8656597
128256 12427.8656597
128424 10769.0780544
129669 10769.0780544
130010 13482.6994714
131100 13482.6994714
131555 9441.65220173
132570 9441.65220173
132910 8519.91121764
133996 8519.91121764
134334 8358.97055014
135029 8358.97055014
135396 9526.15860948
136662 9526.15860948
136882 7817.90573004
138341 7817.90573004
138524 11189.9751635
139096 11189.9751635
139484 10767.0751009
140857 10767.0751009
141045 8400.06069518
142355 8400.06069518
142561 10599.7785418
144031 10599.7785418
144301 11226.210362
144892 11226.210362
145339 8864.38178286
146183 8864.38178286
146483 11383.3916702
147778 11383.3916702
147990 14429.4843052
148570 14429.4843052
148779 10337.538755
149634 10337.538755
150032 9538.6178603
150740 9538.6178603
151044 8131.0480275
152124 8131.0480275
152514 10521.6775924
153699 10521.6775924
153987 10033.7398944
154887 10033.7398944
155005 13959.0260996
155605 13959.0260996
155993 8331.63244745
157100 8331.63244745
157548 11796.8096575
158475 11796.8096575
158665 13625.1363967
159406 13625.1363967
159632 13495.1471244
160561 13495.1471244
160693 10513.894922
161604 10513.894922
162018 11050.9723415
163130 11050.9723415
163435 13407.8576614
164599 13407.8576614
164896 11063.7954424
165824 11063.7954424
166313 14198.4250828
167750 14198.4250828
168137 15022.9371585
169467 15022.9371585
169801 13829.4697863
171150 13829.4697863
171544 8564.80186674
172196 8564.80186674
172325 7233.0108319
173322 7233.0108319
173688 11948.1965064
174897 11948.1965064
175343 11536.5394407
176669 11536.5394407
176797 9598.40808285
177823 9598.40808285
177961 11903.0414306
179106 11903.0414306
179541 8806.88923401
180642 8806.88923401
180932 10065.2843594
182311 10065.2843594
182420 8379.88931353
183335 8379.88931353
183625 13956.9483378
184952 13956.9483378
185089 10026.3432954
186581 10026.3432954
186921 12721.6720716
188368 12721.6720716
188580 11242.0754633
189462 11242.0754633
189862 8686.63286605
190679 8686.63286605
190791 3399.431787
191440 3399.431787
191816 10833.0660527
192463 10833.0660527
192796 12106.0590654
193523 12106.0590654
193632 10068.3962882
194746 10068.3962882
194904 7847.85256089
196011 7847.85256089
196384 6952.92365477
197110 6952.92365477
197569 8157.22409689
198857 8157.22409689
199319 11401.345449
199923 11401.345449
200248 9986.91970033
201058 9986.91970033
201367 12818.4275854
201886 12818.4275854
201992 6009.31242085
203096 6009.31242085
203481 13127.3566929
204542 13127.3566929
204668 15903.0766395
205725 15903.0766395
206126 6165.35992043
207119 6165.35992043
207535 11570.3602177
208915 11570.3602177
209218 11225.1529846
210330 11225.1529846
210481 8583.40639379
211165 8583.40639379
211411 12272.176081
212322 12272.176081
