0 18735.9523234
883 18735.9523234
1084 10292.151873
2384 10292.151873
2566 10687.0180224
3072 10687.0180224
3314 6009.67497625
4292 6009.67497625
4552 810.052259321
5405 810.052259321
5650 9387.05672133
6484 9387.05672133
6834 7135.03740634
7950 7135.03740634
8246 11788.2103526
8773 11788.2103526
9093 12643.1595979
9895 12643.1595979
10193 8942.81642344
10789 8942.81642344
11270 13234.0133718
12080 13234.0133718
12512 3715.02004178
13421 3715.02004178
13588 1718.83033743
15079 1718.83033743
15195 13936.670258
16418 13936.670258
16853 2142.4124717
17628 2142.4124717
17918 10876.9538521
19394 10876.9538521
19572 15167.6495996
20448 15167.6495996
20699 4125.90861773
21546 4125.90861773
22040 1590.81073621
22967 1590.81073621
23077 8204.13906618
24139 8204.13906618
24467 1029.06435181
25075 1029.06435181
25274 1083.66231889
26727 1083.66231889
26836 5993.95692241
27638 5993.95692241
28067 13213.9088361
29482 13213.9088361
29645 11589.2461008
30974 11589.2461008
31325 17002.1461914
31835 17002.1461914
32243 17641.1956314
33683 17641.1956314
34128 14968.458289
35223 14968.458289
35451 13947.1500344
36841 13947.1500344
37002 16990.0374301
37614 16990.0374301
38088 9225.64454716
38992 9225.64454716
39270 11724.431466
40489 11724.431466
40965 11742.5917265
42181 11742.5917265
42473 8871.52880418
43538 8871.52880418
43713 11831.297983
44339 11831.297983
44499 19198.2260751
45458 19198.2260751
45593 8632.16831997
46199 8632.16831997
46480 10810.328296
47908 10810.328296
48208 16384.626516
49065 16384.626516
49556 15004.9292977
50760 15004.9292977
51032 6985.48897091
51876 6985.48897091
52190 6702.09743002
52864 6702.09743002
53066 20159.5408339
54298 20159.5408339
54609 15485.0416224
56013 15485.0416224
56442 9272.76549648
57731 9272.76549648
58027 18520.498231
58621 18520.498231
59018 8414.79567091
59804 8414.79567091
59991 19643.6128955
61159 19643.6128955
61407 17717.4258439
62034 17717.4258439
62253 16340.9420089
63644 16340.9420089
63829 7244.38636632
64580 7244.38636632
64710 9844.85800815
65909 9844.85800815
66063 15303.168154
67157 15303.168154
67322 15310.8050078
68664 15310.8050078
68847 5793.27272192
70080 5793.27272192
70332 12689.4613365
71106 12689.4613365
71251 13433.3268518
71834 13433.3268518
72219 13133.898653
73488 13133.898653
73721 6017.20207315
75200 6017.20207315
75508 6156.37481386
76532 6156.37481386
76866 9469.99416529
77470 9469.99416529
77879 22340.7529453
78819 22340.7529453
79238 859.522408562
80509 859.522408562
80816 14637.118692
82167 14637.118692
82402 8211.78748117
83206 8211.78748117
83334 1127.50665354
83995 1127.50665354
84347 2564.66170992
85774 2564.66170992
86181 18720.5627655
86888 18720.5627655
87079 12252.4955733
87885 12252.4955733
88252 8591.74030927
89613 8591.74030927
90108 6800.50333833
91158 6800.50333833
91410 20029.5460313
92883 20029.5460313
93251 20058.937616
94711 20058.937616
94995 10888.8016835
95687 10888.8016835
96095 12203.9005506
97265 12203.9005506
97424 1504.33193443
98461 1504.33193443
98703 15316.7574112
99730 15316.7574112
100056 8247.70061868
101025 8247.70061868
101281 3635.09830287
102223 3635.09830287
102357 4736.34514872
103500 4736.34514872
103932 12416.5068434
105119 12416.5068434
105424 21118.0574296
106375 21118.0574296
106791 7861.02384329
107831 7861.02384329
108064 3628.98995956
109301 3628.98995956
109747 13082.7047444
110597 13082.7047444
110927 14843.4130669
111944 14843.4130669
112095 10830.3546124
113402 10830.3546124
113615 6886.95457616
114810 6886.95457616
115269 9253.56415553
116612 9253.56415553
117093 10467.3603102
118132 10467.3603102
118239 16170.2319789
119641 16170.2319789
120134 18074.375129
120733 18074.375129
120882 11444.4515881
122037 11444.4515881
122474 20092.1919098
123373 20092.1919098
123695 15299.278848
124935 15299.278848
125226 18339.3242985
125947 18339.3242985
126123 10779.8441022
126857 10779.8441022
127260 15005.9572278
128441 15005.9572278
128739 13252.8739942
129831 13252.8739942
130184 8665.76875012
130689 8665.76875012
131081 11510.4474982
132073 11510.4474982
132227 3988.1130218
133244 3988.1130218
133665 15170.0114902
135007 15170.0114902
135298 14319.0457195
136277 14319.0457195
136406 17942.1023488
137641 17942.1023488
138021 17322.210373
139226 17322.210373
139645 13352.3104032
140323 13352.3104032
140781 11771.3474743
142204 11771.3474743
142453 3096.66548073
143607 3096.66548073
144086 16922.8751292
145169 16922.8751292
145307 14792.830169
145961 14792.830169
146252 6970.60783187
147739 6970.60783187
148084 12110.7568866
149284 12110.7568866
149726 14482.5281884
150544 14482.5281884
150946 5337.53983057
151567 5337.53983057
151712 16553.8285665
153056 16553.8285665
153499 13371.7356659
154078 13371.7356659
154379 17799.3017436
155202 17799.3017436
155586 9205.36218121
156516 9205.36218121
156637 7992.13126149
157238 7992.13126149
157408 13067.0173785
157960 13067.0173785
158275 7644.61187573
159344 7644.61187573
159715 8173.0115717
160499 8173.0115717
160635 14102.8208174
161178 14102.8208174
161402 6139.81595948
162430 6139.81595948
162644 6708.35318874
163654 6708.35318874
163896 10364.4853282
164907 10364.4853282
165015 5359.26714533
165573 5359.26714533
165870 19516.3785255
167364 19516.3785255
167635 6820.64597503
168156 6820.64597503
168265 8014.23130483
169503 8014.23130483
169923 15948.6605812
171094 15948.6605812
171397 2288.84873626
172579 2288.84873626
172882 10374.1052024
174139 10374.1052024
174457 14965.5252831
175739 14965.5252831
176018 13538.6620152
177483 13538.6620152
177917 7199.02619794
179043 7199.02619794
179291 7380.50787783
180634 7380.50787783
181108 10129.2321235
182503 10129.2321235
182898 6184.3043954
184162 6184.3043954
184618 14990.334053
185914 14990.334053
186110 4770.64494328
187448 4770.64494328
187593 5886.85226743
188265 5886.85226743
188713 4447.36803101
189699 4447.36803101
190193 12532.0983051
190841 12532.0983051
191112 7322.9149151
191872 7322.9149151
192135 9667.63376126
192670 9667.63376126
192977 20526.8281567
193728 20526.8281567
193981 20953.3885317
194695 20953.3885317
194926 15926.7013039
196052 15926.7013039
196403 8559.21646719
197411 8559.21646719
197716 11202.6003328
198763 11202.6003328
199191 14736.8301778
200095 14736.8301778
200222 4629.69187977
201634 4629.69187977
202133 6554.17313692
202847 6554.17313692
202977 10217.3841291
204071 10217.3841291
204423 11956.7756962
205370 11956.7756962
205847 24604.4712978
206830 24604.4712978
207101 12148.9590164
207661 12148.9590164
207822 8504.6559204
208771 8504.6559204
209025 14222.6666602
210355 14222.6666602
210797 15921.0305556
211548 15921.0305556
211956 13065.9383899
212810 13065.9383899
213086 13676.4462183
213926 13676.4462183
214236 7273.18438894
215310 7273.18438894
215784 10536.4733086
216645 10536.4733086
216778 2434.96862248
217330 2434.96862248
217666 10719.19189
218549 10719.19189
218932 11357.177729
219954 11357.177729
220317 10840.2275032
220982 10840.2275032
221404 10215.6945569
221942 10215.6945569
222049 8564.13947839
222870 8564.13947839
223150 13146.7361977
224461 13146.7361977
224593 19462.8680462
225498 19462.8680462
225693 16075.5941511
226273 16075.5941511
226547 8017.60345018
227954 8017.60345018
228327 8482.70830826
229182 8482.70830826
229500 6135.86198213
230880 6135.86198213
231192 8400.79068123
231739 8400.79068123
232080 12363.1171788
233448 12363.1171788
233800 19501.3319269
235233 19501.3319269
235557 8380.93513255
236541 8380.93513255
236787 11170.0645691
237496 11170.0645691
237726 11358.0922475
238231 11358.0922475
238353 9083.66223476
239540 9083.66223476
239889 7987.43446215
241043 7987.43446215
241212 13225.8486669
242387 13225.8486669
242505 8380.49823179
243975 8380.49823179
244404 13075.4711881
245108 13075.4711881
245597 1978.44506051
246402 1978.44506051
246658 1816.11378584
247394 1816.11378584
247803 11097.2032742
248929 11097.2032742
249170 18099.8751544
250072 18099.8751544
250381 4345.4260705
251411 4345.4260705
251603 9272.94299381
252142 9272.94299381
252367 12033.8457596
253604 12033.8457596
253781 18749.3159491
255144 18749.3159491
255434 117.928538051
256821 117.928538051
257305 13575.5014327
258203 13575.5014327
258312 6699.15521959
258972 6699.15521959
259217 7968.98954016
259819 7968.98954016
260269 5811.51821418
261586 5811.51821418
261993 8901.06293592
262624 8901.06293592
262814 7009.87666183
263409 7009.87666183
263549 14452.4691314
265019 14452.4691314
265146 14443.6930482
266208 14443.6930482
266538 867.540878101
267749 867.540878101
268058 11806.2093502
269123 11806.2093502
269289 10138.7412703
270568 10138.7412703
271029 15317.9417629
272384 15317.9417629
272721 11519.1352216
273810 11519.1352216
274225 14297.8421252
274732 14297.8421252
274941 11830.374269
276099 11830.374269
276397 9493.3859852
276947 9493.3859852
277207 3428.35587875
278049 3428.35587875
278507 1303.29577145
279121 1303.29577145
279316 12201.0494121
279943 12201.0494121
280132 9332.46136671
280756 9332.46136671
280946 3386.37792494
282394 3386.37792494
282836 13479.6204376
284251 13479.6204376
284445 13262.9434786
285063 13262.9434786
285403 10796.9960276
286070 10796.9960276
286434 2394.66531074
287001 2394.66531074
287355 7341.38394831
288792 7341.38394831
289276 15247.8540505
290767 15247.8540505
291141 11236.4692554
292368 11236.4692554
292847 17667.1089051
293349 17667.1089051
293719 14246.1575999
294981 14246.1575999
295334 7518.73630209
296170 7518.73630209
