0 11462.9545631
1368 11462.9545631
1717 12569.6098766
3116 12569.6098766
3294 9425.20352922
3888 9425.20352922
4387 11929.7054682
4887 11929.7054682
5241 10333.040722
6445 10333.040722
6775 11740.6300763
8256 11740.6300763
8628 13132.6842797
10008 13132.6842797
10294 12463.8344133
11650 12463.8344133
12076 10619.8735243
13216 10619.8735243
13353 11978.6318655
13859 11978.6318655
14173 10371.2720132
15027 10371.2720132
15162 12649.1260273
15794 12649.1260273
16024 8745.75965161
17121 8745.75965161
17330 13199.5053965
17997 13199.5053965
18230 10363.7346572
19462 10363.7346572
19600 11683.0980339
21013 11683.0980339
21388 8829.37947982
22370 8829.37947982
22560 10889.2247849
23707 10889.2247849
23962 13183.8204815
25230 13183.8204815
25446 9548.19543369
26147 9548.19543369
26511 11589.4781729
27285 11589.4781729
27505 10437.6132759
28357 10437.6132759
28510 13163.076397
29686 13163.076397
30023 13276.2334644
31497 13276.2334644
31667 11162.5228436
32201 11162.5228436
32422 10893.0636333
33040 10893.0636333
33436 10883.1585646
34761 10883.1585646
35223 9621.62564189
36713 9621.62564189
36962 10473.7404715
37714 10473.7404715
37909 12576.428499
38773 12576.428499
39194 10257.7916716
40468 10257.7916716
40579 11547.8340995
41731 11547.8340995
41873 11158.1607772
42771 11158.1607772
42881 14130.0860966
43384 14130.0860966
43665 12858.1235426
44607 12858.1235426
44718 10808.1954227
45786 10808.1954227
46197 9966.27752605
47166 9966.27752605
47340 11878.8885718
47898 11878.8885718
48116 12684.1879218
48901 12684.1879218
49231 11884.2028224
50311 11884.2028224
50596 9037.63996225
51310 9037.63996225
51556 11040.3163933
52293 11040.3163933
52434 11123.2749688
53545 11123.2749688
53839 12870.0941915
54744 12870.0941915
54975 10536.0678573
55905 10536.0678573
56013 11752.5478178
56828 11752.5478178
57031 9487.18986272
57877 9487.18986272
58063 11577.5673512
58791 11577.5673512
59096 12188.1335366
60091 12188.1335366
60527 11469.8275614
61796 11469.8275614
62096 11252.3572627
63384 11252.3572627
63758 12115.4167995
65003 12115.4167995
65380 11470.8097673
66853 11470.8097673
67342 9927.83107891
68678 9927.83107891
69173 11398.036815
70038 11398.036815
70138 10658.1734295
70800 10658.1734295
71036 9373.73279892
72230 9373.73279892
72632 10224.7416821
73220 10224.7416821
73654 11624.5274629
75127 11624.5274629
75345 10544.5017976
75981 10544.5017976
76259 14192.9254077
76832 14192.9254077
77238 11008.2256223
78668 11008.2256223
78861 11025.1566146
79497 11025.1566146
79706 12193.6365333
80702 12193.6365333
80919 11218.7016633
81858 11218.7016633
82309 12299.1375119
83793 12299.1375119
84134 10291.7869856
84919 10291.7869856
85258 11122.2015778
86546 11122.2015778
86755 9015.27362003
88068 9015.27362003
88280 11246.4471214
89779 11246.4471214
90086 12066.7246038
91354 12066.7246038
91699 11905.3230994
92617 11905.3230994
92873 12968.6466449
93588 12968.6466449
93887 10358.6323883
94845 10358.6323883
95147 11189.5836007
96522 11189.5836007
96861 11229.3467257
98029 11229.3467257
98398 11803.5670908
99715 11803.5670908
100052 11785.9892774
100620 11785.9892774
101116 11126.8824273
102051 11126.8824273
102193 12103.3724601
103608 12103.3724601
104043 12728.7556912
105466 12728.7556912
105618 12181.5423776
106992 12181.5423776
107097 11576.9397884
107676 11576.9397884
107904 12431.315031
108968 12431.315031
109103 9877.68501227
110311 9877.68501227
110587 12200.7403144
111163 12200.7403144
111436 11578.0211999
112050 11578.0211999
112473 10315.3277227
113062 10315.3277227
113533 12567.2134842
114944 12567.2134842
115196 10109.9163804
115805 10109.9163804
116020 10858.000522
116730 10858.000522
117086 9477.91599392
118094 9477.91599392
118348 9714.14095199
119231 9714.14095199
119402 11506.6228757
120097 11506.6228757
120331 11282.8484546
120881 11282.8484546
121159 11565.9847742
122118 11565.9847742
122358 11757.4753212
123497 11757.4753212
123597 9699.50599527
124345 9699.50599527
124743 10516.4016624
125573 10516.4016624
125982 9153.29666363
127410 9153.29666363
127670 11306.8484062
128583 11306.8484062
128959 10088.9970599
130327 10088.9970599
130725 11121.6161625
131543 11121.6161625
131905 11417.4801843
132948 11417.4801843
133255 13183.2095091
134254 13183.2095091
134699 10997.170563
135478 10997.170563
135707 10697.5009178
136460 10697.5009178
136613 12869.890704
138085 12869.890704
138579 9898.45507136
139730 9898.45507136
140004 10046.0369788
141121 10046.0369788
141470 11991.3621407
142310 11991.3621407
142689 12473.3811601
143325 12473.3811601
143691 11554.4397326
144866 11554.4397326
145049 10535.0714814
145733 10535.0714814
146087 9625.25032174
147249 9625.25032174
147400 11261.0378532
148762 11261.0378532
149200 11085.2344007
150128 11085.2344007
150395 11566.8513252
151416 11566.8513252
151565 12750.0360814
152271 12750.0360814
152454 14120.2540011
153347 14120.2540011
153523 12218.7821541
154339 12218.7821541
154573 11311.4004994
155558 11311.4004994
156017 10370.6353908
156986 10370.6353908
157298 12300.3633
157836 12300.3633
158313 11293.8812351
159609 11293.8812351
159764 12913.805308
160407 12913.805308
160820 11823.298446
161601 11823.298446
162046 12556.802502
162914 12556.802502
163233 11366.0508096
164623 11366.0508096
164872 12181.8288924
165777 12181.8288924
166260 10835.3786756
167221 10835.3786756
167355 12923.1067841
168854 12923.1067841
169227 11311.3921074
170350 11311.3921074
170728 10819.3876398
171912 10819.3876398
172168 11897.6485817
172908 11897.6485817
173377 11150.1833632
174004 11150.1833632
174186 10260.866728
175458 10260.866728
175921 10987.8285655
176775 10987.8285655
177168 12024.4282843
178456 12024.4282843
178869 11382.0978576
179835 11382.0978576
180298 11273.1260978
181313 11273.1260978
181694 9965.63963525
183184 9965.63963525
183492 11408.1713273
184089 11408.1713273
184282 11173.5630298
185043 11173.5630298
185350 8913.71815101
186220 8913.71815101
186333 12466.2389544
187633 12466.2389544
187742 11000.1662371
188998 11000.1662371
189201 12204.5737436
190149 12204.5737436
190275 9619.65045697
190862 9619.65045697
191224 12438.3394626
192491 12438.3394626
192661 9409.79648515
193967 9409.79648515
194090 11284.4054319
194699 11284.4054319
195172 12210.8033669
196067 12210.8033669
196555 14075.4904848
197227 14075.4904848
197624 10853.0061792
198627 10853.0061792
198866 12216.1113039
200288 12216.1113039
200575 10739.4195004
201781 10739.4195004
201998 10407.1758961
203287 10407.1758961
203621 11969.4838294
204773 11969.4838294
205027 10494.1402814
206323 10494.1402814
206458 12039.0976662
206962 12039.0976662
207099 8295.5755731
207916 8295.5755731
208130 12229.1344086
208731 12229.1344086
209175 8767.82883732
210012 8767.82883732
