0 15175.798308
531 15175.798308
758 11029.9128921
1503 11029.9128921
1887 11605.5362425
2540 11605.5362425
2903 8034.07710924
3678 8034.07710924
3849 10546.8563902
4523 10546.8563902
4754 11765.807238
5353 11765.807238
5840 9492.09825982
7217 9492.09825982
7614 14233.7262745
8375 14233.7262745
8796 8984.26945271
9728 8984.26945271
10226 10519.5375322
11359 10519.5375322
11674 14739.7481674
12580 14739.7481674
13017 8718.96488776
13843 8718.96488776
14291 9687.22591479
15025 9687.22591479
15446 11883.1516263
16940 11883.1516263
17174 11531.4599614
17933 11531.4599614
18043 10902.8976996
19432 10902.8976996
19620 10089.5987048
20719 10089.5987048
21159 8321.91674924
21735 8321.91674924
21971 10806.9091052
22883 10806.9091052
23045 8676.46869904
24219 8676.46869904
24367 10909.7087499
25395 10909.7087499
25722 9707.85629315
26264 9707.85629315
26593 11086.4033518
27191 11086.4033518
27519 13139.3258539
28414 13139.3258539
28848 10885.7093005
29728 10885.7093005
29920 10859.4238784
31014 10859.4238784
31385 15680.1497259
32697 15680.1497259
33116 9870.00963852
34150 9870.00963852
34612 13860.4783443
35863 13860.4783443
36261 15524.6754855
36827 15524.6754855
37266 15030.3175676
38056 15030.3175676
38459 10457.5148158
39047 10457.5148158
39495 13178.6959703
40135 13178.6959703
40474 10144.0036659
41601 10144.0036659
42087 13172.9209231
42789 13172.9209231
43233 8363.18816018
44430 8363.18816018
44918 8102.56777438
45881 8102.56777438
46195 16651.9463609
47346 16651.9463609
47758 9710.60523617
48279 9710.60523617
48648 11334.5705262
49674 11334.5705262
50100 11453.3732762
50962 11453.3732762
51133 11150.9128568
52371 11150.9128568
52738 9487.4971633
53982 9487.4971633
54271 11449.8437222
55371 11449.8437222
55789 13269.6987413
57063 13269.6987413
57228 11170.0018505
58489 11170.0018505
58979 8992.82147651
59903 8992.82147651
60129 11213.693336
60706 11213.693336
61105 14869.7627177
62340 14869.7627177
62709 11002.8098338
63722 11002.8098338
64039 11633.7239445
65383 11633.7239445
65780 7363.02450495
66756 7363.02450495
67122 16473.0889971
67923 16473.0889971
68216 11973.6973946
68821 11973.6973946
69189 14432.9138451
70284 14432.9138451
70627 11546.2952591
71303 11546.2952591
71418 12121.5604749
72403 12121.5604749
72829 11428.7497059
73910 11428.7497059
74031 14038.2457395
74943 14038.2457395
75274 8228.96059112
76142 8228.96059112
76506 10704.2483819
77705 10704.2483819
77952 12542.4398393
78605 12542.4398393
78876 12202.9509017
80297 12202.9509017
80717 12272.6584244
81317 12272.6584244
81766 11382.8324434
82739 11382.8324434
83175 12600.0112894
84230 12600.0112894
84591 12914.6497586
85834 12914.6497586
86163 12687.23835
87269 12687.23835
87398 9571.0239322
87909 9571.0239322
88383 7620.31162581
89476 7620.31162581
89808 11372.8188231
91106 11372.8188231
91590 11832.6050923
92093 11832.6050923
92588 14617.7862438
93398 14617.7862438
93811 14361.9646529
94314 14361.9646529
94641 8827.01982651
96124 8827.01982651
96358 10032.0637961
96953 10032.0637961
97155 8468.70590912
97699 8468.70590912
97934 15372.5896619
99042 15372.5896619
99156 13856.962368
99976 13856.962368
100390 9200.21866929
101028 9200.21866929
101334 14086.287266
102202 14086.287266
102661 14927.6780617
103948 14927.6780617
104374 13314.4427445
105323 13314.4427445
105729 9786.73057465
106844 9786.73057465
107238 10749.3608072
108735 10749.3608072
109139 11238.2530302
110229 11238.2530302
110597 9175.20611787
111976 9175.20611787
112459 10724.6060216
113462 10724.6060216
113881 9201.31208997
115017 9201.31208997
115291 8849.06707454
116463 8849.06707454
116874 8753.74769433
117513 8753.74769433
117995 11684.1446056
119300 11684.1446056
119512 10374.0714526
120538 10374.0714526
120674 10756.5917922
122041 10756.5917922
122456 6997.49848358
123688 6997.49848358
123791 7670.34021711
124331 7670.34021711
124443 11131.8032241
125143 11131.8032241
125347 11885.5493943
126737 11885.5493943
127092 12309.4038063
128356 12309.4038063
128567 8668.89584507
129669 8668.89584507
129850 12124.2962107
131166 12124.2962107
131368 9432.89002152
132628 9432.89002152
132889 11720.5152136
133693 11720.5152136
134051 11573.3766954
134866 11573.3766954
135020 11623.3105165
135764 11623.3105165
135864 11868.254837
136513 11868.254837
136770 10751.1566463
137509 10751.1566463
137944 10759.5323806
139135 10759.5323806
139611 7791.45840873
140285 7791.45840873
140747 14053.3728177
141472 14053.3728177
141681 9817.77510842
142979 9817.77510842
143418 9882.77918773
144194 9882.77918773
144625 9369.99466742
145546 9369.99466742
145664 12328.531609
146505 12328.531609
146605 11762.0970047
147949 11762.0970047
148098 12769.7663762
149212 12769.7663762
149660 11818.4486027
150718 11818.4486027
151194 14894.6642016
152177 14894.6642016
152552 11826.2856912
153650 11826.2856912
154074 13938.8596706
154923 13938.8596706
155190 12265.7332665
156595 12265.7332665
156863 11864.9794839
157625 11864.9794839
158032 8880.20536237
159457 8880.20536237
159819 14085.7224069
161139 14085.7224069
161526 13987.3115896
162293 13987.3115896
162435 12642.6168233
163346 12642.6168233
163656 11120.3992876
165013 11120.3992876
165401 12221.336902
166049 12221.336902
166383 8199.58295904
167816 8199.58295904
168164 10125.953437
169495 10125.953437
169915 14305.9346137
171277 14305.9346137
171674 6250.93628759
172658 6250.93628759
172857 9283.26528698
173991 9283.26528698
174243 9707.73904087
174769 9707.73904087
175029 9748.64667956
176514 9748.64667956
176780 10953.2833558
177696 10953.2833558
177851 15406.7701925
178452 15406.7701925
178864 8027.15954362
180107 8027.15954362
180591 11235.7339034
181795 11235.7339034
182102 11146.2559675
182642 11146.2559675
182976 11936.6774907
183519 11936.6774907
183777 11235.9094386
184732 11235.9094386
185002 10206.2668096
186365 10206.2668096
186749 7596.40463062
188058 7596.40463062
188261 9839.70810467
189138 9839.70810467
189390 10874.4512394
190618 10874.4512394
190819 6612.56496497
191821 6612.56496497
192029 9105.74155788
192972 9105.74155788
193150 13555.2677004
194554 13555.2677004
194918 9108.68813086
195592 9108.68813086
195835 11026.6718495
196984 11026.6718495
197472 9289.61553828
198402 9289.61553828
198676 12856.3798644
199638 12856.3798644
199744 7538.05409064
200992 7538.05409064
201410 7052.01007364
202118 7052.01007364
202478 11827.4411187
203376 11827.4411187
203869 13589.5046723
205217 13589.5046723
205594 7304.33607954
206933 7304.33607954
207090 8314.96739979
207913 8314.96739979
208291 8637.15586441
209191 8637.15586441
209318 12247.9011429
210207 12247.9011429
