0 10579.2673337
1149 10579.2673337
1284 13100.9144032
2414 13100.9144032
2718 13539.8727758
3891 13539.8727758
4273 9322.33754443
5544 9322.33754443
5868 8049.36291818
7115 8049.36291818
7316 8320.32473259
8369 8320.32473259
8780 10691.0049916
9509 10691.0049916
9892 8681.85312527
10959 8681.85312527
11232 14160.0140659
11782 14160.0140659
12055 12206.911495
12586 12206.911495
13031 10255.8258562
13795 10255.8258562
14105 11057.4603074
15351 11057.4603074
15515 10157.4393236
16309 10157.4393236
16746 9552.59400021
17526 9552.59400021
17732 8041.2935444
19213 8041.2935444
19337 6615.37870172
20059 6615.37870172
20537 11197.3577104
21801 11197.3577104
22035 16259.1655665
23028 16259.1655665
23441 11452.9825078
24783 11452.9825078
25238 9384.60254234
26299 9384.60254234
26610 13735.300935
27895 13735.300935
28142 10675.7963578
29314 10675.7963578
29756 8908.66647185
30663 8908.66647185
31156 5187.7160132
32146 5187.7160132
32368 9303.05667441
33265 9303.05667441
33494 13975.7190216
34293 13975.7190216
34646 12378.2981149
35800 12378.2981149
36107 12592.6750666
36860 12592.6750666
37227 11625.1366247
38417 11625.1366247
38656 12450.9585038
39663 12450.9585038
40141 10486.6352935
41139 10486.6352935
41299 14129.0954948
42402 14129.0954948
42648 9072.89109284
44052 9072.89109284
44469 13280.6117741
45719 13280.6117741
45840 9865.80657553
46881 9865.80657553
47193 15065.4068703
48207 15065.4068703
48412 10223.5565792
49363 10223.5565792
49616 8650.82698436
51069 8650.82698436
51189 12088.9884464
52376 12088.9884464
52793 9470.54294801
53784 9470.54294801
54117 10950.9883232
55066 10950.9883232
55255 11564.2296204
55997 11564.2296204
56146 7969.96415113
57168 7969.96415113
57342 15002.5790261
58358 15002.5790261
58620 13118.4085662
59282 13118.4085662
59569 11115.2160833
60074 11115.2160833
60429 7873.35591346
61531 7873.35591346
61909 7787.56084051
62678 7787.56084051
63002 7704.02539323
64157 7704.02539323
64631 10208.1487219
65351 10208.1487219
65749 7959.61257849
66864 7959.61257849
67144 7708.53524253
67754 7708.53524253
67863 13270.5630498
68738 13270.5630498
69231 14211.2740779
70261 14211.2740779
70523 10136.3470361
71161 10136.3470361
71267 9726.6115229
71849 9726.6115229
72310 12449.2586321
73369 12449.2586321
73781 12200.3399251
74567 12200.3399251
74985 11503.6228703
75661 11503.6228703
76106 13070.7714602
77429 13070.7714602
77762 11540.8656028
78677 11540.8656028
79127 11948.4481721
80421 11948.4481721
80676 10830.337257
81580 10830.337257
82077 9595.34639089
82959 9595.34639089
83121 13691.691603
84314 13691.691603
84643 13989.9673881
85447 13989.9673881
85901 9888.50953608
87307 9888.50953608
87723 10077.4412103
89106 10077.4412103
89368 7817.21173026
90428 7817.21173026
90543 11422.0432107
91789 11422.0432107
92083 9748.68471158
92615 9748.68471158
92822 11581.2032359
94038 11581.2032359
94164 13976.0428082
95619 13976.0428082
96110 9683.00802455
97308 9683.00802455
97798 12305.7372844
98379 12305.7372844
98523 17333.4386527
99628 17333.4386527
99874 11583.6723112
100442 11583.6723112
100900 10640.47132
102279 10640.47132
102556 12186.6566365
103283 12186.6566365
103407 7990.57555504
104303 7990.57555504
104511 8166.10084486
105824 8166.10084486
106056 8585.1471703
107081 8585.1471703
107310 10146.6367232
108126 10146.6367232
108275 8162.09328021
109302 8162.09328021
109628 12691.542488
110909 12691.542488
111145 14390.3871702
111666 14390.3871702
112097 12170.740753
112628 12170.740753
112788 13890.2490815
113591 13890.2490815
114027 10091.1404443
114777 10091.1404443
115150 8584.34673386
116503 8584.34673386
116650 13613.3722535
117947 13613.3722535
118089 14423.1998284
119075 14423.1998284
119519 10008.2501602
120305 10008.2501602
120505 11514.1601727
121640 11514.1601727
122076 11751.5040151
122987 11751.5040151
123322 11593.7330217
124036 11593.7330217
124464 10502.8696415
125150 10502.8696415
125513 11967.2862767
126863 11967.2862767
127145 10120.6389071
127925 10120.6389071
128317 8894.08411775
129258 8894.08411775
129446 8053.56514411
130710 8053.56514411
131078 13168.7976983
132460 13168.7976983
132813 13234.1091892
133382 13234.1091892
133592 11278.1581878
134840 11278.1581878
135034 11341.384005
135561 11341.384005
135666 12014.1207934
137026 12014.1207934
137131 9321.19449676
137990 9321.19449676
138331 9668.82989384
139601 9668.82989384
139869 11219.1658669
140978 11219.1658669
141158 9103.22265939
142133 9103.22265939
142589 15002.5649874
143311 15002.5649874
143606 10055.8069686
144600 10055.8069686
145025 10703.1462355
146259 10703.1462355
146511 13881.7177178
147582 13881.7177178
148036 7794.32495929
149462 7794.32495929
149838 14189.0224281
150465 14189.0224281
150735 9964.40275614
151582 9964.40275614
152046 10763.2242253
153106 10763.2242253
153410 11126.1119595
154262 11126.1119595
154398 10227.0377921
155857 10227.0377921
156168 6574.92573684
157428 6574.92573684
157741 7154.75405928
158554 7154.75405928
158854 9720.64858642
159432 9720.64858642
159708 8586.4478613
160465 8586.4478613
160939 13885.6906155
162120 13885.6906155
162437 12163.1958325
163272 12163.1958325
163486 10791.5662636
164497 10791.5662636
164943 12407.8133233
165709 12407.8133233
166048 11533.2463627
166937 11533.2463627
167270 9888.92741486
168283 9888.92741486
168743 15607.8964802
169532 15607.8964802
169935 11792.7506301
170963 11792.7506301
171114 13738.5917903
171822 13738.5917903
172031 10226.1014886
172858 10226.1014886
173154 15043.7377368
174153 15043.7377368
174325 16431.8460238
175125 16431.8460238
175367 8978.22470576
176524 8978.22470576
176919 12420.2446011
177959 12420.2446011
178251 11541.7310741
179581 11541.7310741
179734 15177.108985
181232 15177.108985
181392 7449.59359648
182415 7449.59359648
182614 10751.9054365
183416 10751.9054365
183855 10936.313172
184947 10936.313172
185065 9571.38196831
186487 9571.38196831
186934 9589.74035661
187678 9589.74035661
187885 13954.8203803
188788 13954.8203803
188893 6031.33422445
190154 6031.33422445
190274 8594.53930783
191289 8594.53930783
191423 9778.86238579
192480 9778.86238579
192871 8756.20321996
193532 8756.20321996
193755 10679.7704863
194276 10679.7704863
194421 10596.250101
194926 10596.250101
195241 8852.12417935
196448 8852.12417935
196789 16344.911304
197990 16344.911304
198367 13429.979745
199101 13429.979745
199404 7346.68172593
200754 7346.68172593
201215 15554.1051325
202089 15554.1051325
202253 8999.02909365
203216 8999.02909365
203658 6630.34706151
204945 6630.34706151
205164 9576.31030219
206603 9576.31030219
206974 12283.186269
208234 12283.186269
208583 12463.731266
209645 12463.731266
209964 17301.0897151
211123 17301.0897151
211323 12285.1380593
212376 12285.1380593
212660 17134.016781
213542 17134.016781
213951 9773.77975196
214586 9773.77975196
214689 11365.8091895
215497 11365.8091895
215646 11568.3517412
216666 11568.3517412
216795 12542.1798811
218233 12542.1798811
218430 11603.5859439
219545 11603.5859439
219979 12050.3232737
220707 12050.3232737
220960 12150.0991583
222147 12150.0991583
222280 8189.94062535
223645 8189.94062535
223901 13309.1445859
224648 13309.1445859
224922 16619.9565787
226234 16619.9565787
226471 11069.7223305
227296 11069.7223305
227614 12324.8190706
228399 12324.8190706
228536 7303.98265524
229808 7303.98265524
229928 10399.3110744
231074 10399.3110744
231506 11782.2875433
232725 11782.2875433
232968 14509.4957135
233582 14509.4957135
233983 12066.5853708
234886 12066.5853708
235252 11304.5168074
236434 11304.5168074
236672 9653.9462635
238161 9653.9462635
238601 11519.5730881
239692 11519.5730881
239934 13784.3204464
241418 13784.3204464
241901 15468.9162688
242943 15468.9162688
243212 14554.1764154
244666 14554.1764154
245150 13927.4354179
246551 13927.4354179
246668 9371.28842129
247730 9371.28842129
247910 9958.60862533
248433 9958.60862533
248685 8714.01585424
249889 8714.01585424
250199 12719.5206033
250858 12719.5206033
251093 7117.58829292
252487 7117.58829292
252892 12903.579925
253899 12903.579925
254226 11841.8811943
255141 11841.8811943
255290 9452.33228573
256505 9452.33228573
256877 10307.2287056
258003 10307.2287056
258220 12114.447853
259571 12114.447853
259950 11212.3982698
261410 11212.3982698
261571 13011.999152
262303 13011.999152
262588 12216.3802337
263749 12216.3802337
263962 6643.44461909
265372 6643.44461909
265803 10229.0608884
267128 10229.0608884
267559 9473.31922588
268544 9473.31922588
269009 8722.40252242
269665 8722.40252242
269923 13442.0894108
271351 13442.0894108
271820 11338.4192738
273299 11338.4192738
273776 13172.9971348
274566 13172.9971348
274938 11360.2631306
275620 11360.2631306
276011 11216.9114904
276515 11216.9114904
276705 6273.91572525
277306 6273.91572525
277587 6643.9072988
278538 6643.9072988
278757 8443.2628098
279291 8443.2628098
279584 13512.6034504
280920 13512.6034504
281041 8785.12916296
281880 8785.12916296
282201 8760.51947685
283122 8760.51947685
283339 12279.0734753
284403 12279.0734753
284580 9795.71441194
285314 9795.71441194
