0 7700.42875861
588 7700.42875861
852 11704.9754547
1641 11704.9754547
2108 13202.0384344
3354 13202.0384344
3465 10190.3964407
4875 10190.3964407
4986 16288.8654402
5919 16288.8654402
6125 17140.4755903
7556 17140.4755903
8052 12635.0110407
9071 12635.0110407
9503 12556.3844093
10248 12556.3844093
10458 14663.8804876
11783 14663.8804876
12156 19088.5806838
13296 19088.5806838
13579 13366.1444307
14285 13366.1444307
14635 13792.278907
15861 13792.278907
16301 16619.9437996
17701 16619.9437996
17815 14951.399283
18545 14951.399283
18656 11250.5133515
19369 11250.5133515
19778 7866.60336703
20483 7866.60336703
20846 8240.66929837
21980 8240.66929837
22298 11505.124518
23589 11505.124518
23823 9326.10108665
24363 9326.10108665
24686 11984.9937885
26063 11984.9937885
26415 14652.3305981
27325 14652.3305981
27591 13384.1477714
28856 13384.1477714
29041 18405.9386101
30049 18405.9386101
30528 9966.20334167
31600 9966.20334167
32082 11411.7484829
32616 11411.7484829
32723 6344.67393435
33777 6344.67393435
34179 12677.1722553
34933 12677.1722553
35113 14398.1555489
36243 14398.1555489
36617 11379.9230569
37373 11379.9230569
37560 21707.2224967
38923 21707.2224967
39256 14620.0533379
40607 14620.0533379
40956 12165.489891
42347 12165.489891
42629 12000.2122957
43722 12000.2122957
43953 5295.51770654
45360 5295.51770654
45785 9900.44678955
46652 9900.44678955
46944 9295.32415179
47847 9295.32415179
48079 15402.1209612
49557 15402.1209612
49809 16554.9340219
50353 16554.9340219
50517 13716.3260827
51083 13716.3260827
51270 12116.8391452
52070 12116.8391452
52537 8070.27300067
53176 8070.27300067
53469 13395.6581513
54468 13395.6581513
54762 11767.9694536
55543 11767.9694536
55847 6130.69105172
56988 6130.69105172
57144 10876.8473205
57652 10876.8473205
57790 13647.4951615
58573 13647.4951615
58811 10601.9876075
59884 10601.9876075
60350 11802.5716494
61532 11802.5716494
61881 14349.8510066
62659 14349.8510066
62966 6731.37785207
63795 6731.37785207
63976 9017.61992963
65166 9017.61992963
65395 17048.3145322
66226 17048.3145322
66688 13136.5611057
68066 13136.5611057
68385 8010.27001655
69881 8010.27001655
70176 10549.7494088
71624 10549.7494088
71845 12103.8621912
73333 12103.8621912
73523 10502.7176883
74256 10502.7176883
74735 13592.7837122
76126 13592.7837122
76562 7956.4173334
77570 7956.4173334
77673 12997.7748085
78256 12997.7748085
78460 10790.3163633
79182 10790.3163633
79598 12270.8533529
80355 12270.8533529
80527 17905.0611288
81687 17905.0611288
82186 10548.2172344
83437 10548.2172344
83894 6772.58418337
84624 6772.58418337
84947 12908.8159222
85812 12908.8159222
85980 9031.69966381
86622 9031.69966381
86842 8921.53221263
87870 8921.53221263
88174 11784.9065255
89056 11784.9065255
89453 11781.1168314
90854 11781.1168314
91338 9417.44905348
92295 9417.44905348
92512 14031.4409503
93597 14031.4409503
93856 10092.6102348
95228 10092.6102348
95569 18739.1479062
96710 18739.1479062
96955 3058.83360392
97595 3058.83360392
97991 15396.712921
98505 15396.712921
98704 7840.93452064
99721 7840.93452064
100170 4130.30627907
101595 4130.30627907
101880 11476.8512676
102387 11476.8512676
102842 9381.94871911
104320 9381.94871911
104641 10773.3554351
105648 10773.3554351
105775 14771.3073599
106516 14771.3073599
106859 11653.9521239
108095 11653.9521239
108218 7009.83752749
109324 7009.83752749
109492 8379.82571922
110436 8379.82571922
110903 8828.75917545
112055 8828.75917545
112296 9407.60426351
113679 9407.60426351
113926 10154.7405709
115364 10154.7405709
115712 9542.894016
116489 9542.894016
116685 6982.8735074
117252 6982.8735074
117684 8558.24872423
118355 8558.24872423
118691 3732.26180726
119756 3732.26180726
119944 8970.16887965
120758 8970.16887965
121073 14046.1022632
121623 14046.1022632
121860 16532.939176
122578 16532.939176
123037 9824.13019389
123724 9824.13019389
123877 7638.97541867
125279 7638.97541867
125425 14041.7890283
126383 14041.7890283
126521 10486.4848134
127208 10486.4848134
127695 5729.46183686
128722 5729.46183686
128894 13535.1601715
129470 13535.1601715
129889 15775.8573375
131169 15775.8573375
131440 12063.6891983
132824 12063.6891983
133170 15309.384503
133855 15309.384503
134075 12670.0628958
135455 12670.0628958
135813 12639.6843164
137053 12639.6843164
137490 10187.4547979
138489 10187.4547979
138632 11357.2792838
139710 11357.2792838
139942 11695.7066812
140604 11695.7066812
140916 14788.7122594
142368 14788.7122594
142856 15344.4322907
143760 15344.4322907
144197 12626.5428042
145168 12626.5428042
145536 9672.284935
146413 9672.284935
146568 15779.7437971
147225 15779.7437971
147563 8881.48578014
149053 8881.48578014
149504 12004.6587733
150224 12004.6587733
150399 12310.5851338
151787 12310.5851338
151923 5535.62620145
153120 5535.62620145
153569 10153.3370332
154285 10153.3370332
154437 7545.35921368
155789 7545.35921368
156165 4645.04191746
157155 4645.04191746
157457 10450.1265677
158710 10450.1265677
159081 8353.97967557
159770 8353.97967557
160111 11859.8660788
161391 11859.8660788
161870 9820.5646716
162639 9820.5646716
163109 7348.66706455
164019 7348.66706455
164401 13720.4703
165092 13720.4703
165506 15205.6278719
166535 15205.6278719
166828 11882.9641188
168125 11882.9641188
168531 9185.21406772
169543 9185.21406772
169866 8178.89322518
170460 8178.89322518
170867 10963.6767214
172335 10963.6767214
172773 10791.5159092
173726 10791.5159092
174223 13305.700404
175652 13305.700404
175918 12883.6516409
176783 12883.6516409
177151 11076.8828766
177948 11076.8828766
178265 15715.3535366
179427 15715.3535366
179678 8548.53116431
180720 8548.53116431
181026 7036.17576961
181902 7036.17576961
182278 10113.0718066
182845 10113.0718066
183212 13640.991243
184595 13640.991243
185071 20751.4595048
185963 20751.4595048
186397 16771.5585357
187887 16771.5585357
188180 10764.6951056
188768 10764.6951056
189219 10363.2659955
189746 10363.2659955
190161 12194.2318665
190838 12194.2318665
191212 15778.13616
192006 15778.13616
192273 7570.28230178
193201 7570.28230178
193657 9261.9228543
194241 9261.9228543
194672 8216.21222015
195883 8216.21222015
196297 8594.95933533
196813 8594.95933533
196941 12186.6140358
197625 12186.6140358
197937 8054.5263723
198675 8054.5263723
198995 7126.75319257
200287 7126.75319257
200734 14435.7079143
201410 14435.7079143
201794 13831.5757527
202910 13831.5757527
203314 11361.0449421
203887 11361.0449421
204089 1816.17769483
205288 1816.17769483
205637 11557.106441
206809 11557.106441
207219 10261.5247949
208649 10261.5247949
208893 8003.05408022
210159 8003.05408022
210387 11181.658635
211650 11181.658635
212026 8378.42381197
213290 8378.42381197
213622 5790.81990741
214330 5790.81990741
214616 9394.34923677
215799 9394.34923677
216204 12392.4388409
217159 12392.4388409
217531 8045.90618503
218808 8045.90618503
219282 13656.58406
220320 13656.58406
220673 7493.5877314
222025 7493.5877314
222328 8371.14827388
223704 8371.14827388
224008 12526.9181926
225026 12526.9181926
