0 6801.06983277
961 6801.06983277
1369 6255.90028986
2463 6255.90028986
2602 17394.1737789
3974 17394.1737789
4119 14401.7075315
4706 14401.7075315
4836 13513.0261976
5925 13513.0261976
6399 11348.3179901
6904 11348.3179901
7316 5830.95660511
8497 5830.95660511
8676 12570.3915203
9275 12570.3915203
9544 9820.50787731
10936 9820.50787731
11226 4742.32262064
12704 4742.32262064
12963 10576.8843485
13572 10576.8843485
13774 6533.69731957
14998 6533.69731957
15167 4052.33465525
15955 4052.33465525
16340 12384.5934623
17574 12384.5934623
18006 8911.07213813
19060 8911.07213813
19543 18524.0774396
20371 18524.0774396
20866 5697.45933519
22110 5697.45933519
22555 11730.6819708
23322 11730.6819708
23559 7935.47210289
25047 7935.47210289
25443 12618.9548967
26914 12618.9548967
27284 14118.807682
28427 14118.807682
28748 4841.05446404
29631 4841.05446404
29910 10986.6328854
31138 10986.6328854
31434 12171.0201375
32526 12171.0201375
32629 6790.42717339
33549 6790.42717339
33828 9535.17298754
34647 9535.17298754
35083 15456.3815909
36486 15456.3815909
36869 9367.69160368
38299 9367.69160368
38749 14340.2607355
39361 14340.2607355
39850 15583.7154107
40687 15583.7154107
41005 18818.6546857
42276 18818.6546857
42691 14434.4758245
43288 14434.4758245
43398 9937.85872033
44052 9937.85872033
44222 14172.0907011
45313 14172.0907011
45765 3570.17637954
46397 3570.17637954
46709 10172.8739541
47971 10172.8739541
48420 12056.4706247
49087 12056.4706247
49505 16528.444378
50332 16528.444378
50700 13448.6617455
51494 13448.6617455
51654 10483.0048849
52867 10483.0048849
53242 12428.5379605
54560 12428.5379605
54950 5235.07656371
56045 5235.07656371
56307 18214.120315
57319 18214.120315
57488 13718.4248468
58079 13718.4248468
58255 15288.2626844
59022 15288.2626844
59328 11817.2347502
59867 11817.2347502
60196 9223.9554781
61259 9223.9554781
61724 4926.79783857
63191 4926.79783857
63381 16841.9037734
64210 16841.9037734
64372 12579.0941117
65771 12579.0941117
66195 6484.67026728
66712 6484.67026728
66864 11062.0139034
67843 11062.0139034
68249 16586.6499177
69728 16586.6499177
70026 20796.2731018
71030 20796.2731018
71223 9224.63142328
72616 9224.63142328
72962 12031.4600393
74391 12031.4600393
74836 1053.63240548
76324 1053.63240548
76744 8472.97904187
77547 8472.97904187
78043 8827.03907074
79219 8827.03907074
79424 13092.0480217
80226 13092.0480217
80455 9039.55756842
81229 9039.55756842
81454 18315.052387
82865 18315.052387
83015 12387.2493662
83519 12387.2493662
83871 14592.9596541
84444 14592.9596541
84644 19231.9112092
85157 19231.9112092
85449 3399.61397383
86823 3399.61397383
87316 9083.52822163
88669 9083.52822163
88787 9118.2893344
89840 9118.2893344
90091 10592.5692048
90974 10592.5692048
91120 10746.3654303
92023 10746.3654303
92232 8111.03326508
93690 8111.03326508
94065 6154.93051872
94695 6154.93051872
94842 15925.6986603
95762 15925.6986603
96222 12716.4579505
96945 12716.4579505
97208 12940.2764784
97774 12940.2764784
98028 16485.9619314
98903 16485.9619314
99134 20696.1826257
99782 20696.1826257
100214 23125.3004618
100945 23125.3004618
101148 1850.8916091
102442 1850.8916091
102893 7926.16188789
103432 7926.16188789
103847 19920.772272
104480 19920.772272
104838 8252.3460183
105460 8252.3460183
105833 12159.7098641
106448 12159.7098641
106604 3033.64226478
107287 3033.64226478
107580 15038.3710577
108326 15038.3710577
108617 17268.161347
110094 17268.161347
110519 8579.26386304
111935 8579.26386304
112271 13517.6018853
113073 13517.6018853
113441 9412.96903408
114458 9412.96903408
114653 4890.91309962
115181 4890.91309962
115483 13307.4774481
116775 13307.4774481
117193 15703.9475552
118625 15703.9475552
119034 6046.51706866
120364 6046.51706866
120802 6999.83232953
121456 6999.83232953
121783 22096.631124
122371 22096.631124
122667 10718.5230487
123547 10718.5230487
124041 10870.4621414
124667 10870.4621414
124986 10631.1654675
125541 10631.1654675
126034 17746.83194
126845 17746.83194
127022 7950.82287245
127840 7950.82287245
128042 8668.46173473
129001 8668.46173473
129303 9569.55159587
130773 9569.55159587
130953 2830.51890767
131845 2830.51890767
132159 13549.7392079
132966 13549.7392079
133118 17126.3914269
134595 17126.3914269
134906 12561.84868
135902 12561.84868
136265 8964.39253238
137093 8964.39253238
137441 1285.35691508
138732 1285.35691508
138937 12917.204654
139699 12917.204654
140000 5692.99237912
141061 5692.99237912
141469 3179.12937427
142880 3179.12937427
143152 13232.1588033
144608 13232.1588033
144923 12589.3022048
146336 12589.3022048
146587 4279.40395678
147203 4279.40395678
147361 13506.2188551
148270 13506.2188551
148583 9184.48936465
149849 9184.48936465
150025 5183.70863904
150928 5183.70863904
151219 13096.8264631
152665 13096.8264631
152939 13007.8931622
153886 13007.8931622
154060 5235.19043355
155297 5235.19043355
155686 20037.0573893
156239 20037.0573893
156498 4223.74331442
157686 4223.74331442
158157 14375.4217722
159532 14375.4217722
159830 3557.69399389
160801 3557.69399389
161148 4242.89030403
162423 4242.89030403
162896 12015.0648927
163770 12015.0648927
164204 5476.12041587
165640 5476.12041587
165966 7584.96217027
167359 7584.96217027
167849 15018.1121958
168973 15018.1121958
169352 17265.9735344
170834 17265.9735344
171030 12253.2616001
172023 12253.2616001
172507 12638.1569363
173413 12638.1569363
173596 14113.0891117
174728 14113.0891117
174928 12630.390184
176074 12630.390184
176247 8610.74605252
177702 8610.74605252
177950 8854.44578302
179433 8854.44578302
179720 7637.47293466
181170 7637.47293466
181618 3150.98966852
182578 3150.98966852
182750 2367.74303574
183988 2367.74303574
184126 12238.3832962
185039 12238.3832962
185503 9660.56410295
186102 9660.56410295
186411 9917.18511075
187256 9917.18511075
187742 7590.31391471
188954 7590.31391471
189322 15422.1388717
190161 15422.1388717
190381 5276.24359149
191510 5276.24359149
191816 18647.981097
192767 18647.981097
193201 9848.87705441
194415 9848.87705441
194673 9719.79435276
195447 9719.79435276
195580 7718.43668942
196964 7718.43668942
197185 12363.0724773
197831 12363.0724773
198246 11180.5994496
199137 11180.5994496
199455 8523.94780919
200886 8523.94780919
201105 11701.6830464
201606 11701.6830464
201897 12600.1358521
203035 12600.1358521
203253 14171.091671
204559 14171.091671
204848 22212.2191622
205489 22212.2191622
205672 6798.22094237
207061 6798.22094237
207223 19540.5755591
208452 19540.5755591
208841 10418.8661872
210325 10418.8661872
210757 20027.2480543
211917 20027.2480543
212079 8262.48901391
213552 8262.48901391
214041 8665.45672905
215298 8665.45672905
215668 7872.35821021
216978 7872.35821021
217416 17600.7438413
218427 17600.7438413
218892 15884.5977611
219615 15884.5977611
219914 17687.2396397
221169 17687.2396397
221627 15537.1893519
222447 15537.1893519
222654 13253.549749
223202 13253.549749
223422 12447.2940932
223939 12447.2940932
224302 7250.01794643
225399 7250.01794643
225875 13011.4814825
226494 13011.4814825
226971 7626.60606375
227697 7626.60606375
227979 8297.87822651
229396 8297.87822651
229548 11413.3928742
230998 11413.3928742
231378 19352.530276
232531 19352.530276
232797 15584.590853
233484 15584.590853
233884 4943.38942623
234384 4943.38942623
234644 10663.462198
235861 10663.462198
236050 8137.66045125
236916 8137.66045125
237163 5838.08725374
237861 5838.08725374
238321 9677.80082645
239080 9677.80082645
239215 15167.9610678
240051 15167.9610678
240266 9971.93283729
241737 9971.93283729
242138 15316.7806685
243101 15316.7806685
243429 20527.0900749
244296 20527.0900749
244587 3766.59587722
246000 3766.59587722
246185 15800.0840766
247479 15800.0840766
247852 8610.5471813
248768 8610.5471813
248939 12984.6755117
249732 12984.6755117
250139 8791.93887562
250718 8791.93887562
250858 4656.84924205
251794 4656.84924205
252191 10780.107701
252870 10780.107701
253150 11039.9183624
253968 11039.9183624
254309 12393.9945058
255494 12393.9945058
255665 18469.9463048
256330 18469.9463048
256741 11477.1309479
257445 11477.1309479
257857 15896.2653213
259034 15896.2653213
259227 10934.6046473
260002 10934.6046473
260193 12304.3850869
261266 12304.3850869
261599 7271.84650291
262927 7271.84650291
263369 4279.30996147
264668 4279.30996147
265078 5217.09049472
266509 5217.09049472
266958 15394.6814372
267955 15394.6814372
268399 15027.898838
269014 15027.898838
269176 17958.0729132
269942 17958.0729132
270244 8418.67584443
271258 8418.67584443
271747 10665.0607382
272258 10665.0607382
