0 19693.9564855
1375 19693.9564855
1709 18557.6751516
2717 18557.6751516
3187 8460.57824094
4348 8460.57824094
4482 8820.68969517
5135 8820.68969517
5572 6518.96945804
6943 6518.96945804
7271 3184.44958256
8096 3184.44958256
8467 5860.08418405
9665 5860.08418405
10086 12811.9593406
10811 12811.9593406
11307 13424.6466863
12806 13424.6466863
13085 11321.2279223
14334 11321.2279223
14820 2039.51419319
15644 2039.51419319
15801 20092.7548849
16519 20092.7548849
16620 3573.85098948
17812 3573.85098948
18002 14105.428032
18615 14105.428032
18972 16260.3394434
20080 16260.3394434
20301 10195.7338837
21283 10195.7338837
21470 5788.04037081
22079 5788.04037081
22547 5705.10657612
23716 5705.10657612
23939 2575.23115092
24962 2575.23115092
25317 18779.4177287
26321 18779.4177287
26532 11606.605695
27086 11606.605695
27415 7415.7926961
28641 7415.7926961
28969 8718.5157833
30357 8718.5157833
30688 14969.1380938
31978 14969.1380938
32152 20420.0225436
32855 20420.0225436
33135 735.442306979
34147 735.442306979
34440 9582.25823603
35383 9582.25823603
35582 8328.47072643
36958 8328.47072643
37220 14130.4504152
37935 14130.4504152
38092 19438.4237894
39006 19438.4237894
39291 10725.8900927
39908 10725.8900927
40211 14871.7792524
40968 14871.7792524
41206 19129.2894762
42502 19129.2894762
42753 9141.60605878
44053 9141.60605878
44285 8110.960909
45269 8110.960909
45721 12897.9213417
46398 12897.9213417
46608 17962.1042772
47110 17962.1042772
47281 15408.4961028
48737 15408.4961028
48979 10146.7997138
49869 10146.7997138
50001 8458.75216804
51235 8458.75216804
51721 4933.53275493
52513 4933.53275493
52957 11167.269212
54372 11167.269212
54654 19414.5080571
55308 19414.5080571
55454 250.093080792
56155 250.093080792
56313 18910.0507582
57288 18910.0507582
57640 10558.5119694
58550 10558.5119694
58915 15218.2678787
60304 15218.2678787
60720 12022.1212158
61248 12022.1212158
61460 9143.64232909
62532 9143.64232909
62815 11063.282022
64125 11063.282022
64295 13174.9074444
65123 13174.9074444
65412 17355.3835044
66849 17355.3835044
67151 12296.0190507
67770 12296.0190507
67991 19923.6233576
68900 19923.6233576
69103 1868.4370781
70558 1868.4370781
70872 12354.3240281
71501 12354.3240281
71823 19718.8974154
73269 19718.8974154
73588 8773.66155893
75080 8773.66155893
75434 13526.5266509
76780 13526.5266509
76947 6265.57043495
77917 6265.57043495
78071 9053.88352519
79523 9053.88352519
79773 888.664060776
80721 888.664060776
81064 4886.58975525
82362 4886.58975525
82573 10682.1816788
83494 10682.1816788
83752 7945.49407793
84423 7945.49407793
84735 27879.1526559
86053 27879.1526559
86529 15019.017708
87500 15019.017708
87872 11302.1128637
88733 11302.1128637
89154 6974.00542953
89738 6974.00542953
89907 11904.0098862
91396 11904.0098862
91818 3112.82015264
92698 3112.82015264
93188 7250.38078063
94056 7250.38078063
94434 15350.789458
95339 15350.789458
95553 14739.2671951
96267 14739.2671951
96450 5464.14384346
97534 5464.14384346
97809 22736.2463175
98774 22736.2463175
99206 14202.3538998
99887 14202.3538998
100252 7384.38724136
101612 7384.38724136
102082 11386.2924166
103434 11386.2924166
103711 10681.1558185
104284 10681.1558185
104461 19022.950866
105889 19022.950866
106291 14240.5882792
107599 14240.5882792
108092 11236.6980727
108968 11236.6980727
109075 22771.3413595
110197 22771.3413595
110645 13128.474251
111947 13128.474251
112192 8926.45415838
113012 8926.45415838
113168 14382.178628
113923 14382.178628
114318 11551.5238638
115111 11551.5238638
115324 23020.7395688
115938 23020.7395688
116200 21261.6904496
117663 21261.6904496
117803 11262.1042765
118970 11262.1042765
119179 6906.18931139
119721 6906.18931139
119892 4495.80713054
121231 4495.80713054
121585 19349.4064435
122472 19349.4064435
122862 6943.8138189
123483 6943.8138189
123727 1471.68048219
124797 1471.68048219
125282 12385.3606154
126505 12385.3606154
126651 6582.07297347
127995 6582.07297347
128378 4019.43562127
129486 4019.43562127
129662 23328.534807
130463 23328.534807
130832 6907.72441004
131523 6907.72441004
131901 24274.2796881
132574 24274.2796881
132906 3713.96837523
134072 3713.96837523
134526 6035.97407855
135114 6035.97407855
135417 15707.4695909
136609 15707.4695909
136996 7308.38089247
137625 7308.38089247
138082 7400.25491562
139536 7400.25491562
139672 20424.6716785
140262 20424.6716785
140685 9096.51899292
141706 9096.51899292
142029 12101.5995894
143268 12101.5995894
143642 10099.0437004
144467 10099.0437004
144851 12373.9975815
146084 12373.9975815
146251 9950.59583422
147509 9950.59583422
147667 8223.53353539
148401 8223.53353539
148688 8422.80557936
149615 8422.80557936
150026 6384.55532784
150692 6384.55532784
150894 2517.17342066
152306 2517.17342066
152614 9765.69104517
153706 9765.69104517
154102 1472.51016537
155146 1472.51016537
155440 33317.0255056
156648 33317.0255056
156773 23200.9142507
157448 23200.9142507
157855 16409.8483993
159348 16409.8483993
159752 13860.4371027
161118 13860.4371027
161604 12438.3307438
162123 12438.3307438
162554 11924.1821764
163844 11924.1821764
164087 13514.7555588
165412 13514.7555588
165591 4609.7195103
167018 4609.7195103
167132 5989.00195965
168419 5989.00195965
168722 13087.9894819
169771 13087.9894819
170259 10447.547959
171370 10447.547959
171504 11315.9325714
172294 11315.9325714
172636 19333.3712137
173473 19333.3712137
173645 10205.5039255
174905 10205.5039255
175215 5253.49480633
176240 5253.49480633
176345 2453.14566795
176961 2453.14566795
177180 29042.5334472
178421 29042.5334472
178863 4307.84010713
180069 4307.84010713
180175 14215.9125999
180955 14215.9125999
181442 8034.92600534
182208 8034.92600534
182638 20872.038989
183867 20872.038989
184163 21833.0435713
185622 21833.0435713
186047 10232.2760394
187153 10232.2760394
187587 6570.56310102
188883 6570.56310102
189360 10071.7227159
190295 10071.7227159
190492 4736.30181764
191194 4736.30181764
191526 10202.9489274
192793 10202.9489274
193272 11610.8709457
193949 11610.8709457
194100 18036.1578772
195558 18036.1578772
195862 24880.8466509
196664 24880.8466509
197041 8257.80373573
198381 8257.80373573
198864 18750.3151162
199578 18750.3151162
199701 9791.02962944
201062 9791.02962944
201165 13503.3760297
201891 13503.3760297
202131 20159.540594
203540 20159.540594
203875 5879.65854743
204825 5879.65854743
205298 12048.4695157
206401 12048.4695157
206857 20357.4024671
207547 20357.4024671
207886 17281.9204512
208900 17281.9204512
209008 10427.2259737
209920 10427.2259737
210324 8961.30908432
211615 8961.30908432
211784 16209.5292643
212302 16209.5292643
212446 2255.14298251
213683 2255.14298251
213813 24393.476995
214455 24393.476995
214773 10312.4479221
215863 10312.4479221
216138 8958.48681299
217122 8958.48681299
217295 20154.4108871
218527 20154.4108871
219018 11958.1330145
220106 11958.1330145
220413 13719.0366547
221800 13719.0366547
222174 6499.95076195
223262 6499.95076195
223639 16128.88319
224527 16128.88319
224876 19324.3362203
226030 19324.3362203
226393 20512.8168938
227191 20512.8168938
227461 3415.47176658
228675 3415.47176658
228824 686.595107135
229693 686.595107135
229962 10604.3639512
230573 10604.3639512
231049 2775.41186683
232316 2775.41186683
232718 9017.42869941
233709 9017.42869941
233953 21033.2277382
235200 21033.2277382
