0 9228.63546596
869 9228.63546596
1126 11109.2569144
2078 11109.2569144
2304 9046.95725374
2925 9046.95725374
3182 12569.0563688
4023 12569.0563688
4269 11899.0788784
5254 11899.0788784
5727 12075.5045065
6822 12075.5045065
6939 10775.1230156
8367 10775.1230156
8576 11515.2279051
9667 11515.2279051
9869 13722.4532244
11291 13722.4532244
11789 13822.1957695
12661 13822.1957695
12988 9935.63147451
14272 9935.63147451
14671 12239.8099456
15890 12239.8099456
16328 13567.2140388
17211 13567.2140388
17665 13227.6914607
19119 13227.6914607
19339 11902.3519831
20643 11902.3519831
20856 9054.50393302
21849 9054.50393302
22022 9987.47397997
23043 9987.47397997
23197 11655.9329254
24477 11655.9329254
24891 11810.3668844
26299 11810.3668844
26769 8613.3050734
27745 8613.3050734
28106 10811.2656295
28843 10811.2656295
29250 10833.6496698
30602 10833.6496698
30902 11291.092302
31911 11291.092302
32078 13424.9084186
33237 13424.9084186
33575 13348.1336428
34651 13348.1336428
34922 12732.3492374
35655 12732.3492374
35892 11668.3767916
36668 11668.3767916
36864 13545.6088778
38145 13545.6088778
38605 10650.9069965
39120 10650.9069965
39371 10343.893907
39946 10343.893907
40054 10342.0361887
40908 10342.0361887
41137 10437.0643109
41639 10437.0643109
41886 11867.4901492
42852 11867.4901492
42983 9298.51154777
43690 9298.51154777
44183 11638.9708783
44821 11638.9708783
45019 10816.9035247
45774 10816.9035247
46255 12117.8512916
46914 12117.8512916
47309 10330.1229498
48600 10330.1229498
48863 11475.3049189
50113 11475.3049189
50270 8092.13946179
51724 8092.13946179
52173 10733.3984129
53030 10733.3984129
53147 14967.2598015
54431 14967.2598015
54623 11076.576887
55417 11076.576887
55518 12152.3078332
56559 12152.3078332
56754 11835.6925869
57690 11835.6925869
58075 10973.5951851
59036 10973.5951851
59509 12484.6760088
60986 12484.6760088
61452 11604.4379115
62709 11604.4379115
62838 12485.3986427
64086 12485.3986427
64523 11870.3458006
65300 11870.3458006
65403 12529.845438
66541 12529.845438
66769 12758.4484
68140 12758.4484
68375 12666.318012
69723 12666.318012
69879 11356.845357
71364 11356.845357
71568 9775.96045401
73017 9775.96045401
73123 13454.9341139
73672 13454.9341139
73815 10383.8999499
74427 10383.8999499
74666 10217.1771027
75567 10217.1771027
75883 10621.9109499
76622 10621.9109499
76735 13275.0225242
78056 13275.0225242
78400 11552.1540683
79847 11552.1540683
79989 12933.8620905
80940 12933.8620905
81413 14062.003703
82539 14062.003703
82784 9875.65797171
83490 9875.65797171
83704 9437.57365036
84276 9437.57365036
84399 12462.6158499
85476 12462.6158499
85856 11341.4402626
86599 11341.4402626
87097 11746.169835
88163 11746.169835
88354 8949.26017116
89840 8949.26017116
90255 8811.38395588
91754 8811.38395588
92017 8956.15204395
92797 8956.15204395
93031 12508.284516
93559 12508.284516
93676 10833.9935586
94301 10833.9935586
94433 11875.6129132
95404 11875.6129132
95649 8678.07353659
97110 8678.07353659
97552 10516.8255959
98509 10516.8255959
98848 14607.4962882
99590 14607.4962882
99740 13350.2474303
100552 13350.2474303
100958 9711.96128265
101835 9711.96128265
102044 10937.6588009
103346 10937.6588009
103455 12025.5693357
104277 12025.5693357
104669 9573.87147197
105530 9573.87147197
105805 11193.9732478
106450 11193.9732478
106697 11766.767178
107544 11766.767178
107914 10533.3718368
109228 10533.3718368
109598 13298.8920383
110468 13298.8920383
110890 12969.8047437
111522 12969.8047437
111757 12135.7327625
112863 12135.7327625
113043 9569.05642971
114264 9569.05642971
114604 11609.4402692
115891 11609.4402692
116041 10675.1213651
116952 10675.1213651
117405 11024.7771793
118372 11024.7771793
118809 11613.501177
119624 11613.501177
120054 14381.5325987
120589 14381.5325987
120916 7918.7048989
122213 7918.7048989
122649 9084.7251259
123546 9084.7251259
124027 11036.1985651
125260 11036.1985651
125656 12887.8472591
126347 12887.8472591
126630 8525.21945362
127343 8525.21945362
127544 12745.9102851
128454 12745.9102851
128796 13216.5735872
129333 13216.5735872
129725 11143.3775701
130822 11143.3775701
131268 12935.7894016
132534 12935.7894016
132645 15106.6339119
133894 15106.6339119
134075 11667.272466
134637 11667.272466
134913 11316.1766505
136234 11316.1766505
136702 11207.990635
137709 11207.990635
137885 10384.2464864
139285 10384.2464864
139676 11590.3183676
140992 11590.3183676
141189 10810.0217805
142363 10810.0217805
142735 11380.7646532
143416 11380.7646532
143890 10225.7486902
145082 10225.7486902
145248 13033.1662832
146403 13033.1662832
146540 10232.466299
147398 10232.466299
147741 14576.1357686
149176 14576.1357686
149541 13696.2016236
150331 13696.2016236
150735 11123.1091178
151848 11123.1091178
152340 10264.0296495
153138 10264.0296495
153369 11142.9125407
154204 11142.9125407
154501 12082.8849002
155493 12082.8849002
155651 12655.1003092
156245 12655.1003092
156623 10830.9368297
157592 10830.9368297
158029 12854.0824078
159182 12854.0824078
159562 10189.9428903
160706 10189.9428903
160889 12513.56226
162065 12513.56226
162391 13006.4646413
163172 13006.4646413
163457 9442.37419739
164291 9442.37419739
164490 9935.45488085
165422 9935.45488085
165734 11412.5943169
166654 11412.5943169
166987 10656.438288
167675 10656.438288
168124 10955.7211706
169054 10955.7211706
169225 12069.0446267
170623 12069.0446267
170958 11003.0948296
171535 11003.0948296
171827 14790.8335205
172965 14790.8335205
173354 10565.5946435
174494 10565.5946435
174838 9346.36699634
175631 9346.36699634
175990 9894.94369468
176664 9894.94369468
177128 13012.5627005
177666 13012.5627005
177840 12186.7743656
179321 12186.7743656
179807 11626.3211487
181084 11626.3211487
181406 10170.7720851
182094 10170.7720851
182230 12661.1691147
183415 12661.1691147
183865 9689.86753057
184670 9689.86753057
185162 10989.2388996
185820 10989.2388996
186313 12062.7299945
187607 12062.7299945
187891 12863.3980259
188819 12863.3980259
189098 12081.6336615
189951 12081.6336615
190092 8777.01430691
191327 8777.01430691
191613 10781.3298414
192986 10781.3298414
193253 11259.9204406
194366 11259.9204406
194609 10311.7389395
195378 10311.7389395
195568 11027.4313818
196344 11027.4313818
196544 11839.9999016
197871 11839.9999016
198085 11918.0848207
199190 11918.0848207
199476 13562.3519401
200446 13562.3519401
200628 12943.8467534
201912 12943.8467534
202403 8183.19728243
203765 8183.19728243
204152 13278.07134
205590 13278.07134
206004 12652.9563262
206723 12652.9563262
207176 13922.1077604
207791 13922.1077604
207921 10406.6106671
208833 10406.6106671
209123 12480.0413121
210317 12480.0413121
210795 11349.96914
211895 11349.96914
212224 10319.0107171
213545 10319.0107171
213775 13924.1686277
214865 13924.1686277
215066 11037.3649587
216229 11037.3649587
216629 11428.0415951
217199 11428.0415951
217479 15808.4450499
218321 15808.4450499
218787 11786.6985888
220148 11786.6985888
220409 10231.3013087
221897 10231.3013087
222084 10352.7389362
222610 10352.7389362
223036 10558.9199651
224442 10558.9199651
224850 11547.3953548
225354 11547.3953548
225709 14156.3086847
226262 14156.3086847
226642 15005.0145561
227365 15005.0145561
227481 11233.3961537
228139 11233.3961537
228627 14304.1892552
229209 14304.1892552
229471 14385.5651477
230655 14385.5651477
230858 12791.4474008
232274 12791.4474008
232659 9670.57184266
234045 9670.57184266
234504 10966.0492436
235836 10966.0492436
236253 14302.1008996
237274 14302.1008996
237495 8401.45466465
238430 8401.45466465
238645 15386.6778123
239546 15386.6778123
239725 11108.2551061
241080 11108.2551061
241387 9891.15741605
242241 9891.15741605
242691 9277.42808218
243409 9277.42808218
243876 9471.14571904
244958 9471.14571904
245429 13733.7857402
246896 13733.7857402
247322 12868.074572
248485 12868.074572
248659 12039.5662705
250082 12039.5662705
250446 11375.3739858
251179 11375.3739858
251522 13449.795363
252858 13449.795363
252970 10975.6784055
254366 10975.6784055
254832 12812.7671966
256034 12812.7671966
256262 13860.6405697
257421 13860.6405697
257741 12510.9669351
258987 12510.9669351
259157 8120.21347729
260026 8120.21347729
260188 10727.1815412
260726 10727.1815412
260981 10475.8289017
262177 10475.8289017
262388 12413.4924601
263251 12413.4924601
263651 10899.2482591
264685 10899.2482591
264805 12445.5518633
266203 12445.5518633
266515 12400.2518706
267925 12400.2518706
268273 10980.7092001
269475 10980.7092001
269760 10751.700156
271099 10751.700156
271538 12566.9003918
272747 12566.9003918
