0 11708.2139475
1431 11708.2139475
1836 15704.3863934
2970 15704.3863934
3299 19907.0617569
4795 19907.0617569
5184 7481.21530187
6365 7481.21530187
6717 9043.33789363
8136 9043.33789363
8391 22650.9649621
9458 22650.9649621
9915 2810.49995634
11306 2810.49995634
11702 5411.55182604
12723 5411.55182604
13099 13828.4594934
14335 13828.4594934
14514 7318.83942946
15087 7318.83942946
15220 22932.1501206
16098 22932.1501206
16335 21964.8703111
17208 21964.8703111
17419 1252.66606689
18445 1252.66606689
18550 927.729087075
19855 927.729087075
20141 1581.9878384
21471 1581.9878384
21631 17692.1487286
22614 17692.1487286
22857 10792.6247992
23437 10792.6247992
23894 2132.04951065
24715 2132.04951065
24816 8296.72708896
25983 8296.72708896
26337 13046.0280544
27463 13046.0280544
27772 8403.23530808
28367 8403.23530808
28637 14908.7645626
29974 14908.7645626
30452 11026.4650553
31205 11026.4650553
31601 7461.00264321
32123 7461.00264321
32229 15325.3716865
33439 15325.3716865
33854 3264.30571072
35281 3264.30571072
35459 13852.0228379
36189 13852.0228379
36384 10562.5606914
37800 10562.5606914
38042 19239.0133704
39254 19239.0133704
39738 3571.02691527
40794 3571.02691527
40918 9848.37117875
42371 9848.37117875
42475 13620.0005722
42996 13620.0005722
43225 12126.0724599
44709 12126.0724599
45147 20337.7872047
46560 20337.7872047
46691 13965.2183935
47742 13965.2183935
48156 9276.19456875
48855 9276.19456875
49279 13443.5074903
50075 13443.5074903
50482 4817.52159615
51064 4817.52159615
51281 17480.4853657
52387 17480.4853657
52575 9137.25992506
53618 9137.25992506
53719 17780.1861754
54604 17780.1861754
54742 19258.4313509
55740 19258.4313509
56062 16446.8098675
56897 16446.8098675
56999 9863.55285583
57816 9863.55285583
57921 9042.0770849
58423 9042.0770849
58905 6405.84396741
60039 6405.84396741
60325 8118.83801907
61516 8118.83801907
61683 10015.6061195
62191 10015.6061195
62505 15969.3396455
63557 15969.3396455
63808 13628.1208743
64488 13628.1208743
64604 17827.8781428
65681 17827.8781428
66045 4434.18268702
67344 4434.18268702
67511 8981.36998023
68707 8981.36998023
69102 15721.7489832
69817 15721.7489832
70179 16157.4794682
71100 16157.4794682
71595 17538.0791842
72528 17538.0791842
72703 10985.314828
74023 10985.314828
74427 9365.54353616
75245 9365.54353616
75485 12135.1430709
76315 12135.1430709
76735 16542.945262
77818 16542.945262
78004 19882.0065826
78794 19882.0065826
79074 3783.15864259
80199 3783.15864259
80521 10672.2353909
81612 10672.2353909
82046 20237.0328173
83033 20237.0328173
83432 12734.2458711
84813 12734.2458711
85017 21764.0035832
85993 21764.0035832
86148 22584.372787
87152 22584.372787
87485 15559.0707457
88085 15559.0707457
88230 10113.3928792
89615 10113.3928792
89748 4339.72607844
90650 4339.72607844
90895 20634.1407157
92127 20634.1407157
92363 23674.4669928
93347 23674.4669928
93531 12996.3444327
94913 12996.3444327
95031 39.4682293582
96486 39.4682293582
96943 14197.2835238
98289 14197.2835238
98413 3069.09533226
99496 3069.09533226
99714 4723.29359066
100862 4723.29359066
101125 14269.9408871
101629 14269.9408871
102075 9176.57972775
102700 9176.57972775
103100 15787.5330527
104576 15787.5330527
105065 21155.4839222
105761 21155.4839222
106105 14797.6335727
106901 14797.6335727
107238 3882.59043192
108289 3882.59043192
108749 16754.4452931
110014 16754.4452931
110505 10603.7080948
111350 10603.7080948
111798 9596.12882744
112948 9596.12882744
113354 16295.4736028
114356 16295.4736028
114610 2998.27002982
115420 2998.27002982
115827 17787.4282301
116635 17787.4282301
116777 3334.81385965
117781 3334.81385965
118270 16332.4159865
119188 16332.4159865
119535 1631.67122038
120229 1631.67122038
120535 10401.0098809
121792 10401.0098809
122126 15258.0794249
122944 15258.0794249
123179 16003.4641822
124024 16003.4641822
124345 6640.64317153
125141 6640.64317153
125305 21458.1653219
126724 21458.1653219
126958 12060.9027062
127564 12060.9027062
127985 11541.0601754
128998 11541.0601754
129219 10354.0067029
130705 10354.0067029
130993 9257.9192329
132032 9257.9192329
132225 12291.6928623
133189 12291.6928623
133296 21731.6646211
134278 21731.6646211
134393 15130.9598591
135822 15130.9598591
136158 19546.8259366
136708 19546.8259366
136845 11418.5042297
137482 11418.5042297
137819 681.733706781
139076 681.733706781
139464 10372.4789554
140160 10372.4789554
140632 8555.58224638
141729 8555.58224638
141920 7064.02540116
142773 7064.02540116
143025 19257.3287416
144132 19257.3287416
144267 19843.0797081
145239 19843.0797081
145372 14136.7734664
146649 14136.7734664
147078 17278.756525
148265 17278.756525
148663 3958.7139004
149999 3958.7139004
150288 13886.2527847
151084 13886.2527847
151297 4185.91797502
152421 4185.91797502
152809 6430.82614554
153740 6430.82614554
154027 8984.01300723
155510 8984.01300723
156003 10902.4955369
157161 10902.4955369
157363 19186.9466029
158629 19186.9466029
158946 16045.0637827
159551 16045.0637827
159725 5108.26467242
160924 5108.26467242
161097 9892.88739984
161684 9892.88739984
161957 10327.8644798
163391 10327.8644798
163609 11516.8570372
164915 11516.8570372
165130 16936.8529806
165695 16936.8529806
165924 18469.1140173
166440 18469.1140173
166645 2213.94006706
167937 2213.94006706
168334 7956.13762143
169619 7956.13762143
169768 10167.5994039
170522 10167.5994039
170653 6795.3133475
171265 6795.3133475
171728 10935.2784197
172767 10935.2784197
173009 7895.49038236
174281 7895.49038236
174454 16002.2055598
175443 16002.2055598
175893 11815.793877
176671 11815.793877
176890 4515.41612566
177969 4515.41612566
178365 8196.29383509
179397 8196.29383509
179848 23282.000117
180905 23282.000117
181044 11593.3247845
181841 11593.3247845
182269 10362.1231407
183273 10362.1231407
183528 5450.21308608
184099 5450.21308608
184219 8585.89346016
185617 8585.89346016
185849 13927.1629235
186462 13927.1629235
186701 4245.79044292
188104 4245.79044292
188208 12159.991402
188753 12159.991402
189145 4365.62723224
189879 4365.62723224
190129 17377.7649085
190870 17377.7649085
191236 18921.8197337
192284 18921.8197337
192689 12365.809429
194110 12365.809429
194387 17629.6388963
195645 17629.6388963
195798 12145.2402948
196481 12145.2402948
196904 9501.3427164
197641 9501.3427164
198122 6835.48287228
198830 6835.48287228
199279 10431.3405232
200059 10431.3405232
200530 9599.56259712
201673 9599.56259712
201779 17980.1261657
203078 17980.1261657
203497 15571.4763236
204403 15571.4763236
204751 11433.6175943
205921 11433.6175943
206352 20020.088346
207407 20020.088346
207512 7122.91247906
208569 7122.91247906
209000 8730.17966418
210476 8730.17966418
210740 10710.7583649
211331 10710.7583649
211619 8921.44678298
212602 8921.44678298
213048 13462.6705276
214478 13462.6705276
214746 13513.3649983
216194 13513.3649983
216376 18898.5876236
217701 18898.5876236
218014 10427.8915487
219320 10427.8915487
219732 9049.24612338
221229 9049.24612338
221682 18533.817483
222209 18533.817483
222516 6453.78594673
223772 6453.78594673
223998 9034.54076818
224921 9034.54076818
225066 23381.5405114
226209 23381.5405114
226315 961.472679067
227776 961.472679067
228212 4866.69029005
229679 4866.69029005
230117 13553.6784342
231550 13553.6784342
231897 10390.3383866
232570 10390.3383866
232801 13624.1476095
233357 13624.1476095
233840 20094.9597802
234995 20094.9597802
235161 257.845626855
236431 257.845626855
236890 8915.02045929
237795 8915.02045929
238277 11109.9308675
238827 11109.9308675
238952 19323.1909435
239601 19323.1909435
239706 9094.82861528
241036 9094.82861528
241231 15221.6769797
242345 15221.6769797
242788 1587.80938585
243685 1587.80938585
243941 10672.8832605
245214 10672.8832605
