0 14258.7610566
1064 14258.7610566
1455 12384.2682577
2332 12384.2682577
2659 12460.0172445
3572 12460.0172445
3878 11246.3240777
4625 11246.3240777
4866 14255.659323
5389 14255.659323
5866 12026.6955472
7114 12026.6955472
7454 12459.1659896
8005 12459.1659896
8468 12024.3750008
9198 12024.3750008
9591 14301.6739863
10293 14301.6739863
10471 13209.3012771
11680 13209.3012771
12058 12226.8883299
13266 12226.8883299
13609 13017.5273307
14234 13017.5273307
14355 12039.195578
14953 12039.195578
15315 12417.3772254
16346 12417.3772254
16813 12717.7548652
17766 12717.7548652
18159 12492.9208857
19654 12492.9208857
19995 11498.8856819
20648 11498.8856819
21037 12307.0817444
22459 12307.0817444
22858 13275.2496673
23726 13275.2496673
24031 13232.3206694
24534 13232.3206694
24766 13620.6654427
25668 13620.6654427
25915 12776.8996947
26967 12776.8996947
27298 12011.3783161
28251 12011.3783161
28407 11106.8056327
29583 11106.8056327
29846 12505.3572336
31006 12505.3572336
31482 14141.4256881
31984 14141.4256881
32093 12855.9295679
33076 12855.9295679
33457 11794.0665573
34417 11794.0665573
34719 11842.6213531
35325 11842.6213531
35517 13262.9964599
36349 13262.9964599
36821 13218.4761018
37990 13218.4761018
38249 12743.6817015
39722 12743.6817015
40192 12961.7916237
41024 12961.7916237
41236 13601.889824
42039 13601.889824
42317 13293.3250653
42909 13293.3250653
43339 12743.3679524
44255 12743.3679524
44568 12263.99906
46005 12263.99906
46324 12353.6126177
47030 12353.6126177
47508 12752.3229991
48124 12752.3229991
48230 12262.0474831
49169 12262.0474831
49445 14333.7416739
50770 14333.7416739
51225 12836.1995944
52531 12836.1995944
52729 11772.2722857
53371 11772.2722857
53826 12132.2036762
54360 12132.2036762
54470 13123.6758201
55068 13123.6758201
55332 13121.8907153
56167 13121.8907153
56540 11997.9328388
57539 11997.9328388
57867 12742.2075347
58415 12742.2075347
58764 13685.7420171
59421 13685.7420171
59811 12263.07233
60605 12263.07233
60947 11862.662182
61918 11862.662182
62165 13468.6469465
63140 13468.6469465
63395 14571.0969179
64504 14571.0969179
64839 11939.0448478
65650 11939.0448478
66073 11641.0818133
67501 11641.0818133
67994 12589.0582022
69091 12589.0582022
69214 12613.424545
70706 12613.424545
70934 14031.434416
71688 14031.434416
71978 12977.4956337
73226 12977.4956337
73363 11153.9931795
74728 11153.9931795
75119 11917.8317817
75751 11917.8317817
75985 12391.152291
76803 12391.152291
77098 12774.5615483
77776 12774.5615483
78218 12586.4086657
78964 12586.4086657
79359 12553.1720748
80488 12553.1720748
80624 11364.0849747
81373 11364.0849747
81672 14885.5390845
83100 14885.5390845
83435 13728.9239321
84785 13728.9239321
85096 11950.5813749
85842 11950.5813749
86306 12802.4658392
87384 12802.4658392
87871 11951.3795598
88729 11951.3795598
88917 13107.1459443
89885 13107.1459443
90171 12934.3466876
91030 12934.3466876
91134 14824.1501035
91904 14824.1501035
92212 13530.0029167
93470 13530.0029167
93677 12397.9239596
94193 12397.9239596
94587 11354.3386178
95110 11354.3386178
95216 12314.0740971
96499 12314.0740971
96932 11199.865672
97484 11199.865672
97843 12675.7907636
98861 12675.7907636
99050 13762.775764
100439 13762.775764
100689 13334.2210291
101524 13334.2210291
101954 12425.9763268
102711 12425.9763268
103076 13280.8482916
104556 13280.8482916
104782 12524.8635323
105804 12524.8635323
106148 12752.4095418
106910 12752.4095418
107239 13658.9951109
108539 13658.9951109
108702 12567.5168572
110113 12567.5168572
110337 12225.4623262
111803 12225.4623262
112167 12543.8347968
113398 12543.8347968
113553 12720.2386258
114484 12720.2386258
114965 12335.3145343
115959 12335.3145343
116216 12903.264126
117442 12903.264126
117678 13465.2844009
118561 13465.2844009
118680 13570.9705197
119495 13570.9705197
119915 13115.6555528
120542 13115.6555528
120943 11576.4010043
122227 11576.4010043
122603 12872.4290171
123958 12872.4290171
124249 11427.7823894
125193 11427.7823894
125542 13204.7261861
126307 13204.7261861
126565 13708.7718661
127733 13708.7718661
128044 12785.4403635
128879 12785.4403635
129058 13115.7165861
129708 13115.7165861
129913 11907.3107712
131230 11907.3107712
131624 12804.1483829
132658 12804.1483829
132856 14096.7449913
133695 14096.7449913
133866 11533.4243241
135248 11533.4243241
135582 12470.4997471
136593 12470.4997471
136815 12543.3965268
137849 12543.3965268
138218 13066.3869077
139107 13066.3869077
139225 13316.9528205
140221 13316.9528205
140442 14079.1098098
141008 14079.1098098
141365 14138.0489863
142592 14138.0489863
142883 10874.4235461
143462 10874.4235461
143811 11862.1240705
144341 11862.1240705
144752 12210.6030932
146047 12210.6030932
146489 14183.1719982
147929 14183.1719982
148410 14317.3793035
149906 14317.3793035
150267 12571.6767195
151494 12571.6767195
151798 12322.6947334
153276 12322.6947334
153401 12003.9167435
154314 12003.9167435
154810 12949.5961529
155724 12949.5961529
156077 12216.0397232
156586 12216.0397232
156931 12796.0952255
157950 12796.0952255
158075 11959.2287796
159234 11959.2287796
159435 12237.3833797
160641 12237.3833797
161072 12420.0927198
161988 12420.0927198
162215 13080.2394926
163420 13080.2394926
163719 12468.8534496
164516 12468.8534496
164649 13218.9278279
165841 13218.9278279
166080 14237.0931194
167337 14237.0931194
167556 11365.4592956
168126 11365.4592956
168443 14420.820134
169548 14420.820134
169689 11781.0547916
170466 11781.0547916
170707 14780.0398487
171822 14780.0398487
172245 13479.1643202
173595 13479.1643202
173756 12255.0641645
175036 12255.0641645
175391 12025.4081218
176057 12025.4081218
176176 13181.1051905
177085 13181.1051905
177281 14205.9361916
178766 14205.9361916
179220 13699.605923
180292 13699.605923
180651 13437.8032956
181247 13437.8032956
181545 13010.2628164
182656 13010.2628164
182815 13277.9509664
183478 13277.9509664
183901 12499.6281384
184820 12499.6281384
184968 12745.7683811
186086 12745.7683811
186288 12747.620428
187283 12747.620428
187595 12202.1158141
188731 12202.1158141
188906 12217.7305243
190073 12217.7305243
190500 11856.8796467
191920 11856.8796467
192287 13015.6033118
192803 13015.6033118
192973 12356.4446983
193629 12356.4446983
194070 12044.2002172
195075 12044.2002172
195200 12385.3180545
195774 12385.3180545
196211 13052.5381617
197191 13052.5381617
197530 12693.7312154
198519 12693.7312154
198822 12526.2749295
200249 12526.2749295
200375 13011.3124277
201697 13011.3124277
201929 13656.7249424
202660 13656.7249424
202836 12545.5997817
204244 12545.5997817
204647 12858.6299932
206059 12858.6299932
206295 11999.823301
207610 11999.823301
207751 13315.3061472
208455 13315.3061472
208749 13215.3618126
209463 13215.3618126
209684 11234.9657987
210893 11234.9657987
211207 13491.4486568
212524 13491.4486568
212953 13432.8122995
213688 13432.8122995
213855 11730.3910377
214714 11730.3910377
215186 12770.1090591
215992 12770.1090591
216279 12413.1154319
217760 12413.1154319
218061 11870.6596615
219094 11870.6596615
219254 13199.3121912
220618 13199.3121912
220967 12605.6600817
222210 12605.6600817
222528 12492.082217
223059 12492.082217
223227 12453.5082242
223942 12453.5082242
224388 12323.1242669
225665 12323.1242669
226030 11723.9030626
227434 11723.9030626
227913 12557.1400285
228778 12557.1400285
229201 12654.253154
229937 12654.253154
230327 13302.7145895
231695 13302.7145895
232176 12876.8709255
233406 12876.8709255
233691 13238.8490463
234451 13238.8490463
234781 12730.8060088
236009 12730.8060088
236405 11595.53249
237625 11595.53249
237875 12677.8830225
238460 12677.8830225
238735 13242.6215322
239579 13242.6215322
239776 12082.3087814
240365 12082.3087814
240816 12798.6382796
242089 12798.6382796
242225 12559.4319141
243465 12559.4319141
243741 14355.8430631
244874 14355.8430631
245276 12506.0662865
246739 12506.0662865
247045 12288.3384474
248206 12288.3384474
248515 13492.1394999
249135 13492.1394999
249322 11433.9804726
250000 11433.9804726
250483 13089.4877466
251930 13089.4877466
252063 13018.1811579
253191 13018.1811579
253376 13532.6574084
254151 13532.6574084
