0 1549.49689773
841 1549.49689773
1098 1482.88296825
1765 1482.88296825
1967 2193.83617316
2986 2193.83617316
3265 659.192063032
3803 659.192063032
4175 4164.80601029
5222 4164.80601029
5709 2789.90365907
6654 2789.90365907
7051 7074.00353205
8511 7074.00353205
8858 1652.59769416
9699 1652.59769416
10145 4569.87634347
11104 4569.87634347
11603 6271.2768076
12377 6271.2768076
12762 2288.71793917
13902 2288.71793917
14314 7459.98969
15505 7459.98969
16004 4601.39758378
17040 4601.39758378
17397 1915.16703278
18514 1915.16703278
18721 3786.712945
19319 3786.712945
19808 1968.46462439
20387 1968.46462439
20814 2323.85390769
22134 2323.85390769
22357 1117.5829691
23331 1117.5829691
23553 4271.69967098
24142 4271.69967098
24339 8366.77140456
25511 8366.77140456
25763 7132.62821317
27246 7132.62821317
27512 3498.29414531
28278 3498.29414531
28766 2520.78821484
30082 2520.78821484
30509 1549.04836432
31868 1549.04836432
32156 6214.79755652
33415 6214.79755652
33910 2128.70704749
34550 2128.70704749
34756 387.770458895
35865 387.770458895
36192 2089.97558208
37294 2089.97558208
37406 3727.63635179
38081 3727.63635179
38376 911.480397169
39317 911.480397169
39646 10300.8997401
41009 10300.8997401
41191 4398.02946524
42400 4398.02946524
42758 3502.62715124
44193 3502.62715124
44506 1408.202274
45639 1408.202274
45781 1078.47868562
46812 1078.47868562
47233 333.538757112
48312 333.538757112
48484 5795.89144747
49218 5795.89144747
49682 2809.63054398
50875 2809.63054398
51221 2154.44829793
52663 2154.44829793
52766 1666.56696977
53325 1666.56696977
53771 929.464462254
54714 929.464462254
54821 39.5691003056
55666 39.5691003056
56020 1976.51502354
56640 1976.51502354
56852 4590.30310543
57703 4590.30310543
58059 4074.02593525
58901 4074.02593525
59033 1722.87641761
60264 1722.87641761
60716 3230.67335633
61479 3230.67335633
61589 3437.30689038
62999 3437.30689038
63367 3642.23658919
64433 3642.23658919
64663 4238.21618265
65649 4238.21618265
65887 1893.86640901
66892 1893.86640901
67141 1379.8178372
67854 1379.8178372
68314 1264.43499235
69655 1264.43499235
69977 2565.23778462
70740 2565.23778462
71092 2168.16725914
72479 2168.16725914
72590 1191.97191098
73738 1191.97191098
74093 4614.85299614
75480 4614.85299614
75874 3980.82936188
76690 3980.82936188
77069 4549.50447968
77638 4549.50447968
77845 3393.151155
78978 3393.151155
79234 6399.78856576
80667 6399.78856576
81073 2302.50905598
81591 2302.50905598
82015 1996.04355986
83407 1996.04355986
83821 7278.42591727
85054 7278.42591727
85499 7150.73049473
86877 7150.73049473
87118 1236.1537716
88523 1236.1537716
88755 1440.01907321
89485 1440.01907321
89660 71.2808400555
90400 71.2808400555
90573 5714.56076487
91310 5714.56076487
91411 7978.33364557
92106 7978.33364557
92276 5648.07087547
93654 5648.07087547
93797 1312.79749407
94802 1312.79749407
95039 2714.88422751
96292 2714.88422751
96608 433.027927432
97631 433.027927432
97914 4104.35477385
98849 4104.35477385
99183 1123.80125649
100009 1123.80125649
100496 1879.92616719
101926 1879.92616719
102324 1485.09369486
103751 1485.09369486
103988 338.606928576
104736 338.606928576
105137 3830.82665481
106152 3830.82665481
106380 5432.95466463
107156 5432.95466463
107633 8226.72961118
108560 8226.72961118
108955 7132.29941537
109610 7132.29941537
109742 4930.47563841
111170 4930.47563841
111495 5046.76361237
112481 5046.76361237
112760 2615.61194849
113714 2615.61194849
113893 3126.05718281
114844 3126.05718281
115159 3800.05877672
116415 3800.05877672
116858 2366.20524505
117416 2366.20524505
117863 4305.37430549
118823 4305.37430549
119220 974.604484697
120683 974.604484697
120863 2488.96575393
121912 2488.96575393
122112 5041.95948793
123469 5041.95948793
123572 5098.81438319
124507 5098.81438319
124751 6729.92493508
125547 6729.92493508
125986 2729.42482404
127134 2729.42482404
127293 2325.30856282
128611 2325.30856282
128722 2095.4801043
130209 2095.4801043
130511 2084.04951946
131475 2084.04951946
131608 631.719252328
133029 631.719252328
133460 2652.79463045
134864 2652.79463045
135000 854.69670864
135717 854.69670864
135906 3303.78140995
136785 3303.78140995
136955 2237.30220173
137775 2237.30220173
138160 3929.82101214
139638 3929.82101214
140077 3291.62961811
141291 3291.62961811
141448 3914.37077757
142299 3914.37077757
142465 1558.02342792
143863 1558.02342792
144325 3594.59572966
145631 3594.59572966
145845 647.605556335
146968 647.605556335
147102 6216.23424573
147773 6216.23424573
147945 1190.51436226
148783 1190.51436226
149101 1756.99849899
149626 1756.99849899
149835 7662.41009679
150472 7662.41009679
150863 2730.26617877
151376 2730.26617877
151796 1571.17439255
152473 1571.17439255
152902 4794.35001978
154158 4794.35001978
154496 4168.93305676
155840 4168.93305676
156167 545.82917856
156726 545.82917856
156921 3570.81505593
157960 3570.81505593
158407 777.865922474
159066 777.865922474
159501 3289.19055101
160743 3289.19055101
160950 10518.5170546
162214 10518.5170546
162563 7066.20474853
163485 7066.20474853
163969 7203.26772475
165436 7203.26772475
165602 2658.04654074
166353 2658.04654074
166789 7120.82623745
168268 7120.82623745
168631 7330.26231844
169545 7330.26231844
169786 2455.05128819
170559 2455.05128819
171032 6145.20026083
171956 6145.20026083
172099 8952.19767615
172874 8952.19767615
173062 6449.17431531
173615 6449.17431531
173920 1820.87698173
175374 1820.87698173
175575 2680.9324301
176506 2680.9324301
176936 319.158373309
177686 319.158373309
177914 1962.55857559
178505 1962.55857559
178761 218.380769376
180167 218.380769376
180485 8380.73382646
181478 8380.73382646
181973 2294.06323883
183279 2294.06323883
183582 10742.7100437
184685 10742.7100437
184933 5242.32739188
185505 5242.32739188
185985 2676.38912594
186655 2676.38912594
186831 1894.81434421
187741 1894.81434421
187982 840.321902676
189471 840.321902676
189932 1026.05524753
190949 1026.05524753
191189 3488.59846284
192468 3488.59846284
192588 2996.10055128
193345 2996.10055128
193744 6395.2256401
195020 6395.2256401
195350 56.7249268555
196120 56.7249268555
196302 4042.04413337
197430 4042.04413337
197652 2136.91270803
198285 2136.91270803
198476 3338.8063955
199065 3338.8063955
199358 843.084873497
200499 843.084873497
200675 7167.48709602
201810 7167.48709602
202159 1475.75153394
203254 1475.75153394
203737 4143.63040638
204253 4143.63040638
204680 1768.28764109
205423 1768.28764109
205560 1567.76829952
206463 1567.76829952
206670 4518.85145705
207403 4518.85145705
207890 1034.34419364
208890 1034.34419364
209357 3036.91241987
210663 3036.91241987
210804 1631.53568229
211323 1631.53568229
211507 3096.4877568
212184 3096.4877568
212303 7668.48524113
213200 7668.48524113
213512 2382.89698258
214348 2382.89698258
214630 2255.06393852
215549 2255.06393852
215949 1115.64605167
216646 1115.64605167
216928 2078.60118612
217759 2078.60118612
218100 6384.20132427
219413 6384.20132427
219687 3899.25816935
220846 3899.25816935
221136 5610.96171254
222043 5610.96171254
222465 6299.61884277
223748 6299.61884277
224235 2777.72871759
225314 2777.72871759
225735 1567.76832809
226778 1567.76832809
227130 137.164524419
227696 137.164524419
227930 2025.21819913
228633 2025.21819913
228948 4688.81468958
229465 4688.81468958
229815 988.84262017
231141 988.84262017
231487 4075.30158089
232663 4075.30158089
232995 835.058365495
233915 835.058365495
234122 2351.41287093
234836 2351.41287093
235253 4548.69490707
235884 4548.69490707
236168 7952.75204249
237016 7952.75204249
237420 1742.87230558
238530 1742.87230558
238938 1541.63175943
239500 1541.63175943
239784 1541.67468844
241268 1541.67468844
241758 5033.40448855
242541 5033.40448855
242697 8247.20924384
243715 8247.20924384
243984 791.73585423
244773 791.73585423
245004 5220.92564707
246434 5220.92564707
246610 1855.9424243
247595 1855.9424243
247908 427.20592054
248826 427.20592054
249276 863.080180182
250224 863.080180182
250700 356.570141002
252075 356.570141002
