0 8698.55251443
517 8698.55251443
982 18262.0543995
1880 18262.0543995
2121 8878.99694212
2993 8878.99694212
3330 18665.1999962
4352 18665.1999962
4479 17548.6942552
5197 17548.6942552
5584 13582.6124177
6969 13582.6124177
7363 12063.8419558
8770 12063.8419558
9085 13711.3400776
10029 13711.3400776
10455 11858.7008254
11729 11858.7008254
12018 15930.4216927
13294 15930.4216927
13770 9622.40271491
14394 9622.40271491
14495 13366.0871362
15850 13366.0871362
16190 12255.5284393
17688 12255.5284393
18050 9926.54410782
19293 9926.54410782
19759 2481.06139834
21151 2481.06139834
21362 18501.4414595
21920 18501.4414595
22234 14264.678028
23389 14264.678028
23574 16259.9423839
24303 16259.9423839
24557 15180.9314579
25767 15180.9314579
26066 14855.703123
27267 14855.703123
27744 16834.6929572
29168 16834.6929572
29401 15222.2924309
30148 15222.2924309
30516 14861.2365095
31981 14861.2365095
32136 17606.3820466
33628 17606.3820466
33945 10756.1542041
34656 10756.1542041
34937 14019.8776464
35629 14019.8776464
35781 17484.1818645
37097 17484.1818645
37371 17470.2106204
38756 17470.2106204
39050 12026.7122262
40439 12026.7122262
40704 5386.26599482
41614 5386.26599482
42037 16348.9289511
42698 16348.9289511
43015 14411.1012299
44064 14411.1012299
44252 17691.8398873
45051 17691.8398873
45286 9114.56053502
46252 9114.56053502
46707 9729.71890813
47656 9729.71890813
48122 6848.01208774
49062 6848.01208774
49390 11753.6369906
50512 11753.6369906
50630 16715.008946
51481 16715.008946
51741 12665.476452
52933 12665.476452
53040 12506.4550063
54090 12506.4550063
54270 8930.68906069
54907 8930.68906069
55232 13323.8915199
56502 13323.8915199
56712 14090.4289774
57809 14090.4289774
58084 11799.5927766
58786 11799.5927766
59063 10716.4445526
60353 10716.4445526
60466 8298.81916409
61553 8298.81916409
61735 14009.3504825
62395 14009.3504825
62590 11748.2694978
63520 11748.2694978
63656 9171.00782709
64891 9171.00782709
65073 4388.30161069
66412 4388.30161069
66544 9945.65335069
67898 9945.65335069
68197 19313.9206724
68877 19313.9206724
69197 17421.9274269
69872 17421.9274269
70034 18363.4592447
70700 18363.4592447
70998 18619.2820694
71760 18619.2820694
71944 10880.9790798
73288 10880.9790798
73439 16028.0765238
74087 16028.0765238
74490 6265.84539356
75623 6265.84539356
76104 10212.2076297
76978 10212.2076297
77467 9678.70256225
78751 9678.70256225
78887 13543.9328893
79684 13543.9328893
80066 3929.4719188
81123 3929.4719188
81388 10113.2432911
82847 10113.2432911
83177 15034.8760279
83784 15034.8760279
83962 11679.1968433
85408 11679.1968433
85861 22129.9283494
86737 22129.9283494
86978 14028.8651956
87564 14028.8651956
87953 8158.54591664
88470 8158.54591664
88798 14565.2597366
90173 14565.2597366
90498 10586.8922875
91094 10586.8922875
91488 13676.5553418
92560 13676.5553418
92891 12108.7510225
93711 12108.7510225
93951 13056.581067
94487 13056.581067
94777 18867.9612544
95308 18867.9612544
95769 12255.6681011
96733 12255.6681011
96926 16684.406656
97812 16684.406656
98209 9409.47445467
98724 9409.47445467
99139 12581.5663259
99820 12581.5663259
100115 17698.7305835
100905 17698.7305835
101099 16491.9041617
102455 16491.9041617
102898 19074.3531008
104195 19074.3531008
104411 16991.5829725
105177 16991.5829725
105304 7001.74717016
106271 7001.74717016
106511 15345.0654898
107514 15345.0654898
107775 13128.313113
109204 13128.313113
109412 17971.8287208
109980 17971.8287208
110450 6154.81170746
111107 6154.81170746
111394 11962.8372686
112251 11962.8372686
112602 10274.6956315
113243 10274.6956315
113730 12099.5798678
115176 12099.5798678
115451 17658.7021144
116029 17658.7021144
116269 17553.4855196
117204 17553.4855196
117702 15605.7219832
118331 15605.7219832
118433 23412.2581944
119536 23412.2581944
119949 10546.7159496
121391 10546.7159496
121752 17455.1061552
122471 17455.1061552
122747 11175.6271226
123325 11175.6271226
123488 4599.43317082
124145 4599.43317082
124304 20027.733993
125156 20027.733993
125338 15413.3091865
126201 15413.3091865
126485 16624.0698465
127658 16624.0698465
128089 8926.47374826
129426 8926.47374826
129772 22477.5919563
130623 22477.5919563
131122 10950.6025156
131824 10950.6025156
132247 12596.9909583
133013 12596.9909583
133189 17467.4458392
134632 17467.4458392
134922 16430.3833537
135910 16430.3833537
136332 9867.57963912
137775 9867.57963912
137932 14291.1039805
138822 14291.1039805
139178 6862.76146291
140318 6862.76146291
140597 13987.5426797
141795 13987.5426797
142138 13126.135552
143367 13126.135552
143700 12075.3504847
144663 12075.3504847
144880 4102.38819994
145546 4102.38819994
146022 17144.7955849
147097 17144.7955849
147414 10840.5322791
148195 10840.5322791
148527 16360.8029389
150023 16360.8029389
150338 19393.7417286
151383 19393.7417286
151533 11832.4960062
152915 11832.4960062
153268 17438.4992089
154399 17438.4992089
154629 12147.2904655
155835 12147.2904655
156045 9426.18771911
156974 9426.18771911
157291 15221.6907136
158285 15221.6907136
158730 13463.5020683
159728 13463.5020683
160153 12967.73955
161379 12967.73955
161600 12777.1001718
162292 12777.1001718
162591 11677.0741136
163739 11677.0741136
163870 13304.5216656
165034 13304.5216656
165410 5316.75218624
166383 5316.75218624
166592 19974.6870144
167684 19974.6870144
167886 16292.3535065
168829 16292.3535065
169109 17188.3701488
169870 17188.3701488
170330 15640.0962014
171500 15640.0962014
171881 16404.9223535
173291 16404.9223535
173552 15155.4308601
174847 15155.4308601
175309 10167.4492947
176178 10167.4492947
176560 16255.0186067
177340 16255.0186067
177839 5688.93645651
179290 5688.93645651
179774 16890.2773211
180688 16890.2773211
181120 17690.2819135
182239 17690.2819135
182634 12766.3029415
183182 12766.3029415
183552 12017.2990794
184835 12017.2990794
184984 16909.3472109
186292 16909.3472109
186777 7602.43431346
187993 7602.43431346
188488 16876.723439
189228 16876.723439
189643 5667.3975189
190150 5667.3975189
190275 6874.77628383
191412 6874.77628383
191645 6189.7471092
192873 6189.7471092
193130 7401.53771023
194559 7401.53771023
194877 14403.9677602
195961 14403.9677602
196133 16276.3229544
197398 16276.3229544
197586 13971.852241
198148 13971.852241
198499 14160.2786234
199548 14160.2786234
199711 5603.42694058
200710 5603.42694058
201195 7348.34737467
201801 7348.34737467
202288 7696.81294737
202952 7696.81294737
203417 9598.33540533
203946 9598.33540533
204244 10298.6975431
205392 10298.6975431
205859 16925.2444317
207287 16925.2444317
207600 11964.0939967
208353 11964.0939967
208706 5786.74219951
209430 5786.74219951
209756 11156.4889147
210385 11156.4889147
210508 15716.7011358
211134 15716.7011358
211263 5212.98560609
211996 5212.98560609
212260 16089.5112725
213531 16089.5112725
213908 11940.2327535
215405 11940.2327535
215602 13282.837088
216880 13282.837088
217372 9890.3913144
218362 9890.3913144
218773 16225.2655854
219556 16225.2655854
219953 14171.9392034
220885 14171.9392034
221329 11067.306839
222193 11067.306839
222537 20396.6550014
223696 20396.6550014
223954 9640.50343677
225054 9640.50343677
225369 17852.3921808
226135 17852.3921808
226548 18997.5229988
227092 18997.5229988
227196 20129.2870869
227864 20129.2870869
228054 13987.415922
229223 13987.415922
