0 12358.5126821
1028 12358.5126821
1203 12335.5020442
1891 12335.5020442
2027 12942.4820214
3171 12942.4820214
3533 20890.6377384
4721 20890.6377384
5080 12990.9456744
6434 12990.9456744
6834 17307.4578133
7678 17307.4578133
8162 9423.34717458
9387 9423.34717458
9811 19086.393513
10462 19086.393513
10587 17656.8971613
11762 17656.8971613
11964 12774.2401117
13273 12774.2401117
13391 12802.8596179
14533 12802.8596179
14948 18756.9341622
15571 18756.9341622
15821 14247.2923136
16677 14247.2923136
17059 12515.88633
18516 12515.88633
18955 8929.40689712
20263 8929.40689712
20495 12794.1116248
21473 12794.1116248
21735 22480.3022772
22596 22480.3022772
22781 8718.24678991
24162 8718.24678991
24352 15729.4627816
25083 15729.4627816
25193 12937.1284002
26133 12937.1284002
26565 11812.8668982
27551 11812.8668982
27801 11971.8658244
29279 11971.8658244
29651 8511.18386589
30554 8511.18386589
30722 4094.54324739
32091 4094.54324739
32489 11150.9730053
33348 11150.9730053
33470 6319.03038375
34275 6319.03038375
34403 10695.6818253
35738 10695.6818253
36116 19622.7557272
36797 19622.7557272
37268 9858.33285627
38584 9858.33285627
39001 11876.8674896
39668 11876.8674896
39846 18039.1365111
41239 18039.1365111
41377 13981.1952512
42653 13981.1952512
42916 9613.67395809
43859 9613.67395809
44074 11855.2041181
44870 11855.2041181
45344 13767.2668818
46224 13767.2668818
46477 12015.6534332
47234 12015.6534332
47677 8289.19782703
49011 8289.19782703
49292 9767.85082686
50620 9767.85082686
50795 15196.4011155
51935 15196.4011155
52179 13759.9599302
53340 13759.9599302
53569 6998.19178889
54991 6998.19178889
55252 18128.4151651
56266 18128.4151651
56486 5349.91468463
57355 5349.91468463
57733 19509.5034341
59189 19509.5034341
59297 9981.69455385
60203 9981.69455385
60665 22169.5197155
61352 22169.5197155
61453 10088.5641187
62505 10088.5641187
62905 5601.58551632
63663 5601.58551632
63854 19967.6326363
64467 19967.6326363
64766 13333.9096485
65394 13333.9096485
65735 16562.075435
66903 16562.075435
67106 10411.6113363
67979 10411.6113363
68244 11119.7265368
69165 11119.7265368
69659 17494.0676812
70298 17494.0676812
70716 15529.3819727
71527 15529.3819727
71932 11287.9220362
72899 11287.9220362
73234 16115.3198323
74732 16115.3198323
74844 14741.3214879
75351 14741.3214879
75475 20984.748423
75994 20984.748423
76180 6472.56308758
76796 6472.56308758
77232 22280.453128
78050 22280.453128
78238 17975.4655102
79517 17975.4655102
79678 9727.87975558
80608 9727.87975558
80829 13667.5360956
81478 13667.5360956
81671 9885.74758469
83084 9885.74758469
83477 11785.6877495
84302 11785.6877495
84416 13917.8716935
85105 13917.8716935
85325 17613.5556493
86490 17613.5556493
86852 13389.0207133
88085 13389.0207133
88370 14009.9748006
89072 14009.9748006
89432 10964.4310399
90603 10964.4310399
90760 11011.0132055
91660 11011.0132055
92118 11680.7157706
93515 11680.7157706
93932 5054.4843992
94598 5054.4843992
94906 4288.70654684
95560 4288.70654684
95960 16869.1220999
96944 16869.1220999
97261 19128.360292
97993 19128.360292
98368 7358.88550306
99249 7358.88550306
99549 7536.10173607
100431 7536.10173607
100593 19721.3350224
101197 19721.3350224
101516 10452.1373368
102792 10452.1373368
103231 14478.5601147
104212 14478.5601147
104434 12227.9921621
105066 12227.9921621
105381 8702.23159255
106575 8702.23159255
106855 16680.3809803
108203 16680.3809803
108480 14948.7249086
109594 14948.7249086
109935 18255.0365069
110578 18255.0365069
110973 15345.810981
111867 15345.810981
112233 13511.4594097
112924 13511.4594097
113117 12936.1595005
114326 12936.1595005
114691 9430.82957781
116111 9430.82957781
116362 11294.2043772
117629 11294.2043772
118085 8792.74627902
119233 8792.74627902
119652 11114.4999471
120607 11114.4999471
121103 17352.5733961
121890 17352.5733961
122273 15050.4883893
123598 15050.4883893
123800 7657.8078427
124303 7657.8078427
124597 14885.6134695
125169 14885.6134695
125492 15860.4510094
126122 15860.4510094
126398 10637.4780569
127718 10637.4780569
128001 10579.6365633
128828 10579.6365633
129286 17064.0054769
130410 17064.0054769
130899 19215.4445802
132274 19215.4445802
132420 11259.8910625
133859 11259.8910625
134142 9731.75082484
134808 9731.75082484
135172 13807.9534781
136384 13807.9534781
136761 7665.61184995
137606 7665.61184995
138089 14003.8262539
139322 14003.8262539
139443 11762.0816282
140114 11762.0816282
140358 13684.1798622
141716 13684.1798622
141973 9540.72967937
142641 9540.72967937
142975 11363.6730098
144360 11363.6730098
144734 12503.5498341
145395 12503.5498341
145663 9552.98797427
146750 9552.98797427
146954 9623.09310134
147459 9623.09310134
147633 10853.6685533
148486 10853.6685533
148754 16065.8830028
149764 16065.8830028
149879 16832.1528784
150932 16832.1528784
151234 15772.1918112
151841 15772.1918112
152081 12773.2693745
152976 12773.2693745
153282 6903.7517235
154083 6903.7517235
154205 11328.4930356
154768 11328.4930356
154939 13433.4821146
155552 13433.4821146
155761 12675.2853154
157048 12675.2853154
157260 18527.0863754
158064 18527.0863754
158211 12652.1933191
159122 12652.1933191
159377 5805.46024158
160169 5805.46024158
160400 10798.6549746
160976 10798.6549746
161456 19524.5587935
162929 19524.5587935
163114 18102.7478986
164305 18102.7478986
164611 17170.023322
165261 17170.023322
165592 6442.87187157
166413 6442.87187157
166661 12062.9807055
167751 12062.9807055
168054 13868.900935
168607 13868.900935
168936 9370.80412714
169609 9370.80412714
170069 11739.3359265
170938 11739.3359265
171165 5631.76719133
172592 5631.76719133
172826 16156.6464667
173734 16156.6464667
173909 18403.9871561
174619 18403.9871561
174864 10782.4364244
176185 10782.4364244
176632 13861.0153436
177939 13861.0153436
178354 9828.63464328
179767 9828.63464328
180105 11405.4899172
180872 11405.4899172
181134 17787.8680511
182080 17787.8680511
182570 4548.40468396
183750 4548.40468396
184069 14800.5307273
185052 14800.5307273
185157 17551.0783673
186317 17551.0783673
186575 11796.8940941
187169 11796.8940941
187426 14761.4179542
188186 14761.4179542
188631 15517.7720251
189713 15517.7720251
190199 13080.3892049
191079 13080.3892049
191372 11756.6664431
192636 11756.6664431
192911 11737.5462436
193951 11737.5462436
194251 12095.2441048
195141 12095.2441048
195360 12783.2951119
196526 12783.2951119
196918 8379.80722368
198237 8379.80722368
198517 8832.34960106
199283 8832.34960106
199726 16464.7902547
200550 16464.7902547
200783 5998.007465
201938 5998.007465
202352 12989.7559494
203510 12989.7559494
203959 11152.3537114
204784 11152.3537114
205222 7228.73170888
206646 7228.73170888
206831 16171.913612
207717 16171.913612
208146 14578.6361977
208810 14578.6361977
209163 17265.5758534
210302 17265.5758534
210611 14254.4333407
211286 14254.4333407
211729 14158.833988
212230 14158.833988
212502 4353.40508992
213057 4353.40508992
213332 11305.6063863
214777 11305.6063863
214919 13092.2509725
215449 13092.2509725
215887 3086.59739245
216725 3086.59739245
216924 20552.2072888
218407 20552.2072888
218522 22244.5651811
219754 22244.5651811
220075 17952.1491517
221024 17952.1491517
221501 14816.0974771
222808 14816.0974771
223188 1794.45659291
224640 1794.45659291
224840 20780.5807166
225420 20780.5807166
225867 15224.7113041
226580 15224.7113041
226848 9260.62600181
227564 9260.62600181
227792 12461.9399996
228590 12461.9399996
228986 20729.7894209
230022 20729.7894209
230228 9765.02249575
231474 9765.02249575
231871 7783.45031918
232628 7783.45031918
232830 8887.75223258
234226 8887.75223258
234607 11972.9444308
235822 11972.9444308
236211 11627.1696729
237606 11627.1696729
237865 15845.7900947
238892 15845.7900947
239284 15430.6583508
240709 15430.6583508
241145 16850.5335863
242116 16850.5335863
242597 11575.3085406
243506 11575.3085406
243750 10422.1058574
244392 10422.1058574
244639 8187.07125595
245270 8187.07125595
245571 15314.7734688
246448 15314.7734688
246804 13416.870665
248126 13416.870665
248484 14593.4118209
249244 14593.4118209
249632 13779.2282006
250252 13779.2282006
250423 18132.0219951
251734 18132.0219951
252169 7360.3709694
252999 7360.3709694
