0 10224.2044736
978 10224.2044736
1162 13738.4200359
2018 13738.4200359
2289 10612.6387119
3379 10612.6387119
3685 16790.5199142
4794 16790.5199142
5258 12422.9367097
6565 12422.9367097
6939 15180.6634645
7581 15180.6634645
7890 18882.6638283
8472 18882.6638283
8865 15499.5363339
9750 15499.5363339
9874 8048.96370055
11236 8048.96370055
11510 8805.74454637
12425 8805.74454637
12618 14396.8829647
13788 14396.8829647
14266 13024.1349326
15286 13024.1349326
15785 14916.0408375
17278 14916.0408375
17723 7160.23791088
18343 7160.23791088
18448 16866.2753051
19306 16866.2753051
19627 18731.9605157
20412 18731.9605157
20585 9226.52885092
21184 9226.52885092
21661 17052.3850759
22210 17052.3850759
22592 16149.9404822
23911 16149.9404822
24219 17301.6086018
25620 17301.6086018
25827 13610.1750365
26369 13610.1750365
26801 10680.7432433
27957 10680.7432433
28317 8539.39916596
29662 8539.39916596
30066 13678.1419669
31341 13678.1419669
31701 6440.92610479
32876 6440.92610479
33210 11395.3831466
34225 11395.3831466
34530 9371.83337264
35052 9371.83337264
35242 14292.419288
36572 14292.419288
36893 11168.3015215
38064 11168.3015215
38454 15438.8213711
39411 15438.8213711
39716 21028.2681394
40600 21028.2681394
41055 14793.575868
41670 14793.575868
41986 15387.0643108
43195 15387.0643108
43441 9448.94448944
44773 9448.94448944
45029 14128.8156545
46308 14128.8156545
46502 11056.3922751
47407 11056.3922751
47702 2848.13673277
48283 2848.13673277
48395 16143.0188218
48903 16143.0188218
49132 9809.54231362
49741 9809.54231362
50209 18747.9580129
51045 18747.9580129
51486 11707.6210685
52961 11707.6210685
53174 12172.5328295
54280 12172.5328295
54571 15375.8092837
55829 15375.8092837
56229 5766.93584354
56742 5766.93584354
57102 10600.0673224
58234 10600.0673224
58597 18310.5238997
59299 18310.5238997
59720 8805.76770146
60341 8805.76770146
60656 11215.4331116
61652 11215.4331116
62149 15662.6406163
63356 15662.6406163
63835 6752.58566931
65130 6752.58566931
65591 13007.4417292
66723 13007.4417292
66855 10998.8625074
67872 10998.8625074
68130 9578.43376734
69028 9578.43376734
69466 12306.7612778
70618 12306.7612778
70848 11542.1039497
71800 11542.1039497
72095 5530.63955612
73365 5530.63955612
73673 13990.2002323
74845 13990.2002323
74954 20745.6931217
75493 20745.6931217
75867 12601.1419451
76438 12601.1419451
76625 11091.9636536
77564 11091.9636536
77772 13897.9369404
79082 13897.9369404
79488 12484.5868861
80921 12484.5868861
81322 12437.0045605
82630 12437.0045605
82805 12062.0602392
84217 12062.0602392
84550 8566.09979597
85285 8566.09979597
85396 7405.86144154
86861 7405.86144154
87196 10460.3777802
88072 10460.3777802
88459 9550.51305696
89250 9550.51305696
89494 14694.4069687
90311 14694.4069687
90448 11233.5068534
91644 11233.5068534
92040 19716.8484713
93370 19716.8484713
93823 12421.3735097
94400 12421.3735097
94749 18705.140897
95557 18705.140897
96014 19089.0803143
96859 19089.0803143
97301 11872.9357428
98084 11872.9357428
98329 14353.7357498
99129 14353.7357498
99369 15764.1537498
100164 15764.1537498
100325 10106.5067738
101435 10106.5067738
101920 13509.3490579
102962 13509.3490579
103456 20893.2773345
104644 20893.2773345
104924 7487.93135925
105431 7487.93135925
105829 10103.3213845
106599 10103.3213845
106881 6372.11716812
108054 6372.11716812
108393 21251.4891072
109494 21251.4891072
109736 20283.5533686
110510 20283.5533686
110922 6771.11606078
112201 6771.11606078
112664 10914.1034717
113575 10914.1034717
113964 15884.7403071
115321 15884.7403071
115622 18234.9672669
116341 18234.9672669
116779 12759.7780977
118157 12759.7780977
118564 14170.0978922
119578 14170.0978922
119837 14305.3336231
121200 14305.3336231
121409 11621.6841489
122271 11621.6841489
122680 13506.7613193
123953 13506.7613193
124283 14427.9789416
125562 14427.9789416
125905 9966.93231999
126853 9966.93231999
127337 18479.2895396
128268 18479.2895396
128563 12080.5953065
129537 12080.5953065
129658 15066.5337632
130774 15066.5337632
131246 19830.0703793
132567 19830.0703793
132940 4588.10896086
134207 4588.10896086
134341 14261.0734531
135041 14261.0734531
135357 15082.8159654
136635 15082.8159654
136789 14976.673501
137505 14976.673501
137820 11020.038616
139180 11020.038616
139331 13165.7971693
139907 13165.7971693
140098 18069.1218491
141101 18069.1218491
141225 10060.7460915
141876 10060.7460915
142084 21114.4335537
142596 21114.4335537
142939 11798.5388168
144030 11798.5388168
144332 8684.85216425
145193 8684.85216425
145294 15071.5885049
146465 15071.5885049
146888 11824.7584318
147990 11824.7584318
148144 15250.5094769
149276 15250.5094769
149552 13062.2301696
150819 13062.2301696
151180 9789.68382704
152384 9789.68382704
152809 12377.1669919
153523 12377.1669919
153978 15124.1600359
155380 15124.1600359
155671 13175.75369
156640 13175.75369
157049 12911.7307051
157664 12911.7307051
157809 13895.7160664
158727 13895.7160664
158869 10230.8825194
159465 10230.8825194
159627 11490.5983519
160176 11490.5983519
160387 12457.1282501
161288 12457.1282501
161584 14138.3193885
162307 14138.3193885
162705 10877.7183675
163953 10877.7183675
164341 8186.06899865
165530 8186.06899865
165675 17733.6448663
166260 17733.6448663
166720 16649.3470502
168017 16649.3470502
168449 11524.3155223
169702 11524.3155223
169825 13959.9299557
170794 13959.9299557
171091 16032.7228966
171774 16032.7228966
172230 13532.3463678
173709 13532.3463678
173857 11255.0251702
175351 11255.0251702
175700 16359.485411
177146 16359.485411
177402 10801.1246481
178053 10801.1246481
178437 17300.6904536
179467 17300.6904536
179695 11736.0258024
180504 11736.0258024
180966 14871.9634877
182235 14871.9634877
182518 10661.2466004
183937 10661.2466004
184177 14513.3417156
185078 14513.3417156
185271 15662.605491
185775 15662.605491
186183 9597.8249776
186886 9597.8249776
187274 8763.76996468
188027 8763.76996468
188397 14190.6088011
189485 14190.6088011
189973 17985.0446732
190541 17985.0446732
190836 14310.5502165
191688 14310.5502165
192052 8824.43884168
192594 8824.43884168
193022 12184.446445
194416 12184.446445
194735 14209.3249557
195435 14209.3249557
195554 11432.7966958
196062 11432.7966958
196244 14174.9926199
196824 14174.9926199
196924 6297.4491536
197481 6297.4491536
197771 14971.3971462
198280 14971.3971462
198659 17563.7860222
199427 17563.7860222
199858 12125.7529451
200732 12125.7529451
201104 11737.38902
202277 11737.38902
202674 15684.9470048
203662 15684.9470048
204155 6852.48241355
205616 6852.48241355
205811 14737.042507
206655 14737.042507
207006 5202.90803471
207825 5202.90803471
208064 9755.72194962
209440 9755.72194962
209888 3494.66060352
211159 3494.66060352
211365 10787.7361619
212282 10787.7361619
212503 19992.7995381
213255 19992.7995381
213595 17382.0992267
214337 17382.0992267
214679 19329.2397912
216029 19329.2397912
216511 17560.648378
217511 17560.648378
217612 10035.5902789
218324 10035.5902789
218624 10587.6048375
219221 10587.6048375
219475 19160.7485147
220843 19160.7485147
221014 13571.2070021
221931 13571.2070021
222161 12018.0418687
222794 12018.0418687
223159 11926.0944899
223746 11926.0944899
224150 15735.8049329
225136 15735.8049329
225572 7221.78912401
226520 7221.78912401
227000 15565.3124073
227705 15565.3124073
228167 22112.2696372
229175 22112.2696372
229350 12427.9762841
230087 12427.9762841
230458 13353.1016753
231238 13353.1016753
231406 10999.732428
232716 10999.732428
232877 14614.7379255
233379 14614.7379255
233606 11679.2183111
234694 11679.2183111
235030 16732.2200573
236259 16732.2200573
236536 8255.30708435
237659 8255.30708435
237952 19771.3660894
238956 19771.3660894
239317 14164.7284865
239971 14164.7284865
240127 5182.93194489
241098 5182.93194489
241524 15871.2758575
242616 15871.2758575
243094 13596.590051
243748 13596.590051
244201 11968.7956838
245040 11968.7956838
245321 16096.9241013
245950 16096.9241013
246320 18795.1654967
246915 18795.1654967
247015 13159.8192439
248333 13159.8192439
248599 8360.65141839
249382 8360.65141839
249768 13715.3997871
250432 13715.3997871
250873 14509.232196
251673 14509.232196
252097 11056.9932211
252680 11056.9932211
252974 20037.1549367
253959 20037.1549367
254181 8240.29203399
255177 8240.29203399
255461 16822.8531276
256789 16822.8531276
257023 18913.7078214
258104 18913.7078214
258266 16231.1030793
258890 16231.1030793
259278 12310.4802877
260449 12310.4802877
260672 16735.1329688
261765 16735.1329688
