0 300.0
1 339.6692
2 416.5748
3 481.8748
4 529.59
5 567.758
6 595.3896
7 625.306
8 673.5924
9 722.4908
10 769.592
11 838.78
12 858.1192
13 888.78
14 931.5904
15 978.774
16 1003.9168
17 1035.1016
18 1065.9628
19 1093.3904
20 1131.834
21 1150.3672
22 1174.0412
23 1196.124
24 1223.47
25 1257.14
26 1323.9596
27 1352.2472
28 1427.0196
29 1475.1052
30 1516.738
31 1527.4684
32 1547.0624
33 1556.4056
34 1610.0776
35 1685.506
36 1722.0828
37 1780.936
38 1807.4668
39 1869.9216
40 1929.998
41 1982.038
42 2028.2844
43 2117.0224
44 2244.2832
45 2337.554
46 2401.1016
47 2427.3868
48 2437.2688
49 2488.9016
50 2510.2
51 2544.9816
52 2576.8988
53 2621.8788
54 2669.3492
55 2722.042
56 2771.9196
57 2787.5516
58 2841.3468
59 2898.6916
60 2934.486
61 2970.2048
62 2997.8376
63 3021.4708
64 3055.6724
65 3096.532
66 3114.0788
67 3141.636
68 3178.774
69 3207.8796
70 3266.122
71 3312.24
72 3354.4064
73 3369.594
74 3416.4516
75 3458.16
76 3491.1464
77 3509.9976
78 3541.3428
79 3578.162
80 3609.796
81 3643.3496
82 3663.5104
83 3707.9152
84 3718.982
85 3737.758
86 3773.3476
87 3802.1212
88 3830.0392
89 3867.9212
90 3892.86
91 3911.7532
92 3927.7132
93 3961.22
94 3970.41
95 3981.222
96 3986.73
97 4027.0604
98 4068.6132
99 4137.1472
100 4218.37
