0 2342.09660107
1000 2342.09660107
2000 2342.09660107
3000 2342.09660107
4000 2342.09660107
5000 2342.09660107
6000 2342.09660107
7000 2342.09660107
8000 2342.09660107
9000 2342.09660107
10000 2342.09660107
11000 2342.09660107
12000 2342.09660107
13000 2342.09660107
14000 9626.78192534
15000 16307.304918
16000 9995.68539326
17000 1402.90930437
18000 1402.90930437
19000 1402.90930437
20000 1402.90930437
21000 7734.51664025
22000 3788.83435583
23000 3788.83435583
24000 2881.34736842
25000 2881.34736842
26000 7662.62068966
27000 8363.15151515
28000 1617.5625585
29000 1617.5625585
30000 1617.5625585
31000 1617.5625585
32000 1379.30857875
33000 1379.30857875
34000 1379.30857875
35000 1552.66563945
36000 1552.66563945
37000 1552.66563945
38000 1552.66563945
39000 1600.30975428
40000 1600.30975428
41000 1600.30975428
42000 1193.44768912
43000 1193.44768912
44000 1193.44768912
45000 1193.44768912
46000 1193.44768912
47000 2554.3853211
48000 2554.3853211
49000 2885.88034188
50000 2885.88034188
51000 2179.93341869
52000 2179.93341869
53000 2179.93341869
54000 1582.95013123
55000 1582.95013123
56000 1582.95013123
57000 1582.95013123
58000 1792.33960972
59000 1792.33960972
60000 1792.33960972
61000 5866.47953216
62000 5866.47953216
63000 12944.855615
64000 5324.97297297
65000 3868.55643045
66000 3868.55643045
67000 1901.30350054
68000 1901.30350054
69000 1901.30350054
70000 2287.45750771
71000 2287.45750771
72000 2287.45750771
73000 4083.18394649
74000 4083.18394649
75000 3876.71969112
76000 3876.71969112
77000 3876.71969112
78000 3876.71969112
79000 4972.47577093
80000 5831.26301736
81000 10933.3095768
82000 8407.45341615
83000 8407.45341615
84000 7476.03692308
85000 19269.5895197
86000 9398.43983402
87000 17464.8163265
88000 4290.37256719
89000 4290.37256719
90000 3592.0776699
91000 3592.0776699
92000 2017.44660951
93000 2017.44660951
94000 2017.44660951
95000 2492.72691162
96000 2492.72691162
97000 8594.28571429
98000 7742.20839813
99000 10773.2173913
100000 8905.74193548
101000 5678.11234705
102000 5678.11234705
103000 5678.11234705
104000 2450.48275862
105000 2450.48275862
106000 2450.48275862
107000 2450.48275862
108000 9383.65217391
109000 9383.65217391
110000 4038.87900957
111000 4038.87900957
112000 1721.71049137
113000 1721.71049137
114000 1721.71049137
115000 1721.71049137
116000 2803.47252747
117000 2803.47252747
118000 2803.47252747
119000 5231.4959707
120000 5231.4959707
121000 6152.72727273
122000 6152.72727273
123000 8533.80740741
124000 5122.47007806
125000 5122.47007806
126000 1676.38038038
127000 1676.38038038
128000 1676.38038038
129000 1676.38038038
130000 8513.80918728
131000 8513.80918728
132000 9402.72069465
133000 7369.14285714
134000 3893.47897324
135000 3893.47897324
136000 3893.47897324
137000 9600.26086957
138000 3309.81818182
139000 3309.81818182
140000 3309.81818182
141000 2702.33195333
142000 2702.33195333
143000 2702.33195333
144000 1437.03153989
145000 1437.03153989
146000 1437.03153989
147000 1437.03153989
148000 1437.03153989
149000 1620.57383079
150000 1620.57383079
151000 1620.57383079
152000 1620.57383079
153000 1620.57383079
154000 4295.24984267
155000 4295.24984267
156000 11545.4117647
157000 16236.2850575
158000 4814.09935205
159000 4814.09935205
160000 17722.1964736
161000 2457.95496247
162000 2457.95496247
163000 2457.95496247
164000 4019.64469914
165000 4019.64469914
166000 2026.26097712
167000 2026.26097712
168000 2026.26097712
169000 2311.24437781
170000 2311.24437781
171000 2535.92830053
172000 2535.92830053
173000 2535.92830053
174000 2535.92830053
175000 2535.92830053
176000 2535.92830053
177000 2535.92830053
178000 2535.92830053
179000 2535.92830053
180000 2535.92830053
181000 2342.09660107
182000 2342.09660107
183000 2342.09660107
184000 2342.09660107
185000 9626.78192534
186000 9995.68539326
187000 9995.68539326
188000 1402.90930437
189000 1402.90930437
190000 1402.90930437
191000 7734.51664025
192000 7734.51664025
193000 3788.83435583
194000 2881.34736842
195000 2881.34736842
196000 7662.62068966
197000 7662.62068966
198000 8363.15151515
199000 1617.5625585
200000 1617.5625585
201000 1617.5625585
202000 1617.5625585
203000 1379.30857875
204000 1379.30857875
205000 1379.30857875
206000 1552.66563945
207000 1552.66563945
208000 1552.66563945
209000 1552.66563945
210000 1600.30975428
211000 1600.30975428
212000 1600.30975428
213000 1193.44768912
214000 1193.44768912
215000 1193.44768912
216000 1193.44768912
217000 1193.44768912
218000 2554.3853211
219000 2554.3853211
220000 2885.88034188
221000 2885.88034188
222000 2179.93341869
223000 2179.93341869
224000 2179.93341869
225000 1582.95013123
226000 1582.95013123
227000 1582.95013123
228000 1582.95013123
229000 1792.33960972
230000 1792.33960972
231000 1792.33960972
232000 5866.47953216
233000 5866.47953216
234000 12944.855615
235000 5324.97297297
236000 3868.55643045
237000 3868.55643045
238000 1901.30350054
239000 1901.30350054
240000 1901.30350054
241000 2287.45750771
242000 2287.45750771
243000 2287.45750771
244000 4083.18394649
245000 4083.18394649
246000 3876.71969112
247000 3876.71969112
248000 3876.71969112
249000 4972.47577093
250000 4972.47577093
251000 5831.26301736
252000 10933.3095768
253000 8407.45341615
254000 7476.03692308
255000 7476.03692308
256000 19269.5895197
257000 9398.43983402
258000 4290.37256719
259000 4290.37256719
260000 4290.37256719
261000 3592.0776699
262000 2017.44660951
263000 2017.44660951
264000 2017.44660951
265000 2492.72691162
266000 2492.72691162
267000 2492.72691162
268000 8594.28571429
269000 7742.20839813
270000 10773.2173913
271000 8905.74193548
272000 5678.11234705
273000 5678.11234705
274000 5678.11234705
275000 2450.48275862
276000 2450.48275862
277000 2450.48275862
278000 2450.48275862
279000 9383.65217391
280000 4038.87900957
281000 4038.87900957
282000 4038.87900957
283000 1721.71049137
284000 1721.71049137
285000 1721.71049137
286000 1721.71049137
287000 2803.47252747
288000 2803.47252747
289000 2803.47252747
290000 5231.4959707
291000 5231.4959707
292000 6152.72727273
293000 6152.72727273
294000 8533.80740741
295000 5122.47007806
296000 5122.47007806
297000 1676.38038038
298000 1676.38038038
299000 1676.38038038
300000 1676.38038038
301000 8513.80918728
302000 9402.72069465
303000 9402.72069465
304000 7369.14285714
305000 3893.47897324
306000 3893.47897324
307000 3893.47897324
308000 9600.26086957
309000 3309.81818182
310000 3309.81818182
311000 3309.81818182
312000 2702.33195333
313000 2702.33195333
314000 2702.33195333
315000 1437.03153989
316000 1437.03153989
317000 1437.03153989
318000 1437.03153989
319000 1437.03153989
320000 1620.57383079
321000 1620.57383079
322000 1620.57383079
323000 1620.57383079
324000 1620.57383079
325000 4295.24984267
326000 4295.24984267
327000 11545.4117647
328000 16236.2850575
329000 4814.09935205
330000 4814.09935205
331000 17722.1964736
332000 2457.95496247
333000 2457.95496247
334000 2457.95496247
335000 4019.64469914
336000 4019.64469914
337000 2026.26097712
338000 2026.26097712
339000 2026.26097712
340000 2311.24437781
341000 2311.24437781
