0 8769.05124836
1000 8769.05124836
2000 8769.05124836
3000 8769.05124836
4000 8769.05124836
5000 8769.05124836
6000 8769.05124836
7000 8769.05124836
8000 6976.0
9000 6976.0
10000 5940.60985507
11000 5940.60985507
12000 5940.60985507
13000 5940.60985507
14000 4905.21971014
15000 4905.21971014
16000 4905.21971014
17000 4905.21971014
18000 4905.21971014
19000 4905.21971014
20000 4905.21971014
21000 4905.21971014
22000 10187.3728223
23000 10187.3728223
24000 10187.3728223
25000 10187.3728223
26000 5542.70667714
27000 5542.70667714
28000 5542.70667714
29000 5542.70667714
30000 5542.70667714
31000 5542.70667714
32000 10287.0593768
33000 10287.0593768
34000 10287.0593768
35000 10287.0593768
36000 8812.58733736
37000 8812.58733736
38000 8812.58733736
39000 8812.58733736
40000 8812.58733736
41000 8812.58733736
42000 8812.58733736
43000 8812.58733736
44000 7338.11529791
45000 7338.11529791
46000 7338.11529791
47000 7338.11529791
48000 7338.11529791
49000 7338.11529791
50000 7338.11529791
51000 5770.47375437
52000 5770.47375437
53000 5770.47375437
54000 5770.47375437
55000 5770.47375437
56000 5770.47375437
57000 5770.47375437
58000 5770.47375437
59000 5770.47375437
60000 5770.47375437
61000 5770.47375437
62000 5770.47375437
63000 5770.47375437
64000 4202.83221083
65000 4202.83221083
66000 4202.83221083
67000 4202.83221083
68000 7131.65032845
69000 7131.65032845
70000 7131.65032845
71000 5757.6133489
72000 5757.6133489
73000 5757.6133489
74000 4383.57636935
75000 4383.57636935
76000 4383.57636935
77000 4383.57636935
78000 4383.57636935
79000 4383.57636935
80000 4383.57636935
81000 8693.62343096
82000 8693.62343096
83000 8693.62343096
84000 8693.62343096
85000 4338.73690892
86000 4338.73690892
87000 4338.73690892
88000 4338.73690892
89000 4338.73690892
90000 4338.73690892
91000 10009.6443958
92000 10009.6443958
93000 10009.6443958
94000 10009.6443958
95000 7108.24511708
96000 7108.24511708
97000 7108.24511708
98000 4206.84583836
99000 4206.84583836
100000 4206.84583836
101000 4206.84583836
102000 4206.84583836
103000 4206.84583836
104000 4206.84583836
105000 4206.84583836
106000 4206.84583836
107000 11552.593422
108000 11552.593422
109000 11552.593422
110000 11552.593422
111000 6699.89169001
112000 6699.89169001
113000 6699.89169001
114000 6699.89169001
115000 6699.89169001
116000 9856.61712989
117000 9856.61712989
118000 9856.61712989
119000 9856.61712989
120000 4900.17727273
121000 4900.17727273
122000 4900.17727273
123000 4900.17727273
124000 4900.17727273
125000 4900.17727273
126000 4900.17727273
127000 5201.72535001
128000 5201.72535001
129000 5201.72535001
130000 5201.72535001
131000 5201.72535001
132000 5201.72535001
133000 5201.72535001
134000 5201.72535001
135000 5239.08902692
136000 5239.08902692
137000 5239.08902692
138000 5239.08902692
139000 5239.08902692
140000 5239.08902692
141000 5239.08902692
142000 5079.80766429
143000 5079.80766429
144000 5079.80766429
145000 5079.80766429
146000 5079.80766429
147000 5079.80766429
148000 5079.80766429
149000 3903.99202691
150000 3903.99202691
151000 3903.99202691
152000 3903.99202691
153000 3903.99202691
154000 3903.99202691
155000 3903.99202691
156000 3903.99202691
157000 8698.66539471
158000 8698.66539471
159000 8698.66539471
160000 8698.66539471
161000 8698.66539471
162000 5073.07655502
163000 5073.07655502
164000 5073.07655502
165000 5073.07655502
166000 5073.07655502
167000 5073.07655502
168000 5073.07655502
169000 9893.32678133
170000 9893.32678133
171000 9893.32678133
172000 9893.32678133
173000 6046.55
174000 6046.55
175000 6046.55
176000 6046.55
177000 6046.55
178000 6046.55
179000 10087.0575731
180000 10087.0575731
181000 10087.0575731
182000 10087.0575731
183000 5631.26981585
184000 5631.26981585
185000 5631.26981585
186000 7200.1605321
187000 7200.1605321
188000 7200.1605321
189000 7200.1605321
190000 7200.1605321
191000 8769.05124836
192000 8769.05124836
193000 8769.05124836
194000 6976.0
195000 6976.0
196000 5940.60985507
197000 5940.60985507
198000 5940.60985507
199000 5940.60985507
200000 4905.21971014
201000 4905.21971014
202000 4905.21971014
203000 4905.21971014
204000 4905.21971014
205000 4905.21971014
206000 4905.21971014
207000 10187.3728223
208000 10187.3728223
209000 10187.3728223
210000 10187.3728223
211000 5542.70667714
212000 5542.70667714
213000 5542.70667714
214000 5542.70667714
215000 5542.70667714
216000 5542.70667714
217000 5542.70667714
218000 10287.0593768
219000 10287.0593768
220000 10287.0593768
221000 10287.0593768
222000 8812.58733736
223000 8812.58733736
224000 8812.58733736
225000 8812.58733736
226000 8812.58733736
227000 8812.58733736
228000 8812.58733736
229000 8812.58733736
230000 7338.11529791
231000 7338.11529791
232000 7338.11529791
233000 7338.11529791
234000 7338.11529791
235000 7338.11529791
236000 7338.11529791
237000 5770.47375437
238000 5770.47375437
239000 5770.47375437
240000 5770.47375437
241000 5770.47375437
242000 5770.47375437
243000 5770.47375437
244000 5770.47375437
245000 5770.47375437
246000 5770.47375437
247000 5770.47375437
248000 5770.47375437
249000 4202.83221083
250000 4202.83221083
251000 4202.83221083
252000 4202.83221083
253000 4202.83221083
254000 7131.65032845
255000 7131.65032845
256000 5757.6133489
257000 5757.6133489
258000 5757.6133489
259000 5757.6133489
260000 4383.57636935
261000 4383.57636935
262000 4383.57636935
263000 4383.57636935
264000 4383.57636935
265000 4383.57636935
266000 4383.57636935
267000 8693.62343096
268000 8693.62343096
269000 8693.62343096
270000 4338.73690892
271000 4338.73690892
272000 4338.73690892
273000 4338.73690892
274000 4338.73690892
275000 4338.73690892
276000 4338.73690892
277000 10009.6443958
278000 10009.6443958
279000 10009.6443958
280000 7108.24511708
281000 7108.24511708
282000 7108.24511708
283000 7108.24511708
284000 4206.84583836
285000 4206.84583836
286000 4206.84583836
287000 4206.84583836
288000 4206.84583836
289000 4206.84583836
290000 4206.84583836
291000 4206.84583836
292000 4206.84583836
293000 11552.593422
294000 11552.593422
295000 11552.593422
296000 6699.89169001
297000 6699.89169001
298000 6699.89169001
299000 6699.89169001
300000 6699.89169001
301000 6699.89169001
302000 9856.61712989
303000 9856.61712989
304000 9856.61712989
305000 9856.61712989
306000 4900.17727273
307000 4900.17727273
308000 4900.17727273
309000 4900.17727273
310000 4900.17727273
311000 4900.17727273
312000 4900.17727273
313000 5201.72535001
314000 5201.72535001
315000 5201.72535001
316000 5201.72535001
317000 5201.72535001
318000 5201.72535001
319000 5201.72535001
320000 5239.08902692
321000 5239.08902692
322000 5239.08902692
323000 5239.08902692
324000 5239.08902692
325000 5239.08902692
326000 5239.08902692
327000 5079.80766429
328000 5079.80766429
329000 5079.80766429
330000 5079.80766429
331000 5079.80766429
332000 5079.80766429
333000 5079.80766429
334000 5079.80766429
335000 3903.99202691
336000 3903.99202691
337000 3903.99202691
338000 3903.99202691
339000 3903.99202691
340000 3903.99202691
341000 3903.99202691
342000 3903.99202691
343000 8698.66539471
344000 8698.66539471
345000 8698.66539471
346000 8698.66539471
347000 8698.66539471
348000 5073.07655502
349000 5073.07655502
350000 5073.07655502
351000 5073.07655502
352000 5073.07655502
353000 5073.07655502
354000 5073.07655502
355000 9893.32678133
356000 9893.32678133
357000 9893.32678133
358000 9893.32678133
359000 6046.55
360000 6046.55
361000 6046.55
362000 6046.55
363000 6046.55
364000 6046.55
365000 10087.0575731
366000 10087.0575731
367000 10087.0575731
368000 5631.26981585
369000 5631.26981585
370000 5631.26981585
