0 6894.91183879
1000 6894.91183879
2000 6894.91183879
3000 6623.03252106
4000 6351.15320334
5000 6351.15320334
6000 6995.47900053
7000 6995.47900053
8000 7011.70908514
9000 7011.70908514
10000 7027.93916975
11000 7027.93916975
12000 7027.93916975
13000 6911.38393188
14000 6911.38393188
15000 6911.38393188
16000 6986.70091743
17000 6986.70091743
18000 7053.79879622
19000 7053.79879622
20000 7030.17958336
21000 7030.17958336
22000 7030.17958336
23000 7006.56037049
24000 7006.56037049
25000 7006.56037049
26000 7006.56037049
27000 6913.95029586
28000 6913.95029586
29000 6913.95029586
30000 6995.18292321
31000 6995.18292321
32000 6995.18292321
33000 6995.18292321
34000 7002.49462366
35000 7002.49462366
36000 7002.49462366
37000 6998.09669211
38000 6998.09669211
39000 6998.09669211
40000 6852.29010989
41000 6852.29010989
42000 6852.29010989
43000 6852.29010989
44000 6925.28915177
45000 6925.28915177
46000 6925.28915177
47000 6925.28915177
48000 6998.28819365
49000 6998.28819365
50000 6998.28819365
51000 6998.28819365
52000 6998.28819365
53000 6986.06066838
54000 6986.06066838
55000 6986.06066838
56000 6986.06066838
57000 6963.5735818
58000 6963.5735818
59000 6963.5735818
60000 6963.5735818
61000 7008.00739542
62000 7008.00739542
63000 7008.00739542
64000 7008.00739542
65000 6885.65986395
66000 6885.65986395
67000 6885.65986395
68000 6885.65986395
69000 7024.64678595
70000 7024.64678595
71000 7024.64678595
72000 6895.04229258
73000 6895.04229258
74000 6895.04229258
75000 6895.04229258
76000 6895.04229258
77000 6881.89514563
78000 6881.89514563
79000 6881.89514563
80000 6881.89514563
81000 6890.72883933
82000 6890.72883933
83000 6890.72883933
84000 6890.72883933
85000 6879.47870607
86000 6879.47870607
87000 6879.47870607
88000 6879.47870607
89000 6936.25907753
90000 6936.25907753
91000 6936.25907753
92000 6936.25907753
93000 6936.25907753
94000 6965.30345472
95000 6965.30345472
96000 6965.30345472
97000 6965.30345472
98000 6942.90436836
99000 6942.90436836
100000 6942.90436836
101000 6942.90436836
102000 6856.51291866
103000 6856.51291866
104000 6856.51291866
105000 6856.51291866
106000 6856.51291866
107000 6975.55720287
108000 6975.55720287
109000 6975.55720287
110000 6975.55720287
111000 6872.44952566
112000 6872.44952566
113000 6872.44952566
114000 6872.44952566
115000 6917.827184
116000 6917.827184
117000 6917.827184
118000 6917.827184
119000 6928.77804944
120000 6928.77804944
121000 6928.77804944
122000 6928.77804944
123000 6969.00801165
124000 6969.00801165
125000 6969.00801165
126000 6969.00801165
127000 6921.6651289
128000 6921.6651289
129000 6921.6651289
130000 6921.6651289
131000 6965.7992278
132000 6965.7992278
133000 6965.7992278
134000 6965.7992278
135000 6888.82912126
136000 6888.82912126
137000 6888.82912126
138000 6888.82912126
139000 6888.82912126
140000 6933.85777778
141000 6933.85777778
142000 6933.85777778
143000 6948.23713956
144000 6948.23713956
145000 6948.23713956
146000 6948.23713956
147000 6948.23713956
148000 6891.15992293
149000 6891.15992293
150000 6891.15992293
151000 6891.15992293
152000 6840.76085761
153000 6840.76085761
154000 6840.76085761
155000 6840.76085761
156000 6885.62103551
157000 6885.62103551
158000 6885.62103551
159000 6944.20013402
160000 6944.20013402
161000 6944.20013402
162000 6944.20013402
163000 6944.20013402
164000 6876.04186489
165000 6876.04186489
166000 6876.04186489
167000 6876.04186489
168000 6951.46926618
169000 6951.46926618
170000 6951.46926618
171000 6951.46926618
172000 6965.03723764
173000 6965.03723764
174000 6965.03723764
175000 6965.03723764
176000 6965.03723764
177000 6894.94653465
178000 6894.94653465
179000 6894.94653465
180000 6894.94653465
181000 6896.08945211
182000 6896.08945211
183000 6896.08945211
184000 6053.90252133
185000 6894.91183879
186000 6623.03252106
187000 6351.15320334
188000 6351.15320334
189000 6995.47900053
190000 6995.47900053
191000 7011.70908514
192000 7011.70908514
193000 7027.93916975
194000 7027.93916975
195000 7027.93916975
196000 6911.38393188
197000 6911.38393188
198000 6911.38393188
199000 6986.70091743
200000 6986.70091743
201000 7053.79879622
202000 7053.79879622
203000 7053.79879622
204000 7030.17958336
205000 7030.17958336
206000 7030.17958336
207000 7006.56037049
208000 7006.56037049
209000 7006.56037049
210000 6913.95029586
211000 6913.95029586
212000 6913.95029586
213000 6995.18292321
214000 6995.18292321
215000 6995.18292321
216000 6995.18292321
217000 7002.49462366
218000 7002.49462366
219000 7002.49462366
220000 6998.09669211
221000 6998.09669211
222000 6998.09669211
223000 6998.09669211
224000 6852.29010989
225000 6852.29010989
226000 6852.29010989
227000 6925.28915177
228000 6925.28915177
229000 6925.28915177
230000 6925.28915177
231000 6925.28915177
232000 6998.28819365
233000 6998.28819365
234000 6998.28819365
235000 6998.28819365
236000 6986.06066838
237000 6986.06066838
238000 6986.06066838
239000 6986.06066838
240000 6963.5735818
241000 6963.5735818
242000 6963.5735818
243000 6963.5735818
244000 7008.00739542
245000 7008.00739542
246000 7008.00739542
247000 7008.00739542
248000 7008.00739542
249000 6885.65986395
250000 6885.65986395
251000 6885.65986395
252000 6885.65986395
253000 7024.64678595
254000 7024.64678595
255000 7024.64678595
256000 6895.04229258
257000 6895.04229258
258000 6895.04229258
259000 6895.04229258
260000 6881.89514563
261000 6881.89514563
262000 6881.89514563
263000 6881.89514563
264000 6890.72883933
265000 6890.72883933
266000 6890.72883933
267000 6890.72883933
268000 6879.47870607
269000 6879.47870607
270000 6879.47870607
271000 6879.47870607
272000 6879.47870607
273000 6936.25907753
274000 6936.25907753
275000 6936.25907753
276000 6936.25907753
277000 6965.30345472
278000 6965.30345472
279000 6965.30345472
280000 6965.30345472
281000 6942.90436836
282000 6942.90436836
283000 6942.90436836
284000 6942.90436836
285000 6942.90436836
286000 6856.51291866
287000 6856.51291866
288000 6856.51291866
289000 6856.51291866
290000 6975.55720287
291000 6975.55720287
292000 6975.55720287
293000 6975.55720287
294000 6872.44952566
295000 6872.44952566
296000 6872.44952566
297000 6872.44952566
298000 6917.827184
299000 6917.827184
300000 6917.827184
301000 6917.827184
302000 6917.827184
303000 6928.77804944
304000 6928.77804944
305000 6928.77804944
306000 6969.00801165
307000 6969.00801165
308000 6969.00801165
309000 6969.00801165
310000 6969.00801165
311000 6921.6651289
312000 6921.6651289
313000 6921.6651289
314000 6965.7992278
315000 6965.7992278
316000 6965.7992278
317000 6965.7992278
318000 6965.7992278
319000 6888.82912126
320000 6888.82912126
321000 6888.82912126
322000 6888.82912126
323000 6933.85777778
324000 6933.85777778
325000 6933.85777778
326000 6933.85777778
327000 6948.23713956
328000 6948.23713956
329000 6948.23713956
330000 6948.23713956
331000 6891.15992293
332000 6891.15992293
333000 6891.15992293
334000 6891.15992293
335000 6840.76085761
336000 6840.76085761
337000 6840.76085761
338000 6840.76085761
339000 6885.62103551
340000 6885.62103551
341000 6885.62103551
342000 6885.62103551
343000 6944.20013402
344000 6944.20013402
345000 6944.20013402
346000 6944.20013402
347000 6876.04186489
348000 6876.04186489
349000 6876.04186489
350000 6876.04186489
351000 6876.04186489
352000 6951.46926618
353000 6951.46926618
354000 6951.46926618
355000 6965.03723764
356000 6965.03723764
357000 6965.03723764
358000 6965.03723764
359000 6965.03723764
360000 6894.94653465
361000 6894.94653465
362000 6894.94653465
363000 6894.94653465
364000 6896.08945211
365000 6896.08945211
366000 6896.08945211
