0 6129.33971292
1000 6129.33971292
2000 6129.33971292
3000 6129.33971292
4000 6129.33971292
5000 6129.33971292
6000 6129.33971292
7000 1663.68910479
8000 1663.68910479
9000 1663.68910479
10000 7714.96296296
11000 2704.18597194
12000 2704.18597194
13000 2704.18597194
14000 4193.41075269
15000 4193.41075269
16000 15909.5583127
17000 4064.39004571
18000 4064.39004571
19000 4145.72143453
20000 4145.72143453
21000 4092.72909221
22000 4092.72909221
23000 8036.38642298
24000 3911.62703963
25000 3911.62703963
26000 2199.71068124
27000 2199.71068124
28000 2199.71068124
29000 2199.71068124
30000 10880.7296417
31000 3608.91907187
32000 3608.91907187
33000 1918.56688818
34000 1918.56688818
35000 1918.56688818
36000 7464.0
37000 20372.3636364
38000 13068.1476274
39000 6917.16341213
40000 6270.39405204
41000 8058.1390435
42000 8058.1390435
43000 9845.88403495
44000 8844.46604718
45000 8844.46604718
46000 10706.6813533
47000 8486.17385159
48000 8486.17385159
49000 10324.7928889
50000 3476.52796421
51000 3476.52796421
52000 3476.52796421
53000 3476.52796421
54000 5160.51376147
55000 5160.51376147
56000 4106.56565657
57000 4106.56565657
58000 4106.56565657
59000 4710.45262334
60000 4710.45262334
61000 4710.45262334
62000 5158.93900039
63000 5158.93900039
64000 5158.93900039
65000 3529.41495063
66000 3529.41495063
67000 3529.41495063
68000 3529.41495063
69000 6121.08296943
70000 6121.08296943
71000 5656.27487729
72000 5656.27487729
73000 4291.56125722
74000 4291.56125722
75000 4291.56125722
76000 5118.85669903
77000 5118.85669903
78000 5118.85669903
79000 2887.4843288
80000 2887.4843288
81000 2887.4843288
82000 1999.89904546
83000 1999.89904546
84000 1999.89904546
85000 1999.89904546
86000 1999.89904546
87000 1999.89904546
88000 1999.89904546
89000 6897.43270777
90000 6897.43270777
91000 5847.6173913
92000 5847.6173913
93000 2483.21314468
94000 2483.21314468
95000 2483.21314468
96000 2483.21314468
97000 2483.21314468
98000 4102.62718357
99000 4102.62718357
100000 4102.62718357
101000 4102.62718357
102000 5722.04122246
103000 5722.04122246
104000 5722.04122246
105000 5268.29441624
106000 5268.29441624
107000 5268.29441624
108000 5268.29441624
109000 2845.67570332
110000 2845.67570332
111000 2845.67570332
112000 2845.67570332
113000 2845.67570332
114000 2845.67570332
115000 7598.41593439
116000 4840.38025146
117000 4840.38025146
118000 4840.38025146
119000 4840.38025146
120000 6772.69804248
121000 6772.69804248
122000 2773.84609298
123000 2773.84609298
124000 2773.84609298
125000 2773.84609298
126000 2773.84609298
127000 2773.84609298
128000 7221.28063241
129000 7221.28063241
130000 3025.28038702
131000 3025.28038702
132000 3025.28038702
133000 3025.28038702
134000 3025.28038702
135000 5359.81037037
136000 5359.81037037
137000 5359.81037037
138000 3379.01515152
139000 3379.01515152
140000 3379.01515152
141000 3379.01515152
142000 9728.8797954
143000 9728.8797954
144000 5487.11404959
145000 5487.11404959
146000 9989.57127312
147000 9989.57127312
148000 4813.9377364
149000 4813.9377364
150000 4813.9377364
151000 4813.9377364
152000 15625.7838364
153000 3829.25073252
154000 3829.25073252
155000 3829.25073252
156000 3829.25073252
157000 3829.25073252
158000 10860.1015228
159000 10860.1015228
160000 6659.94775036
161000 6659.94775036
162000 6659.94775036
163000 9834.7571169
164000 9633.38770227
165000 9633.38770227
166000 8315.29211087
167000 8315.29211087
168000 9385.42635659
169000 9385.42635659
170000 4845.2555332
171000 4845.2555332
172000 4845.2555332
173000 4845.2555332
174000 8309.4726657
175000 8309.4726657
176000 5322.90539166
177000 5726.12255229
178000 5726.12255229
179000 5726.12255229
180000 5726.12255229
181000 5726.12255229
182000 5726.12255229
183000 6129.33971292
184000 1663.68910479
185000 1663.68910479
186000 1663.68910479
187000 7714.96296296
188000 2704.18597194
189000 2704.18597194
190000 2704.18597194
191000 4193.41075269
192000 4193.41075269
193000 15909.5583127
194000 4064.39004571
195000 4064.39004571
196000 4145.72143453
197000 4145.72143453
198000 4092.72909221
199000 4092.72909221
200000 8036.38642298
201000 3911.62703963
202000 3911.62703963
203000 2199.71068124
204000 2199.71068124
205000 2199.71068124
206000 2199.71068124
207000 10880.7296417
208000 3608.91907187
209000 1918.56688818
210000 1918.56688818
211000 1918.56688818
212000 1918.56688818
213000 7464.0
214000 8495.29693742
215000 13068.1476274
216000 6917.16341213
217000 6270.39405204
218000 8058.1390435
219000 8058.1390435
220000 9845.88403495
221000 8844.46604718
222000 8844.46604718
223000 10706.6813533
224000 8486.17385159
225000 8486.17385159
226000 10324.7928889
227000 3476.52796421
228000 3476.52796421
229000 3476.52796421
230000 3476.52796421
231000 5160.51376147
232000 5160.51376147
233000 4106.56565657
234000 4106.56565657
235000 4106.56565657
236000 4710.45262334
237000 4710.45262334
238000 4710.45262334
239000 5158.93900039
240000 5158.93900039
241000 5158.93900039
242000 3529.41495063
243000 3529.41495063
244000 3529.41495063
245000 6121.08296943
246000 6121.08296943
247000 6121.08296943
248000 5656.27487729
249000 5656.27487729
250000 4291.56125722
251000 4291.56125722
252000 4291.56125722
253000 5118.85669903
254000 5118.85669903
255000 5118.85669903
256000 2887.4843288
257000 2887.4843288
258000 2887.4843288
259000 1999.89904546
260000 1999.89904546
261000 1999.89904546
262000 1999.89904546
263000 1999.89904546
264000 1999.89904546
265000 1999.89904546
266000 6897.43270777
267000 6897.43270777
268000 5847.6173913
269000 5847.6173913
270000 2483.21314468
271000 2483.21314468
272000 2483.21314468
273000 2483.21314468
274000 2483.21314468
275000 4102.62718357
276000 4102.62718357
277000 4102.62718357
278000 4102.62718357
279000 5722.04122246
280000 5722.04122246
281000 5722.04122246
282000 5268.29441624
283000 5268.29441624
284000 5268.29441624
285000 5268.29441624
286000 2845.67570332
287000 2845.67570332
288000 2845.67570332
289000 2845.67570332
290000 2845.67570332
291000 2845.67570332
292000 7598.41593439
293000 4840.38025146
294000 4840.38025146
295000 4840.38025146
296000 4840.38025146
297000 6772.69804248
298000 6772.69804248
299000 2773.84609298
300000 2773.84609298
301000 2773.84609298
302000 2773.84609298
303000 2773.84609298
304000 2773.84609298
305000 7221.28063241
306000 7221.28063241
307000 3025.28038702
308000 3025.28038702
309000 3025.28038702
310000 3025.28038702
311000 3025.28038702
312000 5359.81037037
313000 5359.81037037
314000 5359.81037037
315000 3379.01515152
316000 3379.01515152
317000 3379.01515152
318000 3379.01515152
319000 9728.8797954
320000 9728.8797954
321000 5487.11404959
322000 5487.11404959
323000 9989.57127312
324000 9989.57127312
325000 4813.9377364
326000 4813.9377364
327000 4813.9377364
328000 4813.9377364
329000 15625.7838364
330000 3829.25073252
331000 3829.25073252
332000 3829.25073252
333000 3829.25073252
334000 3829.25073252
335000 10860.1015228
336000 10860.1015228
337000 6659.94775036
338000 6659.94775036
339000 6659.94775036
340000 9834.7571169
341000 9633.38770227
342000 9633.38770227
343000 8315.29211087
344000 8315.29211087
345000 9385.42635659
346000 9385.42635659
347000 4845.2555332
348000 4845.2555332
349000 4845.2555332
350000 4845.2555332
351000 8309.4726657
352000 8309.4726657
353000 5322.90539166
