0 6685.52258065
1000 6685.52258065
2000 6685.52258065
3000 6685.52258065
4000 6685.52258065
5000 6504.31461758
6000 6504.31461758
7000 6323.10665451
8000 6323.10665451
9000 6856.58145363
10000 6856.58145363
11000 6837.64412071
12000 6837.64412071
13000 6834.17981561
14000 6834.17981561
15000 6834.17981561
16000 6830.71551052
17000 6830.71551052
18000 6830.71551052
19000 6721.53775744
20000 6721.53775744
21000 6721.53775744
22000 6741.42203742
23000 6741.42203742
24000 6741.42203742
25000 6654.07826424
26000 6654.07826424
27000 6738.98392283
28000 6738.98392283
29000 6738.98392283
30000 6678.57030812
31000 6678.57030812
32000 6678.57030812
33000 6618.1566934
34000 6618.1566934
35000 6618.1566934
36000 6618.1566934
37000 6907.65132648
38000 6907.65132648
39000 6907.65132648
40000 6907.65132648
41000 5952.52702007
42000 5952.52702007
43000 5952.52702007
44000 5952.52702007
45000 6822.88572259
46000 6822.88572259
47000 6822.88572259
48000 6727.7496344
49000 6727.7496344
50000 6727.7496344
51000 6727.7496344
52000 6615.43908046
53000 6615.43908046
54000 6615.43908046
55000 6503.71754481
56000 6503.71754481
57000 6503.71754481
58000 6503.71754481
59000 6849.769956
60000 6849.769956
61000 6849.769956
62000 6778.02109939
63000 6778.02109939
64000 6778.02109939
65000 6778.02109939
66000 6716.6913135
67000 6716.6913135
68000 6716.6913135
69000 6716.6913135
70000 5070.08595481
71000 5070.08595481
72000 5070.08595481
73000 5070.08595481
74000 6798.3100912
75000 6798.3100912
76000 6798.3100912
77000 6798.3100912
78000 6702.86614173
79000 6702.86614173
80000 6702.86614173
81000 6843.2467371
82000 6843.2467371
83000 6843.2467371
84000 6843.2467371
85000 6664.38546069
86000 6664.38546069
87000 6664.38546069
88000 6920.54923889
89000 6920.54923889
90000 6920.54923889
91000 6920.54923889
92000 6716.03168533
93000 6716.03168533
94000 6716.03168533
95000 6716.03168533
96000 6835.97740113
97000 6835.97740113
98000 6835.97740113
99000 5943.55521394
100000 5943.55521394
101000 5943.55521394
102000 5943.55521394
103000 5146.45116601
104000 5146.45116601
105000 5146.45116601
106000 5146.45116601
107000 5146.45116601
108000 6268.94180459
109000 6268.94180459
110000 6268.94180459
111000 6268.94180459
112000 6923.5862069
113000 6923.5862069
114000 6923.5862069
115000 6811.05668934
116000 6811.05668934
117000 6811.05668934
118000 6811.05668934
119000 6759.09808343
120000 6759.09808343
121000 6759.09808343
122000 6850.62279671
123000 6850.62279671
124000 6850.62279671
125000 6850.62279671
126000 6789.71500314
127000 6789.71500314
128000 6789.71500314
129000 6797.11104832
130000 6797.11104832
131000 6797.11104832
132000 6797.11104832
133000 6703.14862385
134000 6703.14862385
135000 6703.14862385
136000 6794.76643284
137000 6794.76643284
138000 6794.76643284
139000 6794.76643284
140000 6910.30672646
141000 6910.30672646
142000 6910.30672646
143000 6910.30672646
144000 6609.89167152
145000 6609.89167152
146000 6609.89167152
147000 5934.32485323
148000 5934.32485323
149000 5934.32485323
150000 5934.32485323
151000 6036.04828974
152000 6036.04828974
153000 6036.04828974
154000 6036.04828974
155000 6864.98191521
156000 6864.98191521
157000 6864.98191521
158000 6864.98191521
159000 6636.81901932
160000 6636.81901932
161000 6636.81901932
162000 6689.04
163000 6689.04
164000 6689.04
165000 6687.28129032
166000 6687.28129032
167000 6687.28129032
168000 6685.52258065
169000 6504.31461758
170000 6504.31461758
171000 6323.10665451
172000 6323.10665451
173000 6323.10665451
174000 6856.58145363
175000 6856.58145363
176000 6837.64412071
177000 6837.64412071
178000 6834.17981561
179000 6834.17981561
180000 6834.17981561
181000 6830.71551052
182000 6830.71551052
183000 6721.53775744
184000 6721.53775744
185000 6721.53775744
186000 6741.42203742
187000 6741.42203742
188000 6741.42203742
189000 6654.07826424
190000 6654.07826424
191000 6654.07826424
192000 6738.98392283
193000 6738.98392283
194000 6678.57030812
195000 6678.57030812
196000 6678.57030812
197000 6678.57030812
198000 6618.1566934
199000 6618.1566934
200000 6618.1566934
201000 6907.65132648
202000 6907.65132648
203000 6907.65132648
204000 6907.65132648
205000 5952.52702007
206000 5952.52702007
207000 5952.52702007
208000 5952.52702007
209000 6822.88572259
210000 6822.88572259
211000 6822.88572259
212000 6822.88572259
213000 6727.7496344
214000 6727.7496344
215000 6727.7496344
216000 6615.43908046
217000 6615.43908046
218000 6615.43908046
219000 6615.43908046
220000 6503.71754481
221000 6503.71754481
222000 6503.71754481
223000 6503.71754481
224000 6849.769956
225000 6849.769956
226000 6849.769956
227000 6778.02109939
228000 6778.02109939
229000 6778.02109939
230000 6778.02109939
231000 6716.6913135
232000 6716.6913135
233000 6716.6913135
234000 5070.08595481
235000 5070.08595481
236000 5070.08595481
237000 5070.08595481
238000 5070.08595481
239000 6798.3100912
240000 6798.3100912
241000 6798.3100912
242000 6702.86614173
243000 6702.86614173
244000 6702.86614173
245000 6702.86614173
246000 6843.2467371
247000 6843.2467371
248000 6843.2467371
249000 6664.38546069
250000 6664.38546069
251000 6664.38546069
252000 6664.38546069
253000 6920.54923889
254000 6920.54923889
255000 6920.54923889
256000 6716.03168533
257000 6716.03168533
258000 6716.03168533
259000 6716.03168533
260000 6835.97740113
261000 6835.97740113
262000 6835.97740113
263000 6835.97740113
264000 5943.55521394
265000 5943.55521394
266000 5943.55521394
267000 5943.55521394
268000 5146.45116601
269000 5146.45116601
270000 5146.45116601
271000 5146.45116601
272000 6268.94180459
273000 6268.94180459
274000 6268.94180459
275000 6268.94180459
276000 6923.5862069
277000 6923.5862069
278000 6923.5862069
279000 6923.5862069
280000 6811.05668934
281000 6811.05668934
282000 6811.05668934
283000 6759.09808343
284000 6759.09808343
285000 6759.09808343
286000 6759.09808343
287000 6850.62279671
288000 6850.62279671
289000 6850.62279671
290000 6789.71500314
291000 6789.71500314
292000 6789.71500314
293000 6789.71500314
294000 6797.11104832
295000 6797.11104832
296000 6797.11104832
297000 6703.14862385
298000 6703.14862385
299000 6703.14862385
300000 6703.14862385
301000 6794.76643284
302000 6794.76643284
303000 6794.76643284
304000 6794.76643284
305000 6910.30672646
306000 6910.30672646
307000 6910.30672646
308000 6609.89167152
309000 6609.89167152
310000 6609.89167152
311000 6609.89167152
312000 5934.32485323
313000 5934.32485323
314000 5934.32485323
315000 5934.32485323
316000 6036.04828974
317000 6036.04828974
318000 6036.04828974
319000 6036.04828974
320000 6864.98191521
321000 6864.98191521
322000 6864.98191521
323000 6636.81901932
324000 6636.81901932
325000 6636.81901932
326000 6636.81901932
327000 6689.04
328000 6689.04
