0 2489.2976378
1000 2489.2976378
2000 2489.2976378
3000 2489.2976378
4000 2489.2976378
5000 2489.2976378
6000 2763.46655289
7000 3037.63546798
8000 2105.06808134
9000 2105.06808134
10000 2265.52402637
11000 2425.97997139
12000 2425.97997139
13000 2198.15384615
14000 2198.15384615
15000 2133.83698707
16000 2647.45558734
17000 2647.45558734
18000 2647.45558734
19000 3161.07418761
20000 3161.07418761
21000 2254.2791762
22000 2254.2791762
23000 2494.86417965
24000 2494.86417965
25000 2494.86417965
26000 2419.85156993
27000 2419.85156993
28000 3916.17014178
29000 3916.17014178
30000 2470.47209421
31000 2470.47209421
32000 3365.90374332
33000 3365.90374332
34000 2769.12941176
35000 2769.12941176
36000 2769.12941176
37000 2801.45328118
38000 2801.45328118
39000 2452.80914286
40000 2452.80914286
41000 2452.80914286
42000 2345.02027469
43000 2345.02027469
44000 2345.02027469
45000 2399.43859649
46000 2399.43859649
47000 2399.43859649
48000 3238.79610004
49000 3238.79610004
50000 3238.79610004
51000 2499.40847983
52000 2499.40847983
53000 2499.40847983
54000 2260.08547628
55000 2260.08547628
56000 2260.08547628
57000 3285.79104478
58000 3285.79104478
59000 2658.0
60000 2658.0
61000 2001.35562482
62000 2001.35562482
63000 2001.35562482
64000 2001.35562482
65000 2544.14953271
66000 2544.14953271
67000 2544.14953271
68000 3246.45527015
69000 3246.45527015
70000 3246.45527015
71000 4942.013947
72000 4661.60212202
73000 4661.60212202
74000 4642.7826087
75000 4642.7826087
76000 4689.08387097
77000 4692.09061489
78000 4968.3460297
79000 4968.3460297
80000 4951.31271478
81000 4951.31271478
82000 4981.91584602
83000 4397.56521739
84000 4397.56521739
85000 5105.98123827
86000 4800.70963271
87000 4800.70963271
88000 4679.66889186
89000 4758.12617114
90000 4758.12617114
91000 4786.96598639
92000 4770.85427136
93000 4770.85427136
94000 4788.34016139
95000 4788.34016139
96000 4498.33682739
97000 4707.26570048
98000 4707.26570048
99000 4692.52102916
100000 4692.52102916
101000 4692.52102916
102000 4677.77635783
103000 4677.77635783
104000 4677.77635783
105000 4704.12642669
106000 4704.12642669
107000 4704.12642669
108000 4949.68643143
109000 4949.68643143
110000 4949.68643143
111000 4802.46153846
112000 4802.46153846
113000 4802.46153846
114000 4791.23727599
115000 4791.23727599
116000 4791.23727599
117000 4765.59364783
118000 4765.59364783
119000 4765.59364783
120000 4830.88455389
121000 4830.88455389
122000 4830.88455389
123000 4806.37851026
124000 4806.37851026
125000 4806.37851026
126000 4806.37851026
127000 4781.87246663
128000 4781.87246663
129000 4781.87246663
130000 4781.87246663
131000 4787.14207351
132000 4787.14207351
133000 4787.14207351
134000 4787.14207351
135000 4832.28632785
136000 4832.28632785
137000 4832.28632785
138000 4724.47153319
139000 4724.47153319
140000 4724.47153319
141000 4724.47153319
142000 4724.47153319
143000 4678.63787611
144000 4678.63787611
145000 4707.07949791
146000 4707.07949791
147000 4707.07949791
148000 4707.07949791
149000 4722.01429357
150000 4722.01429357
151000 4722.01429357
152000 4722.01429357
153000 4682.32231617
154000 4682.32231617
155000 4682.32231617
156000 4682.32231617
157000 4702.86294416
158000 4702.86294416
159000 4702.86294416
160000 4766.64332604
161000 4766.64332604
162000 4766.64332604
163000 4776.84126984
164000 4776.84126984
165000 4776.84126984
166000 4776.84126984
167000 4776.84126984
168000 4694.44626021
169000 4694.44626021
170000 4694.44626021
171000 4733.25077994
172000 4733.25077994
173000 4733.25077994
174000 4733.25077994
175000 4798.58536585
176000 4798.58536585
177000 4798.58536585
178000 4798.58536585
179000 4766.80773286
180000 4766.80773286
181000 4766.80773286
182000 3722.4888189
183000 3722.4888189
184000 3722.4888189
185000 3722.4888189
186000 2489.2976378
187000 2763.46655289
188000 3037.63546798
189000 3037.63546798
190000 2105.06808134
191000 2265.52402637
192000 2265.52402637
193000 2425.97997139
194000 2198.15384615
195000 2198.15384615
196000 2133.83698707
197000 2133.83698707
198000 2647.45558734
199000 2647.45558734
200000 3161.07418761
201000 3161.07418761
202000 2254.2791762
203000 2254.2791762
204000 2494.86417965
205000 2494.86417965
206000 2494.86417965
207000 2419.85156993
208000 2419.85156993
209000 3916.17014178
210000 3916.17014178
211000 2470.47209421
212000 2470.47209421
213000 3365.90374332
214000 3365.90374332
215000 2769.12941176
216000 2769.12941176
217000 2769.12941176
218000 2801.45328118
219000 2801.45328118
220000 2801.45328118
221000 2452.80914286
222000 2452.80914286
223000 2452.80914286
224000 2345.02027469
225000 2345.02027469
226000 2345.02027469
227000 2399.43859649
228000 2399.43859649
229000 2399.43859649
230000 3238.79610004
231000 3238.79610004
232000 2499.40847983
233000 2499.40847983
234000 2499.40847983
235000 2260.08547628
236000 2260.08547628
237000 2260.08547628
238000 3285.79104478
239000 3285.79104478
240000 2658.0
241000 2658.0
242000 2658.0
243000 2001.35562482
244000 2001.35562482
245000 2001.35562482
246000 2544.14953271
247000 2544.14953271
248000 2544.14953271
249000 2544.14953271
250000 3246.45527015
251000 3246.45527015
252000 4942.013947
253000 4942.013947
254000 4661.60212202
255000 4642.7826087
256000 4642.7826087
257000 4689.08387097
258000 4692.09061489
259000 4692.09061489
260000 4968.3460297
261000 4968.3460297
262000 4951.31271478
263000 4981.91584602
264000 4397.56521739
265000 4397.56521739
266000 5105.98123827
267000 5105.98123827
268000 4800.70963271
269000 4679.66889186
270000 4679.66889186
271000 4758.12617114
272000 4786.96598639
273000 4786.96598639
274000 4770.85427136
275000 4788.34016139
276000 4788.34016139
277000 4498.33682739
278000 4498.33682739
279000 4707.26570048
280000 4692.52102916
281000 4692.52102916
282000 4692.52102916
283000 4692.52102916
284000 4677.77635783
285000 4677.77635783
286000 4677.77635783
287000 4704.12642669
288000 4704.12642669
289000 4949.68643143
290000 4949.68643143
291000 4949.68643143
292000 4802.46153846
293000 4802.46153846
294000 4802.46153846
295000 4802.46153846
296000 4791.23727599
297000 4791.23727599
298000 4791.23727599
299000 4765.59364783
300000 4765.59364783
301000 4830.88455389
302000 4830.88455389
303000 4830.88455389
304000 4806.37851026
305000 4806.37851026
306000 4806.37851026
307000 4806.37851026
308000 4781.87246663
309000 4781.87246663
310000 4781.87246663
311000 4781.87246663
312000 4781.87246663
313000 4787.14207351
314000 4787.14207351
315000 4787.14207351
316000 4787.14207351
317000 4832.28632785
318000 4832.28632785
319000 4832.28632785
320000 4724.47153319
321000 4724.47153319
322000 4724.47153319
323000 4724.47153319
324000 4678.63787611
325000 4678.63787611
326000 4678.63787611
327000 4707.07949791
328000 4707.07949791
329000 4707.07949791
330000 4722.01429357
331000 4722.01429357
332000 4722.01429357
333000 4722.01429357
334000 4682.32231617
335000 4682.32231617
336000 4682.32231617
337000 4682.32231617
338000 4702.86294416
339000 4702.86294416
340000 4702.86294416
341000 4766.64332604
342000 4766.64332604
343000 4766.64332604
344000 4766.64332604
345000 4776.84126984
346000 4776.84126984
347000 4776.84126984
348000 4776.84126984
349000 4694.44626021
350000 4694.44626021
351000 4694.44626021
352000 4733.25077994
353000 4733.25077994
354000 4733.25077994
355000 4733.25077994
356000 4733.25077994
357000 4798.58536585
358000 4798.58536585
359000 4798.58536585
360000 4766.80773286
361000 4766.80773286
362000 4766.80773286
