0 7593.7874965
1000 7593.7874965
2000 7593.7874965
3000 7593.7874965
4000 7593.7874965
5000 7593.7874965
6000 7593.7874965
7000 7593.7874965
8000 7593.7874965
9000 7593.7874965
10000 7593.7874965
11000 7593.7874965
12000 7593.7874965
13000 7593.7874965
14000 7593.7874965
15000 3417.8721691
16000 3417.8721691
17000 3417.8721691
18000 3417.8721691
19000 3417.8721691
20000 3417.8721691
21000 3417.8721691
22000 3417.8721691
23000 8167.06976744
24000 8167.06976744
25000 8167.06976744
26000 6025.59859155
27000 6025.59859155
28000 6025.59859155
29000 6025.59859155
30000 6025.59859155
31000 6523.21055457
32000 6523.21055457
33000 6523.21055457
34000 6523.21055457
35000 6523.21055457
36000 6523.21055457
37000 6523.21055457
38000 6523.21055457
39000 7020.82251759
40000 7020.82251759
41000 7020.82251759
42000 7020.82251759
43000 7020.82251759
44000 9435.51791531
45000 9435.51791531
46000 9435.51791531
47000 9435.51791531
48000 6584.73040978
49000 6584.73040978
50000 6584.73040978
51000 6584.73040978
52000 6584.73040978
53000 6584.73040978
54000 7157.53508237
55000 7157.53508237
56000 7157.53508237
57000 7157.53508237
58000 7157.53508237
59000 6935.53611394
60000 6935.53611394
61000 6935.53611394
62000 6935.53611394
63000 6935.53611394
64000 6341.34318651
65000 6341.34318651
66000 6341.34318651
67000 6341.34318651
68000 6341.34318651
69000 6341.34318651
70000 6341.34318651
71000 6341.34318651
72000 6341.34318651
73000 6341.34318651
74000 6341.34318651
75000 6341.34318651
76000 6341.34318651
77000 6341.34318651
78000 6341.34318651
79000 6341.34318651
80000 6341.34318651
81000 6341.34318651
82000 5747.15025907
83000 6345.40634006
84000 6165.84529877
85000 5986.28425749
86000 5986.28425749
87000 3659.88332087
88000 3659.88332087
89000 3659.88332087
90000 6233.75751721
91000 6233.75751721
92000 8807.63171355
93000 8807.63171355
94000 8495.88010874
95000 8495.88010874
96000 8495.88010874
97000 8495.88010874
98000 8495.88010874
99000 8495.88010874
100000 8495.88010874
101000 8184.12850394
102000 8184.12850394
103000 8184.12850394
104000 5024.80549199
105000 5024.80549199
106000 5024.80549199
107000 5024.80549199
108000 5024.80549199
109000 12184.0898876
110000 12184.0898876
111000 9651.06823975
112000 9651.06823975
113000 9651.06823975
114000 9651.06823975
115000 9651.06823975
116000 9651.06823975
117000 9651.06823975
118000 7118.04659189
119000 7118.04659189
120000 7118.04659189
121000 7118.04659189
122000 7118.04659189
123000 8178.90515249
124000 8178.90515249
125000 8178.90515249
126000 8178.90515249
127000 8178.90515249
128000 8178.90515249
129000 8178.90515249
130000 8178.90515249
131000 8178.90515249
132000 8178.90515249
133000 8178.90515249
134000 3216.7641791
135000 5323.56435644
136000 7367.779978
137000 13241.9389002
138000 13241.9389002
139000 8899.41929249
140000 8899.41929249
141000 4556.89968478
142000 4556.89968478
143000 4556.89968478
144000 4556.89968478
145000 4556.89968478
146000 4556.89968478
147000 14914.740697
148000 14914.740697
149000 12934.7360752
150000 12934.7360752
151000 12934.7360752
152000 12934.7360752
153000 12934.7360752
154000 12934.7360752
155000 12934.7360752
156000 12934.7360752
157000 12934.7360752
158000 12934.7360752
159000 12934.7360752
160000 12934.7360752
161000 12934.7360752
162000 10954.7314534
163000 10954.7314534
164000 10954.7314534
165000 3613.62127222
166000 3613.62127222
167000 3613.62127222
168000 3613.62127222
169000 3613.62127222
170000 3613.62127222
171000 3613.62127222
172000 4904.92335009
173000 4904.92335009
174000 4904.92335009
175000 4904.92335009
176000 4904.92335009
177000 4904.92335009
178000 6196.22542797
179000 6196.22542797
180000 6196.22542797
181000 6196.22542797
182000 6196.22542797
183000 6196.22542797
184000 13348.661506
185000 13348.661506
186000 1810.57404022
187000 2391.95368678
188000 2391.95368678
189000 2391.95368678
190000 2391.95368678
191000 2391.95368678
192000 2391.95368678
193000 2391.95368678
194000 2391.95368678
195000 2391.95368678
196000 2391.95368678
197000 2391.95368678
198000 2973.33333333
199000 3948.81294017
200000 3948.81294017
201000 3948.81294017
202000 3948.81294017
203000 3948.81294017
204000 3948.81294017
205000 3948.81294017
206000 3948.81294017
207000 3948.81294017
208000 3948.81294017
209000 3948.81294017
210000 7593.7874965
211000 7593.7874965
212000 7593.7874965
213000 7593.7874965
214000 3417.8721691
215000 3417.8721691
216000 3417.8721691
217000 3417.8721691
218000 3417.8721691
219000 3417.8721691
220000 3417.8721691
221000 3417.8721691
222000 8167.06976744
223000 8167.06976744
224000 8167.06976744
225000 6025.59859155
226000 6025.59859155
227000 6025.59859155
228000 6025.59859155
229000 6025.59859155
230000 6523.21055457
231000 6523.21055457
232000 6523.21055457
233000 6523.21055457
234000 6523.21055457
235000 6523.21055457
236000 6523.21055457
237000 7020.82251759
238000 7020.82251759
239000 7020.82251759
240000 7020.82251759
241000 7020.82251759
242000 7020.82251759
243000 9435.51791531
244000 9435.51791531
245000 9435.51791531
246000 9435.51791531
247000 6584.73040978
248000 6584.73040978
249000 6584.73040978
250000 6584.73040978
251000 6584.73040978
252000 6584.73040978
253000 7157.53508237
254000 7157.53508237
255000 7157.53508237
256000 7157.53508237
257000 7157.53508237
258000 6935.53611394
259000 6935.53611394
260000 6935.53611394
261000 6935.53611394
262000 6935.53611394
263000 6341.34318651
264000 6341.34318651
265000 6341.34318651
266000 6341.34318651
267000 6341.34318651
268000 6341.34318651
269000 6341.34318651
270000 6341.34318651
271000 6341.34318651
272000 6341.34318651
273000 6341.34318651
274000 6341.34318651
275000 6341.34318651
276000 6341.34318651
277000 6341.34318651
278000 6341.34318651
279000 6341.34318651
280000 6341.34318651
281000 5747.15025907
282000 6165.84529877
283000 6165.84529877
284000 5986.28425749
285000 5986.28425749
286000 3659.88332087
287000 3659.88332087
288000 3659.88332087
289000 6233.75751721
290000 6233.75751721
291000 8807.63171355
292000 8807.63171355
293000 8495.88010874
294000 8495.88010874
295000 8495.88010874
296000 8495.88010874
297000 8495.88010874
298000 8495.88010874
299000 8184.12850394
300000 8184.12850394
301000 8184.12850394
302000 8184.12850394
303000 5024.80549199
304000 5024.80549199
305000 5024.80549199
306000 5024.80549199
307000 5024.80549199
308000 12184.0898876
309000 12184.0898876
310000 9651.06823975
311000 9651.06823975
312000 9651.06823975
313000 9651.06823975
314000 9651.06823975
315000 9651.06823975
316000 7118.04659189
317000 7118.04659189
318000 7118.04659189
319000 7118.04659189
320000 7118.04659189
321000 7118.04659189
322000 8178.90515249
323000 8178.90515249
324000 8178.90515249
325000 8178.90515249
326000 8178.90515249
327000 8178.90515249
328000 8178.90515249
329000 8178.90515249
330000 8178.90515249
331000 8178.90515249
332000 8178.90515249
333000 3216.7641791
334000 6345.67216722
335000 7367.779978
336000 13241.9389002
337000 8899.41929249
338000 8899.41929249
339000 8899.41929249
340000 4556.89968478
341000 4556.89968478
342000 4556.89968478
343000 4556.89968478
344000 4556.89968478
345000 14914.740697
346000 14914.740697
347000 12934.7360752
348000 12934.7360752
349000 12934.7360752
350000 12934.7360752
351000 12934.7360752
352000 12934.7360752
353000 12934.7360752
354000 12934.7360752
355000 12934.7360752
356000 12934.7360752
357000 12934.7360752
358000 12934.7360752
359000 12934.7360752
360000 12934.7360752
361000 10954.7314534
362000 10954.7314534
363000 10954.7314534
364000 3613.62127222
365000 3613.62127222
366000 3613.62127222
367000 3613.62127222
368000 3613.62127222
369000 3613.62127222
370000 3613.62127222
371000 4904.92335009
372000 4904.92335009
373000 4904.92335009
374000 4904.92335009
375000 4904.92335009
376000 4904.92335009
377000 6196.22542797
378000 6196.22542797
379000 6196.22542797
380000 6196.22542797
381000 6196.22542797
382000 6196.22542797
383000 13348.661506
384000 13348.661506
385000 1810.57404022
386000 2391.95368678
387000 2391.95368678
388000 2391.95368678
389000 2391.95368678
390000 2391.95368678
391000 2391.95368678
392000 2391.95368678
393000 2391.95368678
394000 2391.95368678
395000 2391.95368678
396000 2391.95368678
397000 2973.33333333
