0 5296.46043165
1000 5296.46043165
2000 5296.46043165
3000 5296.46043165
4000 5296.46043165
5000 5296.46043165
6000 5296.46043165
7000 4395.24210526
8000 4395.24210526
9000 4214.78346181
10000 4214.78346181
11000 4189.11332609
12000 4189.11332609
13000 4189.11332609
14000 4163.44319037
15000 4163.44319037
16000 4163.44319037
17000 4163.44319037
18000 4769.40311174
19000 4769.40311174
20000 4769.40311174
21000 4689.55555556
22000 4689.55555556
23000 4116.95937674
24000 4116.95937674
25000 4281.08282828
26000 4281.08282828
27000 4281.08282828
28000 4281.08282828
29000 4336.03566701
30000 4336.03566701
31000 4390.98850575
32000 4390.98850575
33000 4390.98850575
34000 4390.98850575
35000 4751.01452644
36000 4751.01452644
37000 4751.01452644
38000 4751.01452644
39000 4757.05767413
40000 4757.05767413
41000 4757.05767413
42000 4757.05767413
43000 4492.16703297
44000 4492.16703297
45000 4492.16703297
46000 4492.16703297
47000 4023.47990074
48000 4023.47990074
49000 4023.47990074
50000 4023.47990074
51000 4742.57205134
52000 4742.57205134
53000 4742.57205134
54000 4742.57205134
55000 4742.57205134
56000 4367.36396096
57000 4367.36396096
58000 4367.36396096
59000 4367.36396096
60000 4508.59435506
61000 4508.59435506
62000 4508.59435506
63000 4508.59435506
64000 4508.59435506
65000 4508.59435506
66000 4508.59435506
67000 4508.59435506
68000 4508.59435506
69000 4649.82474916
70000 4649.82474916
71000 4649.82474916
72000 4710.41551247
73000 4710.41551247
74000 4710.41551247
75000 4676.11828405
76000 4676.11828405
77000 4676.11828405
78000 4189.1547619
79000 4189.1547619
80000 4189.1547619
81000 4189.51698806
82000 4189.51698806
83000 4189.51698806
84000 4599.31161376
85000 4599.31161376
86000 5009.10623946
87000 5009.10623946
88000 5009.10623946
89000 5009.10623946
90000 5009.10623946
91000 5009.10623946
92000 4280.48080651
93000 4280.48080651
94000 4280.48080651
95000 4617.77504144
96000 4617.77504144
97000 4617.77504144
98000 4617.77504144
99000 4371.35504038
100000 4371.35504038
101000 4371.35504038
102000 4371.35504038
103000 4371.35504038
104000 4669.92
105000 4669.92
106000 4669.92
107000 4669.92
108000 4510.1703163
109000 4510.1703163
110000 4510.1703163
111000 4510.1703163
112000 4265.6933369
113000 4265.6933369
114000 4265.6933369
115000 4265.6933369
116000 4289.53055802
117000 4289.53055802
118000 4289.53055802
119000 4236.40364299
120000 4236.40364299
121000 4236.40364299
122000 4400.0698385
123000 4400.0698385
124000 4400.0698385
125000 4400.0698385
126000 4400.0698385
127000 4474.7107438
128000 4474.7107438
129000 4474.7107438
130000 4474.7107438
131000 4147.85100287
132000 4147.85100287
133000 4147.85100287
134000 4147.85100287
135000 4339.94202899
136000 4339.94202899
137000 4339.94202899
138000 4282.45930935
139000 4282.45930935
140000 4282.45930935
141000 4282.45930935
142000 4282.45930935
143000 4677.36946326
144000 4677.36946326
145000 4677.36946326
146000 4677.36946326
147000 4381.61821366
148000 4381.61821366
149000 4381.61821366
150000 4381.61821366
151000 4381.61821366
152000 4333.45454545
153000 4333.45454545
154000 4333.45454545
155000 4333.45454545
156000 4333.45454545
157000 4480.60721063
158000 4480.60721063
159000 4480.60721063
160000 4397.71817409
161000 4397.71817409
162000 4397.71817409
163000 4397.71817409
164000 4401.92658908
165000 4401.92658908
166000 4401.92658908
167000 4401.92658908
168000 4401.92658908
169000 4330.82808717
170000 4330.82808717
171000 4330.82808717
172000 4275.39261286
173000 4275.39261286
174000 4275.39261286
175000 4275.39261286
176000 4044.92444444
177000 4044.92444444
178000 4670.69243805
179000 4670.69243805
180000 4670.69243805
181000 4670.69243805
182000 4670.69243805
183000 5296.46043165
184000 4395.24210526
185000 4395.24210526
186000 4214.78346181
187000 4214.78346181
188000 4189.11332609
189000 4189.11332609
190000 4189.11332609
191000 4163.44319037
192000 4163.44319037
193000 4163.44319037
194000 4163.44319037
195000 4769.40311174
196000 4769.40311174
197000 4769.40311174
198000 4689.55555556
199000 4689.55555556
200000 4689.55555556
201000 4116.95937674
202000 4116.95937674
203000 4281.08282828
204000 4281.08282828
205000 4281.08282828
206000 4336.03566701
207000 4336.03566701
208000 4390.98850575
209000 4390.98850575
210000 4390.98850575
211000 4390.98850575
212000 4751.01452644
213000 4751.01452644
214000 4751.01452644
215000 4751.01452644
216000 4757.05767413
217000 4757.05767413
218000 4757.05767413
219000 4757.05767413
220000 4492.16703297
221000 4492.16703297
222000 4492.16703297
223000 4492.16703297
224000 4023.47990074
225000 4023.47990074
226000 4023.47990074
227000 4023.47990074
228000 4742.57205134
229000 4742.57205134
230000 4742.57205134
231000 4742.57205134
232000 4742.57205134
233000 4367.36396096
234000 4367.36396096
235000 4367.36396096
236000 4367.36396096
237000 4367.36396096
238000 4508.59435506
239000 4508.59435506
240000 4508.59435506
241000 4508.59435506
242000 4508.59435506
243000 4508.59435506
244000 4508.59435506
245000 4508.59435506
246000 4649.82474916
247000 4649.82474916
248000 4649.82474916
249000 4710.41551247
250000 4710.41551247
251000 4710.41551247
252000 4710.41551247
253000 4676.11828405
254000 4676.11828405
255000 4189.1547619
256000 4189.1547619
257000 4189.1547619
258000 4189.51698806
259000 4189.51698806
260000 4189.51698806
261000 4599.31161376
262000 4599.31161376
263000 5009.10623946
264000 5009.10623946
265000 5009.10623946
266000 5009.10623946
267000 5009.10623946
268000 5009.10623946
269000 4280.48080651
270000 4280.48080651
271000 4280.48080651
272000 4617.77504144
273000 4617.77504144
274000 4617.77504144
275000 4617.77504144
276000 4617.77504144
277000 4371.35504038
278000 4371.35504038
279000 4371.35504038
280000 4371.35504038
281000 4669.92
282000 4669.92
283000 4669.92
284000 4669.92
285000 4510.1703163
286000 4510.1703163
287000 4510.1703163
288000 4510.1703163
289000 4510.1703163
290000 4265.6933369
291000 4265.6933369
292000 4265.6933369
293000 4265.6933369
294000 4289.53055802
295000 4289.53055802
296000 4236.40364299
297000 4236.40364299
298000 4236.40364299
299000 4400.0698385
300000 4400.0698385
301000 4400.0698385
302000 4400.0698385
303000 4400.0698385
304000 4474.7107438
305000 4474.7107438
306000 4474.7107438
307000 4474.7107438
308000 4147.85100287
309000 4147.85100287
310000 4147.85100287
311000 4147.85100287
312000 4339.94202899
313000 4339.94202899
314000 4339.94202899
315000 4339.94202899
316000 4282.45930935
317000 4282.45930935
318000 4282.45930935
319000 4282.45930935
320000 4677.36946326
321000 4677.36946326
322000 4677.36946326
323000 4677.36946326
324000 4381.61821366
325000 4381.61821366
326000 4381.61821366
327000 4381.61821366
328000 4381.61821366
329000 4333.45454545
330000 4333.45454545
331000 4333.45454545
332000 4333.45454545
333000 4333.45454545
334000 4480.60721063
335000 4480.60721063
336000 4480.60721063
337000 4397.71817409
338000 4397.71817409
339000 4397.71817409
340000 4397.71817409
341000 4401.92658908
342000 4401.92658908
343000 4401.92658908
344000 4401.92658908
345000 4401.92658908
346000 4330.82808717
347000 4330.82808717
348000 4330.82808717
349000 4330.82808717
350000 4275.39261286
351000 4275.39261286
352000 4275.39261286
353000 4044.92444444
354000 4044.92444444
