0 5308.8
1000 5308.8
2000 5308.8
3000 5308.8
4000 4581.49174917
5000 3395.13624125
6000 3395.13624125
7000 4036.29014813
8000 4036.29014813
9000 4677.444055
10000 4677.444055
11000 4677.444055
12000 4677.444055
13000 3137.4721987
14000 3137.4721987
15000 3137.4721987
16000 3137.4721987
17000 3318.9617276
18000 3318.9617276
19000 3318.9617276
20000 3318.9617276
21000 3318.9617276
22000 4273.80582524
23000 4273.80582524
24000 4273.80582524
25000 4676.79149439
26000 4676.79149439
27000 4676.79149439
28000 4676.79149439
29000 4457.39933993
30000 4457.39933993
31000 4457.39933993
32000 4457.39933993
33000 4058.23722018
34000 4058.23722018
35000 4058.23722018
36000 3567.37039858
37000 3567.37039858
38000 3567.37039858
39000 3567.37039858
40000 5207.6
41000 5207.6
42000 5207.6
43000 4851.18459069
44000 4851.18459069
45000 4851.18459069
46000 4851.18459069
47000 3958.03800905
48000 3958.03800905
49000 3958.03800905
50000 3958.03800905
51000 4376.0484115
52000 4376.0484115
53000 3699.59095995
54000 3699.59095995
55000 3699.59095995
56000 3699.59095995
57000 3699.59095995
58000 4755.01473684
59000 4755.01473684
60000 4755.01473684
61000 4755.01473684
62000 4156.44912281
63000 4156.44912281
64000 4156.44912281
65000 4156.44912281
66000 4156.44912281
67000 4128.56263736
68000 4128.56263736
69000 4128.56263736
70000 4662.55130785
71000 4662.55130785
72000 4662.55130785
73000 4662.55130785
74000 4879.52029716
75000 4879.52029716
76000 4879.52029716
77000 4879.52029716
78000 5019.64532548
79000 5019.64532548
80000 5019.64532548
81000 5019.64532548
82000 4079.35328084
83000 4079.35328084
84000 4079.35328084
85000 4079.35328084
86000 2864.89552239
87000 2864.89552239
88000 2864.89552239
89000 2864.89552239
90000 2864.89552239
91000 2864.89552239
92000 3124.81270579
93000 3124.81270579
94000 3124.81270579
95000 3124.81270579
96000 3124.81270579
97000 4377.1261731
98000 4377.1261731
99000 4377.1261731
100000 4377.1261731
101000 4789.79291917
102000 4789.79291917
103000 4789.79291917
104000 4271.67010309
105000 4271.67010309
106000 4271.67010309
107000 4271.67010309
108000 4194.20846136
109000 4194.20846136
110000 4194.20846136
111000 4194.20846136
112000 4390.66890756
113000 4390.66890756
114000 4390.66890756
115000 4390.66890756
116000 4390.66890756
117000 5070.37681159
118000 5070.37681159
119000 5070.37681159
120000 4369.974942
121000 4369.974942
122000 4369.974942
123000 4369.974942
124000 4369.974942
125000 4243.69291339
126000 4243.69291339
127000 4243.69291339
128000 4243.69291339
129000 4169.65459219
130000 4169.65459219
131000 4169.65459219
132000 4169.65459219
133000 4776.37792143
134000 4776.37792143
135000 4776.37792143
136000 4776.37792143
137000 4658.63291139
138000 4658.63291139
139000 4658.63291139
140000 4658.63291139
141000 5024.25732815
142000 5024.25732815
143000 5024.25732815
144000 5024.25732815
145000 4397.59630535
146000 4397.59630535
147000 4397.59630535
148000 4397.59630535
149000 4931.40953475
150000 4931.40953475
151000 4931.40953475
152000 3659.5834579
153000 3659.5834579
154000 3659.5834579
155000 3659.5834579
156000 3659.5834579
157000 3956.4436297
158000 3956.4436297
159000 3956.4436297
160000 3956.4436297
161000 4716.92749004
162000 4716.92749004
163000 4716.92749004
164000 4716.92749004
165000 4596.47530342
166000 4596.47530342
167000 4596.47530342
168000 4596.47530342
169000 4901.61298377
170000 3948.0
171000 4628.4
172000 4628.4
173000 5308.8
174000 4581.49174917
175000 3395.13624125
176000 3395.13624125
177000 4036.29014813
178000 4036.29014813
179000 4677.444055
180000 4677.444055
181000 4677.444055
182000 4677.444055
183000 3137.4721987
184000 3137.4721987
185000 3137.4721987
186000 3137.4721987
187000 3318.9617276
188000 3318.9617276
189000 3318.9617276
190000 3318.9617276
191000 3318.9617276
192000 4273.80582524
193000 4273.80582524
194000 4273.80582524
195000 4676.79149439
196000 4676.79149439
197000 4676.79149439
198000 4676.79149439
199000 4457.39933993
200000 4457.39933993
201000 4457.39933993
202000 4457.39933993
203000 4058.23722018
204000 4058.23722018
205000 4058.23722018
206000 3567.37039858
207000 3567.37039858
208000 3567.37039858
209000 3567.37039858
210000 5207.6
211000 5207.6
212000 5207.6
213000 4851.18459069
214000 4851.18459069
215000 4851.18459069
216000 4851.18459069
217000 3958.03800905
218000 3958.03800905
219000 3958.03800905
220000 3958.03800905
221000 4376.0484115
222000 4376.0484115
223000 3699.59095995
224000 3699.59095995
225000 3699.59095995
226000 3699.59095995
227000 3699.59095995
228000 4755.01473684
229000 4755.01473684
230000 4755.01473684
231000 4755.01473684
232000 4156.44912281
233000 4156.44912281
234000 4156.44912281
235000 4156.44912281
236000 4156.44912281
237000 4128.56263736
238000 4128.56263736
239000 4128.56263736
240000 4662.55130785
241000 4662.55130785
242000 4662.55130785
243000 4662.55130785
244000 4879.52029716
245000 4879.52029716
246000 4879.52029716
247000 4879.52029716
248000 5019.64532548
249000 5019.64532548
250000 5019.64532548
251000 5019.64532548
252000 4079.35328084
253000 4079.35328084
254000 4079.35328084
255000 4079.35328084
256000 2864.89552239
257000 2864.89552239
258000 2864.89552239
259000 2864.89552239
260000 2864.89552239
261000 2864.89552239
262000 3124.81270579
263000 3124.81270579
264000 3124.81270579
265000 3124.81270579
266000 3124.81270579
267000 4377.1261731
268000 4377.1261731
269000 4377.1261731
270000 4377.1261731
271000 4789.79291917
272000 4789.79291917
273000 4789.79291917
274000 4271.67010309
275000 4271.67010309
276000 4271.67010309
277000 4271.67010309
278000 4194.20846136
279000 4194.20846136
280000 4194.20846136
281000 4194.20846136
282000 4390.66890756
283000 4390.66890756
284000 4390.66890756
285000 4390.66890756
286000 4390.66890756
287000 5070.37681159
288000 5070.37681159
289000 5070.37681159
290000 4369.974942
291000 4369.974942
292000 4369.974942
293000 4369.974942
294000 4369.974942
295000 4243.69291339
296000 4243.69291339
297000 4243.69291339
298000 4243.69291339
299000 4169.65459219
300000 4169.65459219
301000 4169.65459219
302000 4169.65459219
303000 4776.37792143
304000 4776.37792143
305000 4776.37792143
306000 4776.37792143
307000 4658.63291139
308000 4658.63291139
309000 4658.63291139
310000 4658.63291139
311000 5024.25732815
312000 5024.25732815
313000 5024.25732815
314000 5024.25732815
315000 4397.59630535
316000 4397.59630535
317000 4397.59630535
318000 4397.59630535
319000 4931.40953475
320000 4931.40953475
321000 4931.40953475
322000 3659.5834579
323000 3659.5834579
324000 3659.5834579
325000 3659.5834579
326000 3659.5834579
327000 3956.4436297
328000 3956.4436297
329000 3956.4436297
330000 3956.4436297
331000 4716.92749004
332000 4716.92749004
333000 4716.92749004
334000 4716.92749004
335000 4596.47530342
336000 4596.47530342
337000 4596.47530342
338000 4596.47530342
339000 4901.61298377
340000 3948.0
