0 3309.7005988
1000 3309.7005988
2000 3309.7005988
3000 3309.7005988
4000 3309.7005988
5000 3309.7005988
6000 3309.7005988
7000 3309.7005988
8000 3309.7005988
9000 3309.7005988
10000 3309.7005988
11000 3974.06189361
12000 2765.02746365
13000 2059.96097441
14000 2059.96097441
15000 1354.89448518
16000 1354.89448518
17000 1354.89448518
18000 1487.40966147
19000 1487.40966147
20000 1487.40966147
21000 3259.4332314
22000 999.737034332
23000 999.737034332
24000 999.737034332
25000 2005.0688364
26000 2005.0688364
27000 3010.40063847
28000 1938.18795723
29000 1938.18795723
30000 1938.18795723
31000 1938.18795723
32000 3415.96761134
33000 3415.96761134
34000 2525.36837643
35000 2525.36837643
36000 2525.36837643
37000 3146.00093153
38000 3146.00093153
39000 2904.18636756
40000 2904.18636756
41000 2904.18636756
42000 2925.91875256
43000 2925.91875256
44000 3755.49209809
45000 3755.49209809
46000 3755.49209809
47000 1858.30310717
48000 1858.30310717
49000 1858.30310717
50000 2728.57855362
51000 2728.57855362
52000 2102.75114304
53000 2102.75114304
54000 2102.75114304
55000 2102.75114304
56000 1495.51702528
57000 1495.51702528
58000 1495.51702528
59000 1495.51702528
60000 1495.51702528
61000 3288.69511568
62000 3288.69511568
63000 2917.18962076
64000 2917.18962076
65000 2917.18962076
66000 3155.43862589
67000 3155.43862589
68000 2407.74424201
69000 2407.74424201
70000 2407.74424201
71000 2153.70685413
72000 2153.70685413
73000 2153.70685413
74000 2892.11667584
75000 2892.11667584
76000 2052.64948774
77000 2052.64948774
78000 2052.64948774
79000 2052.64948774
80000 1741.69030787
81000 1741.69030787
82000 1741.69030787
83000 1741.69030787
84000 3663.65391015
85000 3663.65391015
86000 3983.86933927
87000 3983.86933927
88000 2918.84536082
89000 2918.84536082
90000 3340.04035608
91000 3340.04035608
92000 3765.87083038
93000 3765.87083038
94000 3844.73239437
95000 3844.73239437
96000 3153.58869963
97000 3153.58869963
98000 2450.33707865
99000 2450.33707865
100000 2450.33707865
101000 2576.34677364
102000 2576.34677364
103000 2576.34677364
104000 2576.34677364
105000 2702.35646863
106000 2702.35646863
107000 2702.35646863
108000 2702.35646863
109000 3174.17491441
110000 3174.17491441
111000 3174.17491441
112000 3174.17491441
113000 2685.84900928
114000 2685.84900928
115000 2685.84900928
116000 2685.84900928
117000 2474.08
118000 2474.08
119000 2474.08
120000 2474.08
121000 1932.78361882
122000 1932.78361882
123000 1932.78361882
124000 1932.78361882
125000 1932.78361882
126000 1932.78361882
127000 2958.18248324
128000 2958.18248324
129000 2958.18248324
130000 2958.18248324
131000 2958.18248324
132000 3114.71053985
133000 3114.71053985
134000 3114.71053985
135000 3114.71053985
136000 2964.44666667
137000 2964.44666667
138000 2964.44666667
139000 2964.44666667
140000 2964.44666667
141000 2484.31841169
142000 2484.31841169
143000 2484.31841169
144000 2484.31841169
145000 2484.31841169
146000 2484.31841169
147000 3006.70036725
148000 3006.70036725
149000 3006.70036725
150000 3006.70036725
151000 3006.70036725
152000 3436.53817344
153000 3436.53817344
154000 3436.53817344
155000 3006.48995984
156000 3006.48995984
157000 3006.48995984
158000 3006.48995984
159000 3006.48995984
160000 3109.77190231
161000 3109.77190231
162000 3109.77190231
163000 3109.77190231
164000 3109.77190231
165000 3470.96277708
166000 3470.96277708
167000 3470.96277708
168000 3390.33168794
169000 3390.33168794
170000 3390.33168794
171000 3390.33168794
172000 3390.33168794
173000 3390.33168794
174000 3390.33168794
175000 3390.33168794
176000 3390.33168794
177000 3309.7005988
178000 3974.06189361
179000 4638.42318841
180000 2765.02746365
181000 2059.96097441
182000 1354.89448518
183000 1354.89448518
184000 1354.89448518
185000 1354.89448518
186000 1487.40966147
187000 1487.40966147
188000 1487.40966147
189000 3259.4332314
190000 999.737034332
191000 999.737034332
192000 999.737034332
193000 2005.0688364
194000 3010.40063847
195000 3010.40063847
196000 1938.18795723
197000 1938.18795723
198000 1938.18795723
199000 1938.18795723
200000 3415.96761134
201000 3415.96761134
202000 2525.36837643
203000 2525.36837643
204000 3146.00093153
205000 3146.00093153
206000 3146.00093153
207000 2904.18636756
208000 2904.18636756
209000 2925.91875256
210000 2925.91875256
211000 2925.91875256
212000 3755.49209809
213000 3755.49209809
214000 1858.30310717
215000 1858.30310717
216000 1858.30310717
217000 2728.57855362
218000 2728.57855362
219000 2728.57855362
220000 2102.75114304
221000 2102.75114304
222000 2102.75114304
223000 1495.51702528
224000 1495.51702528
225000 1495.51702528
226000 1495.51702528
227000 1495.51702528
228000 3288.69511568
229000 3288.69511568
230000 2917.18962076
231000 2917.18962076
232000 2917.18962076
233000 3155.43862589
234000 3155.43862589
235000 3155.43862589
236000 2407.74424201
237000 2407.74424201
238000 2407.74424201
239000 2153.70685413
240000 2153.70685413
241000 2153.70685413
242000 2892.11667584
243000 2892.11667584
244000 2052.64948774
245000 2052.64948774
246000 2052.64948774
247000 1741.69030787
248000 1741.69030787
249000 1741.69030787
250000 1741.69030787
251000 1741.69030787
252000 3663.65391015
253000 3663.65391015
254000 3983.86933927
255000 2918.84536082
256000 2918.84536082
257000 3340.04035608
258000 3340.04035608
259000 3765.87083038
260000 3765.87083038
261000 3844.73239437
262000 3844.73239437
263000 3153.58869963
264000 3153.58869963
265000 3153.58869963
266000 2450.33707865
267000 2450.33707865
268000 2576.34677364
269000 2576.34677364
270000 2576.34677364
271000 2576.34677364
272000 2576.34677364
273000 2702.35646863
274000 2702.35646863
275000 2702.35646863
276000 2702.35646863
277000 3174.17491441
278000 3174.17491441
279000 3174.17491441
280000 2685.84900928
281000 2685.84900928
282000 2685.84900928
283000 2685.84900928
284000 2474.08
285000 2474.08
286000 2474.08
287000 2474.08
288000 2474.08
289000 1932.78361882
290000 1932.78361882
291000 1932.78361882
292000 1932.78361882
293000 1932.78361882
294000 2958.18248324
295000 2958.18248324
296000 2958.18248324
297000 2958.18248324
298000 2958.18248324
299000 3114.71053985
300000 3114.71053985
301000 3114.71053985
302000 3114.71053985
303000 2964.44666667
304000 2964.44666667
305000 2964.44666667
306000 2964.44666667
307000 2964.44666667
308000 2484.31841169
309000 2484.31841169
310000 2484.31841169
311000 2484.31841169
312000 2484.31841169
313000 2484.31841169
314000 3006.70036725
315000 3006.70036725
316000 3006.70036725
317000 3006.70036725
318000 3006.70036725
319000 3436.53817344
320000 3436.53817344
321000 3436.53817344
322000 3436.53817344
323000 3006.48995984
324000 3006.48995984
325000 3006.48995984
326000 3006.48995984
327000 3006.48995984
328000 3109.77190231
329000 3109.77190231
330000 3109.77190231
331000 3109.77190231
332000 3109.77190231
333000 3470.96277708
334000 3470.96277708
