0 5342.89836066
1000 5342.89836066
2000 5342.89836066
3000 5342.89836066
4000 5342.89836066
5000 5438.01760138
6000 5438.01760138
7000 5533.13684211
8000 5533.13684211
9000 5533.13684211
10000 3476.97060519
11000 3476.97060519
12000 3476.97060519
13000 5326.74966887
14000 5326.74966887
15000 5326.74966887
16000 4772.90392843
17000 4772.90392843
18000 4772.90392843
19000 5374.411443
20000 5374.411443
21000 5374.411443
22000 5426.13034137
23000 5426.13034137
24000 5426.13034137
25000 5426.13034137
26000 5477.84923973
27000 5477.84923973
28000 5477.84923973
29000 5477.84923973
30000 5035.95919629
31000 5035.95919629
32000 5035.95919629
33000 5035.95919629
34000 5238.18383167
35000 5238.18383167
36000 5238.18383167
37000 5128.85270783
38000 5128.85270783
39000 5128.85270783
40000 5128.85270783
41000 5229.164885
42000 5229.164885
43000 5229.164885
44000 5318.55989049
45000 5318.55989049
46000 5318.55989049
47000 5318.55989049
48000 5388.18742857
49000 5388.18742857
50000 5388.18742857
51000 5388.18742857
52000 5332.40697306
53000 5332.40697306
54000 5332.40697306
55000 5324.77808219
56000 5324.77808219
57000 5324.77808219
58000 5324.77808219
59000 4358.6146475
60000 4358.6146475
61000 4358.6146475
62000 5379.31844888
63000 5379.31844888
64000 5379.31844888
65000 5379.31844888
66000 4431.42053277
67000 4431.42053277
68000 4431.42053277
69000 2979.60254897
70000 2979.60254897
71000 2979.60254897
72000 2979.60254897
73000 2979.60254897
74000 5256.80255229
75000 5256.80255229
76000 5256.80255229
77000 2067.17274663
78000 2067.17274663
79000 2067.17274663
80000 2067.17274663
81000 2067.17274663
82000 2067.17274663
83000 2067.17274663
84000 2067.17274663
85000 4779.15277059
86000 4779.15277059
87000 4779.15277059
88000 5209.04196816
89000 5209.04196816
90000 5209.04196816
91000 5048.84763359
92000 5048.84763359
93000 5048.84763359
94000 5383.72413793
95000 5383.72413793
96000 5383.72413793
97000 4963.6
98000 4963.6
99000 4963.6
100000 4963.6
101000 4846.17655097
102000 4846.17655097
103000 4846.17655097
104000 4846.17655097
105000 5285.15826495
106000 5285.15826495
107000 5285.15826495
108000 5285.15826495
109000 5360.03004695
110000 5360.03004695
111000 5219.33507658
112000 5219.33507658
113000 5219.33507658
114000 5219.33507658
115000 5530.91082045
116000 5530.91082045
117000 5530.91082045
118000 4753.01265823
119000 4753.01265823
120000 4753.01265823
121000 4753.01265823
122000 5511.2989313
123000 5511.2989313
124000 5511.2989313
125000 5511.2989313
126000 5516.66600199
127000 5516.66600199
128000 5516.66600199
129000 5680.22758194
130000 5680.22758194
131000 4214.42121367
132000 4214.42121367
133000 4214.42121367
134000 4214.42121367
135000 5372.57
136000 5372.57
137000 5372.57
138000 5372.57
139000 4865.42036554
140000 4865.42036554
141000 4865.42036554
142000 5453.22077922
143000 5453.22077922
144000 5453.22077922
145000 4674.4834188
146000 4674.4834188
147000 4674.4834188
148000 5023.89287219
149000 5023.89287219
150000 5023.89287219
151000 5023.89287219
152000 5373.30232558
153000 5373.30232558
154000 5373.30232558
155000 5373.30232558
156000 5373.30232558
157000 5207.63131594
158000 5207.63131594
159000 5207.63131594
160000 5207.63131594
161000 5113.07883338
162000 5113.07883338
163000 5113.07883338
164000 5113.07883338
165000 2823.77889447
166000 2823.77889447
167000 2823.77889447
168000 2823.77889447
169000 2823.77889447
170000 2823.77889447
171000 2823.77889447
172000 4804.94588334
173000 4804.94588334
174000 4804.94588334
175000 4804.94588334
176000 4804.94588334
177000 5314.17963519
178000 5314.17963519
179000 5314.17963519
180000 5314.17963519
181000 5314.17963519
182000 4403.8712831
183000 4403.8712831
184000 4403.8712831
185000 4403.8712831
186000 4403.8712831
187000 4982.27948464
188000 4982.27948464
189000 4982.27948464
190000 4982.27948464
191000 4982.27948464
192000 5368.36423478
193000 5368.36423478
194000 5253.97333333
195000 5298.435847
196000 5298.435847
197000 5298.435847
198000 5342.89836066
199000 5342.89836066
200000 5438.01760138
201000 5438.01760138
202000 5533.13684211
203000 5533.13684211
204000 3476.97060519
205000 3476.97060519
206000 3476.97060519
207000 3476.97060519
208000 5326.74966887
209000 5326.74966887
210000 5326.74966887
211000 4772.90392843
212000 4772.90392843
213000 4772.90392843
214000 5374.411443
215000 5374.411443
216000 5374.411443
217000 5426.13034137
218000 5426.13034137
219000 5426.13034137
220000 5426.13034137
221000 5477.84923973
222000 5477.84923973
223000 5477.84923973
224000 5477.84923973
225000 5035.95919629
226000 5035.95919629
227000 5035.95919629
228000 5238.18383167
229000 5238.18383167
230000 5238.18383167
231000 5238.18383167
232000 5128.85270783
233000 5128.85270783
234000 5128.85270783
235000 5229.164885
236000 5229.164885
237000 5229.164885
238000 5229.164885
239000 5318.55989049
240000 5318.55989049
241000 5318.55989049
242000 5388.18742857
243000 5388.18742857
244000 5388.18742857
245000 5388.18742857
246000 5332.40697306
247000 5332.40697306
248000 5332.40697306
249000 5332.40697306
250000 5324.77808219
251000 5324.77808219
252000 5324.77808219
253000 4358.6146475
254000 4358.6146475
255000 4358.6146475
256000 4358.6146475
257000 5379.31844888
258000 5379.31844888
259000 5379.31844888
260000 4431.42053277
261000 4431.42053277
262000 4431.42053277
263000 4431.42053277
264000 2979.60254897
265000 2979.60254897
266000 2979.60254897
267000 2979.60254897
268000 2979.60254897
269000 5256.80255229
270000 5256.80255229
271000 5256.80255229
272000 2067.17274663
273000 2067.17274663
274000 2067.17274663
275000 2067.17274663
276000 2067.17274663
277000 2067.17274663
278000 2067.17274663
279000 2067.17274663
280000 4779.15277059
281000 4779.15277059
282000 5209.04196816
283000 5209.04196816
284000 5209.04196816
285000 5048.84763359
286000 5048.84763359
287000 5048.84763359
288000 5048.84763359
289000 5383.72413793
290000 5383.72413793
291000 5383.72413793
292000 4963.6
293000 4963.6
294000 4963.6
295000 4963.6
296000 4846.17655097
297000 4846.17655097
298000 4846.17655097
299000 4846.17655097
300000 5285.15826495
301000 5285.15826495
302000 5285.15826495
303000 5285.15826495
304000 5360.03004695
305000 5360.03004695
306000 5219.33507658
307000 5219.33507658
308000 5219.33507658
309000 5530.91082045
310000 5530.91082045
311000 5530.91082045
312000 5530.91082045
313000 4753.01265823
314000 4753.01265823
315000 4753.01265823
316000 4753.01265823
317000 5511.2989313
318000 5511.2989313
319000 5511.2989313
320000 5516.66600199
321000 5516.66600199
322000 5516.66600199
323000 5516.66600199
324000 5680.22758194
325000 4214.42121367
326000 4214.42121367
327000 4214.42121367
328000 4214.42121367
329000 4214.42121367
330000 5372.57
331000 5372.57
332000 5372.57
333000 4865.42036554
334000 4865.42036554
335000 4865.42036554
336000 4865.42036554
337000 5453.22077922
338000 5453.22077922
339000 4674.4834188
340000 4674.4834188
341000 4674.4834188
342000 5023.89287219
343000 5023.89287219
344000 5023.89287219
345000 5023.89287219
346000 5023.89287219
347000 5373.30232558
348000 5373.30232558
349000 5373.30232558
350000 5373.30232558
351000 5373.30232558
352000 5207.63131594
353000 5207.63131594
354000 5207.63131594
355000 5207.63131594
356000 5113.07883338
357000 5113.07883338
358000 5113.07883338
359000 5113.07883338
360000 2823.77889447
361000 2823.77889447
362000 2823.77889447
363000 2823.77889447
364000 2823.77889447
365000 2823.77889447
366000 4804.94588334
367000 4804.94588334
368000 4804.94588334
369000 4804.94588334
370000 4804.94588334
371000 5314.17963519
372000 5314.17963519
373000 5314.17963519
374000 5314.17963519
375000 5314.17963519
376000 4403.8712831
377000 4403.8712831
378000 4403.8712831
379000 4403.8712831
380000 4403.8712831
381000 4403.8712831
382000 4982.27948464
383000 4982.27948464
384000 4982.27948464
385000 4982.27948464
386000 5368.36423478
387000 5368.36423478
388000 5368.36423478
389000 5253.97333333
