0 4240.1011378
1000 4240.1011378
2000 4240.1011378
3000 4240.1011378
4000 4240.1011378
5000 4240.1011378
6000 2224.6429113
7000 2622.32000533
8000 3019.99709935
9000 3019.99709935
10000 6926.01518987
11000 3517.29890765
12000 5675.11035654
13000 5675.11035654
14000 4933.16433309
15000 6376.57019438
16000 4216.13114754
17000 4216.13114754
18000 6838.34136933
19000 6838.34136933
20000 4011.02121641
21000 5652.25777104
22000 5652.25777104
23000 5317.46197019
24000 5317.46197019
25000 5317.46197019
26000 5317.46197019
27000 4982.66616934
28000 4982.66616934
29000 4982.66616934
30000 5007.33365247
31000 5007.33365247
32000 4994.02325581
33000 4994.02325581
34000 4994.02325581
35000 3917.39534884
36000 3917.39534884
37000 3917.39534884
38000 3917.39534884
39000 7052.48093842
40000 7052.48093842
41000 5654.08759894
42000 5654.08759894
43000 5654.08759894
44000 5654.08759894
45000 7479.81353042
46000 7479.81353042
47000 8225.93874834
48000 8225.93874834
49000 4797.56962025
50000 4797.56962025
51000 4797.56962025
52000 5873.46405229
53000 5873.46405229
54000 6987.54029062
55000 6987.54029062
56000 5892.60404281
57000 5892.60404281
58000 5892.60404281
59000 6598.31228585
60000 6598.31228585
61000 6807.73530864
62000 6807.73530864
63000 6807.73530864
64000 6307.62715765
65000 6307.62715765
66000 6603.05134452
67000 6898.47553139
68000 6898.47553139
69000 6898.47553139
70000 7473.56233115
71000 7473.56233115
72000 7199.11400651
73000 7199.11400651
74000 7199.11400651
75000 7673.34165626
76000 7673.34165626
77000 7240.81902792
78000 7240.81902792
79000 7287.08303617
80000 7287.08303617
81000 7485.54651706
82000 7485.54651706
83000 7485.54651706
84000 7408.90509584
85000 7408.90509584
86000 7241.39672879
87000 7241.39672879
88000 7241.39672879
89000 7439.08225878
90000 7439.08225878
91000 5428.24175824
92000 5428.24175824
93000 5428.24175824
94000 7671.63652099
95000 7671.63652099
96000 7602.3665373
97000 7602.3665373
98000 7602.3665373
99000 7624.85808581
100000 7624.85808581
101000 6867.4767314
102000 6867.4767314
103000 6867.4767314
104000 7479.30454807
105000 7479.30454807
106000 6868.38407494
107000 6868.38407494
108000 7236.27115081
109000 7236.27115081
110000 7109.63257919
111000 7109.63257919
112000 7012.31424227
113000 7012.31424227
114000 6470.67031678
115000 6470.67031678
116000 6470.67031678
117000 7280.29337094
118000 7280.29337094
119000 6720.83980913
120000 6720.83980913
121000 6720.83980913
122000 7276.01777778
123000 7276.01777778
124000 7733.05316155
125000 7733.05316155
126000 7733.05316155
127000 7733.05316155
128000 7733.05316155
129000 7733.05316155
130000 7733.05316155
131000 7733.05316155
132000 7733.05316155
133000 7733.05316155
134000 8190.08854533
135000 8190.08854533
136000 7301.17814053
137000 7614.64295486
138000 7614.64295486
139000 7614.64295486
140000 7122.98773285
141000 7122.98773285
142000 7466.61667344
143000 7466.61667344
144000 7466.61667344
145000 7466.61667344
146000 7466.61667344
147000 7466.61667344
148000 7466.61667344
149000 7466.61667344
150000 7466.61667344
151000 7466.61667344
152000 7810.24561404
153000 7810.24561404
154000 7810.24561404
155000 7300.09884679
156000 7300.09884679
157000 7570.63512284
158000 7570.63512284
159000 7829.65586988
160000 7829.65586988
161000 7829.65586988
162000 7829.65586988
163000 7829.65586988
164000 7829.65586988
165000 7829.65586988
166000 7829.65586988
167000 7829.65586988
168000 7829.65586988
169000 8088.67661692
170000 6164.38887736
171000 4240.1011378
172000 4240.1011378
173000 4240.1011378
174000 4240.1011378
175000 2224.6429113
176000 2622.32000533
177000 2622.32000533
178000 3019.99709935
179000 6926.01518987
180000 3517.29890765
181000 5675.11035654
182000 5675.11035654
183000 4933.16433309
184000 6376.57019438
185000 6376.57019438
186000 4216.13114754
187000 4216.13114754
188000 6838.34136933
189000 4011.02121641
190000 4011.02121641
191000 5652.25777104
192000 5317.46197019
193000 5317.46197019
194000 5317.46197019
195000 5317.46197019
196000 4982.66616934
197000 4982.66616934
198000 4982.66616934
199000 5007.33365247
200000 5007.33365247
201000 4994.02325581
202000 4994.02325581
203000 4994.02325581
204000 3917.39534884
205000 3917.39534884
206000 3917.39534884
207000 3917.39534884
208000 7052.48093842
209000 7052.48093842
210000 7052.48093842
211000 5654.08759894
212000 5654.08759894
213000 5654.08759894
214000 7479.81353042
215000 7479.81353042
216000 8225.93874834
217000 8225.93874834
218000 4797.56962025
219000 4797.56962025
220000 4797.56962025
221000 5873.46405229
222000 5873.46405229
223000 6987.54029062
224000 6987.54029062
225000 5892.60404281
226000 5892.60404281
227000 5892.60404281
228000 6598.31228585
229000 6598.31228585
230000 6807.73530864
231000 6807.73530864
232000 6807.73530864
233000 6307.62715765
234000 6307.62715765
235000 6603.05134452
236000 6603.05134452
237000 6898.47553139
238000 6898.47553139
239000 7473.56233115
240000 7473.56233115
241000 7199.11400651
242000 7199.11400651
243000 7199.11400651
244000 7673.34165626
245000 7673.34165626
246000 7240.81902792
247000 7240.81902792
248000 7240.81902792
249000 7287.08303617
250000 7287.08303617
251000 7485.54651706
252000 7485.54651706
253000 7408.90509584
254000 7408.90509584
255000 7241.39672879
256000 7241.39672879
257000 7241.39672879
258000 7439.08225878
259000 7439.08225878
260000 5428.24175824
261000 5428.24175824
262000 5428.24175824
263000 7671.63652099
264000 7671.63652099
265000 7671.63652099
266000 7602.3665373
267000 7602.3665373
268000 7624.85808581
269000 7624.85808581
270000 7624.85808581
271000 6867.4767314
272000 6867.4767314
273000 7479.30454807
274000 7479.30454807
275000 6868.38407494
276000 6868.38407494
277000 7236.27115081
278000 7236.27115081
279000 7109.63257919
280000 7109.63257919
281000 7109.63257919
282000 7012.31424227
283000 7012.31424227
284000 6470.67031678
285000 6470.67031678
286000 7280.29337094
287000 7280.29337094
288000 7280.29337094
289000 6720.83980913
290000 6720.83980913
291000 6720.83980913
292000 7276.01777778
293000 7276.01777778
294000 7733.05316155
295000 7733.05316155
296000 7733.05316155
297000 7733.05316155
298000 7733.05316155
299000 7733.05316155
300000 7733.05316155
301000 7733.05316155
302000 7733.05316155
303000 8190.08854533
304000 8190.08854533
305000 7301.17814053
306000 7301.17814053
307000 7614.64295486
308000 7614.64295486
309000 7122.98773285
310000 7122.98773285
311000 7466.61667344
312000 7466.61667344
313000 7466.61667344
314000 7466.61667344
315000 7466.61667344
316000 7466.61667344
317000 7466.61667344
318000 7466.61667344
319000 7466.61667344
320000 7466.61667344
321000 7810.24561404
322000 7810.24561404
323000 7810.24561404
324000 7300.09884679
325000 7300.09884679
326000 7570.63512284
327000 7570.63512284
328000 7570.63512284
329000 7829.65586988
330000 7829.65586988
331000 7829.65586988
332000 7829.65586988
333000 7829.65586988
334000 7829.65586988
335000 7829.65586988
336000 7829.65586988
337000 7829.65586988
338000 8088.67661692
