0 2497.94782609
1000 2497.94782609
2000 2497.94782609
3000 2497.94782609
4000 2497.94782609
5000 2497.94782609
6000 2497.94782609
7000 2497.94782609
8000 2497.94782609
9000 1598.37819598
10000 1598.37819598
11000 1598.37819598
12000 1598.37819598
13000 1598.37819598
14000 1598.37819598
15000 1598.37819598
16000 1598.37819598
17000 1598.37819598
18000 1598.37819598
19000 1598.37819598
20000 1598.37819598
21000 1598.37819598
22000 698.808565866
23000 698.808565866
24000 698.808565866
25000 906.485568761
26000 906.485568761
27000 89.9960734102
28000 89.9960734102
29000 89.9960734102
30000 89.9960734102
31000 89.9960734102
32000 89.9960734102
33000 89.9960734102
34000 89.9960734102
35000 89.9960734102
36000 89.9960734102
37000 89.9960734102
38000 89.9960734102
39000 2266.63434343
40000 2266.63434343
41000 2260.17005545
42000 2260.17005545
43000 503.360287511
44000 503.360287511
45000 1636.07932011
46000 1636.07932011
47000 1497.89445196
48000 726.353227771
49000 726.353227771
50000 2648.8358209
51000 1054.57584015
52000 1175.47353492
53000 1175.47353492
54000 1175.47353492
55000 1175.47353492
56000 1175.47353492
57000 1175.47353492
58000 1175.47353492
59000 1175.47353492
60000 1175.47353492
61000 1175.47353492
62000 1175.47353492
63000 1175.47353492
64000 1175.47353492
65000 1296.3712297
66000 1296.3712297
67000 1296.3712297
68000 1296.3712297
69000 1296.3712297
70000 1296.3712297
71000 1296.3712297
72000 1296.3712297
73000 6930.30669291
74000 6930.30669291
75000 6930.30669291
76000 6930.30669291
77000 6930.30669291
78000 6930.30669291
79000 6930.30669291
80000 11385.4205607
81000 11385.4205607
82000 11385.4205607
83000 11385.4205607
84000 11385.4205607
85000 11385.4205607
86000 11385.4205607
87000 4761.6988417
88000 4761.6988417
89000 4761.6988417
90000 4761.6988417
91000 6568.31638418
92000 6568.31638418
93000 613.687789799
94000 613.687789799
95000 2546.19087137
96000 2634.56947608
97000 3963.71906355
98000 2573.79079498
99000 3541.93321617
100000 3541.93321617
101000 3027.95356551
102000 2513.17748918
103000 2674.75218659
104000 3620.1252302
105000 1985.41280353
106000 1985.41280353
107000 2632.0
108000 1753.34038801
109000 2339.55555556
110000 2599.25525525
111000 2599.25525525
112000 2858.95495495
113000 2858.95495495
114000 2858.95495495
115000 3508.7597254
116000 3508.7597254
117000 3170.69230769
118000 3606.30656934
119000 3606.30656934
120000 3847.44186047
121000 5076.52661064
122000 4164.77044855
123000 4539.57333333
124000 5157.78531073
125000 3056.73447345
126000 3056.73447345
127000 3589.37815126
128000 4590.64052288
129000 3350.40391677
130000 13989.0878661
131000 4359.4548336
132000 4048.74261603
133000 4828.80442903
134000 4828.80442903
135000 4828.80442903
136000 4828.80442903
137000 4828.80442903
138000 4828.80442903
139000 4828.80442903
140000 5608.86624204
141000 5608.86624204
142000 19831.6694215
143000 4064.78508342
144000 13200.6819672
145000 4612.97526502
146000 4612.97526502
147000 404.611365121
148000 404.611365121
149000 404.611365121
150000 404.611365121
151000 404.611365121
152000 404.611365121
153000 404.611365121
154000 404.611365121
155000 404.611365121
156000 404.611365121
157000 404.611365121
158000 404.611365121
159000 1176.66686875
160000 1176.66686875
161000 1176.66686875
162000 1176.66686875
163000 1114.85941223
164000 1114.85941223
165000 1114.85941223
166000 1114.85941223
167000 1114.85941223
168000 3808.17081851
169000 3808.17081851
170000 660.683594264
171000 660.683594264
172000 660.683594264
173000 660.683594264
174000 660.683594264
175000 660.683594264
176000 660.683594264
177000 660.683594264
178000 5047.371484
179000 4280.05783133
180000 4280.05783133
181000 4325.91386061
182000 4325.91386061
183000 4766.2374169
184000 5015.84
185000 5015.84
186000 5879.11520737
187000 5879.11520737
188000 2560.1755611
189000 2560.1755611
190000 5604.11618257
191000 4615.80738363
192000 2665.84
193000 2581.89391304
194000 2581.89391304
195000 2581.89391304
196000 2581.89391304
197000 2581.89391304
198000 2581.89391304
199000 2581.89391304
200000 2497.94782609
201000 2497.94782609
202000 1598.37819598
203000 1598.37819598
204000 1598.37819598
205000 1598.37819598
206000 1598.37819598
207000 1598.37819598
208000 1598.37819598
209000 1598.37819598
210000 1598.37819598
211000 1598.37819598
212000 1598.37819598
213000 1598.37819598
214000 698.808565866
215000 698.808565866
216000 698.808565866
217000 906.485568761
218000 906.485568761
219000 89.9960734102
220000 89.9960734102
221000 89.9960734102
222000 89.9960734102
223000 89.9960734102
224000 89.9960734102
225000 89.9960734102
226000 89.9960734102
227000 89.9960734102
228000 89.9960734102
229000 89.9960734102
230000 89.9960734102
231000 2266.63434343
232000 2266.63434343
233000 2266.63434343
234000 2260.17005545
235000 503.360287511
236000 503.360287511
237000 503.360287511
238000 1636.07932011
239000 1497.89445196
240000 1497.89445196
241000 726.353227771
242000 726.353227771
243000 1054.57584015
244000 1054.57584015
245000 1175.47353492
246000 1175.47353492
247000 1175.47353492
248000 1175.47353492
249000 1175.47353492
250000 1175.47353492
251000 1175.47353492
252000 1175.47353492
253000 1175.47353492
254000 1175.47353492
255000 1175.47353492
256000 1175.47353492
257000 1296.3712297
258000 1296.3712297
259000 1296.3712297
260000 1296.3712297
261000 1296.3712297
262000 1296.3712297
263000 1296.3712297
264000 1296.3712297
265000 6930.30669291
266000 6930.30669291
267000 6930.30669291
268000 6930.30669291
269000 6930.30669291
270000 6930.30669291
271000 6930.30669291
272000 6930.30669291
273000 11385.4205607
274000 11385.4205607
275000 11385.4205607
276000 11385.4205607
277000 11385.4205607
278000 11385.4205607
279000 4761.6988417
280000 4761.6988417
281000 4761.6988417
282000 4761.6988417
283000 6568.31638418
284000 6568.31638418
285000 613.687789799
286000 613.687789799
287000 613.687789799
288000 2634.56947608
289000 3963.71906355
290000 2538.61978022
291000 2573.79079498
292000 3541.93321617
293000 3541.93321617
294000 3027.95356551
295000 2513.17748918
296000 2674.75218659
297000 3620.1252302
298000 1985.41280353
299000 2632.0
300000 1753.34038801
301000 1753.34038801
302000 2339.55555556
303000 2599.25525525
304000 2858.95495495
305000 2858.95495495
306000 2858.95495495
307000 2858.95495495
308000 3508.7597254
309000 3170.69230769
310000 3388.49943851
311000 3606.30656934
312000 3847.44186047
313000 5076.52661064
314000 4164.77044855
315000 4539.57333333
316000 5157.78531073
317000 3056.73447345
318000 3056.73447345
319000 3589.37815126
320000 4590.64052288
321000 3350.40391677
322000 13989.0878661
323000 4359.4548336
324000 4048.74261603
325000 4828.80442903
326000 4828.80442903
327000 4828.80442903
328000 4828.80442903
329000 4828.80442903
330000 4828.80442903
331000 4828.80442903
332000 5608.86624204
333000 5608.86624204
334000 5608.86624204
335000 4064.78508342
336000 4064.78508342
337000 13200.6819672
338000 4612.97526502
339000 404.611365121
340000 404.611365121
341000 404.611365121
342000 404.611365121
343000 404.611365121
344000 404.611365121
345000 404.611365121
346000 404.611365121
347000 404.611365121
348000 404.611365121
349000 404.611365121
350000 404.611365121
351000 404.611365121
352000 1176.66686875
353000 1176.66686875
354000 1176.66686875
355000 1114.85941223
356000 1114.85941223
357000 1114.85941223
358000 1114.85941223
359000 1114.85941223
360000 1114.85941223
361000 3808.17081851
362000 660.683594264
363000 660.683594264
364000 660.683594264
365000 660.683594264
366000 660.683594264
367000 660.683594264
368000 660.683594264
369000 660.683594264
370000 5047.371484
371000 5047.371484
372000 4280.05783133
373000 4325.91386061
374000 4325.91386061
375000 4766.2374169
376000 5015.84
377000 5015.84
378000 12928.6153846
379000 5879.11520737
380000 2560.1755611
381000 2560.1755611
382000 5604.11618257
383000 5604.11618257
384000 4615.80738363
