0 4696.81355932
1000 4696.81355932
2000 4696.81355932
3000 4696.81355932
4000 4696.81355932
5000 4696.81355932
6000 4696.81355932
7000 4696.81355932
8000 4696.81355932
9000 4907.41622352
10000 4907.41622352
11000 5118.01888772
12000 4555.31953195
13000 4467.75820535
14000 4467.75820535
15000 4467.75820535
16000 4380.19687875
17000 4380.19687875
18000 4648.90507152
19000 4648.90507152
20000 4424.67696109
21000 4424.67696109
22000 4042.05605247
23000 4042.05605247
24000 4216.69637131
25000 4216.69637131
26000 4216.69637131
27000 4391.33669016
28000 4391.33669016
29000 4391.33669016
30000 4576.37539632
31000 4576.37539632
32000 4576.37539632
33000 4865.41443143
34000 4865.41443143
35000 4865.41443143
36000 4159.54929577
37000 4159.54929577
38000 4159.54929577
39000 4159.54929577
40000 4579.07851087
41000 4579.07851087
42000 4346.90976744
43000 4346.90976744
44000 4346.90976744
45000 4346.90976744
46000 4192.52721389
47000 4192.52721389
48000 4192.52721389
49000 3514.91813472
50000 3514.91813472
51000 3514.91813472
52000 3514.91813472
53000 3514.91813472
54000 4925.95961743
55000 4925.95961743
56000 4925.95961743
57000 4799.09152036
58000 4799.09152036
59000 4093.09771796
60000 4093.09771796
61000 4093.09771796
62000 4093.09771796
63000 4825.07330567
64000 4825.07330567
65000 4825.07330567
66000 4937.32473118
67000 4937.32473118
68000 4937.32473118
69000 4852.87806742
70000 4852.87806742
71000 4852.87806742
72000 4852.87806742
73000 4768.43140365
74000 4768.43140365
75000 4768.43140365
76000 4768.43140365
77000 4834.99867268
78000 4834.99867268
79000 4834.99867268
80000 4834.99867268
81000 4336.27620716
82000 4336.27620716
83000 4336.27620716
84000 4336.27620716
85000 4336.27620716
86000 3563.12178956
87000 3563.12178956
88000 3563.12178956
89000 3563.12178956
90000 3563.12178956
91000 4728.55756957
92000 4728.55756957
93000 4728.55756957
94000 4728.55756957
95000 4976.21333333
96000 4976.21333333
97000 4976.21333333
98000 4642.43614055
99000 4642.43614055
100000 4642.43614055
101000 4642.43614055
102000 4891.76289453
103000 4891.76289453
104000 4891.76289453
105000 4891.76289453
106000 4204.79242604
107000 4204.79242604
108000 4204.79242604
109000 4204.79242604
110000 4204.79242604
111000 3991.14893617
112000 3991.14893617
113000 3991.14893617
114000 3991.14893617
115000 3418.15620903
116000 3418.15620903
117000 3418.15620903
118000 3418.15620903
119000 3418.15620903
120000 3418.15620903
121000 4546.6892895
122000 4546.6892895
123000 4546.6892895
124000 4546.6892895
125000 4761.45960407
126000 4761.45960407
127000 4761.45960407
128000 4761.45960407
129000 4693.6514666
130000 4693.6514666
131000 4693.6514666
132000 4693.6514666
133000 4354.48378522
134000 4354.48378522
135000 4354.48378522
136000 4354.48378522
137000 4804.904
138000 4804.904
139000 4804.904
140000 4804.904
141000 4801.93755091
142000 4801.93755091
143000 4801.93755091
144000 4801.93755091
145000 4948.38724119
146000 4948.38724119
147000 4948.38724119
148000 4948.38724119
149000 4798.41195815
150000 4798.41195815
151000 4798.41195815
152000 4919.74771109
153000 4919.74771109
154000 4919.74771109
155000 4919.74771109
156000 4919.74771109
157000 2677.63530778
158000 2677.63530778
159000 2677.63530778
160000 2677.63530778
161000 2677.63530778
162000 2677.63530778
163000 2677.63530778
164000 4874.11333521
165000 4874.11333521
166000 4874.11333521
167000 4842.97734628
168000 4842.97734628
169000 4842.97734628
170000 4842.97734628
171000 3966.49114572
172000 3966.49114572
173000 3966.49114572
174000 3966.49114572
175000 3966.49114572
176000 4629.62460233
177000 4629.62460233
178000 4629.62460233
179000 4629.62460233
180000 3867.91307913
181000 3867.91307913
182000 3867.91307913
183000 3867.91307913
184000 3867.91307913
185000 3029.11267085
186000 3029.11267085
187000 3029.11267085
188000 3029.11267085
189000 3029.11267085
190000 3029.11267085
191000 4056.25241017
192000 4056.25241017
193000 4056.25241017
194000 4056.25241017
195000 4056.25241017
196000 4140.74118401
197000 4140.74118401
198000 4140.74118401
199000 4140.74118401
200000 4140.74118401
201000 4508.2955665
202000 4508.2955665
203000 4508.2955665
204000 3517.49457364
205000 3517.49457364
206000 3517.49457364
207000 3517.49457364
208000 3517.49457364
209000 3517.49457364
210000 4670.07109737
211000 4670.07109737
212000 4670.07109737
213000 4670.07109737
214000 4659.42797712
215000 4659.42797712
216000 4659.42797712
217000 4659.42797712
218000 4900.05956472
219000 4900.05956472
220000 4900.05956472
221000 4844.84260985
222000 4844.84260985
223000 4844.84260985
224000 4844.84260985
225000 4482.87097693
226000 4482.87097693
227000 4482.87097693
228000 4482.87097693
229000 4191.18027292
230000 4191.18027292
231000 4191.18027292
232000 4191.18027292
233000 4191.18027292
234000 4325.87755102
235000 4325.87755102
236000 4511.34555517
237000 4511.34555517
238000 4511.34555517
239000 4511.34555517
240000 4511.34555517
241000 4511.34555517
242000 4511.34555517
243000 4696.81355932
244000 4907.41622352
245000 4907.41622352
246000 5118.01888772
247000 5118.01888772
248000 4555.31953195
249000 4467.75820535
250000 4467.75820535
251000 4380.19687875
252000 4380.19687875
253000 4380.19687875
254000 4648.90507152
255000 4424.67696109
256000 4424.67696109
257000 4042.05605247
258000 4042.05605247
259000 4216.69637131
260000 4216.69637131
261000 4216.69637131
262000 4391.33669016
263000 4391.33669016
264000 4391.33669016
265000 4576.37539632
266000 4576.37539632
267000 4576.37539632
268000 4576.37539632
269000 4865.41443143
270000 4865.41443143
271000 4865.41443143
272000 4159.54929577
273000 4159.54929577
274000 4159.54929577
275000 4579.07851087
276000 4579.07851087
277000 4579.07851087
278000 4346.90976744
279000 4346.90976744
280000 4346.90976744
281000 4192.52721389
282000 4192.52721389
283000 4192.52721389
284000 4192.52721389
285000 3514.91813472
286000 3514.91813472
287000 3514.91813472
288000 3514.91813472
289000 4925.95961743
290000 4925.95961743
291000 4925.95961743
292000 4799.09152036
293000 4799.09152036
294000 4799.09152036
295000 4093.09771796
296000 4093.09771796
297000 4093.09771796
298000 4093.09771796
299000 4825.07330567
300000 4825.07330567
301000 4825.07330567
302000 4937.32473118
303000 4937.32473118
304000 4937.32473118
305000 4852.87806742
306000 4852.87806742
307000 4852.87806742
308000 4852.87806742
309000 4768.43140365
310000 4768.43140365
311000 4768.43140365
312000 4768.43140365
313000 4834.99867268
314000 4834.99867268
315000 4834.99867268
316000 4834.99867268
317000 4336.27620716
318000 4336.27620716
319000 4336.27620716
320000 4336.27620716
321000 3563.12178956
322000 3563.12178956
323000 3563.12178956
324000 3563.12178956
325000 3563.12178956
326000 4728.55756957
327000 4728.55756957
328000 4728.55756957
329000 4728.55756957
330000 4976.21333333
331000 4976.21333333
332000 4976.21333333
333000 4976.21333333
334000 4642.43614055
335000 4642.43614055
336000 4642.43614055
337000 4642.43614055
338000 4891.76289453
339000 4891.76289453
340000 4891.76289453
341000 4891.76289453
342000 4204.79242604
343000 4204.79242604
344000 4204.79242604
345000 4204.79242604
346000 3991.14893617
347000 3991.14893617
348000 3991.14893617
349000 3991.14893617
350000 3991.14893617
351000 3418.15620903
352000 3418.15620903
353000 3418.15620903
354000 3418.15620903
355000 3418.15620903
356000 3418.15620903
357000 4546.6892895
358000 4546.6892895
359000 4546.6892895
360000 4546.6892895
361000 4761.45960407
362000 4761.45960407
363000 4761.45960407
364000 4761.45960407
365000 4693.6514666
366000 4693.6514666
367000 4693.6514666
368000 4693.6514666
369000 4354.48378522
370000 4354.48378522
371000 4354.48378522
372000 4354.48378522
373000 4804.904
374000 4804.904
375000 4804.904
376000 4804.904
377000 4801.93755091
378000 4801.93755091
379000 4801.93755091
380000 4801.93755091
381000 4948.38724119
382000 4948.38724119
383000 4948.38724119
384000 4798.41195815
385000 4798.41195815
386000 4798.41195815
387000 4798.41195815
388000 4919.74771109
389000 4919.74771109
390000 4919.74771109
391000 4919.74771109
392000 2677.63530778
393000 2677.63530778
394000 2677.63530778
395000 2677.63530778
396000 2677.63530778
397000 2677.63530778
398000 2677.63530778
399000 4874.11333521
400000 4874.11333521
401000 4874.11333521
402000 4874.11333521
403000 4842.97734628
404000 4842.97734628
405000 4842.97734628
406000 4842.97734628
407000 3966.49114572
408000 3966.49114572
409000 3966.49114572
410000 3966.49114572
411000 3966.49114572
412000 4629.62460233
413000 4629.62460233
414000 4629.62460233
415000 4629.62460233
416000 3867.91307913
417000 3867.91307913
418000 3867.91307913
419000 3867.91307913
420000 3867.91307913
421000 3029.11267085
422000 3029.11267085
423000 3029.11267085
424000 3029.11267085
425000 3029.11267085
426000 4056.25241017
427000 4056.25241017
428000 4056.25241017
429000 4056.25241017
430000 4056.25241017
431000 4140.74118401
432000 4140.74118401
433000 4140.74118401
434000 4140.74118401
435000 4140.74118401
436000 4508.2955665
437000 4508.2955665
438000 4508.2955665
439000 4508.2955665
440000 3517.49457364
441000 3517.49457364
442000 3517.49457364
443000 3517.49457364
444000 3517.49457364
445000 4670.07109737
446000 4670.07109737
447000 4670.07109737
448000 4670.07109737
449000 4659.42797712
450000 4659.42797712
451000 4659.42797712
452000 4659.42797712
453000 4900.05956472
454000 4900.05956472
455000 4900.05956472
456000 4900.05956472
457000 4844.84260985
458000 4844.84260985
459000 4844.84260985
460000 4844.84260985
461000 4482.87097693
462000 4482.87097693
463000 4482.87097693
464000 4482.87097693
465000 4191.18027292
466000 4191.18027292
467000 4191.18027292
468000 4191.18027292
469000 4325.87755102
470000 4325.87755102
471000 4325.87755102
