0 3614.00732601
1000 3614.00732601
2000 3614.00732601
3000 3474.34324943
4000 3598.85714286
5000 3295.19815668
6000 3295.19815668
7000 2991.53917051
8000 2991.53917051
9000 3778.50777202
10000 3778.50777202
11000 3064.29497207
12000 3064.29497207
13000 3669.62511211
14000 3669.62511211
15000 3501.45898778
16000 3501.45898778
17000 3501.45898778
18000 3507.82177554
19000 3507.82177554
20000 3507.82177554
21000 3443.13142137
22000 3443.13142137
23000 3443.13142137
24000 3443.13142137
25000 3538.07518797
26000 3538.07518797
27000 3538.07518797
28000 3502.98734177
29000 3502.98734177
30000 3502.98734177
31000 3502.98734177
32000 3574.91472868
33000 3574.91472868
34000 3574.91472868
35000 3056.53882133
36000 3056.53882133
37000 3056.53882133
38000 3056.53882133
39000 3525.35411795
40000 3525.35411795
41000 3525.35411795
42000 3525.35411795
43000 3427.89448942
44000 3427.89448942
45000 3427.89448942
46000 3427.89448942
47000 3316.81570827
48000 3316.81570827
49000 3316.81570827
50000 3316.81570827
51000 3646.59321091
52000 3646.59321091
53000 3646.59321091
54000 3536.81220803
55000 3536.81220803
56000 3536.81220803
57000 3536.81220803
58000 3465.29982583
59000 3465.29982583
60000 3465.29982583
61000 3465.29982583
62000 3476.29345934
63000 3476.29345934
64000 3476.29345934
65000 3476.29345934
66000 3457.7839445
67000 3457.7839445
68000 3457.7839445
69000 3457.7839445
70000 3344.01955512
71000 3344.01955512
72000 3344.01955512
73000 3344.01955512
74000 3372.60606061
75000 3372.60606061
76000 3372.60606061
77000 3372.60606061
78000 3570.5583641
79000 3570.5583641
80000 3570.5583641
81000 3570.5583641
82000 3444.77062322
83000 3444.77062322
84000 3444.77062322
85000 3444.77062322
86000 3569.1301423
87000 3569.1301423
88000 3569.1301423
89000 3569.1301423
90000 3462.67163068
91000 3462.67163068
92000 3462.67163068
93000 3462.67163068
94000 3450.42430761
95000 3450.42430761
96000 3450.42430761
97000 3450.42430761
98000 3270.69300721
99000 3270.69300721
100000 3270.69300721
101000 3270.69300721
102000 3468.21147068
103000 3468.21147068
104000 3468.21147068
105000 3511.80701754
106000 3511.80701754
107000 3511.80701754
108000 3511.80701754
109000 3395.78188996
110000 3395.78188996
111000 3395.78188996
112000 3395.78188996
113000 3395.78188996
114000 3470.22486379
115000 3470.22486379
116000 3470.22486379
117000 3470.22486379
118000 3292.45305354
119000 3292.45305354
120000 3292.45305354
121000 3292.45305354
122000 3309.38450328
123000 3309.38450328
124000 3309.38450328
125000 3309.38450328
126000 3309.38450328
127000 3290.94494974
128000 3290.94494974
129000 3290.94494974
130000 3290.94494974
131000 3268.04234298
132000 3268.04234298
133000 3268.04234298
134000 3268.04234298
135000 3268.04234298
136000 3447.45873606
137000 3447.45873606
138000 3447.45873606
139000 3447.45873606
140000 3323.51694511
141000 3323.51694511
142000 3323.51694511
143000 3323.51694511
144000 3323.51694511
145000 3530.47943411
146000 3530.47943411
147000 3530.47943411
148000 3530.47943411
149000 3235.59438378
150000 2977.98003992
151000 3295.99368296
152000 3295.99368296
153000 3614.00732601
154000 3474.34324943
155000 3598.85714286
156000 3295.19815668
157000 3295.19815668
158000 2991.53917051
159000 2991.53917051
160000 3778.50777202
161000 3778.50777202
162000 3064.29497207
163000 3669.62511211
164000 3669.62511211
165000 3669.62511211
166000 3501.45898778
167000 3501.45898778
168000 3501.45898778
169000 3507.82177554
170000 3507.82177554
171000 3507.82177554
172000 3443.13142137
173000 3443.13142137
174000 3443.13142137
175000 3538.07518797
176000 3538.07518797
177000 3538.07518797
178000 3538.07518797
179000 3502.98734177
180000 3502.98734177
181000 3502.98734177
182000 3574.91472868
183000 3574.91472868
184000 3574.91472868
185000 3056.53882133
186000 3056.53882133
187000 3056.53882133
188000 3056.53882133
189000 3056.53882133
190000 3525.35411795
191000 3525.35411795
192000 3525.35411795
193000 3525.35411795
194000 3427.89448942
195000 3427.89448942
196000 3427.89448942
197000 3427.89448942
198000 3316.81570827
199000 3316.81570827
200000 3316.81570827
201000 3646.59321091
202000 3646.59321091
203000 3646.59321091
204000 3646.59321091
205000 3536.81220803
206000 3536.81220803
207000 3536.81220803
208000 3536.81220803
209000 3465.29982583
210000 3465.29982583
211000 3465.29982583
212000 3465.29982583
213000 3476.29345934
214000 3476.29345934
215000 3476.29345934
216000 3476.29345934
217000 3457.7839445
218000 3457.7839445
219000 3457.7839445
220000 3457.7839445
221000 3344.01955512
222000 3344.01955512
223000 3344.01955512
224000 3344.01955512
225000 3372.60606061
226000 3372.60606061
227000 3372.60606061
228000 3372.60606061
229000 3570.5583641
230000 3570.5583641
231000 3570.5583641
232000 3570.5583641
233000 3444.77062322
234000 3444.77062322
235000 3444.77062322
236000 3444.77062322
237000 3569.1301423
238000 3569.1301423
239000 3569.1301423
240000 3569.1301423
241000 3462.67163068
242000 3462.67163068
243000 3462.67163068
244000 3462.67163068
245000 3450.42430761
246000 3450.42430761
247000 3450.42430761
248000 3450.42430761
249000 3270.69300721
250000 3270.69300721
251000 3270.69300721
252000 3270.69300721
253000 3468.21147068
254000 3468.21147068
255000 3468.21147068
256000 3511.80701754
257000 3511.80701754
258000 3511.80701754
259000 3511.80701754
260000 3395.78188996
261000 3395.78188996
262000 3395.78188996
263000 3395.78188996
264000 3395.78188996
265000 3470.22486379
266000 3470.22486379
267000 3470.22486379
268000 3470.22486379
269000 3292.45305354
270000 3292.45305354
271000 3292.45305354
272000 3292.45305354
273000 3309.38450328
274000 3309.38450328
275000 3309.38450328
276000 3309.38450328
277000 3290.94494974
278000 3290.94494974
279000 3290.94494974
280000 3290.94494974
281000 3290.94494974
282000 3268.04234298
283000 3268.04234298
284000 3268.04234298
285000 3268.04234298
286000 3447.45873606
287000 3447.45873606
288000 3447.45873606
289000 3447.45873606
290000 3447.45873606
291000 3323.51694511
292000 3323.51694511
293000 3323.51694511
294000 3323.51694511
295000 3530.47943411
296000 3530.47943411
297000 3530.47943411
298000 3530.47943411
299000 3530.47943411
300000 3235.59438378
301000 2977.98003992
