0 1357.74578867
1000 1357.74578867
2000 1357.74578867
3000 1357.74578867
4000 1357.74578867
5000 1357.74578867
6000 1357.74578867
7000 1357.74578867
8000 1357.74578867
9000 1357.74578867
10000 1652.16356877
11000 1955.59791341
12000 1955.59791341
13000 1955.59791341
14000 1955.59791341
15000 1955.59791341
16000 1955.59791341
17000 1955.59791341
18000 1955.59791341
19000 1955.59791341
20000 1955.59791341
21000 1955.59791341
22000 1955.59791341
23000 2259.03225806
24000 2259.03225806
25000 498.059701493
26000 498.059701493
27000 498.059701493
28000 2552.97921478
29000 439.593762495
30000 439.593762495
31000 439.593762495
32000 6325.64705882
33000 3373.79268171
34000 421.938304591
35000 421.938304591
36000 421.938304591
37000 421.938304591
38000 421.938304591
39000 1470.98536585
40000 575.058823529
41000 575.058823529
42000 575.058823529
43000 575.058823529
44000 1375.9504644
45000 1375.9504644
46000 649.349298666
47000 649.349298666
48000 649.349298666
49000 839.008264463
50000 839.008264463
51000 331.76866607
52000 331.76866607
53000 331.76866607
54000 331.76866607
55000 331.76866607
56000 331.76866607
57000 768.994350282
58000 768.994350282
59000 768.994350282
60000 2644.49546828
61000 2644.49546828
62000 571.880239521
63000 571.880239521
64000 571.880239521
65000 3546.39688716
66000 694.820900901
67000 694.820900901
68000 694.820900901
69000 2326.52862363
70000 540.981839484
71000 540.981839484
72000 540.981839484
73000 540.981839484
74000 1647.42959002
75000 1647.42959002
76000 428.776727273
77000 428.776727273
78000 428.776727273
79000 428.776727273
80000 1013.04850136
81000 1013.04850136
82000 1013.04850136
83000 574.741180144
84000 574.741180144
85000 574.741180144
86000 880.424383434
87000 880.424383434
88000 880.424383434
89000 533.052138254
90000 533.052138254
91000 533.052138254
92000 773.766000815
93000 773.766000815
94000 773.766000815
95000 611.71419334
96000 611.71419334
97000 611.71419334
98000 611.71419334
99000 503.222611036
100000 503.222611036
101000 503.222611036
102000 503.222611036
103000 482.540242558
104000 482.540242558
105000 482.540242558
106000 482.540242558
107000 538.395092025
108000 538.395092025
109000 538.395092025
110000 574.378280543
111000 574.378280543
112000 574.378280543
113000 574.378280543
114000 510.425941193
115000 510.425941193
116000 510.425941193
117000 510.425941193
118000 593.073385827
119000 593.073385827
120000 593.073385827
121000 523.017301038
122000 523.017301038
123000 523.017301038
124000 523.017301038
125000 622.762916819
126000 622.762916819
127000 622.762916819
128000 609.829695666
129000 609.829695666
130000 609.829695666
131000 609.829695666
132000 719.179173047
133000 719.179173047
134000 719.179173047
135000 466.044088176
136000 466.044088176
137000 466.044088176
138000 466.044088176
139000 572.209864907
140000 572.209864907
141000 572.209864907
142000 572.209864907
143000 408.461028925
144000 408.461028925
145000 408.461028925
146000 408.461028925
147000 378.359215686
148000 378.359215686
149000 378.359215686
150000 378.359215686
151000 378.359215686
152000 378.359215686
153000 444.052203891
154000 444.052203891
155000 444.052203891
156000 444.052203891
157000 1241.69761273
158000 1241.69761273
159000 1241.69761273
160000 486.350026925
161000 486.350026925
162000 486.350026925
163000 486.350026925
164000 825.967213115
165000 825.967213115
166000 522.285400055
167000 522.285400055
168000 522.285400055
169000 522.285400055
170000 522.285400055
171000 613.666787134
172000 613.666787134
173000 613.666787134
174000 493.739259995
175000 493.739259995
176000 493.739259995
177000 493.739259995
178000 507.319402985
179000 507.319402985
180000 507.319402985
181000 507.319402985
182000 512.950926936
183000 512.950926936
184000 512.950926936
185000 512.950926936
186000 458.228763233
187000 458.228763233
188000 458.228763233
189000 458.228763233
190000 458.228763233
191000 516.858317347
192000 516.858317347
193000 516.858317347
194000 570.758361988
195000 570.758361988
196000 570.758361988
197000 570.758361988
198000 570.146822949
199000 570.146822949
200000 570.146822949
201000 570.146822949
202000 278.388824214
203000 278.388824214
204000 278.388824214
205000 278.388824214
206000 278.388824214
207000 278.388824214
208000 278.388824214
209000 293.667375307
210000 293.667375307
211000 293.667375307
212000 293.667375307
213000 293.667375307
214000 293.667375307
215000 293.667375307
216000 293.667375307
217000 1834.14634146
218000 1834.14634146
219000 1509.12
220000 1509.12
221000 904.814851982
222000 904.814851982
223000 643.076120052
224000 643.076120052
225000 643.076120052
226000 1000.41095436
227000 1000.41095436
228000 1000.41095436
229000 1000.41095436
230000 1000.41095436
231000 1000.41095436
232000 1000.41095436
233000 1357.74578867
234000 1357.74578867
235000 1652.16356877
236000 1652.16356877
237000 1955.59791341
238000 1955.59791341
239000 1955.59791341
240000 1955.59791341
241000 1955.59791341
242000 1955.59791341
243000 1955.59791341
244000 1955.59791341
245000 1955.59791341
246000 1955.59791341
247000 1955.59791341
248000 1955.59791341
249000 2259.03225806
250000 2259.03225806
251000 498.059701493
252000 498.059701493
253000 498.059701493
254000 2552.97921478
255000 439.593762495
256000 439.593762495
257000 439.593762495
258000 6325.64705882
259000 421.938304591
260000 421.938304591
261000 421.938304591
262000 421.938304591
263000 421.938304591
264000 1470.98536585
265000 1470.98536585
266000 575.058823529
267000 575.058823529
268000 575.058823529
269000 575.058823529
270000 1375.9504644
271000 649.349298666
272000 649.349298666
273000 649.349298666
274000 649.349298666
275000 839.008264463
276000 839.008264463
277000 331.76866607
278000 331.76866607
279000 331.76866607
280000 331.76866607
281000 331.76866607
282000 331.76866607
283000 768.994350282
284000 768.994350282
285000 768.994350282
286000 2644.49546828
287000 571.880239521
288000 571.880239521
289000 571.880239521
290000 571.880239521
291000 3546.39688716
292000 694.820900901
293000 694.820900901
294000 694.820900901
295000 2326.52862363
296000 540.981839484
297000 540.981839484
298000 540.981839484
299000 540.981839484
300000 1647.42959002
301000 1647.42959002
302000 428.776727273
303000 428.776727273
304000 428.776727273
305000 428.776727273
306000 1013.04850136
307000 1013.04850136
308000 574.741180144
309000 574.741180144
310000 574.741180144
311000 574.741180144
312000 880.424383434
313000 880.424383434
314000 533.052138254
315000 533.052138254
316000 533.052138254
317000 533.052138254
318000 773.766000815
319000 773.766000815
320000 773.766000815
321000 611.71419334
322000 611.71419334
323000 611.71419334
324000 503.222611036
325000 503.222611036
326000 503.222611036
327000 503.222611036
328000 482.540242558
329000 482.540242558
330000 482.540242558
331000 482.540242558
332000 538.395092025
333000 538.395092025
334000 538.395092025
335000 538.395092025
336000 574.378280543
337000 574.378280543
338000 574.378280543
339000 510.425941193
340000 510.425941193
341000 510.425941193
342000 510.425941193
343000 593.073385827
344000 593.073385827
345000 593.073385827
346000 593.073385827
347000 523.017301038
348000 523.017301038
349000 523.017301038
350000 523.017301038
351000 622.762916819
352000 622.762916819
353000 622.762916819
354000 609.829695666
355000 609.829695666
356000 609.829695666
357000 719.179173047
358000 719.179173047
359000 719.179173047
360000 466.044088176
361000 466.044088176
362000 466.044088176
363000 466.044088176
364000 466.044088176
365000 572.209864907
366000 572.209864907
367000 572.209864907
368000 408.461028925
369000 408.461028925
370000 408.461028925
371000 408.461028925
372000 408.461028925
373000 378.359215686
374000 378.359215686
375000 378.359215686
376000 378.359215686
377000 378.359215686
378000 444.052203891
379000 444.052203891
380000 444.052203891
381000 444.052203891
382000 444.052203891
383000 1241.69761273
384000 1241.69761273
385000 486.350026925
386000 486.350026925
387000 486.350026925
388000 486.350026925
389000 825.967213115
390000 825.967213115
391000 825.967213115
392000 522.285400055
393000 522.285400055
394000 522.285400055
395000 522.285400055
396000 522.285400055
397000 613.666787134
398000 613.666787134
399000 613.666787134
400000 493.739259995
401000 493.739259995
402000 493.739259995
403000 493.739259995
404000 507.319402985
405000 507.319402985
406000 507.319402985
407000 507.319402985
408000 512.950926936
409000 512.950926936
410000 512.950926936
411000 512.950926936
412000 458.228763233
413000 458.228763233
414000 458.228763233
415000 458.228763233
416000 516.858317347
417000 516.858317347
418000 516.858317347
419000 516.858317347
420000 570.758361988
421000 570.758361988
422000 570.758361988
423000 570.758361988
424000 570.146822949
425000 570.146822949
426000 570.146822949
427000 278.388824214
428000 278.388824214
429000 278.388824214
430000 278.388824214
431000 278.388824214
432000 278.388824214
433000 278.388824214
434000 278.388824214
435000 293.667375307
436000 293.667375307
437000 293.667375307
438000 293.667375307
439000 293.667375307
440000 293.667375307
441000 293.667375307
442000 1834.14634146
443000 1834.14634146
444000 1834.14634146
445000 1509.12
446000 1509.12
447000 904.814851982
448000 904.814851982
449000 643.076120052
450000 643.076120052
451000 643.076120052
