0 4028.57142857
1000 4028.57142857
2000 4028.57142857
3000 4028.57142857
4000 4028.57142857
5000 4028.57142857
6000 4028.57142857
7000 2215.09200806
8000 2215.09200806
9000 2476.48919279
10000 2476.48919279
11000 2476.48919279
12000 2737.88637752
13000 2737.88637752
14000 3407.95567867
15000 3407.95567867
16000 5145.02611519
17000 5145.02611519
18000 5145.02611519
19000 5145.02611519
20000 5145.02611519
21000 5145.02611519
22000 6882.09655172
23000 6882.09655172
24000 2239.70809578
25000 2370.04093771
26000 2500.37377964
27000 2500.37377964
28000 4784.13259669
29000 3158.64801579
30000 3158.64801579
31000 3158.64801579
32000 3158.64801579
33000 1533.1634349
34000 1533.1634349
35000 1533.1634349
36000 1533.1634349
37000 4209.91452991
38000 2218.50532213
39000 2218.50532213
40000 4892.48211921
41000 4338.09040626
42000 4338.09040626
43000 3783.69869331
44000 3783.69869331
45000 3261.68674699
46000 3261.68674699
47000 4508.66148724
48000 4679.43465634
49000 4679.43465634
50000 7428.64592593
51000 6987.6702509
52000 6983.70137525
53000 6983.70137525
54000 5787.20896717
55000 5787.20896717
56000 4724.1980198
57000 4724.1980198
58000 2098.77333333
59000 2098.77333333
60000 2098.77333333
61000 2098.77333333
62000 5261.81077147
63000 5261.81077147
64000 1887.90038911
65000 1887.90038911
66000 1887.90038911
67000 1887.90038911
68000 1866.00104877
69000 1866.00104877
70000 1866.00104877
71000 1866.00104877
72000 3111.89679567
73000 3111.89679567
74000 3111.89679567
75000 2479.45004819
76000 2479.45004819
77000 2479.45004819
78000 2479.45004819
79000 4160.933687
80000 4160.933687
81000 2043.01265823
82000 2043.01265823
83000 2043.01265823
84000 3459.11536297
85000 3459.11536297
86000 2533.22033898
87000 2533.22033898
88000 2533.22033898
89000 1346.6488848
90000 1346.6488848
91000 1346.6488848
92000 1346.6488848
93000 4839.12
94000 4839.12
95000 1238.23954456
96000 1238.23954456
97000 1238.23954456
98000 1238.23954456
99000 1238.23954456
100000 4384.16998672
101000 4384.16998672
102000 6188.66465257
103000 2767.73770492
104000 2767.73770492
105000 2767.73770492
106000 2767.73770492
107000 3905.94877632
108000 3905.94877632
109000 3905.94877632
110000 2113.87220275
111000 2113.87220275
112000 2113.87220275
113000 2113.87220275
114000 4442.31319648
115000 4442.31319648
116000 1618.75109938
117000 1618.75109938
118000 1618.75109938
119000 1618.75109938
120000 1618.75109938
121000 4521.4591195
122000 4521.4591195
123000 2098.98389095
124000 2098.98389095
125000 2098.98389095
126000 2098.98389095
127000 5102.74744724
128000 5102.74744724
129000 1870.21698576
130000 1870.21698576
131000 1870.21698576
132000 1870.21698576
133000 3706.62212944
134000 3706.62212944
135000 2210.64861538
136000 2210.64861538
137000 2210.64861538
138000 2210.64861538
139000 1619.01559792
140000 1619.01559792
141000 1619.01559792
142000 1619.01559792
143000 1619.01559792
144000 2364.06739346
145000 2364.06739346
146000 2364.06739346
147000 2094.72673321
148000 2094.72673321
149000 2094.72673321
150000 2094.72673321
151000 7777.50868486
152000 2451.82126348
153000 2293.22772277
154000 3160.89957567
155000 3160.89957567
156000 3160.89957567
157000 3160.89957567
158000 4028.57142857
159000 4028.57142857
160000 2215.09200806
161000 2215.09200806
162000 2476.48919279
163000 2476.48919279
164000 2476.48919279
165000 2737.88637752
166000 2737.88637752
167000 3407.95567867
168000 3407.95567867
169000 5145.02611519
170000 5145.02611519
171000 5145.02611519
172000 5145.02611519
173000 5145.02611519
174000 5145.02611519
175000 6882.09655172
176000 6882.09655172
177000 2239.70809578
178000 2370.04093771
179000 2500.37377964
180000 2500.37377964
181000 2500.37377964
182000 4784.13259669
183000 3158.64801579
184000 3158.64801579
185000 3158.64801579
186000 1533.1634349
187000 1533.1634349
188000 1533.1634349
189000 1533.1634349
190000 4209.91452991
191000 2218.50532213
192000 2218.50532213
193000 4892.48211921
194000 4892.48211921
195000 4338.09040626
196000 3783.69869331
197000 3783.69869331
198000 3261.68674699
199000 3261.68674699
200000 4508.66148724
201000 4508.66148724
202000 4679.43465634
203000 7428.64592593
204000 6987.6702509
205000 6987.6702509
206000 6983.70137525
207000 5787.20896717
208000 5787.20896717
209000 4724.1980198
210000 4724.1980198
211000 2098.77333333
212000 2098.77333333
213000 2098.77333333
214000 2098.77333333
215000 5261.81077147
216000 5261.81077147
217000 1887.90038911
218000 1887.90038911
219000 1887.90038911
220000 1887.90038911
221000 1866.00104877
222000 1866.00104877
223000 1866.00104877
224000 1866.00104877
225000 1866.00104877
226000 3111.89679567
227000 3111.89679567
228000 2479.45004819
229000 2479.45004819
230000 2479.45004819
231000 2479.45004819
232000 4160.933687
233000 4160.933687
234000 2043.01265823
235000 2043.01265823
236000 2043.01265823
237000 3459.11536297
238000 3459.11536297
239000 2533.22033898
240000 2533.22033898
241000 2533.22033898
242000 1346.6488848
243000 1346.6488848
244000 1346.6488848
245000 1346.6488848
246000 1346.6488848
247000 4839.12
248000 1238.23954456
249000 1238.23954456
250000 1238.23954456
251000 1238.23954456
252000 1238.23954456
253000 4384.16998672
254000 4384.16998672
255000 6188.66465257
256000 6188.66465257
257000 2767.73770492
258000 2767.73770492
259000 2767.73770492
260000 3905.94877632
261000 3905.94877632
262000 3905.94877632
263000 2113.87220275
264000 2113.87220275
265000 2113.87220275
266000 2113.87220275
267000 4442.31319648
268000 4442.31319648
269000 1618.75109938
270000 1618.75109938
271000 1618.75109938
272000 1618.75109938
273000 1618.75109938
274000 4521.4591195
275000 4521.4591195
276000 2098.98389095
277000 2098.98389095
278000 2098.98389095
279000 2098.98389095
280000 5102.74744724
281000 5102.74744724
282000 1870.21698576
283000 1870.21698576
284000 1870.21698576
285000 1870.21698576
286000 3706.62212944
287000 3706.62212944
288000 2210.64861538
289000 2210.64861538
290000 2210.64861538
291000 2210.64861538
292000 1619.01559792
293000 1619.01559792
294000 1619.01559792
295000 1619.01559792
296000 1619.01559792
297000 2364.06739346
298000 2364.06739346
299000 2364.06739346
300000 2094.72673321
301000 2094.72673321
302000 2094.72673321
303000 2094.72673321
304000 7777.50868486
305000 7777.50868486
306000 2451.82126348
