0 8946.07253886
1000 8946.07253886
2000 8946.07253886
3000 8946.07253886
4000 6190.973962
5000 6190.973962
6000 6190.973962
7000 6190.973962
8000 3435.87538514
9000 3435.87538514
10000 3435.87538514
11000 4785.34107884
12000 4785.34107884
13000 8741.71428571
14000 8741.71428571
15000 8616.17748562
16000 8407.25090497
17000 8407.25090497
18000 8407.25090497
19000 8198.32432432
20000 8198.32432432
21000 5558.24064337
22000 5558.24064337
23000 5558.24064337
24000 4334.03904964
25000 4334.03904964
26000 4334.03904964
27000 4334.03904964
28000 6343.11252485
29000 6343.11252485
30000 6343.11252485
31000 4568.54135338
32000 4568.54135338
33000 4568.54135338
34000 4568.54135338
35000 4722.31654676
36000 4722.31654676
37000 4722.31654676
38000 4923.07052324
39000 4923.07052324
40000 4923.07052324
41000 6764.25870647
42000 6764.25870647
43000 6764.25870647
44000 8038.90584192
45000 8038.90584192
46000 8034.56112577
47000 4745.57832957
48000 4745.57832957
49000 3402.83297603
50000 3402.83297603
51000 3402.83297603
52000 3402.83297603
53000 3402.83297603
54000 3402.83297603
55000 4195.99018164
56000 4195.99018164
57000 4195.99018164
58000 4195.99018164
59000 7798.29525718
60000 7798.29525718
61000 7784.93950178
62000 7784.93950178
63000 9824.70909091
64000 9824.70909091
65000 8053.30612245
66000 8053.30612245
67000 8053.30612245
68000 4482.07346939
69000 4482.07346939
70000 4482.07346939
71000 4482.07346939
72000 4899.6168898
73000 4899.6168898
74000 4899.6168898
75000 4899.6168898
76000 4899.6168898
77000 4281.06544622
78000 4281.06544622
79000 4281.06544622
80000 4281.06544622
81000 4281.06544622
82000 9870.56969697
83000 6847.80273007
84000 6847.80273007
85000 6847.80273007
86000 8481.86883676
87000 8481.86883676
88000 8092.01806322
89000 8092.01806322
90000 5739.95376791
91000 5739.95376791
92000 5171.53060079
93000 5171.53060079
94000 5171.53060079
95000 5171.53060079
96000 4853.69
97000 4853.69
98000 4853.69
99000 4853.69
100000 5480.27918171
101000 5480.27918171
102000 6891.59164565
103000 6891.59164565
104000 6891.59164565
105000 8302.90410959
106000 8302.90410959
107000 8302.90410959
108000 9625.1849126
109000 9625.1849126
110000 9625.1849126
111000 7903.00150981
112000 7903.00150981
113000 7903.00150981
114000 5234.16913688
115000 5234.16913688
116000 5234.16913688
117000 5234.16913688
118000 5234.16913688
119000 4288.78015398
120000 4288.78015398
121000 4288.78015398
122000 4288.78015398
123000 4288.78015398
124000 5267.44637947
125000 5267.44637947
126000 5267.44637947
127000 5267.44637947
128000 7006.30100334
129000 7006.30100334
130000 7006.30100334
131000 7060.38601399
132000 7060.38601399
133000 7060.38601399
134000 5111.68293169
135000 5111.68293169
136000 5111.68293169
137000 5111.68293169
138000 5111.68293169
139000 5111.68293169
140000 4196.54019586
141000 4196.54019586
142000 4196.54019586
143000 4196.54019586
144000 4696.18058691
145000 4696.18058691
146000 4696.18058691
147000 4696.18058691
148000 4696.18058691
149000 4696.18058691
150000 7326.54431373
151000 7326.54431373
152000 7922.2138005
153000 7922.2138005
154000 7922.2138005
155000 8916.45013173
156000 8916.45013173
157000 8916.45013173
158000 5415.89347777
159000 5415.89347777
160000 5415.89347777
161000 5415.89347777
162000 5415.89347777
163000 4268.25008732
164000 4268.25008732
165000 4268.25008732
166000 4268.25008732
167000 4268.25008732
168000 4268.25008732
169000 9203.84596676
170000 9203.84596676
171000 9203.84596676
172000 9677.30397968
173000 9677.30397968
174000 7961.36523126
175000 7961.36523126
176000 7961.36523126
177000 7961.36523126
178000 6103.93310872
179000 6103.93310872
180000 6103.93310872
181000 6103.93310872
182000 6103.93310872
183000 6103.93310872
184000 4246.50098619
185000 4246.50098619
186000 4246.50098619
187000 4246.50098619
188000 4246.50098619
189000 4246.50098619
190000 4246.50098619
191000 9521.77055838
192000 9521.77055838
193000 9521.77055838
194000 7989.29971347
195000 7989.29971347
196000 7989.29971347
197000 7989.29971347
198000 5559.50733138
199000 5559.50733138
200000 5559.50733138
201000 5559.50733138
202000 5559.50733138
203000 5559.50733138
204000 6244.29775785
205000 6244.29775785
206000 6244.29775785
207000 6244.29775785
208000 9142.20980838
209000 9142.20980838
210000 9142.20980838
211000 9142.20980838
212000 8631.40948454
213000 8631.40948454
214000 8445.22120658
215000 9036.42975207
216000 8991.25114547
217000 8991.25114547
218000 8991.25114547
219000 8946.07253886
220000 6190.973962
221000 6190.973962
222000 6190.973962
223000 3435.87538514
224000 3435.87538514
225000 3435.87538514
226000 4785.34107884
227000 4785.34107884
228000 4785.34107884
229000 8741.71428571
230000 8616.17748562
231000 8616.17748562
232000 8407.25090497
233000 8407.25090497
234000 8198.32432432
235000 8198.32432432
236000 5558.24064337
237000 5558.24064337
238000 5558.24064337
239000 4334.03904964
240000 4334.03904964
241000 4334.03904964
242000 4334.03904964
243000 4334.03904964
244000 6343.11252485
245000 6343.11252485
246000 4568.54135338
247000 4568.54135338
248000 4568.54135338
249000 4568.54135338
250000 4722.31654676
251000 4722.31654676
252000 4722.31654676
253000 4923.07052324
254000 4923.07052324
255000 4923.07052324
256000 4923.07052324
257000 6764.25870647
258000 6764.25870647
259000 8038.90584192
260000 8038.90584192
261000 8034.56112577
262000 4745.57832957
263000 4745.57832957
264000 4745.57832957
265000 3402.83297603
266000 3402.83297603
267000 3402.83297603
268000 3402.83297603
269000 3402.83297603
270000 4195.99018164
271000 4195.99018164
272000 4195.99018164
273000 4195.99018164
274000 7798.29525718
275000 7798.29525718
276000 7784.93950178
277000 7784.93950178
278000 9824.70909091
279000 9824.70909091
280000 9824.70909091
281000 8053.30612245
282000 8053.30612245
283000 4482.07346939
284000 4482.07346939
285000 4482.07346939
286000 4482.07346939
287000 4482.07346939
288000 4899.6168898
289000 4899.6168898
290000 4899.6168898
291000 4899.6168898
292000 4281.06544622
293000 4281.06544622
294000 4281.06544622
295000 4281.06544622
296000 4281.06544622
297000 9870.56969697
298000 9870.56969697
299000 6847.80273007
300000 6847.80273007
301000 8481.86883676
302000 8481.86883676
303000 8092.01806322
304000 8092.01806322
305000 8092.01806322
306000 5739.95376791
307000 5739.95376791
308000 5171.53060079
309000 5171.53060079
310000 5171.53060079
311000 5171.53060079
312000 4853.69
313000 4853.69
314000 4853.69
315000 5480.27918171
316000 5480.27918171
317000 5480.27918171
318000 6891.59164565
319000 6891.59164565
320000 8302.90410959
321000 8302.90410959
322000 8302.90410959
323000 8302.90410959
324000 9625.1849126
325000 9625.1849126
326000 9625.1849126
327000 7903.00150981
328000 7903.00150981
329000 5234.16913688
330000 5234.16913688
331000 5234.16913688
332000 5234.16913688
333000 5234.16913688
334000 4288.78015398
335000 4288.78015398
336000 4288.78015398
337000 4288.78015398
338000 4288.78015398
339000 4288.78015398
340000 5267.44637947
341000 5267.44637947
342000 5267.44637947
343000 5267.44637947
344000 7006.30100334
345000 7006.30100334
346000 7060.38601399
347000 7060.38601399
348000 7060.38601399
349000 7060.38601399
350000 5111.68293169
351000 5111.68293169
352000 5111.68293169
353000 5111.68293169
354000 5111.68293169
355000 4196.54019586
356000 4196.54019586
357000 4196.54019586
358000 4196.54019586
359000 4196.54019586
360000 4696.18058691
361000 4696.18058691
362000 4696.18058691
363000 4696.18058691
364000 4696.18058691
365000 7326.54431373
366000 7326.54431373
367000 7326.54431373
368000 7922.2138005
369000 7922.2138005
370000 7922.2138005
371000 8916.45013173
372000 8916.45013173
373000 8916.45013173
374000 5415.89347777
375000 5415.89347777
376000 5415.89347777
377000 5415.89347777
378000 4268.25008732
379000 4268.25008732
380000 4268.25008732
381000 4268.25008732
382000 4268.25008732
383000 4268.25008732
384000 9203.84596676
385000 9203.84596676
386000 9203.84596676
387000 9677.30397968
388000 9677.30397968
389000 9677.30397968
390000 7961.36523126
391000 7961.36523126
392000 7961.36523126
393000 6103.93310872
394000 6103.93310872
395000 6103.93310872
396000 6103.93310872
397000 6103.93310872
398000 6103.93310872
399000 4246.50098619
400000 4246.50098619
401000 4246.50098619
402000 4246.50098619
403000 4246.50098619
404000 4246.50098619
405000 4246.50098619
406000 4246.50098619
407000 9521.77055838
408000 9521.77055838
409000 9521.77055838
410000 7989.29971347
411000 7989.29971347
412000 7989.29971347
413000 7989.29971347
414000 5559.50733138
415000 5559.50733138
416000 5559.50733138
417000 5559.50733138
418000 5559.50733138
419000 6244.29775785
420000 6244.29775785
421000 6244.29775785
422000 6244.29775785
423000 6244.29775785
424000 9142.20980838
425000 9142.20980838
426000 9142.20980838
427000 8631.40948454
428000 8631.40948454
429000 8445.22120658
430000 8445.22120658
