0 4535.85786802
1000 4535.85786802
2000 4535.85786802
3000 4535.85786802
4000 4535.85786802
5000 4535.85786802
6000 4928.86360321
7000 5269.20644949
8000 5269.20644949
9000 5269.20644949
10000 5269.20644949
11000 5269.20644949
12000 5269.20644949
13000 5269.20644949
14000 5269.20644949
15000 5269.20644949
16000 5609.54929577
17000 5609.54929577
18000 7008.25321464
19000 7008.25321464
20000 7008.25321464
21000 7398.98850575
22000 7398.98850575
23000 8042.65370595
24000 7046.186536
25000 7046.186536
26000 7046.186536
27000 7046.186536
28000 7046.186536
29000 6049.71936606
30000 6049.71936606
31000 6049.71936606
32000 7665.50121536
33000 7665.50121536
34000 6959.76
35000 6959.76
36000 6959.76
37000 7912.66995074
38000 7912.66995074
39000 7116.98973774
40000 7116.98973774
41000 7116.98973774
42000 7286.45962733
43000 7286.45962733
44000 7286.45962733
45000 7149.32577904
46000 7149.32577904
47000 7286.76578737
48000 7286.76578737
49000 7286.76578737
50000 7180.01532567
51000 7180.01532567
52000 6527.55303888
53000 6527.55303888
54000 6527.55303888
55000 7308.43536346
56000 7308.43536346
57000 7308.43536346
58000 6078.01013856
59000 6078.01013856
60000 6078.01013856
61000 7503.45798504
62000 7503.45798504
63000 7119.78403394
64000 7119.78403394
65000 7119.78403394
66000 7261.72754128
67000 7261.72754128
68000 7261.72754128
69000 7261.72754128
70000 7403.67104861
71000 7403.67104861
72000 7403.67104861
73000 6609.57303371
74000 6609.57303371
75000 6609.57303371
76000 6609.57303371
77000 6609.57303371
78000 6682.24363963
79000 6682.24363963
80000 6682.24363963
81000 6682.24363963
82000 6841.84368737
83000 6841.84368737
84000 6841.84368737
85000 6841.84368737
86000 6273.72972973
87000 6273.72972973
88000 6273.72972973
89000 6273.72972973
90000 6815.41155867
91000 6815.41155867
92000 6815.41155867
93000 6815.41155867
94000 6911.62091881
95000 6911.62091881
96000 6911.62091881
97000 6911.62091881
98000 7004.60211161
99000 7004.60211161
100000 7004.60211161
101000 7004.60211161
102000 7385.39714108
103000 7385.39714108
104000 7385.39714108
105000 7348.24534056
106000 7348.24534056
107000 7348.24534056
108000 6608.60062094
109000 6608.60062094
110000 6608.60062094
111000 6608.60062094
112000 6253.96971279
113000 6253.96971279
114000 6253.96971279
115000 6253.96971279
116000 7028.84424221
117000 7028.84424221
118000 7028.84424221
119000 7028.84424221
120000 5790.06366746
121000 5790.06366746
122000 5790.06366746
123000 5790.06366746
124000 6934.52778553
125000 6934.52778553
126000 6934.52778553
127000 6934.52778553
128000 7064.68657655
129000 7064.68657655
130000 7064.68657655
131000 5794.09836066
132000 5794.09836066
133000 5794.09836066
134000 5794.09836066
135000 6301.26407937
136000 6301.26407937
137000 6301.26407937
138000 6301.26407937
139000 5541.87572914
140000 5541.87572914
141000 5541.87572914
142000 5541.87572914
143000 6354.59459459
144000 6354.59459459
145000 6354.59459459
146000 6354.59459459
147000 6997.81914191
148000 6997.81914191
149000 6997.81914191
150000 6997.81914191
151000 7225.3767927
152000 7225.3767927
153000 7225.3767927
154000 7225.3767927
155000 5087.97068255
156000 5087.97068255
157000 5087.97068255
158000 5087.97068255
159000 5945.60783114
160000 5945.60783114
161000 5945.60783114
162000 5945.60783114
163000 5563.07400079
164000 5563.07400079
165000 5563.07400079
166000 4864.21309656
167000 4864.21309656
168000 4700.03548229
169000 4700.03548229
170000 4700.03548229
171000 4700.03548229
172000 4535.85786802
173000 4535.85786802
174000 4928.86360321
175000 5269.20644949
176000 5269.20644949
177000 5269.20644949
178000 5269.20644949
179000 5269.20644949
180000 5269.20644949
181000 5269.20644949
182000 5269.20644949
183000 5269.20644949
184000 5609.54929577
185000 5609.54929577
186000 7008.25321464
187000 7008.25321464
188000 7398.98850575
189000 7398.98850575
190000 8042.65370595
191000 8042.65370595
192000 7046.186536
193000 7046.186536
194000 7046.186536
195000 7046.186536
196000 7046.186536
197000 6049.71936606
198000 6049.71936606
199000 6049.71936606
200000 7665.50121536
201000 7665.50121536
202000 6959.76
203000 6959.76
204000 6959.76
205000 7912.66995074
206000 7912.66995074
207000 7116.98973774
208000 7116.98973774
209000 7116.98973774
210000 7286.45962733
211000 7286.45962733
212000 7149.32577904
213000 7149.32577904
214000 7149.32577904
215000 7286.76578737
216000 7286.76578737
217000 7286.76578737
218000 7180.01532567
219000 7180.01532567
220000 6527.55303888
221000 6527.55303888
222000 6527.55303888
223000 7308.43536346
224000 7308.43536346
225000 7308.43536346
226000 6078.01013856
227000 6078.01013856
228000 6078.01013856
229000 7503.45798504
230000 7503.45798504
231000 7119.78403394
232000 7119.78403394
233000 7119.78403394
234000 7261.72754128
235000 7261.72754128
236000 7261.72754128
237000 7403.67104861
238000 7403.67104861
239000 7403.67104861
240000 7403.67104861
241000 6609.57303371
242000 6609.57303371
243000 6609.57303371
244000 6609.57303371
245000 6609.57303371
246000 6682.24363963
247000 6682.24363963
248000 6682.24363963
249000 6682.24363963
250000 6841.84368737
251000 6841.84368737
252000 6841.84368737
253000 6841.84368737
254000 6273.72972973
255000 6273.72972973
256000 6273.72972973
257000 6273.72972973
258000 6815.41155867
259000 6815.41155867
260000 6815.41155867
261000 6815.41155867
262000 6911.62091881
263000 6911.62091881
264000 6911.62091881
265000 6911.62091881
266000 7004.60211161
267000 7004.60211161
268000 7004.60211161
269000 7004.60211161
270000 7385.39714108
271000 7385.39714108
272000 7385.39714108
273000 7348.24534056
274000 7348.24534056
275000 7348.24534056
276000 6608.60062094
277000 6608.60062094
278000 6608.60062094
279000 6608.60062094
280000 6253.96971279
281000 6253.96971279
282000 6253.96971279
283000 6253.96971279
284000 7028.84424221
285000 7028.84424221
286000 7028.84424221
287000 7028.84424221
288000 5790.06366746
289000 5790.06366746
290000 5790.06366746
291000 5790.06366746
292000 6934.52778553
293000 6934.52778553
294000 6934.52778553
295000 7064.68657655
296000 7064.68657655
297000 7064.68657655
298000 7064.68657655
299000 5794.09836066
300000 5794.09836066
301000 5794.09836066
302000 5794.09836066
303000 6301.26407937
304000 6301.26407937
305000 6301.26407937
306000 6301.26407937
307000 5541.87572914
308000 5541.87572914
309000 5541.87572914
310000 5541.87572914
311000 6354.59459459
312000 6354.59459459
313000 6354.59459459
314000 6354.59459459
315000 6997.81914191
316000 6997.81914191
317000 6997.81914191
318000 6997.81914191
319000 7225.3767927
320000 7225.3767927
321000 7225.3767927
322000 7225.3767927
323000 5087.97068255
324000 5087.97068255
325000 5087.97068255
326000 5087.97068255
327000 5945.60783114
328000 5945.60783114
329000 5945.60783114
330000 5945.60783114
331000 5563.07400079
332000 5563.07400079
333000 5563.07400079
334000 4864.21309656
335000 4864.21309656
