0 584.710160428
1000 584.710160428
2000 584.710160428
3000 584.710160428
4000 584.710160428
5000 584.710160428
6000 584.710160428
7000 1379.79870968
8000 510.014430014
9000 510.014430014
10000 510.014430014
11000 881.442639362
12000 881.442639362
13000 1252.87084871
14000 1252.87084871
15000 893.776482021
16000 893.776482021
17000 893.776482021
18000 908.126115407
19000 908.126115407
20000 720.172166428
21000 720.172166428
22000 720.172166428
23000 1186.46648794
24000 1186.46648794
25000 345.767567568
26000 345.767567568
27000 345.767567568
28000 345.767567568
29000 345.767567568
30000 345.767567568
31000 345.767567568
32000 411.412995863
33000 411.412995863
34000 411.412995863
35000 411.412995863
36000 752.0
37000 752.0
38000 752.0
39000 367.813503409
40000 367.813503409
41000 367.813503409
42000 367.813503409
43000 367.813503409
44000 367.813503409
45000 639.005181347
46000 639.005181347
47000 639.005181347
48000 920.879710893
49000 920.879710893
50000 1479.11111111
51000 1479.11111111
52000 1059.21436588
53000 1059.21436588
54000 817.299719888
55000 817.299719888
56000 817.299719888
57000 1192.42214984
58000 1192.42214984
59000 221.253287026
60000 221.253287026
61000 221.253287026
62000 221.253287026
63000 221.253287026
64000 221.253287026
65000 221.253287026
66000 221.253287026
67000 221.253287026
68000 809.066906152
69000 809.066906152
70000 809.066906152
71000 1194.4544759
72000 1194.4544759
73000 331.922528033
74000 331.922528033
75000 331.922528033
76000 331.922528033
77000 331.922528033
78000 331.922528033
79000 464.52857892
80000 464.52857892
81000 464.52857892
82000 464.52857892
83000 464.52857892
84000 874.601569311
85000 874.601569311
86000 874.601569311
87000 1443.26840855
88000 1443.26840855
89000 1212.6183953
90000 1212.6183953
91000 835.338528139
92000 835.338528139
93000 835.338528139
94000 1345.14827353
95000 1345.14827353
96000 194.553294378
97000 194.553294378
98000 194.553294378
99000 194.553294378
100000 194.553294378
101000 194.553294378
102000 194.553294378
103000 194.553294378
104000 194.553294378
105000 194.553294378
106000 194.553294378
107000 731.539856802
108000 731.539856802
109000 1685.47222222
110000 1685.47222222
111000 430.131664148
112000 430.131664148
113000 430.131664148
114000 430.131664148
115000 430.131664148
116000 430.131664148
117000 520.648899189
118000 520.648899189
119000 520.648899189
120000 520.648899189
121000 820.565795959
122000 820.565795959
123000 430.655670103
124000 430.655670103
125000 430.655670103
126000 430.655670103
127000 430.655670103
128000 555.361322314
129000 555.361322314
130000 555.361322314
131000 452.648143054
132000 452.648143054
133000 452.648143054
134000 452.648143054
135000 452.648143054
136000 523.721876767
137000 523.721876767
138000 523.721876767
139000 523.721876767
140000 305.644859813
141000 305.644859813
142000 305.644859813
143000 305.644859813
144000 305.644859813
145000 305.644859813
146000 740.028137727
147000 740.028137727
148000 740.028137727
149000 1117.96116505
150000 1117.96116505
151000 1117.96116505
152000 424.086286595
153000 424.086286595
154000 424.086286595
155000 424.086286595
156000 424.086286595
157000 625.43518225
158000 625.43518225
159000 625.43518225
160000 686.570425283
161000 686.570425283
162000 686.570425283
163000 522.944759938
164000 522.944759938
165000 522.944759938
166000 522.944759938
167000 522.944759938
168000 351.9815845
169000 351.9815845
170000 351.9815845
171000 351.9815845
172000 351.9815845
173000 351.9815845
174000 482.278372591
175000 482.278372591
176000 482.278372591
177000 482.278372591
178000 690.968895245
179000 690.968895245
180000 690.968895245
181000 586.83091226
182000 586.83091226
183000 586.83091226
184000 586.83091226
185000 810.836185819
186000 810.836185819
187000 810.836185819
188000 335.623260792
189000 335.623260792
190000 335.623260792
191000 335.623260792
192000 335.623260792
193000 335.623260792
194000 442.127906977
195000 442.127906977
196000 442.127906977
197000 442.127906977
198000 588.40823636
199000 588.40823636
200000 588.40823636
201000 588.40823636
202000 584.710160428
203000 584.710160428
204000 584.710160428
205000 1379.79870968
206000 510.014430014
207000 510.014430014
208000 510.014430014
209000 881.442639362
210000 881.442639362
211000 1252.87084871
212000 1252.87084871
213000 893.776482021
214000 893.776482021
215000 893.776482021
216000 908.126115407
217000 908.126115407
218000 720.172166428
219000 720.172166428
220000 720.172166428
221000 1186.46648794
222000 1186.46648794
223000 345.767567568
224000 345.767567568
225000 345.767567568
226000 345.767567568
227000 345.767567568
228000 345.767567568
229000 345.767567568
230000 411.412995863
231000 411.412995863
232000 411.412995863
233000 411.412995863
234000 752.0
235000 752.0
236000 752.0
237000 367.813503409
238000 367.813503409
239000 367.813503409
240000 367.813503409
241000 367.813503409
242000 367.813503409
243000 639.005181347
244000 639.005181347
245000 920.879710893
246000 920.879710893
247000 920.879710893
248000 1479.11111111
249000 1479.11111111
250000 1059.21436588
251000 1059.21436588
252000 817.299719888
253000 817.299719888
254000 817.299719888
255000 1192.42214984
256000 1192.42214984
257000 221.253287026
258000 221.253287026
259000 221.253287026
260000 221.253287026
261000 221.253287026
262000 221.253287026
263000 221.253287026
264000 221.253287026
265000 221.253287026
266000 809.066906152
267000 809.066906152
268000 809.066906152
269000 1194.4544759
270000 1194.4544759
271000 331.922528033
272000 331.922528033
273000 331.922528033
274000 331.922528033
275000 331.922528033
276000 331.922528033
277000 464.52857892
278000 464.52857892
279000 464.52857892
280000 464.52857892
281000 464.52857892
282000 874.601569311
283000 874.601569311
284000 874.601569311
285000 1443.26840855
286000 1443.26840855
287000 1212.6183953
288000 1212.6183953
289000 835.338528139
290000 835.338528139
291000 835.338528139
292000 1345.14827353
293000 1345.14827353
294000 194.553294378
295000 194.553294378
296000 194.553294378
297000 194.553294378
298000 194.553294378
299000 194.553294378
300000 194.553294378
301000 194.553294378
302000 194.553294378
303000 194.553294378
304000 194.553294378
305000 731.539856802
306000 731.539856802
307000 1685.47222222
308000 1685.47222222
309000 430.131664148
310000 430.131664148
311000 430.131664148
312000 430.131664148
313000 430.131664148
314000 520.648899189
315000 520.648899189
316000 520.648899189
317000 520.648899189
318000 520.648899189
319000 820.565795959
320000 820.565795959
321000 430.655670103
322000 430.655670103
323000 430.655670103
324000 430.655670103
325000 430.655670103
326000 555.361322314
327000 555.361322314
328000 555.361322314
329000 452.648143054
330000 452.648143054
331000 452.648143054
332000 452.648143054
333000 452.648143054
334000 523.721876767
335000 523.721876767
336000 523.721876767
337000 523.721876767
338000 305.644859813
339000 305.644859813
340000 305.644859813
341000 305.644859813
342000 305.644859813
343000 305.644859813
344000 740.028137727
345000 740.028137727
346000 740.028137727
347000 1117.96116505
348000 1117.96116505
349000 1117.96116505
350000 424.086286595
351000 424.086286595
352000 424.086286595
353000 424.086286595
354000 424.086286595
355000 625.43518225
356000 625.43518225
357000 625.43518225
358000 686.570425283
359000 686.570425283
360000 686.570425283
361000 522.944759938
362000 522.944759938
363000 522.944759938
364000 522.944759938
365000 522.944759938
366000 351.9815845
367000 351.9815845
368000 351.9815845
369000 351.9815845
370000 351.9815845
371000 482.278372591
372000 482.278372591
373000 482.278372591
374000 482.278372591
375000 482.278372591
376000 690.968895245
377000 690.968895245
378000 690.968895245
379000 586.83091226
380000 586.83091226
381000 586.83091226
382000 586.83091226
383000 810.836185819
384000 810.836185819
385000 810.836185819
386000 335.623260792
387000 335.623260792
388000 335.623260792
389000 335.623260792
390000 335.623260792
391000 335.623260792
392000 442.127906977
393000 442.127906977
394000 442.127906977
395000 442.127906977
