0 895.267375307
1000 895.267375307
2000 895.267375307
3000 895.267375307
4000 895.267375307
5000 895.267375307
6000 895.267375307
7000 895.267375307
8000 895.267375307
9000 895.267375307
10000 895.267375307
11000 895.267375307
12000 770.2904795
13000 770.2904795
14000 377.549450549
15000 377.549450549
16000 377.549450549
17000 671.042026482
18000 671.042026482
19000 135.084567829
20000 135.084567829
21000 135.084567829
22000 135.084567829
23000 135.084567829
24000 135.084567829
25000 135.084567829
26000 135.084567829
27000 135.084567829
28000 721.958148383
29000 721.958148383
30000 265.635277905
31000 265.635277905
32000 265.635277905
33000 265.635277905
34000 265.635277905
35000 848.103971119
36000 848.103971119
37000 858.647272727
38000 858.647272727
39000 874.267625899
40000 928.907279693
41000 928.907279693
42000 1280.82580645
43000 1280.82580645
44000 371.79687001
45000 371.79687001
46000 371.79687001
47000 371.79687001
48000 371.79687001
49000 315.50470051
50000 315.50470051
51000 315.50470051
52000 315.50470051
53000 315.50470051
54000 315.50470051
55000 242.169491525
56000 242.169491525
57000 242.169491525
58000 242.169491525
59000 242.169491525
60000 242.169491525
61000 242.169491525
62000 242.169491525
63000 242.169491525
64000 349.867892016
65000 349.867892016
66000 349.867892016
67000 349.867892016
68000 349.867892016
69000 381.374766936
70000 381.374766936
71000 381.374766936
72000 381.374766936
73000 381.374766936
74000 122.069718606
75000 122.069718606
76000 122.069718606
77000 122.069718606
78000 122.069718606
79000 122.069718606
80000 122.069718606
81000 122.069718606
82000 122.069718606
83000 122.069718606
84000 92.8409461031
85000 92.8409461031
86000 92.8409461031
87000 92.8409461031
88000 92.8409461031
89000 92.8409461031
90000 92.8409461031
91000 92.8409461031
92000 92.8409461031
93000 92.8409461031
94000 92.8409461031
95000 92.8409461031
96000 92.8409461031
97000 92.8409461031
98000 1048.49492151
99000 1048.49492151
100000 1048.49492151
101000 222.258133107
102000 222.258133107
103000 222.258133107
104000 222.258133107
105000 222.258133107
106000 222.258133107
107000 327.85562876
108000 327.85562876
109000 327.85562876
110000 327.85562876
111000 328.106666667
112000 328.106666667
113000 328.106666667
114000 328.106666667
115000 328.106666667
116000 285.614267874
117000 285.614267874
118000 285.614267874
119000 285.614267874
120000 285.614267874
121000 285.614267874
122000 285.614267874
123000 285.614267874
124000 285.614267874
125000 285.614267874
126000 285.614267874
127000 285.614267874
128000 285.614267874
129000 285.614267874
130000 285.614267874
131000 285.614267874
132000 285.614267874
133000 285.614267874
134000 285.614267874
135000 285.614267874
136000 243.12186908
137000 243.12186908
138000 243.12186908
139000 243.12186908
140000 243.12186908
141000 243.12186908
142000 243.12186908
143000 391.381230663
144000 391.381230663
145000 391.381230663
146000 391.381230663
147000 275.100306821
148000 275.100306821
149000 275.100306821
150000 275.100306821
151000 275.100306821
152000 275.100306821
153000 275.100306821
154000 566.785185185
155000 566.785185185
156000 566.785185185
157000 319.315597287
158000 319.315597287
159000 319.315597287
160000 319.315597287
161000 319.315597287
162000 319.315597287
163000 377.911054638
164000 377.911054638
165000 377.911054638
166000 377.911054638
167000 575.365708622
168000 575.365708622
169000 575.365708622
170000 153.563288719
171000 153.563288719
172000 153.563288719
173000 153.563288719
174000 153.563288719
175000 153.563288719
176000 153.563288719
177000 153.563288719
178000 153.563288719
179000 524.415332013
180000 524.415332013
181000 524.415332013
182000 524.415332013
183000 524.415332013
184000 524.415332013
185000 524.415332013
186000 524.415332013
187000 524.415332013
188000 895.267375307
189000 895.267375307
190000 770.2904795
191000 770.2904795
192000 377.549450549
193000 377.549450549
194000 377.549450549
195000 671.042026482
196000 671.042026482
197000 135.084567829
198000 135.084567829
199000 135.084567829
200000 135.084567829
201000 135.084567829
202000 135.084567829
203000 135.084567829
204000 135.084567829
205000 135.084567829
206000 721.958148383
207000 721.958148383
208000 265.635277905
209000 265.635277905
210000 265.635277905
211000 265.635277905
212000 265.635277905
213000 265.635277905
214000 848.103971119
215000 858.647272727
216000 858.647272727
217000 874.267625899
218000 874.267625899
219000 928.907279693
220000 1280.82580645
221000 1280.82580645
222000 371.79687001
223000 371.79687001
224000 371.79687001
225000 371.79687001
226000 371.79687001
227000 315.50470051
228000 315.50470051
229000 315.50470051
230000 315.50470051
231000 315.50470051
232000 315.50470051
233000 242.169491525
234000 242.169491525
235000 242.169491525
236000 242.169491525
237000 242.169491525
238000 242.169491525
239000 242.169491525
240000 242.169491525
241000 242.169491525
242000 349.867892016
243000 349.867892016
244000 349.867892016
245000 349.867892016
246000 349.867892016
247000 381.374766936
248000 381.374766936
249000 381.374766936
250000 381.374766936
251000 381.374766936
252000 122.069718606
253000 122.069718606
254000 122.069718606
255000 122.069718606
256000 122.069718606
257000 122.069718606
258000 122.069718606
259000 122.069718606
260000 122.069718606
261000 122.069718606
262000 92.8409461031
263000 92.8409461031
264000 92.8409461031
265000 92.8409461031
266000 92.8409461031
267000 92.8409461031
268000 92.8409461031
269000 92.8409461031
270000 92.8409461031
271000 92.8409461031
272000 92.8409461031
273000 92.8409461031
274000 92.8409461031
275000 92.8409461031
276000 92.8409461031
277000 1048.49492151
278000 1048.49492151
279000 222.258133107
280000 222.258133107
281000 222.258133107
282000 222.258133107
283000 222.258133107
284000 222.258133107
285000 327.85562876
286000 327.85562876
287000 327.85562876
288000 327.85562876
289000 327.85562876
290000 328.106666667
291000 328.106666667
292000 328.106666667
293000 328.106666667
294000 285.614267874
295000 285.614267874
296000 285.614267874
297000 285.614267874
298000 285.614267874
299000 285.614267874
300000 285.614267874
301000 285.614267874
302000 285.614267874
303000 285.614267874
304000 285.614267874
305000 285.614267874
306000 285.614267874
307000 285.614267874
308000 285.614267874
309000 285.614267874
310000 285.614267874
311000 285.614267874
312000 285.614267874
313000 285.614267874
314000 285.614267874
315000 243.12186908
316000 243.12186908
317000 243.12186908
318000 243.12186908
319000 243.12186908
320000 243.12186908
321000 391.381230663
322000 391.381230663
323000 391.381230663
324000 391.381230663
325000 391.381230663
326000 275.100306821
327000 275.100306821
328000 275.100306821
329000 275.100306821
330000 275.100306821
331000 275.100306821
332000 566.785185185
333000 566.785185185
334000 566.785185185
335000 319.315597287
336000 319.315597287
337000 319.315597287
338000 319.315597287
339000 319.315597287
340000 319.315597287
341000 377.911054638
342000 377.911054638
343000 377.911054638
344000 377.911054638
345000 575.365708622
346000 575.365708622
347000 575.365708622
348000 575.365708622
349000 153.563288719
350000 153.563288719
351000 153.563288719
352000 153.563288719
353000 153.563288719
354000 153.563288719
355000 153.563288719
356000 153.563288719
