0 7740.92655367
1000 7740.92655367
2000 7740.92655367
3000 7740.92655367
4000 11498.1125541
5000 8898.46928232
6000 6298.82601054
7000 6715.40613497
8000 6123.35235658
9000 5531.2985782
10000 5531.2985782
11000 5531.2985782
12000 5252.22371365
13000 5252.22371365
14000 5192.48414986
15000 5192.48414986
16000 5335.73436437
17000 5335.73436437
18000 5478.98457888
19000 5478.98457888
20000 5478.98457888
21000 5433.73557341
22000 5433.73557341
23000 5433.73557341
24000 4341.76948148
25000 4341.76948148
26000 4341.76948148
27000 4341.76948148
28000 5482.2302569
29000 5482.2302569
30000 5441.74545455
31000 5441.74545455
32000 5441.74545455
33000 5659.21586575
34000 5659.21586575
35000 5659.21586575
36000 5386.53684922
37000 5386.53684922
38000 5386.53684922
39000 5386.53684922
40000 5332.45128205
41000 5332.45128205
42000 5332.45128205
43000 5741.60856531
44000 5741.60856531
45000 5741.60856531
46000 5590.79320679
47000 5590.79320679
48000 5226.32715195
49000 5226.32715195
50000 5226.32715195
51000 5226.32715195
52000 5352.04010616
53000 5352.04010616
54000 5352.04010616
55000 5352.04010616
56000 5074.51115911
57000 5074.51115911
58000 5074.51115911
59000 5423.21361059
60000 5423.21361059
61000 5345.44404332
62000 5345.44404332
63000 5237.26958163
64000 5237.26958163
65000 5237.26958163
66000 5237.26958163
67000 5348.55295525
68000 5348.55295525
69000 5348.55295525
70000 5348.55295525
71000 5348.55295525
72000 5459.83632887
73000 5459.83632887
74000 5459.83632887
75000 3818.22547289
76000 3818.22547289
77000 3818.22547289
78000 3818.22547289
79000 5249.93492185
80000 5249.93492185
81000 5249.93492185
82000 5249.93492185
83000 5310.75157312
84000 5310.75157312
85000 5310.75157312
86000 5310.75157312
87000 5189.87844298
88000 5189.87844298
89000 5189.87844298
90000 5189.87844298
91000 5189.87844298
92000 5328.89054912
93000 5328.89054912
94000 5328.89054912
95000 5189.30469799
96000 5189.30469799
97000 5189.30469799
98000 5189.30469799
99000 5189.30469799
100000 4930.40601504
101000 4930.40601504
102000 4930.40601504
103000 4930.40601504
104000 4930.40601504
105000 5310.65101796
106000 5310.65101796
107000 5310.65101796
108000 5310.65101796
109000 5310.65101796
110000 5665.88443461
111000 5665.88443461
112000 5665.88443461
113000 5665.88443461
114000 5140.38760298
115000 5140.38760298
116000 5140.38760298
117000 5140.38760298
118000 5140.38760298
119000 4735.09333333
120000 4735.09333333
121000 4735.09333333
122000 4735.09333333
123000 5345.94467728
124000 5345.94467728
125000 5345.94467728
126000 5345.94467728
127000 5345.94467728
128000 5345.94467728
129000 5383.20858164
130000 5383.20858164
131000 5383.20858164
132000 5383.20858164
133000 5383.20858164
134000 5383.20858164
135000 5383.20858164
136000 5383.20858164
137000 5383.20858164
138000 5383.20858164
139000 5383.20858164
140000 10530.0278652
141000 10530.0278652
142000 10530.0278652
143000 10530.0278652
144000 10530.0278652
145000 5210.99559471
146000 5210.99559471
147000 5210.99559471
148000 5210.99559471
149000 5210.99559471
150000 5699.68653717
151000 5699.68653717
152000 5699.68653717
153000 5699.68653717
154000 5699.68653717
155000 5682.29514964
156000 5682.29514964
157000 5682.29514964
158000 5682.29514964
159000 5844.3419215
160000 5844.3419215
161000 5844.3419215
162000 5844.3419215
163000 5844.3419215
164000 5290.90352825
165000 5290.90352825
166000 5290.90352825
167000 5290.90352825
168000 6515.91504096
169000 6515.91504096
170000 6515.91504096
171000 7740.92655367
172000 11498.1125541
173000 8898.46928232
174000 6298.82601054
175000 6715.40613497
176000 6123.35235658
177000 5531.2985782
178000 5531.2985782
179000 5531.2985782
180000 5252.22371365
181000 5252.22371365
182000 5192.48414986
183000 5192.48414986
184000 5335.73436437
185000 5335.73436437
186000 5478.98457888
187000 5478.98457888
188000 5478.98457888
189000 5433.73557341
190000 5433.73557341
191000 5433.73557341
192000 4341.76948148
193000 4341.76948148
194000 4341.76948148
195000 4341.76948148
196000 5482.2302569
197000 5482.2302569
198000 5441.74545455
199000 5441.74545455
200000 5441.74545455
201000 5659.21586575
202000 5659.21586575
203000 5659.21586575
204000 5386.53684922
205000 5386.53684922
206000 5386.53684922
207000 5386.53684922
208000 5332.45128205
209000 5332.45128205
210000 5332.45128205
211000 5741.60856531
212000 5741.60856531
213000 5741.60856531
214000 5590.79320679
215000 5590.79320679
216000 5226.32715195
217000 5226.32715195
218000 5226.32715195
219000 5226.32715195
220000 5352.04010616
221000 5352.04010616
222000 5352.04010616
223000 5352.04010616
224000 5074.51115911
225000 5074.51115911
226000 5423.21361059
227000 5423.21361059
228000 5423.21361059
229000 5345.44404332
230000 5345.44404332
231000 5237.26958163
232000 5237.26958163
233000 5237.26958163
234000 5237.26958163
235000 5348.55295525
236000 5348.55295525
237000 5348.55295525
238000 5348.55295525
239000 5348.55295525
240000 5459.83632887
241000 5459.83632887
242000 5459.83632887
243000 3818.22547289
244000 3818.22547289
245000 3818.22547289
246000 3818.22547289
247000 5249.93492185
248000 5249.93492185
249000 5249.93492185
250000 5249.93492185
251000 5310.75157312
252000 5310.75157312
253000 5310.75157312
254000 5310.75157312
255000 5189.87844298
256000 5189.87844298
257000 5189.87844298
258000 5189.87844298
259000 5189.87844298
260000 5328.89054912
261000 5328.89054912
262000 5328.89054912
263000 5189.30469799
264000 5189.30469799
265000 5189.30469799
266000 5189.30469799
267000 5189.30469799
268000 4930.40601504
269000 4930.40601504
270000 4930.40601504
271000 4930.40601504
272000 4930.40601504
273000 5310.65101796
274000 5310.65101796
275000 5310.65101796
276000 5310.65101796
277000 5665.88443461
278000 5665.88443461
279000 5665.88443461
280000 5665.88443461
281000 5665.88443461
282000 5140.38760298
283000 5140.38760298
284000 5140.38760298
285000 5140.38760298
286000 5140.38760298
287000 4735.09333333
288000 4735.09333333
289000 4735.09333333
290000 4735.09333333
291000 5345.94467728
292000 5345.94467728
293000 5345.94467728
294000 5345.94467728
295000 5345.94467728
296000 5345.94467728
297000 5383.20858164
298000 5383.20858164
299000 5383.20858164
300000 5383.20858164
301000 5383.20858164
302000 5383.20858164
303000 5383.20858164
304000 5383.20858164
305000 5383.20858164
306000 5383.20858164
307000 5383.20858164
308000 10530.0278652
309000 10530.0278652
310000 10530.0278652
311000 10530.0278652
312000 10530.0278652
313000 5210.99559471
314000 5210.99559471
315000 5210.99559471
316000 5210.99559471
317000 5210.99559471
318000 5699.68653717
319000 5699.68653717
320000 5699.68653717
321000 5699.68653717
322000 5699.68653717
323000 5682.29514964
324000 5682.29514964
325000 5682.29514964
326000 5682.29514964
327000 5844.3419215
328000 5844.3419215
329000 5844.3419215
330000 5844.3419215
331000 5844.3419215
332000 5290.90352825
333000 5290.90352825
334000 5290.90352825
335000 5290.90352825
