0 15160.8888889
1000 15160.8888889
2000 15160.8888889
3000 15160.8888889
4000 15160.8888889
5000 15160.8888889
6000 18805.6539162
7000 22450.4189435
8000 14504.9405642
9000 6559.46218487
10000 6559.46218487
11000 23946.559194
12000 16064.8814371
13000 5402.62626263
14000 5402.62626263
15000 3947.39850693
16000 3947.39850693
17000 3947.39850693
18000 7885.56935271
19000 7885.56935271
20000 946.299014547
21000 946.299014547
22000 946.299014547
23000 946.299014547
24000 946.299014547
25000 946.299014547
26000 946.299014547
27000 946.299014547
28000 946.299014547
29000 946.299014547
30000 946.299014547
31000 3827.86894472
32000 3827.86894472
33000 3827.86894472
34000 3827.86894472
35000 3827.86894472
36000 3790.13649256
37000 3790.13649256
38000 3790.13649256
39000 3790.13649256
40000 3790.13649256
41000 3790.13649256
42000 3790.13649256
43000 3790.13649256
44000 3790.13649256
45000 3790.13649256
46000 3752.4040404
47000 3168.67478042
48000 3129.88006483
49000 2442.32782719
50000 921.470893372
51000 921.470893372
52000 4270.84275585
53000 4270.84275585
54000 4270.84275585
55000 2725.36912752
56000 3622.05079962
57000 3622.05079962
58000 3809.64303178
59000 3964.79608446
60000 4119.94913715
61000 4119.94913715
62000 2951.92543276
63000 8487.87381703
64000 8487.87381703
65000 8487.87381703
66000 9949.26365796
67000 11309.2540046
68000 2507.67134269
69000 2507.67134269
70000 2717.79479326
71000 2717.79479326
72000 2717.79479326
73000 7346.86269071
74000 3148.45397676
75000 3148.45397676
76000 3148.45397676
77000 3148.45397676
78000 3148.45397676
79000 3148.45397676
80000 15420.5668016
81000 6987.27476636
82000 9335.23907455
83000 6596.39332096
84000 3529.98056455
85000 3529.98056455
86000 3529.98056455
87000 2379.70784983
88000 2379.70784983
89000 2379.70784983
90000 1762.81941748
91000 1762.81941748
92000 1762.81941748
93000 1762.81941748
94000 1762.81941748
95000 9154.17310253
96000 7221.99813953
97000 7221.99813953
98000 8118.9082774
99000 5340.07520143
100000 5340.07520143
101000 6028.13991031
102000 7658.80564604
103000 8899.83255814
104000 5293.40782123
105000 5293.40782123
106000 3372.25
107000 3372.25
108000 3774.45402597
109000 3774.45402597
110000 2445.87531172
111000 2445.87531172
112000 2445.87531172
113000 2445.87531172
114000 9893.93956835
115000 9893.93956835
116000 7024.82873535
117000 7024.82873535
118000 4155.71790235
119000 4155.71790235
120000 4155.71790235
121000 4155.71790235
122000 4155.71790235
123000 4155.71790235
124000 2694.46964933
125000 2694.46964933
126000 2694.46964933
127000 2694.46964933
128000 1326.93889468
129000 1326.93889468
130000 1326.93889468
131000 1326.93889468
132000 1326.93889468
133000 1326.93889468
134000 1326.93889468
135000 1326.93889468
136000 1326.93889468
137000 1326.93889468
138000 1326.93889468
139000 1326.93889468
140000 1258.78421726
141000 1258.78421726
142000 1258.78421726
143000 1258.78421726
144000 1258.78421726
145000 1258.78421726
146000 1258.78421726
147000 1258.78421726
148000 1258.78421726
149000 1258.78421726
150000 1258.78421726
151000 1258.78421726
152000 1258.78421726
153000 8209.83655308
154000 8209.83655308
155000 8209.83655308
156000 8209.83655308
157000 8209.83655308
158000 15160.8888889
159000 18805.6539162
160000 14504.9405642
161000 6559.46218487
162000 6559.46218487
163000 6559.46218487
164000 23946.559194
165000 16064.8814371
166000 5402.62626263
167000 5402.62626263
168000 3947.39850693
169000 3947.39850693
170000 3947.39850693
171000 7885.56935271
172000 7885.56935271
173000 946.299014547
174000 946.299014547
175000 946.299014547
176000 946.299014547
177000 946.299014547
178000 946.299014547
179000 946.299014547
180000 946.299014547
181000 946.299014547
182000 946.299014547
183000 3827.86894472
184000 3827.86894472
185000 3827.86894472
186000 3827.86894472
187000 3827.86894472
188000 3827.86894472
189000 3790.13649256
190000 3790.13649256
191000 3790.13649256
192000 3790.13649256
193000 3790.13649256
194000 3790.13649256
195000 3790.13649256
196000 3790.13649256
197000 3790.13649256
198000 3752.4040404
199000 3207.46949602
200000 3129.88006483
201000 2442.32782719
202000 921.470893372
203000 921.470893372
204000 5816.31638418
205000 4270.84275585
206000 4270.84275585
207000 2725.36912752
208000 2725.36912752
209000 3622.05079962
210000 3809.64303178
211000 3809.64303178
212000 3964.79608446
213000 4119.94913715
214000 2951.92543276
215000 2951.92543276
216000 8487.87381703
217000 8487.87381703
218000 11513.631068
219000 9949.26365796
220000 11309.2540046
221000 2507.67134269
222000 2507.67134269
223000 2717.79479326
224000 2717.79479326
225000 11684.9230769
226000 7346.86269071
227000 3148.45397676
228000 3148.45397676
229000 3148.45397676
230000 3148.45397676
231000 3148.45397676
232000 3148.45397676
233000 15420.5668016
234000 6987.27476636
235000 9335.23907455
236000 6596.39332096
237000 3529.98056455
238000 3529.98056455
239000 3529.98056455
240000 2379.70784983
241000 2379.70784983
242000 2379.70784983
243000 1762.81941748
244000 1762.81941748
245000 1762.81941748
246000 1762.81941748
247000 1762.81941748
248000 9154.17310253
249000 7221.99813953
250000 8118.9082774
251000 14133.0076336
252000 5340.07520143
253000 6028.13991031
254000 6028.13991031
255000 7658.80564604
256000 8899.83255814
257000 5293.40782123
258000 3372.25
259000 3372.25
260000 3372.25
261000 3774.45402597
262000 3774.45402597
263000 2445.87531172
264000 2445.87531172
265000 2445.87531172
266000 2445.87531172
267000 9893.93956835
268000 7024.82873535
269000 7024.82873535
270000 4155.71790235
271000 4155.71790235
272000 4155.71790235
273000 4155.71790235
274000 4155.71790235
275000 4155.71790235
276000 2694.46964933
277000 2694.46964933
278000 2694.46964933
279000 2694.46964933
280000 2694.46964933
281000 1326.93889468
282000 1326.93889468
283000 1326.93889468
284000 1326.93889468
285000 1326.93889468
286000 1326.93889468
287000 1326.93889468
288000 1326.93889468
289000 1326.93889468
290000 1326.93889468
291000 1326.93889468
292000 1326.93889468
293000 1258.78421726
294000 1258.78421726
295000 1258.78421726
296000 1258.78421726
297000 1258.78421726
298000 1258.78421726
299000 1258.78421726
300000 1258.78421726
301000 1258.78421726
302000 1258.78421726
303000 1258.78421726
304000 1258.78421726
305000 1258.78421726
