0 1811.99617225
1000 1811.99617225
2000 1811.99617225
3000 1811.99617225
4000 1811.99617225
5000 1811.99617225
6000 1811.99617225
7000 3557.70261067
8000 3266.19987677
9000 2974.69714286
10000 3115.00395257
11000 3115.00395257
12000 3115.00395257
13000 3400.39534884
14000 2774.68717949
15000 2774.68717949
16000 2774.68717949
17000 1709.91041009
18000 1709.91041009
19000 1709.91041009
20000 2189.14366999
21000 2189.14366999
22000 2189.14366999
23000 1139.06781591
24000 1139.06781591
25000 1139.06781591
26000 1139.06781591
27000 1139.06781591
28000 1139.06781591
29000 2073.09886264
30000 2073.09886264
31000 2073.09886264
32000 2304.88823959
33000 2304.88823959
34000 2304.88823959
35000 2217.29247248
36000 2217.29247248
37000 2217.29247248
38000 2207.63913441
39000 2207.63913441
40000 2207.63913441
41000 2207.63913441
42000 2270.9121813
43000 2270.9121813
44000 2197.69084542
45000 2197.69084542
46000 1713.96547411
47000 1713.96547411
48000 1713.96547411
49000 1713.96547411
50000 3133.77464789
51000 3133.77464789
52000 3133.77464789
53000 2039.02756629
54000 2039.02756629
55000 2039.02756629
56000 2039.02756629
57000 1689.35376916
58000 1689.35376916
59000 1689.35376916
60000 2155.43402985
61000 2155.43402985
62000 2155.43402985
63000 2155.43402985
64000 1906.74476987
65000 1906.74476987
66000 1906.74476987
67000 1906.74476987
68000 2488.39225806
69000 2488.39225806
70000 2488.39225806
71000 2125.51156812
72000 2125.51156812
73000 2125.51156812
74000 2952.6885759
75000 2952.6885759
76000 2952.6885759
77000 1340.42475776
78000 1340.42475776
79000 1340.42475776
80000 1340.42475776
81000 1340.42475776
82000 2475.57760454
83000 2475.57760454
84000 2475.57760454
85000 1782.55070789
86000 1782.55070789
87000 1782.55070789
88000 1782.55070789
89000 1662.27535121
90000 1662.27535121
91000 1662.27535121
92000 1662.27535121
93000 2144.83850755
94000 2144.83850755
95000 2144.83850755
96000 2144.83850755
97000 2255.54257908
98000 2255.54257908
99000 2255.54257908
100000 2080.66073698
101000 2080.66073698
102000 2080.66073698
103000 1225.29015375
104000 1225.29015375
105000 1225.29015375
106000 1225.29015375
107000 1225.29015375
108000 1225.29015375
109000 1225.29015375
110000 2019.50684932
111000 2019.50684932
112000 2019.50684932
113000 2594.36037935
114000 2594.36037935
115000 2594.36037935
116000 1827.2864462
117000 1827.2864462
118000 1827.2864462
119000 1827.2864462
120000 1827.2864462
121000 2010.69286333
122000 2010.69286333
123000 2010.69286333
124000 2013.43179487
125000 2013.43179487
126000 2013.43179487
127000 2013.43179487
128000 1944.83538971
129000 1944.83538971
130000 1944.83538971
131000 1944.83538971
132000 2114.53465347
133000 2114.53465347
134000 2114.53465347
135000 2114.53465347
136000 2336.80701754
137000 2336.80701754
138000 2336.80701754
139000 1982.18469657
140000 1982.18469657
141000 1982.18469657
142000 1982.18469657
143000 1891.21192758
144000 1891.21192758
145000 1891.21192758
146000 1891.21192758
147000 2232.36571429
148000 2232.36571429
149000 2232.36571429
150000 2521.54302671
151000 1318.19699499
152000 1565.09658362
153000 1565.09658362
154000 1565.09658362
155000 1565.09658362
156000 1565.09658362
157000 1811.99617225
158000 3557.70261067
159000 3266.19987677
160000 2974.69714286
161000 2974.69714286
162000 3115.00395257
163000 3115.00395257
164000 3400.39534884
165000 2774.68717949
166000 2774.68717949
167000 2774.68717949
168000 1709.91041009
169000 1709.91041009
170000 1709.91041009
171000 2189.14366999
172000 2189.14366999
173000 2189.14366999
174000 1139.06781591
175000 1139.06781591
176000 1139.06781591
177000 1139.06781591
178000 1139.06781591
179000 1139.06781591
180000 2073.09886264
181000 2073.09886264
182000 2073.09886264
183000 2304.88823959
184000 2304.88823959
185000 2304.88823959
186000 2217.29247248
187000 2217.29247248
188000 2217.29247248
189000 2207.63913441
190000 2207.63913441
191000 2207.63913441
192000 2207.63913441
193000 2270.9121813
194000 2270.9121813
195000 2270.9121813
196000 2197.69084542
197000 2197.69084542
198000 1713.96547411
199000 1713.96547411
200000 1713.96547411
201000 1713.96547411
202000 3133.77464789
203000 3133.77464789
204000 2039.02756629
205000 2039.02756629
206000 2039.02756629
207000 2039.02756629
208000 1689.35376916
209000 1689.35376916
210000 1689.35376916
211000 1689.35376916
212000 2155.43402985
213000 2155.43402985
214000 2155.43402985
215000 1906.74476987
216000 1906.74476987
217000 1906.74476987
218000 1906.74476987
219000 2488.39225806
220000 2488.39225806
221000 2488.39225806
222000 2125.51156812
223000 2125.51156812
224000 2125.51156812
225000 2125.51156812
226000 2952.6885759
227000 2952.6885759
228000 1340.42475776
229000 1340.42475776
230000 1340.42475776
231000 1340.42475776
232000 1340.42475776
233000 1340.42475776
234000 2475.57760454
235000 2475.57760454
236000 2475.57760454
237000 1782.55070789
238000 1782.55070789
239000 1782.55070789
240000 1662.27535121
241000 1662.27535121
242000 1662.27535121
243000 1662.27535121
244000 2144.83850755
245000 2144.83850755
246000 2144.83850755
247000 2144.83850755
248000 2255.54257908
249000 2255.54257908
250000 2255.54257908
251000 2080.66073698
252000 2080.66073698
253000 2080.66073698
254000 2080.66073698
255000 1225.29015375
256000 1225.29015375
257000 1225.29015375
258000 1225.29015375
259000 1225.29015375
260000 1225.29015375
261000 2019.50684932
262000 2019.50684932
263000 2019.50684932
264000 2019.50684932
265000 2594.36037935
266000 2594.36037935
267000 2594.36037935
268000 1827.2864462
269000 1827.2864462
270000 1827.2864462
271000 1827.2864462
272000 2010.69286333
273000 2010.69286333
274000 2010.69286333
275000 2010.69286333
276000 2013.43179487
277000 2013.43179487
278000 2013.43179487
279000 2013.43179487
280000 1944.83538971
281000 1944.83538971
282000 1944.83538971
283000 2114.53465347
284000 2114.53465347
285000 2114.53465347
286000 2114.53465347
287000 2336.80701754
288000 2336.80701754
289000 2336.80701754
290000 1982.18469657
291000 1982.18469657
292000 1982.18469657
293000 1982.18469657
294000 1891.21192758
295000 1891.21192758
296000 1891.21192758
297000 1891.21192758
298000 2232.36571429
299000 2232.36571429
300000 2232.36571429
301000 2521.54302671
302000 1318.19699499
