0 1089.07847857
1000 1089.07847857
2000 1089.07847857
3000 1089.07847857
4000 1089.07847857
5000 1089.07847857
6000 1089.07847857
7000 1089.07847857
8000 1089.07847857
9000 1089.07847857
10000 1089.07847857
11000 1089.07847857
12000 1089.07847857
13000 1089.07847857
14000 1089.07847857
15000 1089.07847857
16000 1089.07847857
17000 1089.07847857
18000 1089.07847857
19000 1089.07847857
20000 1089.07847857
21000 1089.07847857
22000 872.625978091
23000 872.625978091
24000 872.625978091
25000 1285.67780245
26000 1285.67780245
27000 1285.67780245
28000 1285.67780245
29000 1285.67780245
30000 1285.67780245
31000 1285.67780245
32000 1285.67780245
33000 1285.67780245
34000 1285.67780245
35000 1285.67780245
36000 1285.67780245
37000 1285.67780245
38000 1698.72962681
39000 1698.72962681
40000 636.972972973
41000 636.972972973
42000 636.972972973
43000 636.972972973
44000 324.694283593
45000 324.694283593
46000 324.694283593
47000 324.694283593
48000 324.694283593
49000 324.694283593
50000 324.694283593
51000 1184.92110874
52000 1184.92110874
53000 642.558125915
54000 642.558125915
55000 642.558125915
56000 642.558125915
57000 478.457995736
58000 478.457995736
59000 478.457995736
60000 478.457995736
61000 478.457995736
62000 559.140395337
63000 559.140395337
64000 559.140395337
65000 559.140395337
66000 900.710790213
67000 900.710790213
68000 900.710790213
69000 544.889982771
70000 544.889982771
71000 544.889982771
72000 544.889982771
73000 544.889982771
74000 735.378432686
75000 735.378432686
76000 735.378432686
77000 722.688503112
78000 722.688503112
79000 722.688503112
80000 722.688503112
81000 878.99237866
82000 878.99237866
83000 878.99237866
84000 609.718647764
85000 609.718647764
86000 609.718647764
87000 609.718647764
88000 586.159941264
89000 586.159941264
90000 586.159941264
91000 586.159941264
92000 586.159941264
93000 586.159941264
94000 586.159941264
95000 562.601234763
96000 562.601234763
97000 562.601234763
98000 562.601234763
99000 562.601234763
100000 562.601234763
101000 562.601234763
102000 384.875983597
103000 384.875983597
104000 384.875983597
105000 384.875983597
106000 384.875983597
107000 384.875983597
108000 384.875983597
109000 384.875983597
110000 384.875983597
111000 384.875983597
112000 779.415006359
113000 779.415006359
114000 779.415006359
115000 779.415006359
116000 779.415006359
117000 328.645266891
118000 328.645266891
119000 328.645266891
120000 328.645266891
121000 328.645266891
122000 328.645266891
123000 328.645266891
124000 328.645266891
125000 328.645266891
126000 328.645266891
127000 328.645266891
128000 328.645266891
129000 557.326805386
130000 557.326805386
131000 557.326805386
132000 557.326805386
133000 557.326805386
134000 557.326805386
135000 557.326805386
136000 1191.8865061
137000 1191.8865061
138000 1191.8865061
139000 422.096980787
140000 422.096980787
141000 422.096980787
142000 422.096980787
143000 422.096980787
144000 422.096980787
145000 422.096980787
146000 422.096980787
147000 422.096980787
148000 422.096980787
149000 992.067653277
150000 992.067653277
151000 992.067653277
152000 992.067653277
153000 291.514434783
154000 291.514434783
155000 291.514434783
156000 291.514434783
157000 291.514434783
158000 291.514434783
159000 291.514434783
160000 291.514434783
161000 291.514434783
162000 291.514434783
163000 291.514434783
164000 291.514434783
165000 292.134386721
166000 292.134386721
167000 292.134386721
168000 292.134386721
169000 292.134386721
170000 292.134386721
171000 292.134386721
172000 292.134386721
173000 292.134386721
174000 292.134386721
175000 292.134386721
176000 292.134386721
177000 292.134386721
178000 437.951364764
179000 437.951364764
180000 437.951364764
181000 437.951364764
182000 437.951364764
183000 437.951364764
184000 437.951364764
185000 437.951364764
186000 437.951364764
187000 437.951364764
188000 933.204819277
189000 933.204819277
190000 933.204819277
191000 933.204819277
192000 933.204819277
193000 750.636858006
194000 750.636858006
195000 750.636858006
196000 750.636858006
197000 750.636858006
198000 837.044551062
199000 837.044551062
200000 837.044551062
201000 837.044551062
202000 837.044551062
203000 779.454741845
204000 779.454741845
205000 779.454741845
206000 779.454741845
207000 779.454741845
208000 589.596807662
209000 589.596807662
210000 589.596807662
211000 589.596807662
212000 589.596807662
213000 589.596807662
214000 589.596807662
215000 496.868183064
216000 496.868183064
217000 496.868183064
218000 496.868183064
219000 496.868183064
220000 496.868183064
221000 496.868183064
222000 496.868183064
223000 482.581519614
224000 482.581519614
225000 482.581519614
226000 482.581519614
227000 482.581519614
228000 482.581519614
229000 482.581519614
230000 482.581519614
231000 1695.65135007
232000 1695.65135007
233000 769.442450766
234000 769.442450766
235000 769.442450766
236000 769.442450766
237000 769.442450766
238000 646.704005672
239000 646.704005672
240000 646.704005672
241000 646.704005672
242000 646.704005672
243000 646.704005672
244000 1566.03790412
245000 1566.03790412
246000 1327.55819135
247000 1327.55819135
248000 1327.55819135
249000 1327.55819135
250000 1327.55819135
251000 1327.55819135
252000 1327.55819135
253000 1327.55819135
254000 1327.55819135
255000 1327.55819135
256000 1327.55819135
257000 1327.55819135
258000 1327.55819135
259000 1327.55819135
260000 1327.55819135
261000 1327.55819135
262000 1327.55819135
263000 1327.55819135
264000 1089.07847857
265000 1089.07847857
266000 1089.07847857
267000 872.625978091
268000 872.625978091
269000 872.625978091
270000 1285.67780245
271000 1285.67780245
272000 1285.67780245
273000 1285.67780245
274000 1285.67780245
275000 1285.67780245
276000 1285.67780245
277000 1285.67780245
278000 1285.67780245
279000 1285.67780245
280000 1285.67780245
281000 1285.67780245
282000 1285.67780245
283000 1698.72962681
284000 1698.72962681
285000 636.972972973
286000 636.972972973
287000 636.972972973
288000 636.972972973
289000 324.694283593
290000 324.694283593
291000 324.694283593
292000 324.694283593
293000 324.694283593
294000 324.694283593
295000 324.694283593
296000 1184.92110874
297000 1184.92110874
298000 642.558125915
299000 642.558125915
300000 642.558125915
301000 642.558125915
302000 478.457995736
303000 478.457995736
304000 478.457995736
305000 478.457995736
306000 478.457995736
307000 559.140395337
308000 559.140395337
309000 559.140395337
310000 559.140395337
311000 900.710790213
312000 900.710790213
313000 900.710790213
314000 544.889982771
315000 544.889982771
316000 544.889982771
317000 544.889982771
318000 544.889982771
319000 735.378432686
320000 735.378432686
321000 735.378432686
322000 722.688503112
323000 722.688503112
324000 722.688503112
325000 722.688503112
326000 878.99237866
327000 878.99237866
328000 878.99237866
329000 609.718647764
330000 609.718647764
331000 609.718647764
332000 609.718647764
333000 586.159941264
334000 586.159941264
335000 586.159941264
336000 586.159941264
337000 586.159941264
338000 586.159941264
339000 586.159941264
340000 562.601234763
341000 562.601234763
342000 562.601234763
343000 562.601234763
344000 562.601234763
345000 562.601234763
346000 562.601234763
347000 384.875983597
348000 384.875983597
349000 384.875983597
350000 384.875983597
351000 384.875983597
352000 384.875983597
353000 384.875983597
354000 384.875983597
355000 384.875983597
356000 384.875983597
357000 779.415006359
358000 779.415006359
359000 779.415006359
360000 779.415006359
361000 779.415006359
362000 328.645266891
363000 328.645266891
364000 328.645266891
365000 328.645266891
366000 328.645266891
367000 328.645266891
368000 328.645266891
369000 328.645266891
370000 328.645266891
371000 328.645266891
372000 328.645266891
373000 328.645266891
374000 557.326805386
375000 557.326805386
376000 557.326805386
377000 557.326805386
378000 557.326805386
379000 557.326805386
380000 557.326805386
381000 1191.8865061
382000 1191.8865061
383000 1191.8865061
384000 422.096980787
385000 422.096980787
386000 422.096980787
387000 422.096980787
388000 422.096980787
389000 422.096980787
390000 422.096980787
391000 422.096980787
392000 422.096980787
393000 422.096980787
394000 992.067653277
395000 992.067653277
396000 992.067653277
397000 992.067653277
398000 291.514434783
399000 291.514434783
400000 291.514434783
401000 291.514434783
402000 291.514434783
403000 291.514434783
404000 291.514434783
405000 291.514434783
406000 291.514434783
407000 291.514434783
408000 291.514434783
409000 291.514434783
410000 292.134386721
411000 292.134386721
412000 292.134386721
413000 292.134386721
414000 292.134386721
415000 292.134386721
416000 292.134386721
417000 292.134386721
418000 292.134386721
419000 292.134386721
420000 292.134386721
421000 292.134386721
422000 292.134386721
423000 437.951364764
424000 437.951364764
425000 437.951364764
426000 437.951364764
427000 437.951364764
428000 437.951364764
429000 437.951364764
430000 437.951364764
431000 437.951364764
432000 437.951364764
433000 933.204819277
434000 933.204819277
435000 933.204819277
436000 933.204819277
437000 933.204819277
438000 750.636858006
439000 750.636858006
440000 750.636858006
441000 750.636858006
442000 750.636858006
443000 750.636858006
444000 837.044551062
445000 837.044551062
446000 837.044551062
447000 837.044551062
448000 779.454741845
449000 779.454741845
450000 779.454741845
451000 779.454741845
452000 779.454741845
453000 589.596807662
454000 589.596807662
455000 589.596807662
456000 589.596807662
457000 589.596807662
458000 589.596807662
459000 589.596807662
460000 496.868183064
461000 496.868183064
462000 496.868183064
463000 496.868183064
464000 496.868183064
465000 496.868183064
466000 496.868183064
467000 496.868183064
468000 482.581519614
469000 482.581519614
470000 482.581519614
471000 482.581519614
472000 482.581519614
473000 482.581519614
474000 482.581519614
475000 482.581519614
476000 1695.65135007
477000 1695.65135007
478000 769.442450766
479000 769.442450766
480000 769.442450766
481000 769.442450766
482000 769.442450766
483000 646.704005672
484000 646.704005672
485000 646.704005672
486000 646.704005672
487000 646.704005672
488000 646.704005672
489000 1566.03790412
490000 1566.03790412
