0 1892.50880626
1000 1892.50880626
2000 1892.50880626
3000 1892.50880626
4000 1892.50880626
5000 1892.50880626
6000 2309.88161994
7000 2649.72996132
8000 2989.57830271
9000 2989.57830271
10000 10129.2651163
11000 3033.7602108
12000 3033.7602108
13000 3263.16292975
14000 3263.16292975
15000 2280.50607029
16000 2280.50607029
17000 15393.589404
18000 2605.18541997
19000 2605.18541997
20000 4583.81261261
21000 4583.81261261
22000 3180.47706422
23000 3180.47706422
24000 2923.71708379
25000 2923.71708379
26000 2074.00277649
27000 2074.00277649
28000 2074.00277649
29000 2074.00277649
30000 3032.50125313
31000 3032.50125313
32000 2504.14740369
33000 2504.14740369
34000 3284.3659306
35000 3284.3659306
36000 3587.30056406
37000 3587.30056406
38000 9266.31111111
39000 3464.45120859
40000 4378.31111111
41000 7065.05338078
42000 7065.05338078
43000 2973.25782414
44000 2455.16831683
45000 2455.16831683
46000 3538.21415153
47000 3538.21415153
48000 2428.77504499
49000 2428.77504499
50000 2428.77504499
51000 3469.08029197
52000 2679.69080022
53000 2679.69080022
54000 2679.69080022
55000 2525.73913043
56000 2525.73913043
57000 2807.57618788
58000 2807.57618788
59000 5005.5
60000 5005.5
61000 8039.90123457
62000 6324.72676838
63000 4140.69654666
64000 4140.69654666
65000 2923.42724638
66000 2923.42724638
67000 2751.05625452
68000 2751.05625452
69000 2578.68526267
70000 2578.68526267
71000 2578.68526267
72000 2825.4057508
73000 2825.4057508
74000 2928.16985138
75000 2928.16985138
76000 2928.16985138
77000 8383.43626943
78000 2357.81020666
79000 2357.81020666
80000 2357.81020666
81000 5368.51118211
82000 5368.51118211
83000 3902.03970505
84000 3902.03970505
85000 3059.26452232
86000 3059.26452232
87000 3059.26452232
88000 3743.61825726
89000 3743.61825726
90000 3743.61825726
91000 5869.3800457
92000 5869.3800457
93000 3103.59059018
94000 3103.59059018
95000 3103.59059018
96000 2922.4287665
97000 2922.4287665
98000 2922.4287665
99000 3358.70288341
100000 3358.70288341
101000 3702.15384615
102000 3702.15384615
103000 3702.15384615
104000 8084.58324716
105000 2856.89167975
106000 2856.89167975
107000 2856.89167975
108000 5274.85137085
109000 5274.85137085
110000 2897.20916031
111000 2897.20916031
112000 2897.20916031
113000 3134.7453808
114000 3134.7453808
115000 3134.7453808
116000 3248.82175227
117000 3248.82175227
118000 3248.82175227
119000 3248.82175227
120000 3525.7704918
121000 3525.7704918
122000 3525.7704918
123000 8982.89689441
124000 4248.02235886
125000 4248.02235886
126000 3920.28844115
127000 3920.28844115
128000 3920.28844115
129000 2492.21009269
130000 2492.21009269
131000 2492.21009269
132000 2665.80244173
133000 2665.80244173
134000 2665.80244173
135000 3999.42231947
136000 3999.42231947
137000 3999.42231947
138000 3367.76740088
139000 3367.76740088
140000 3367.76740088
141000 1811.192
142000 1811.192
143000 1811.192
144000 1811.192
145000 3539.24927815
146000 3539.24927815
147000 3539.24927815
148000 3561.69596691
149000 3561.69596691
150000 3174.30067895
151000 3174.30067895
152000 3174.30067895
153000 4422.24954792
154000 4422.24954792
155000 2086.98371336
156000 1905.8688
157000 1905.8688
158000 2875.29788139
159000 2875.29788139
160000 2875.29788139
161000 2875.29788139
162000 1892.50880626
163000 1892.50880626
164000 2309.88161994
165000 2649.72996132
166000 2989.57830271
167000 2989.57830271
168000 10129.2651163
169000 3033.7602108
170000 3033.7602108
171000 3263.16292975
172000 3263.16292975
173000 2280.50607029
174000 2280.50607029
175000 15393.589404
176000 2605.18541997
177000 2605.18541997
178000 4583.81261261
179000 3180.47706422
180000 3180.47706422
181000 2923.71708379
182000 2923.71708379
183000 2923.71708379
184000 2074.00277649
185000 2074.00277649
186000 2074.00277649
187000 3032.50125313
188000 3032.50125313
189000 2504.14740369
190000 2504.14740369
191000 2504.14740369
192000 3284.3659306
193000 3587.30056406
194000 3587.30056406
195000 9266.31111111
196000 3464.45120859
197000 3464.45120859
198000 4378.31111111
199000 7065.05338078
200000 2973.25782414
201000 2973.25782414
202000 2455.16831683
203000 2455.16831683
204000 3538.21415153
205000 3538.21415153
206000 2428.77504499
207000 2428.77504499
208000 3469.08029197
209000 3469.08029197
210000 2679.69080022
211000 2679.69080022
212000 2525.73913043
213000 2525.73913043
214000 2807.57618788
215000 2807.57618788
216000 5005.5
217000 5005.5
218000 8039.90123457
219000 6324.72676838
220000 4140.69654666
221000 4140.69654666
222000 2923.42724638
223000 2923.42724638
224000 2751.05625452
225000 2751.05625452
226000 2578.68526267
227000 2578.68526267
228000 2578.68526267
229000 2825.4057508
230000 2825.4057508
231000 2825.4057508
232000 2928.16985138
233000 2928.16985138
234000 8383.43626943
235000 8383.43626943
236000 2357.81020666
237000 2357.81020666
238000 2357.81020666
239000 5368.51118211
240000 3902.03970505
241000 3902.03970505
242000 3902.03970505
243000 3059.26452232
244000 3059.26452232
245000 3743.61825726
246000 3743.61825726
247000 3743.61825726
248000 3743.61825726
249000 5869.3800457
250000 5869.3800457
251000 3103.59059018
252000 3103.59059018
253000 2922.4287665
254000 2922.4287665
255000 2922.4287665
256000 3358.70288341
257000 3358.70288341
258000 3358.70288341
259000 3702.15384615
260000 3702.15384615
261000 8084.58324716
262000 8084.58324716
263000 2856.89167975
264000 2856.89167975
265000 2856.89167975
266000 5274.85137085
267000 5274.85137085
268000 2897.20916031
269000 2897.20916031
270000 2897.20916031
271000 3134.7453808
272000 3134.7453808
273000 3248.82175227
274000 3248.82175227
275000 3248.82175227
276000 3248.82175227
277000 3248.82175227
278000 3525.7704918
279000 3525.7704918
280000 8982.89689441
281000 4248.02235886
282000 4248.02235886
283000 4248.02235886
284000 3920.28844115
285000 3920.28844115
286000 2492.21009269
287000 2492.21009269
288000 2492.21009269
289000 2492.21009269
290000 2665.80244173
291000 2665.80244173
292000 2665.80244173
293000 3999.42231947
294000 3999.42231947
295000 3367.76740088
296000 3367.76740088
297000 3367.76740088
298000 1811.192
299000 1811.192
300000 1811.192
301000 1811.192
302000 1811.192
303000 3539.24927815
304000 3539.24927815
305000 3561.69596691
306000 3561.69596691
307000 3174.30067895
308000 3174.30067895
309000 3174.30067895
310000 4422.24954792
311000 4422.24954792
312000 2086.98371336
313000 2086.98371336
314000 1905.8688
