0 3380.09896249
1000 3380.09896249
2000 3380.09896249
3000 3380.09896249
4000 3380.09896249
5000 3380.09896249
6000 3380.09896249
7000 3380.09896249
8000 2545.91432792
9000 2545.91432792
10000 2545.91432792
11000 2533.83251232
12000 2533.83251232
13000 2533.83251232
14000 3750.41568627
15000 3750.41568627
16000 798.641586172
17000 798.641586172
18000 798.641586172
19000 798.641586172
20000 798.641586172
21000 798.641586172
22000 798.641586172
23000 798.641586172
24000 2632.19532468
25000 2632.19532468
26000 2632.19532468
27000 1934.07526882
28000 1934.07526882
29000 1934.07526882
30000 844.159386553
31000 844.159386553
32000 844.159386553
33000 844.159386553
34000 844.159386553
35000 844.159386553
36000 844.159386553
37000 844.159386553
38000 3557.64807796
39000 3557.64807796
40000 1066.96345077
41000 1066.96345077
42000 1066.96345077
43000 1066.96345077
44000 1066.96345077
45000 1066.96345077
46000 2766.65889736
47000 2766.65889736
48000 2766.65889736
49000 4801.54010695
50000 4801.54010695
51000 2642.8288
52000 2642.8288
53000 2642.8288
54000 4289.5269257
55000 4289.5269257
56000 1258.0859771
57000 1258.0859771
58000 1258.0859771
59000 1258.0859771
60000 1258.0859771
61000 1258.0859771
62000 2358.41448972
63000 2358.41448972
64000 2358.41448972
65000 1298.89472578
66000 1298.89472578
67000 1298.89472578
68000 1298.89472578
69000 1298.89472578
70000 1298.89472578
71000 3140.07394958
72000 3140.07394958
73000 2185.31420205
74000 2185.31420205
75000 2185.31420205
76000 2185.31420205
77000 2198.04145078
78000 2198.04145078
79000 2198.04145078
80000 2198.04145078
81000 2089.18526603
82000 2089.18526603
83000 2089.18526603
84000 2089.18526603
85000 3018.73834523
86000 3018.73834523
87000 3018.73834523
88000 1348.7232166
89000 1348.7232166
90000 1348.7232166
91000 1348.7232166
92000 6937.80645161
93000 1321.40778342
94000 1321.40778342
95000 1321.40778342
96000 1321.40778342
97000 1321.40778342
98000 6150.88789238
99000 6150.88789238
100000 1303.3570257
101000 1303.3570257
102000 1303.3570257
103000 1303.3570257
104000 1303.3570257
105000 1303.3570257
106000 1023.33796296
107000 1023.33796296
108000 1023.33796296
109000 1023.33796296
110000 1023.33796296
111000 1023.33796296
112000 1023.33796296
113000 1900.17144479
114000 1900.17144479
115000 1900.17144479
116000 1900.17144479
117000 1055.7630292
118000 1055.7630292
119000 1055.7630292
120000 1055.7630292
121000 1055.7630292
122000 1055.7630292
123000 1055.7630292
124000 1055.7630292
125000 5130.40186191
126000 5130.40186191
127000 2204.33976311
128000 2204.33976311
129000 2204.33976311
130000 9441.53488372
131000 989.428524857
132000 989.428524857
133000 989.428524857
134000 989.428524857
135000 989.428524857
136000 989.428524857
137000 989.428524857
138000 8427.3877551
139000 1157.39467171
140000 1157.39467171
141000 1157.39467171
142000 1157.39467171
143000 1157.39467171
144000 1157.39467171
145000 1157.39467171
146000 8404.04483188
147000 8404.04483188
148000 1628.9375759
149000 1628.9375759
150000 1628.9375759
151000 1628.9375759
152000 2504.51826919
153000 2504.51826919
154000 2504.51826919
155000 2504.51826919
156000 2504.51826919
157000 2504.51826919
158000 3380.09896249
159000 3380.09896249
160000 2545.91432792
161000 2545.91432792
162000 2545.91432792
163000 2533.83251232
164000 2533.83251232
165000 2533.83251232
166000 3750.41568627
167000 3750.41568627
168000 798.641586172
169000 798.641586172
170000 798.641586172
171000 798.641586172
172000 798.641586172
173000 798.641586172
174000 798.641586172
175000 798.641586172
176000 2632.19532468
177000 2632.19532468
178000 1934.07526882
179000 1934.07526882
180000 1934.07526882
181000 1934.07526882
182000 844.159386553
183000 844.159386553
184000 844.159386553
185000 844.159386553
186000 844.159386553
187000 844.159386553
188000 844.159386553
189000 844.159386553
190000 3557.64807796
191000 3557.64807796
192000 1066.96345077
193000 1066.96345077
194000 1066.96345077
195000 1066.96345077
196000 1066.96345077
197000 1066.96345077
198000 2766.65889736
199000 2766.65889736
200000 2766.65889736
201000 4801.54010695
202000 4801.54010695
203000 2642.8288
204000 2642.8288
205000 2642.8288
206000 4289.5269257
207000 4289.5269257
208000 1258.0859771
209000 1258.0859771
210000 1258.0859771
211000 1258.0859771
212000 1258.0859771
213000 2358.41448972
214000 2358.41448972
215000 2358.41448972
216000 2358.41448972
217000 1298.89472578
218000 1298.89472578
219000 1298.89472578
220000 1298.89472578
221000 1298.89472578
222000 3140.07394958
223000 3140.07394958
224000 3140.07394958
225000 2185.31420205
226000 2185.31420205
227000 2185.31420205
228000 2185.31420205
229000 2198.04145078
230000 2198.04145078
231000 2198.04145078
232000 2198.04145078
233000 2089.18526603
234000 2089.18526603
235000 2089.18526603
236000 2089.18526603
237000 3018.73834523
238000 3018.73834523
239000 1348.7232166
240000 1348.7232166
241000 1348.7232166
242000 1348.7232166
243000 1348.7232166
244000 6937.80645161
245000 1321.40778342
246000 1321.40778342
247000 1321.40778342
248000 1321.40778342
249000 1321.40778342
250000 6150.88789238
251000 1303.3570257
252000 1303.3570257
253000 1303.3570257
254000 1303.3570257
255000 1303.3570257
256000 1303.3570257
257000 1303.3570257
258000 1023.33796296
259000 1023.33796296
260000 1023.33796296
261000 1023.33796296
262000 1023.33796296
263000 1023.33796296
264000 1023.33796296
265000 1900.17144479
266000 1900.17144479
267000 1900.17144479
268000 1900.17144479
269000 1055.7630292
270000 1055.7630292
271000 1055.7630292
272000 1055.7630292
273000 1055.7630292
274000 1055.7630292
275000 1055.7630292
276000 1055.7630292
277000 5130.40186191
278000 2204.33976311
279000 2204.33976311
280000 2204.33976311
281000 2204.33976311
282000 9441.53488372
283000 989.428524857
284000 989.428524857
285000 989.428524857
286000 989.428524857
287000 989.428524857
288000 989.428524857
289000 989.428524857
290000 8427.3877551
291000 1157.39467171
292000 1157.39467171
293000 1157.39467171
294000 1157.39467171
295000 1157.39467171
296000 1157.39467171
297000 1157.39467171
298000 8404.04483188
299000 1628.9375759
300000 1628.9375759
301000 1628.9375759
302000 1628.9375759
303000 1628.9375759
