0 871.365079365
1000 871.365079365
2000 871.365079365
3000 871.365079365
4000 871.365079365
5000 871.365079365
6000 871.365079365
7000 871.365079365
8000 871.365079365
9000 871.365079365
10000 871.365079365
11000 871.365079365
12000 1447.37207849
13000 2023.37907762
14000 2023.37907762
15000 2760.01221374
16000 1507.76
17000 1507.76
18000 3070.3930131
19000 3070.3930131
20000 2197.05201465
21000 1732.14019801
22000 1732.14019801
23000 1732.14019801
24000 1732.14019801
25000 1732.14019801
26000 1732.14019801
27000 1732.14019801
28000 1732.14019801
29000 1732.14019801
30000 1267.22838137
31000 1323.44777911
32000 2560.84253363
33000 1347.00151286
34000 1347.00151286
35000 1515.17630122
36000 1515.17630122
37000 1683.35108959
38000 1683.35108959
39000 1572.46973616
40000 1572.46973616
41000 1572.46973616
42000 2029.76271186
43000 2029.76271186
44000 1947.82616829
45000 1947.82616829
46000 1865.88962472
47000 1865.88962472
48000 1865.88962472
49000 1155.86934673
50000 1155.86934673
51000 1155.86934673
52000 1155.86934673
53000 1976.75570033
54000 1976.75570033
55000 1976.75570033
56000 2332.50870147
57000 1647.13429952
58000 1647.13429952
59000 1647.13429952
60000 2511.11308204
61000 2511.11308204
62000 1634.68945869
63000 1634.68945869
64000 2478.14442013
65000 1712.0
66000 1712.0
67000 1712.0
68000 2092.12031921
69000 2092.12031921
70000 1957.94361526
71000 1957.94361526
72000 1957.94361526
73000 1715.82029278
74000 1715.82029278
75000 1715.82029278
76000 2229.19507453
77000 2229.19507453
78000 1816.55967078
79000 1816.55967078
80000 1679.46666667
81000 1679.46666667
82000 1679.46666667
83000 1141.92592593
84000 1141.92592593
85000 1141.92592593
86000 1788.32648763
87000 1788.32648763
88000 1788.32648763
89000 2301.71275885
90000 2301.71275885
91000 2424.64389311
92000 2424.64389311
93000 2424.64389311
94000 2547.57502738
95000 2547.57502738
96000 2547.57502738
97000 1840.17003771
98000 1840.17003771
99000 1840.17003771
100000 1691.41594753
101000 1691.41594753
102000 1691.41594753
103000 1691.41594753
104000 1771.47212421
105000 1771.47212421
106000 1771.47212421
107000 1640.56174334
108000 1640.56174334
109000 1640.56174334
110000 1640.56174334
111000 1640.56174334
112000 1380.47002398
113000 1380.47002398
114000 1380.47002398
115000 1380.47002398
116000 2189.97717296
117000 2189.97717296
118000 1186.25855513
119000 1186.25855513
120000 1186.25855513
121000 1186.25855513
122000 1186.25855513
123000 2419.01602262
124000 2419.01602262
125000 1340.69966313
126000 1340.69966313
127000 1340.69966313
128000 1340.69966313
129000 2565.03561935
130000 2565.03561935
131000 1533.00029665
132000 1533.00029665
133000 1533.00029665
134000 1533.00029665
135000 1050.61682243
136000 1050.61682243
137000 1050.61682243
138000 1050.61682243
139000 1050.61682243
140000 4324.48831169
141000 4324.48831169
142000 2130.07714017
143000 2130.07714017
144000 1860.39263804
145000 1860.39263804
146000 1860.39263804
147000 1550.2122905
148000 1550.2122905
149000 1550.2122905
150000 1494.976
151000 1494.976
152000 1183.17053968
153000 1183.17053968
154000 1183.17053968
155000 1183.17053968
156000 1183.17053968
157000 1183.17053968
158000 1183.17053968
159000 1183.17053968
160000 1183.17053968
161000 871.365079365
162000 871.365079365
163000 1447.37207849
164000 2023.37907762
165000 2023.37907762
166000 2760.01221374
167000 1507.76
168000 1507.76
169000 2289.07650655
170000 3070.3930131
171000 2197.05201465
172000 2197.05201465
173000 1732.14019801
174000 1732.14019801
175000 1732.14019801
176000 1732.14019801
177000 1732.14019801
178000 1732.14019801
179000 1732.14019801
180000 1732.14019801
181000 1267.22838137
182000 1323.44777911
183000 2560.84253363
184000 3798.23728814
185000 1347.00151286
186000 1515.17630122
187000 1515.17630122
188000 1515.17630122
189000 1683.35108959
190000 1572.46973616
191000 1572.46973616
192000 1572.46973616
193000 2029.76271186
194000 2029.76271186
195000 1947.82616829
196000 1947.82616829
197000 1865.88962472
198000 1865.88962472
199000 1865.88962472
200000 1865.88962472
201000 1155.86934673
202000 1155.86934673
203000 1155.86934673
204000 1976.75570033
205000 1976.75570033
206000 1976.75570033
207000 2332.50870147
208000 2332.50870147
209000 1647.13429952
210000 1647.13429952
211000 2511.11308204
212000 2511.11308204
213000 1634.68945869
214000 1634.68945869
215000 2478.14442013
216000 2478.14442013
217000 1712.0
218000 1712.0
219000 1712.0
220000 2092.12031921
221000 2092.12031921
222000 1957.94361526
223000 1957.94361526
224000 1715.82029278
225000 1715.82029278
226000 1715.82029278
227000 2229.19507453
228000 2229.19507453
229000 1816.55967078
230000 1816.55967078
231000 1816.55967078
232000 1679.46666667
233000 1679.46666667
234000 1141.92592593
235000 1141.92592593
236000 1141.92592593
237000 1788.32648763
238000 1788.32648763
239000 1788.32648763
240000 2301.71275885
241000 2301.71275885
242000 2424.64389311
243000 2424.64389311
244000 2424.64389311
245000 2547.57502738
246000 2547.57502738
247000 2547.57502738
248000 2547.57502738
249000 1840.17003771
250000 1840.17003771
251000 1840.17003771
252000 1691.41594753
253000 1691.41594753
254000 1691.41594753
255000 1771.47212421
256000 1771.47212421
257000 1771.47212421
258000 1640.56174334
259000 1640.56174334
260000 1640.56174334
261000 1640.56174334
262000 1640.56174334
263000 1380.47002398
264000 1380.47002398
265000 1380.47002398
266000 1380.47002398
267000 2189.97717296
268000 2189.97717296
269000 2189.97717296
270000 1186.25855513
271000 1186.25855513
272000 1186.25855513
273000 1186.25855513
274000 2419.01602262
275000 2419.01602262
276000 1340.69966313
277000 1340.69966313
278000 1340.69966313
279000 1340.69966313
280000 2565.03561935
281000 2565.03561935
282000 2565.03561935
283000 1533.00029665
284000 1533.00029665
285000 1533.00029665
286000 1050.61682243
287000 1050.61682243
288000 1050.61682243
289000 1050.61682243
290000 1050.61682243
291000 1050.61682243
292000 4324.48831169
293000 2130.07714017
294000 2130.07714017
295000 1860.39263804
296000 1860.39263804
297000 1860.39263804
298000 1550.2122905
299000 1550.2122905
300000 1550.2122905
301000 1494.976
302000 1494.976
