0 2162.12223667
1000 2162.12223667
2000 2162.12223667
3000 2162.12223667
4000 2162.12223667
5000 2162.12223667
6000 2257.49107733
7000 2257.49107733
8000 2129.10422561
9000 2129.10422561
10000 2129.10422561
11000 2000.7173739
12000 2000.7173739
13000 2098.66666667
14000 2098.66666667
15000 2098.66666667
16000 2029.74965863
17000 2029.74965863
18000 2100.82539683
19000 2100.82539683
20000 2100.82539683
21000 2093.27033831
22000 2093.27033831
23000 2093.27033831
24000 2085.71527979
25000 2085.71527979
26000 2085.71527979
27000 2085.71527979
28000 2022.86247086
29000 2022.86247086
30000 2022.86247086
31000 1778.77321576
32000 1778.77321576
33000 1778.77321576
34000 1778.77321576
35000 2158.33033033
36000 2158.33033033
37000 2045.59929391
38000 2045.59929391
39000 2045.59929391
40000 2156.88702929
41000 2156.88702929
42000 1992.77008751
43000 1992.77008751
44000 1992.77008751
45000 1988.92673856
46000 1988.92673856
47000 2125.2173913
48000 2125.2173913
49000 2125.2173913
50000 2010.44437781
51000 2010.44437781
52000 2010.44437781
53000 2010.44437781
54000 2015.30341306
55000 2015.30341306
56000 2015.30341306
57000 2015.30341306
58000 2020.9210084
59000 2020.9210084
60000 2020.9210084
61000 2020.9210084
62000 2050.75327635
63000 2050.75327635
64000 2050.75327635
65000 1810.99975168
66000 1810.99975168
67000 1810.99975168
68000 1810.99975168
69000 1810.99975168
70000 1808.27745665
71000 1808.27745665
72000 1808.27745665
73000 2109.84244926
74000 2109.84244926
75000 2109.84244926
76000 2054.35638842
77000 2054.35638842
78000 2054.35638842
79000 2053.84946237
80000 2053.84946237
81000 2053.84946237
82000 2039.98989899
83000 2039.98989899
84000 2039.98989899
85000 2071.91532946
86000 2071.91532946
87000 2071.91532946
88000 1688.00629426
89000 1688.00629426
90000 1688.00629426
91000 2094.39202309
92000 2094.39202309
93000 2094.39202309
94000 2094.39202309
95000 2049.38491803
96000 2049.38491803
97000 2049.38491803
98000 2021.58102239
99000 2021.58102239
100000 2021.58102239
101000 1982.061369
102000 1982.061369
103000 1982.061369
104000 1982.061369
105000 1816.18035761
106000 1816.18035761
107000 1816.18035761
108000 1816.18035761
109000 2074.68124658
110000 2074.68124658
111000 2074.68124658
112000 2074.68124658
113000 1742.30713919
114000 1742.30713919
115000 1742.30713919
116000 1742.30713919
117000 2071.8032991
118000 2071.8032991
119000 2071.8032991
120000 2071.8032991
121000 1988.56338028
122000 1988.56338028
123000 2033.67662946
124000 2033.67662946
125000 2033.67662946
126000 2096.50186706
127000 2096.50186706
128000 2096.50186706
129000 1999.5481324
130000 1999.5481324
131000 1999.5481324
132000 1999.5481324
133000 2074.29403202
134000 2074.29403202
135000 2074.29403202
136000 2022.79694138
137000 2022.79694138
138000 2022.79694138
139000 1925.23620309
140000 1925.23620309
141000 1925.23620309
142000 1925.23620309
143000 2068.59994198
144000 2068.59994198
145000 2068.59994198
146000 2068.59994198
147000 2010.00100654
148000 2010.00100654
149000 2010.00100654
150000 2010.00100654
151000 1822.71244635
152000 1822.71244635
153000 1822.71244635
154000 1822.71244635
155000 2264.36484983
156000 2264.36484983
157000 2213.24354325
158000 2213.24354325
159000 2213.24354325
160000 2213.24354325
161000 2162.12223667
162000 2162.12223667
163000 2257.49107733
164000 2257.49107733
165000 2129.10422561
166000 2129.10422561
167000 2000.7173739
168000 2000.7173739
169000 2000.7173739
170000 2098.66666667
171000 2098.66666667
172000 2029.74965863
173000 2029.74965863
174000 2029.74965863
175000 2100.82539683
176000 2100.82539683
177000 2093.27033831
178000 2093.27033831
179000 2093.27033831
180000 2093.27033831
181000 2085.71527979
182000 2085.71527979
183000 2085.71527979
184000 2085.71527979
185000 2022.86247086
186000 2022.86247086
187000 1778.77321576
188000 1778.77321576
189000 1778.77321576
190000 1778.77321576
191000 2158.33033033
192000 2158.33033033
193000 2158.33033033
194000 2045.59929391
195000 2045.59929391
196000 2156.88702929
197000 2156.88702929
198000 1992.77008751
199000 1992.77008751
200000 1992.77008751
201000 1988.92673856
202000 1988.92673856
203000 1988.92673856
204000 2125.2173913
205000 2125.2173913
206000 2125.2173913
207000 2010.44437781
208000 2010.44437781
209000 2010.44437781
210000 2015.30341306
211000 2015.30341306
212000 2015.30341306
213000 2015.30341306
214000 2020.9210084
215000 2020.9210084
216000 2020.9210084
217000 2020.9210084
218000 2050.75327635
219000 2050.75327635
220000 2050.75327635
221000 2050.75327635
222000 1810.99975168
223000 1810.99975168
224000 1810.99975168
225000 1810.99975168
226000 1808.27745665
227000 1808.27745665
228000 1808.27745665
229000 1808.27745665
230000 2109.84244926
231000 2109.84244926
232000 2109.84244926
233000 2054.35638842
234000 2054.35638842
235000 2054.35638842
236000 2053.84946237
237000 2053.84946237
238000 2039.98989899
239000 2039.98989899
240000 2039.98989899
241000 2039.98989899
242000 2071.91532946
243000 2071.91532946
244000 2071.91532946
245000 1688.00629426
246000 1688.00629426
247000 2094.39202309
248000 2094.39202309
249000 2094.39202309
250000 2094.39202309
251000 2049.38491803
252000 2049.38491803
253000 2049.38491803
254000 2049.38491803
255000 2021.58102239
256000 2021.58102239
257000 2021.58102239
258000 1982.061369
259000 1982.061369
260000 1982.061369
261000 1982.061369
262000 1816.18035761
263000 1816.18035761
264000 1816.18035761
265000 1816.18035761
266000 2074.68124658
267000 2074.68124658
268000 2074.68124658
269000 2074.68124658
270000 1742.30713919
271000 1742.30713919
272000 1742.30713919
273000 1742.30713919
274000 2071.8032991
275000 2071.8032991
276000 2071.8032991
277000 1988.56338028
278000 1988.56338028
279000 1988.56338028
280000 2033.67662946
281000 2033.67662946
282000 2033.67662946
283000 2096.50186706
284000 2096.50186706
285000 2096.50186706
286000 1999.5481324
287000 1999.5481324
288000 1999.5481324
289000 2074.29403202
290000 2074.29403202
291000 2074.29403202
292000 2022.79694138
293000 2022.79694138
294000 2022.79694138
295000 2022.79694138
296000 1925.23620309
297000 1925.23620309
298000 1925.23620309
299000 1925.23620309
300000 2068.59994198
301000 2068.59994198
302000 2068.59994198
303000 2010.00100654
304000 2010.00100654
305000 2010.00100654
306000 2010.00100654
307000 1822.71244635
308000 1822.71244635
309000 1822.71244635
310000 1822.71244635
311000 2264.36484983
312000 2264.36484983
