0 2422.40288548
1000 2422.40288548
2000 2422.40288548
3000 2422.40288548
4000 2422.40288548
5000 2422.40288548
6000 2422.40288548
7000 2422.40288548
8000 2422.40288548
9000 2422.40288548
10000 2422.40288548
11000 2422.40288548
12000 2422.40288548
13000 2422.40288548
14000 2422.40288548
15000 2063.77332923
16000 2063.77332923
17000 2063.77332923
18000 2063.77332923
19000 2063.77332923
20000 2063.77332923
21000 3386.46246851
22000 3386.46246851
23000 3386.46246851
24000 3386.46246851
25000 3973.81235698
26000 3973.81235698
27000 3973.81235698
28000 3973.81235698
29000 3580.91196388
30000 3580.91196388
31000 3580.91196388
32000 3580.91196388
33000 3945.93406593
34000 3945.93406593
35000 3945.93406593
36000 3746.82124562
37000 3746.82124562
38000 3746.82124562
39000 3746.82124562
40000 3515.97111218
41000 3515.97111218
42000 3515.97111218
43000 3515.97111218
44000 3418.53974298
45000 3418.53974298
46000 3418.53974298
47000 3418.53974298
48000 3418.53974298
49000 3708.65067229
50000 3708.65067229
51000 3708.65067229
52000 3708.65067229
53000 3843.2522686
54000 3843.2522686
55000 3843.2522686
56000 2430.1358722
57000 2430.1358722
58000 2430.1358722
59000 2430.1358722
60000 2430.1358722
61000 2430.1358722
62000 3261.17333333
63000 3261.17333333
64000 3261.17333333
65000 3261.17333333
66000 3261.17333333
67000 3617.88650138
68000 3617.88650138
69000 3617.88650138
70000 2924.03061684
71000 2924.03061684
72000 2924.03061684
73000 2924.03061684
74000 2924.03061684
75000 3234.7758718
76000 3234.7758718
77000 3234.7758718
78000 3234.7758718
79000 3234.7758718
80000 3234.7758718
81000 3234.7758718
82000 3234.7758718
83000 3234.7758718
84000 3545.52112676
85000 3545.52112676
86000 3545.52112676
87000 3545.52112676
88000 3545.52112676
89000 3545.52112676
90000 3545.52112676
91000 3545.52112676
92000 3830.62983425
93000 3830.62983425
94000 3830.62983425
95000 3830.62983425
96000 3830.62983425
97000 3830.62983425
98000 3830.62983425
99000 3258.11560843
100000 3258.11560843
101000 3258.11560843
102000 3258.11560843
103000 3258.11560843
104000 3258.11560843
105000 3258.11560843
106000 3258.11560843
107000 3846.87987758
108000 3846.87987758
109000 3846.87987758
110000 3846.87987758
111000 3846.87987758
112000 3846.87987758
113000 2687.05579053
114000 2687.05579053
115000 2687.05579053
116000 2687.05579053
117000 2687.05579053
118000 2687.05579053
119000 2687.05579053
120000 2687.05579053
121000 2687.05579053
122000 2687.05579053
123000 2687.05579053
124000 3567.44452317
125000 3567.44452317
126000 3567.44452317
127000 3567.44452317
128000 3567.44452317
129000 3567.44452317
130000 3567.44452317
131000 3716.80470211
132000 3716.80470211
133000 3716.80470211
134000 3716.80470211
135000 3716.80470211
136000 3716.80470211
137000 3716.80470211
138000 3535.14743236
139000 3535.14743236
140000 3535.14743236
141000 3535.14743236
142000 3535.14743236
143000 3535.14743236
144000 3535.14743236
145000 3535.14743236
146000 1953.97116309
147000 1953.97116309
148000 1953.97116309
149000 1953.97116309
150000 1953.97116309
151000 1953.97116309
152000 1953.97116309
153000 1953.97116309
154000 1953.97116309
155000 1953.97116309
156000 1953.97116309
157000 1953.97116309
158000 1968.43285401
159000 1968.43285401
160000 1968.43285401
161000 1968.43285401
162000 1968.43285401
163000 2195.41786974
164000 2195.41786974
165000 2195.41786974
166000 2195.41786974
167000 2195.41786974
168000 2195.41786974
169000 2195.41786974
170000 2195.41786974
171000 2422.40288548
172000 2422.40288548
173000 2422.40288548
174000 2422.40288548
175000 2422.40288548
176000 2422.40288548
177000 2063.77332923
178000 2063.77332923
179000 2063.77332923
180000 2063.77332923
181000 2063.77332923
182000 2063.77332923
183000 3386.46246851
184000 3386.46246851
185000 3386.46246851
186000 3386.46246851
187000 3973.81235698
188000 3973.81235698
189000 3973.81235698
190000 3973.81235698
191000 3580.91196388
192000 3580.91196388
193000 3580.91196388
194000 3580.91196388
195000 3945.93406593
196000 3945.93406593
197000 3945.93406593
198000 3945.93406593
199000 3746.82124562
200000 3746.82124562
201000 3746.82124562
202000 3515.97111218
203000 3515.97111218
204000 3515.97111218
205000 3515.97111218
206000 3515.97111218
207000 3418.53974298
208000 3418.53974298
209000 3418.53974298
210000 3418.53974298
211000 3708.65067229
212000 3708.65067229
213000 3708.65067229
214000 3708.65067229
215000 3843.2522686
216000 3843.2522686
217000 3843.2522686
218000 2430.1358722
219000 2430.1358722
220000 2430.1358722
221000 2430.1358722
222000 2430.1358722
223000 2430.1358722
224000 2430.1358722
225000 3261.17333333
226000 3261.17333333
227000 3261.17333333
228000 3261.17333333
229000 3617.88650138
230000 3617.88650138
231000 3617.88650138
232000 3617.88650138
233000 2924.03061684
234000 2924.03061684
235000 2924.03061684
236000 2924.03061684
237000 3234.7758718
238000 3234.7758718
239000 3234.7758718
240000 3234.7758718
241000 3234.7758718
242000 3234.7758718
243000 3234.7758718
244000 3234.7758718
245000 3234.7758718
246000 3545.52112676
247000 3545.52112676
248000 3545.52112676
249000 3545.52112676
250000 3545.52112676
251000 3545.52112676
252000 3545.52112676
253000 3545.52112676
254000 3830.62983425
255000 3830.62983425
256000 3830.62983425
257000 3830.62983425
258000 3830.62983425
259000 3830.62983425
260000 3830.62983425
261000 3258.11560843
262000 3258.11560843
263000 3258.11560843
264000 3258.11560843
265000 3258.11560843
266000 3258.11560843
267000 3258.11560843
268000 3258.11560843
269000 3846.87987758
270000 3846.87987758
271000 3846.87987758
272000 3846.87987758
273000 3846.87987758
274000 3846.87987758
275000 3846.87987758
276000 2687.05579053
277000 2687.05579053
278000 2687.05579053
279000 2687.05579053
280000 2687.05579053
281000 2687.05579053
282000 2687.05579053
283000 2687.05579053
284000 2687.05579053
285000 2687.05579053
286000 3567.44452317
287000 3567.44452317
288000 3567.44452317
289000 3567.44452317
290000 3567.44452317
291000 3567.44452317
292000 3567.44452317
293000 3716.80470211
294000 3716.80470211
295000 3716.80470211
296000 3716.80470211
297000 3716.80470211
298000 3716.80470211
299000 3716.80470211
300000 3716.80470211
301000 3535.14743236
302000 3535.14743236
303000 3535.14743236
304000 3535.14743236
305000 3535.14743236
306000 3535.14743236
307000 3535.14743236
308000 1953.97116309
309000 1953.97116309
310000 1953.97116309
311000 1953.97116309
312000 1953.97116309
313000 1953.97116309
314000 1953.97116309
315000 1953.97116309
316000 1953.97116309
317000 1953.97116309
318000 1953.97116309
319000 1953.97116309
320000 1953.97116309
321000 1968.43285401
322000 1968.43285401
323000 1968.43285401
324000 1968.43285401
