0 969.869158879
1000 969.869158879
2000 969.869158879
3000 969.869158879
4000 969.869158879
5000 19028.8695652
6000 13824.3493475
7000 9105.96185286
8000 8813.74520857
9000 6382.97829067
10000 3952.21137277
11000 3952.21137277
12000 3952.21137277
13000 3952.21137277
14000 9145.54602952
15000 9145.54602952
16000 8701.13043478
17000 8849.52475496
18000 8997.91907514
19000 8997.91907514
20000 9045.09819639
21000 9018.44506002
22000 9112.12034838
23000 9163.89432053
24000 9163.89432053
25000 9215.66829268
26000 9215.66829268
27000 8750.05229937
28000 8750.05229937
29000 8839.21192294
30000 8839.21192294
31000 8839.21192294
32000 9045.2079906
33000 9045.2079906
34000 9045.2079906
35000 8992.182262
36000 8992.182262
37000 9031.24953652
38000 9031.24953652
39000 9031.24953652
40000 1830.60651476
41000 1830.60651476
42000 1830.60651476
43000 1830.60651476
44000 1830.60651476
45000 1830.60651476
46000 1830.60651476
47000 1830.60651476
48000 1830.60651476
49000 1830.60651476
50000 1830.60651476
51000 1830.60651476
52000 1830.60651476
53000 8948.13549337
54000 8948.13549337
55000 8948.13549337
56000 3739.21774336
57000 3739.21774336
58000 3739.21774336
59000 3739.21774336
60000 3739.21774336
61000 3739.21774336
62000 5056.33959761
63000 5056.33959761
64000 5056.33959761
65000 5056.33959761
66000 5056.33959761
67000 1938.61758077
68000 1938.61758077
69000 1938.61758077
70000 1938.61758077
71000 1938.61758077
72000 1938.61758077
73000 1938.61758077
74000 1938.61758077
75000 1938.61758077
76000 1938.61758077
77000 6373.20519194
78000 6373.20519194
79000 6373.20519194
80000 6373.20519194
81000 8817.20720031
82000 8817.20720031
83000 8817.20720031
84000 4992.44925201
85000 4992.44925201
86000 4992.44925201
87000 4992.44925201
88000 2790.12773481
89000 2790.12773481
90000 2790.12773481
91000 2790.12773481
92000 2790.12773481
93000 2790.12773481
94000 2790.12773481
95000 2790.12773481
96000 2790.12773481
97000 1738.11256663
98000 1738.11256663
99000 1738.11256663
100000 1738.11256663
101000 1738.11256663
102000 1738.11256663
103000 1738.11256663
104000 1738.11256663
105000 1738.11256663
106000 1738.11256663
107000 1738.11256663
108000 6481.76866097
109000 6481.76866097
110000 6481.76866097
111000 6481.76866097
112000 3972.50412625
113000 3972.50412625
114000 3972.50412625
115000 3972.50412625
116000 3972.50412625
117000 3972.50412625
118000 1463.23959152
119000 1463.23959152
120000 1463.23959152
121000 1463.23959152
122000 1463.23959152
123000 1463.23959152
124000 794.302360623
125000 794.302360623
126000 794.302360623
127000 794.302360623
128000 4088.68874172
129000 2791.54896142
130000 2791.54896142
131000 1882.9984051
132000 1882.9984051
133000 1697.84888889
134000 1697.84888889
135000 1697.84888889
136000 3915.33114754
137000 4318.36
138000 3881.28844893
139000 3444.21689786
140000 3444.21689786
141000 10408.1593625
142000 8964.82622951
143000 3260.44673983
144000 3260.44673983
145000 9967.23518164
146000 6217.63883505
147000 3880.18645949
148000 3880.18645949
149000 8996.58333333
150000 9373.11137163
151000 9582.62857143
152000 8442.90909091
153000 9413.42857143
154000 8633.53846154
155000 3933.05107952
156000 3933.05107952
157000 2764.91884457
158000 2764.91884457
159000 9615.9744
160000 11911.68
161000 9132.12368469
162000 9132.12368469
163000 8811.6463331
164000 2971.30878699
165000 2971.30878699
166000 2971.30878699
167000 2971.30878699
168000 2971.30878699
169000 1337.31420639
170000 1337.31420639
171000 1337.31420639
172000 1337.31420639
173000 1337.31420639
174000 1337.31420639
175000 1337.31420639
176000 1337.31420639
177000 1337.31420639
178000 1203.06406056
179000 1203.06406056
180000 1203.06406056
181000 1203.06406056
182000 1203.06406056
183000 1203.06406056
184000 1203.06406056
185000 1203.06406056
186000 1203.06406056
187000 8870.42253521
188000 1515.54948805
189000 1515.54948805
190000 1515.54948805
191000 1515.54948805
192000 1515.54948805
193000 1515.54948805
194000 2766.8782469
195000 2766.8782469
196000 4018.20700574
197000 4018.20700574
198000 4018.20700574
199000 4018.20700574
200000 4018.20700574
201000 5650.84333593
202000 5650.84333593
203000 5650.84333593
204000 4040.12558337
205000 4040.12558337
206000 4040.12558337
207000 4040.12558337
208000 4040.12558337
209000 8831.77180472
210000 8831.77180472
211000 8751.21972603
212000 8751.21972603
213000 8781.05407255
214000 9273.3877551
215000 9360.28532236
216000 6635.73869347
217000 3802.80392617
218000 3802.80392617
219000 3802.80392617
220000 969.869158879
221000 19028.8695652
222000 13824.3493475
223000 9105.96185286
224000 8813.74520857
225000 6382.97829067
226000 3952.21137277
227000 3952.21137277
228000 3952.21137277
229000 3952.21137277
230000 9145.54602952
231000 9145.54602952
232000 8701.13043478
233000 8849.52475496
234000 8997.91907514
235000 8997.91907514
236000 9045.09819639
237000 9018.44506002
238000 9112.12034838
239000 9163.89432053
240000 9163.89432053
241000 9215.66829268
242000 9215.66829268
243000 8750.05229937
244000 8750.05229937
245000 8839.21192294
246000 8839.21192294
247000 8839.21192294
248000 9045.2079906
249000 9045.2079906
250000 9045.2079906
251000 8992.182262
252000 8992.182262
253000 9031.24953652
254000 9031.24953652
255000 9031.24953652
256000 1830.60651476
257000 1830.60651476
258000 1830.60651476
259000 1830.60651476
260000 1830.60651476
261000 1830.60651476
262000 1830.60651476
263000 1830.60651476
264000 1830.60651476
265000 1830.60651476
266000 1830.60651476
267000 1830.60651476
268000 1830.60651476
269000 8948.13549337
270000 8948.13549337
271000 8948.13549337
272000 3739.21774336
273000 3739.21774336
274000 3739.21774336
275000 3739.21774336
276000 3739.21774336
277000 3739.21774336
278000 5056.33959761
279000 5056.33959761
280000 5056.33959761
281000 5056.33959761
282000 5056.33959761
283000 1938.61758077
284000 1938.61758077
285000 1938.61758077
286000 1938.61758077
287000 1938.61758077
288000 1938.61758077
289000 1938.61758077
290000 1938.61758077
291000 1938.61758077
292000 1938.61758077
293000 6373.20519194
294000 6373.20519194
295000 6373.20519194
296000 6373.20519194
297000 8817.20720031
298000 8817.20720031
299000 8817.20720031
300000 4992.44925201
301000 4992.44925201
302000 4992.44925201
303000 4992.44925201
304000 2790.12773481
305000 2790.12773481
306000 2790.12773481
307000 2790.12773481
308000 2790.12773481
309000 2790.12773481
310000 2790.12773481
311000 2790.12773481
312000 2790.12773481
313000 1738.11256663
314000 1738.11256663
315000 1738.11256663
316000 1738.11256663
317000 1738.11256663
318000 1738.11256663
319000 1738.11256663
320000 1738.11256663
321000 1738.11256663
322000 1738.11256663
323000 1738.11256663
324000 6481.76866097
325000 6481.76866097
326000 6481.76866097
327000 6481.76866097
328000 3972.50412625
329000 3972.50412625
330000 3972.50412625
331000 3972.50412625
332000 3972.50412625
333000 3972.50412625
334000 1463.23959152
335000 1463.23959152
336000 1463.23959152
337000 1463.23959152
338000 1463.23959152
339000 1463.23959152
340000 794.302360623
341000 794.302360623
342000 794.302360623
343000 794.302360623
344000 4088.68874172
345000 2791.54896142
346000 2791.54896142
347000 1882.9984051
348000 1882.9984051
349000 1697.84888889
350000 1697.84888889
351000 1697.84888889
352000 3915.33114754
353000 4318.36
354000 3881.28844893
355000 3444.21689786
356000 3444.21689786
357000 10408.1593625
358000 8964.82622951
359000 3260.44673983
360000 3260.44673983
361000 9967.23518164
362000 6217.63883505
363000 3880.18645949
364000 3880.18645949
365000 8996.58333333
366000 9373.11137163
367000 9582.62857143
368000 8442.90909091
369000 9413.42857143
370000 8633.53846154
371000 3933.05107952
372000 3933.05107952
373000 2764.91884457
374000 2764.91884457
375000 9615.9744
376000 11911.68
377000 9132.12368469
378000 9132.12368469
379000 8811.6463331
380000 2971.30878699
381000 2971.30878699
382000 2971.30878699
383000 2971.30878699
384000 2971.30878699
385000 1337.31420639
386000 1337.31420639
387000 1337.31420639
388000 1337.31420639
389000 1337.31420639
390000 1337.31420639
391000 1337.31420639
392000 1337.31420639
393000 1337.31420639
394000 1203.06406056
395000 1203.06406056
396000 1203.06406056
397000 1203.06406056
398000 1203.06406056
399000 1203.06406056
400000 1203.06406056
401000 1203.06406056
402000 1203.06406056
403000 8870.42253521
404000 1515.54948805
405000 1515.54948805
406000 1515.54948805
407000 1515.54948805
408000 1515.54948805
409000 1515.54948805
410000 2766.8782469
411000 2766.8782469
412000 4018.20700574
413000 4018.20700574
414000 4018.20700574
415000 4018.20700574
416000 4018.20700574
417000 5650.84333593
418000 5650.84333593
419000 5650.84333593
420000 4040.12558337
421000 4040.12558337
422000 4040.12558337
423000 4040.12558337
424000 4040.12558337
425000 8831.77180472
426000 8831.77180472
427000 8751.21972603
428000 8751.21972603
429000 8781.05407255
430000 9273.3877551
431000 9360.28532236
432000 6635.73869347
