0 5655.04
1000 5655.04
2000 5655.04
3000 5655.04
4000 5655.04
5000 6825.22114943
6000 7995.40229885
7000 11381.6216216
8000 3822.97536946
9000 3822.97536946
10000 3401.05917856
11000 2979.14298767
12000 2979.14298767
13000 2979.14298767
14000 2979.14298767
15000 2979.14298767
16000 3489.04083845
17000 3489.04083845
18000 3489.04083845
19000 3946.3992071
20000 3946.3992071
21000 3946.3992071
22000 3946.3992071
23000 3946.3992071
24000 3946.3992071
25000 4403.75757576
26000 3359.97236615
27000 3359.97236615
28000 3118.6299599
29000 3118.6299599
30000 2877.28755365
31000 2877.28755365
32000 3147.07833397
33000 3147.07833397
34000 3147.07833397
35000 2609.7998757
36000 2609.7998757
37000 3237.06484642
38000 3237.06484642
39000 2764.32333216
40000 2764.32333216
41000 2764.32333216
42000 2930.34583536
43000 2930.34583536
44000 2930.34583536
45000 8614.35019455
46000 8156.85744456
47000 9011.19221411
48000 5944.79734219
49000 2652.94010508
50000 2652.94010508
51000 2652.94010508
52000 8348.375
53000 7278.23551402
54000 8283.67184035
55000 8489.58375635
56000 3326.93041096
57000 3326.93041096
58000 3326.93041096
59000 7619.00940439
60000 10456.2385686
61000 3015.64347146
62000 3015.64347146
63000 3015.64347146
64000 6355.07142857
65000 7606.51327434
66000 5465.10975026
67000 3323.70622618
68000 3323.70622618
69000 3323.70622618
70000 3323.70622618
71000 9344.02588997
72000 9344.02588997
73000 4763.00223115
74000 4763.00223115
75000 9263.47619048
76000 9263.47619048
77000 7506.10434783
78000 7506.10434783
79000 2978.47719104
80000 2978.47719104
81000 2978.47719104
82000 3349.1877536
83000 3349.1877536
84000 3349.1877536
85000 7761.11210762
86000 7761.11210762
87000 8510.14343272
88000 8510.14343272
89000 8275.27241079
90000 3963.36066025
91000 3963.36066025
92000 3963.36066025
93000 3963.36066025
94000 8085.91557496
95000 6109.51466117
96000 6109.51466117
97000 4133.11374738
98000 4133.11374738
99000 4133.11374738
100000 4133.11374738
101000 7544.60402685
102000 7544.60402685
103000 8032.9506833
104000 8032.9506833
105000 5985.27762303
106000 5985.27762303
107000 5985.27762303
108000 5801.88560654
109000 5801.88560654
110000 5801.88560654
111000 5264.0
112000 5264.0
113000 5264.0
114000 4306.12927757
115000 4306.12927757
116000 9036.74576271
117000 8674.58585859
118000 8674.58585859
119000 8674.58585859
120000 4599.54155416
121000 4599.54155416
122000 4599.54155416
123000 4599.54155416
124000 8000.17895272
125000 8000.17895272
126000 4144.99521531
127000 4144.99521531
128000 4144.99521531
129000 4144.99521531
130000 8424.97209721
131000 8424.97209721
132000 4503.50500642
133000 4503.50500642
134000 4503.50500642
135000 4503.50500642
136000 6660.0302267
137000 6660.0302267
138000 6660.0302267
139000 4983.22514695
140000 4983.22514695
141000 4983.22514695
142000 4983.22514695
143000 4780.25471698
144000 4780.25471698
145000 4780.25471698
146000 4780.25471698
147000 8597.47173309
148000 8597.47173309
149000 8897.16605934
150000 8897.16605934
151000 8897.16605934
152000 4464.42657027
153000 4464.42657027
154000 4464.42657027
155000 4464.42657027
156000 7549.26565144
157000 7549.26565144
158000 7549.26565144
159000 3170.15232443
160000 3170.15232443
161000 3170.15232443
162000 4412.59616221
163000 4412.59616221
164000 4412.59616221
165000 4412.59616221
166000 5655.04
167000 6825.22114943
168000 7995.40229885
169000 3822.97536946
170000 3822.97536946
171000 3401.05917856
172000 3401.05917856
173000 2979.14298767
174000 2979.14298767
175000 2979.14298767
176000 2979.14298767
177000 3489.04083845
178000 3489.04083845
179000 3489.04083845
180000 3946.3992071
181000 3946.3992071
182000 3946.3992071
183000 3946.3992071
184000 3946.3992071
185000 3946.3992071
186000 4403.75757576
187000 4403.75757576
188000 3359.97236615
189000 3118.6299599
190000 3118.6299599
191000 2877.28755365
192000 2877.28755365
193000 2877.28755365
194000 3147.07833397
195000 3147.07833397
196000 3147.07833397
197000 2609.7998757
198000 3237.06484642
199000 3237.06484642
200000 3237.06484642
201000 2764.32333216
202000 2764.32333216
203000 2764.32333216
204000 2930.34583536
205000 2930.34583536
206000 8614.35019455
207000 8156.85744456
208000 9011.19221411
209000 5944.79734219
210000 5944.79734219
211000 2652.94010508
212000 2652.94010508
213000 2652.94010508
214000 8348.375
215000 8283.67184035
216000 8489.58375635
217000 9486.36960276
218000 3326.93041096
219000 3326.93041096
220000 7619.00940439
221000 9264.28402367
222000 10456.2385686
223000 3015.64347146
224000 3015.64347146
225000 6355.07142857
226000 6355.07142857
227000 7606.51327434
228000 5465.10975026
229000 3323.70622618
230000 3323.70622618
231000 3323.70622618
232000 3323.70622618
233000 9344.02588997
234000 4763.00223115
235000 4763.00223115
236000 4763.00223115
237000 9263.47619048
238000 7506.10434783
239000 7506.10434783
240000 2978.47719104
241000 2978.47719104
242000 2978.47719104
243000 2978.47719104
244000 3349.1877536
245000 3349.1877536
246000 3349.1877536
247000 7761.11210762
248000 7761.11210762
249000 8510.14343272
250000 8275.27241079
251000 3963.36066025
252000 3963.36066025
253000 3963.36066025
254000 3963.36066025
255000 8085.91557496
256000 8085.91557496
257000 6109.51466117
258000 6109.51466117
259000 4133.11374738
260000 4133.11374738
261000 4133.11374738
262000 7544.60402685
263000 7544.60402685
264000 7544.60402685
265000 8032.9506833
266000 8032.9506833
267000 5985.27762303
268000 5985.27762303
269000 5801.88560654
270000 5801.88560654
271000 5801.88560654
272000 5801.88560654
273000 5264.0
274000 5264.0
275000 5264.0
276000 4306.12927757
277000 4306.12927757
278000 9036.74576271
279000 8674.58585859
280000 8674.58585859
281000 4599.54155416
282000 4599.54155416
283000 4599.54155416
284000 4599.54155416
285000 8000.17895272
286000 8000.17895272
287000 4144.99521531
288000 4144.99521531
289000 4144.99521531
290000 4144.99521531
291000 8424.97209721
292000 8424.97209721
293000 8424.97209721
294000 4503.50500642
295000 4503.50500642
296000 4503.50500642
297000 4503.50500642
298000 6660.0302267
299000 6660.0302267
300000 6660.0302267
301000 4983.22514695
302000 4983.22514695
303000 4983.22514695
304000 4983.22514695
305000 4780.25471698
306000 4780.25471698
307000 4780.25471698
308000 4780.25471698
309000 8597.47173309
310000 8597.47173309
311000 8897.16605934
312000 8897.16605934
313000 4464.42657027
314000 4464.42657027
315000 4464.42657027
316000 4464.42657027
317000 4464.42657027
318000 7549.26565144
319000 7549.26565144
320000 3170.15232443
321000 3170.15232443
322000 3170.15232443
323000 3170.15232443
