0 953.843230404
1000 953.843230404
2000 953.843230404
3000 953.843230404
4000 953.843230404
5000 953.843230404
6000 953.843230404
7000 953.843230404
8000 953.843230404
9000 953.843230404
10000 953.843230404
11000 953.843230404
12000 953.843230404
13000 953.843230404
14000 953.843230404
15000 306.736842105
16000 306.736842105
17000 306.736842105
18000 306.736842105
19000 1200.17688442
20000 426.112837285
21000 426.112837285
22000 426.112837285
23000 786.551351351
24000 786.551351351
25000 736.866065232
26000 849.130787977
27000 849.130787977
28000 748.831460674
29000 701.785927151
30000 701.785927151
31000 654.740393627
32000 654.740393627
33000 654.740393627
34000 672.232094288
35000 672.232094288
36000 672.232094288
37000 384.305220884
38000 384.305220884
39000 384.305220884
40000 384.305220884
41000 906.077261614
42000 906.077261614
43000 792.410505051
44000 792.410505051
45000 792.410505051
46000 706.540422433
47000 706.540422433
48000 706.540422433
49000 506.083129584
50000 506.083129584
51000 506.083129584
52000 625.86496091
53000 625.86496091
54000 625.86496091
55000 625.86496091
56000 486.105363075
57000 486.105363075
58000 486.105363075
59000 486.105363075
60000 1044.47372109
61000 1044.47372109
62000 586.926829268
63000 586.926829268
64000 568.533333333
65000 568.533333333
66000 568.533333333
67000 568.533333333
68000 474.092473844
69000 474.092473844
70000 474.092473844
71000 1055.66931638
72000 1055.66931638
73000 194.62843859
74000 194.62843859
75000 194.62843859
76000 194.62843859
77000 194.62843859
78000 194.62843859
79000 194.62843859
80000 194.62843859
81000 194.62843859
82000 194.62843859
83000 269.185072353
84000 269.185072353
85000 269.185072353
86000 269.185072353
87000 269.185072353
88000 269.185072353
89000 972.902426433
90000 972.902426433
91000 721.013735047
92000 721.013735047
93000 721.013735047
94000 985.168121001
95000 985.168121001
96000 180.781569966
97000 180.781569966
98000 180.781569966
99000 180.781569966
100000 180.781569966
101000 180.781569966
102000 180.781569966
103000 180.781569966
104000 180.781569966
105000 180.781569966
106000 730.166587339
107000 730.166587339
108000 730.166587339
109000 1058.24685883
110000 157.529452771
111000 157.529452771
112000 157.529452771
113000 157.529452771
114000 157.529452771
115000 157.529452771
116000 157.529452771
117000 157.529452771
118000 157.529452771
119000 157.529452771
120000 157.529452771
121000 157.529452771
122000 157.529452771
123000 316.765382015
124000 316.765382015
125000 316.765382015
126000 316.765382015
127000 316.765382015
128000 316.765382015
129000 316.765382015
130000 191.443796836
131000 191.443796836
132000 191.443796836
133000 191.443796836
134000 191.443796836
135000 191.443796836
136000 191.443796836
137000 191.443796836
138000 191.443796836
139000 191.443796836
140000 337.34054861
141000 337.34054861
142000 337.34054861
143000 337.34054861
144000 337.34054861
145000 337.34054861
146000 337.34054861
147000 1034.32676709
148000 1034.32676709
149000 1034.32676709
150000 1310.21778886
151000 1324.47745358
152000 1324.47745358
153000 1345.74165457
154000 1345.74165457
155000 1336.55862978
156000 1302.3180593
157000 1302.3180593
158000 1319.72804533
159000 1319.72804533
160000 1297.85328185
161000 1247.83625731
162000 1247.83625731
163000 1332.83156297
164000 1332.83156297
165000 1273.7
166000 1356.84604317
167000 1356.84604317
168000 1316.13813373
169000 1134.99068207
170000 1134.99068207
171000 1134.99068207
172000 1134.99068207
173000 1134.99068207
174000 1134.99068207
175000 1134.99068207
176000 1134.99068207
177000 1134.99068207
178000 1134.99068207
179000 1134.99068207
180000 1134.99068207
181000 1134.99068207
182000 953.843230404
183000 953.843230404
184000 306.736842105
185000 306.736842105
186000 306.736842105
187000 306.736842105
188000 1200.17688442
189000 426.112837285
190000 426.112837285
191000 426.112837285
192000 786.551351351
193000 786.551351351
194000 736.866065232
195000 849.130787977
196000 849.130787977
197000 748.831460674
198000 701.785927151
199000 701.785927151
200000 654.740393627
201000 654.740393627
202000 654.740393627
203000 672.232094288
204000 672.232094288
205000 384.305220884
206000 384.305220884
207000 384.305220884
208000 384.305220884
209000 384.305220884
210000 906.077261614
211000 906.077261614
212000 792.410505051
213000 792.410505051
214000 792.410505051
215000 706.540422433
216000 706.540422433
217000 706.540422433
218000 506.083129584
219000 506.083129584
220000 506.083129584
221000 625.86496091
222000 625.86496091
223000 625.86496091
224000 486.105363075
225000 486.105363075
226000 486.105363075
227000 486.105363075
228000 486.105363075
229000 1044.47372109
230000 586.926829268
231000 586.926829268
232000 586.926829268
233000 568.533333333
234000 568.533333333
235000 568.533333333
236000 568.533333333
237000 474.092473844
238000 474.092473844
239000 474.092473844
240000 1055.66931638
241000 194.62843859
242000 194.62843859
243000 194.62843859
244000 194.62843859
245000 194.62843859
246000 194.62843859
247000 194.62843859
248000 194.62843859
249000 194.62843859
250000 194.62843859
251000 194.62843859
252000 269.185072353
253000 269.185072353
254000 269.185072353
255000 269.185072353
256000 269.185072353
257000 269.185072353
258000 972.902426433
259000 972.902426433
260000 721.013735047
261000 721.013735047
262000 721.013735047
263000 985.168121001
264000 985.168121001
265000 180.781569966
266000 180.781569966
267000 180.781569966
268000 180.781569966
269000 180.781569966
270000 180.781569966
271000 180.781569966
272000 180.781569966
273000 180.781569966
274000 180.781569966
275000 730.166587339
276000 730.166587339
277000 1058.24685883
278000 1058.24685883
279000 157.529452771
280000 157.529452771
281000 157.529452771
282000 157.529452771
283000 157.529452771
284000 157.529452771
285000 157.529452771
286000 157.529452771
287000 157.529452771
288000 157.529452771
289000 157.529452771
290000 157.529452771
291000 157.529452771
292000 316.765382015
293000 316.765382015
294000 316.765382015
295000 316.765382015
296000 316.765382015
297000 316.765382015
298000 191.443796836
299000 191.443796836
300000 191.443796836
301000 191.443796836
302000 191.443796836
303000 191.443796836
304000 191.443796836
305000 191.443796836
306000 191.443796836
307000 191.443796836
308000 191.443796836
309000 337.34054861
310000 337.34054861
311000 337.34054861
312000 337.34054861
313000 337.34054861
314000 337.34054861
315000 337.34054861
316000 1034.32676709
317000 1034.32676709
318000 1310.21778886
319000 1310.21778886
320000 1324.47745358
321000 1324.47745358
322000 1345.74165457
323000 1336.55862978
324000 1336.55862978
325000 1302.3180593
326000 1302.3180593
327000 1319.72804533
328000 1297.85328185
329000 1297.85328185
330000 1247.83625731
331000 1247.83625731
332000 1332.83156297
333000 1273.7
334000 1273.7
335000 1356.84604317
336000 1316.13813373
337000 1316.13813373
