0 2361.34089069
1000 2361.34089069
2000 2361.34089069
3000 2361.34089069
4000 2361.34089069
5000 2361.34089069
6000 2361.34089069
7000 3059.52890792
8000 3059.52890792
9000 2729.23552834
10000 2729.23552834
11000 2729.23552834
12000 2729.23552834
13000 2729.23552834
14000 2729.23552834
15000 2398.94214876
16000 2398.94214876
17000 428.786177106
18000 428.786177106
19000 428.786177106
20000 503.2492569
21000 503.2492569
22000 117.357813478
23000 117.357813478
24000 117.357813478
25000 117.357813478
26000 117.357813478
27000 117.357813478
28000 117.357813478
29000 117.357813478
30000 117.357813478
31000 117.357813478
32000 908.715396579
33000 908.715396579
34000 1647.3431085
35000 1641.11079944
36000 1123.99837054
37000 1123.99837054
38000 1123.99837054
39000 1123.99837054
40000 1123.99837054
41000 606.885941645
42000 606.885941645
43000 606.885941645
44000 606.885941645
45000 631.630769231
46000 631.630769231
47000 631.630769231
48000 631.630769231
49000 1286.65895954
50000 1286.65895954
51000 1319.17815345
52000 1319.17815345
53000 1870.78841871
54000 2254.16136919
55000 1770.92150171
56000 1770.92150171
57000 2400.54501217
58000 820.484526967
59000 820.484526967
60000 820.484526967
61000 455.08768373
62000 455.08768373
63000 455.08768373
64000 455.08768373
65000 455.08768373
66000 850.917216861
67000 850.917216861
68000 850.917216861
69000 1081.19594997
70000 1081.19594997
71000 1081.19594997
72000 1374.91174089
73000 1374.91174089
74000 1796.1645933
75000 1769.10599078
76000 1769.10599078
77000 2487.66748166
78000 2313.70523752
79000 2062.20264317
80000 2062.20264317
81000 2614.98394161
82000 2779.39440983
83000 2779.39440983
84000 2943.80487805
85000 4050.29411765
86000 3466.59672131
87000 5016.82086957
88000 3608.12729498
89000 3608.12729498
90000 3013.15068493
91000 962.886956522
92000 962.886956522
93000 962.886956522
94000 962.886956522
95000 1559.16965402
96000 1559.16965402
97000 1559.16965402
98000 1559.16965402
99000 3127.36507937
100000 3127.36507937
101000 2244.7761194
102000 2244.7761194
103000 2792.75362319
104000 3180.59016393
105000 3180.59016393
106000 3850.78470825
107000 3548.30252101
108000 3548.30252101
109000 2414.94319683
110000 2414.94319683
111000 2854.95665589
112000 2854.95665589
113000 3294.97011494
114000 3294.97011494
115000 3211.71181556
116000 3211.71181556
117000 3797.19786096
118000 3797.19786096
119000 1728.33273575
120000 1728.33273575
121000 1728.33273575
122000 4107.7856049
123000 4107.7856049
124000 3389.91194969
125000 3389.91194969
126000 4555.83704452
127000 4555.83704452
128000 4555.83704452
129000 4555.83704452
130000 5721.76213934
131000 5721.76213934
132000 2103.42713568
133000 2103.42713568
134000 2103.42713568
135000 2103.42713568
136000 3389.04923903
137000 3389.04923903
138000 3622.5854524
139000 3622.5854524
140000 5653.09452736
141000 5653.09452736
142000 4407.66
143000 1852.77495108
144000 1852.77495108
145000 1852.77495108
146000 1852.77495108
147000 1852.77495108
148000 2842.08505263
149000 2842.08505263
150000 4213.76155718
151000 4213.76155718
152000 5421.15007013
153000 5421.15007013
154000 3734.85114754
155000 3734.85114754
156000 3979.9667063
157000 3979.9667063
158000 2802.13734713
159000 2802.13734713
160000 2802.13734713
161000 3418.37511781
162000 3418.37511781
163000 3609.6
164000 3609.6
165000 3609.6
166000 3113.81686498
167000 3113.81686498
168000 3400.24509034
169000 3400.24509034
170000 756.213958227
171000 756.213958227
172000 756.213958227
173000 1894.6875
174000 1852.29473684
175000 2106.81781377
176000 2106.81781377
177000 2106.81781377
178000 2106.81781377
179000 2361.34089069
180000 2361.34089069
181000 3059.52890792
182000 3059.52890792
183000 2729.23552834
184000 2729.23552834
185000 2729.23552834
186000 2729.23552834
187000 2729.23552834
188000 2729.23552834
189000 2398.94214876
190000 2398.94214876
191000 428.786177106
192000 428.786177106
193000 428.786177106
194000 503.2492569
195000 503.2492569
196000 117.357813478
197000 117.357813478
198000 117.357813478
199000 117.357813478
200000 117.357813478
201000 117.357813478
202000 117.357813478
203000 117.357813478
204000 117.357813478
205000 117.357813478
206000 908.715396579
207000 908.715396579
208000 1647.3431085
209000 2645.46062053
210000 1123.99837054
211000 1123.99837054
212000 1123.99837054
213000 1123.99837054
214000 1123.99837054
215000 606.885941645
216000 606.885941645
217000 606.885941645
218000 606.885941645
219000 631.630769231
220000 631.630769231
221000 631.630769231
222000 631.630769231
223000 1286.65895954
224000 1286.65895954
225000 1319.17815345
226000 1319.17815345
227000 1870.78841871
228000 2254.16136919
229000 1770.92150171
230000 1770.92150171
231000 2400.54501217
232000 820.484526967
233000 820.484526967
234000 820.484526967
235000 455.08768373
236000 455.08768373
237000 455.08768373
238000 455.08768373
239000 455.08768373
240000 850.917216861
241000 850.917216861
242000 850.917216861
243000 1081.19594997
244000 1081.19594997
245000 1081.19594997
246000 1374.91174089
247000 1374.91174089
248000 1796.1645933
249000 1769.10599078
250000 1769.10599078
251000 2487.66748166
252000 2313.70523752
253000 2313.70523752
254000 2062.20264317
255000 2614.98394161
256000 2779.39440983
257000 2779.39440983
258000 2943.80487805
259000 4050.29411765
260000 3466.59672131
261000 3466.59672131
262000 3608.12729498
263000 3608.12729498
264000 3013.15068493
265000 962.886956522
266000 962.886956522
267000 962.886956522
268000 962.886956522
269000 1261.02830527
270000 1559.16965402
271000 1559.16965402
272000 1559.16965402
273000 3127.36507937
274000 3127.36507937
275000 2244.7761194
276000 2244.7761194
277000 2792.75362319
278000 2792.75362319
279000 3180.59016393
280000 3850.78470825
281000 3850.78470825
282000 3548.30252101
283000 2414.94319683
284000 2414.94319683
285000 2854.95665589
286000 2854.95665589
287000 3294.97011494
288000 3294.97011494
289000 3211.71181556
290000 3211.71181556
291000 3797.19786096
292000 3797.19786096
293000 1728.33273575
294000 1728.33273575
295000 1728.33273575
296000 1728.33273575
297000 4107.7856049
298000 4107.7856049
299000 3389.91194969
300000 3389.91194969
301000 4555.83704452
302000 4555.83704452
303000 4555.83704452
304000 5721.76213934
305000 5721.76213934
306000 2103.42713568
307000 2103.42713568
308000 2103.42713568
309000 2103.42713568
310000 3389.04923903
311000 3389.04923903
312000 3622.5854524
313000 3622.5854524
314000 5653.09452736
315000 5653.09452736
316000 4407.66
317000 4407.66
318000 1852.77495108
319000 1852.77495108
320000 1852.77495108
321000 1852.77495108
322000 2842.08505263
323000 2842.08505263
324000 2842.08505263
325000 4213.76155718
326000 5421.15007013
327000 5421.15007013
328000 3734.85114754
329000 3734.85114754
330000 3979.9667063
331000 3979.9667063
332000 2802.13734713
333000 2802.13734713
334000 2802.13734713
335000 3418.37511781
336000 3418.37511781
337000 3609.6
338000 3609.6
339000 3609.6
340000 3113.81686498
341000 3113.81686498
342000 3400.24509034
343000 3400.24509034
344000 756.213958227
345000 756.213958227
346000 756.213958227
347000 1894.6875
348000 1852.29473684
