0 5091.27915194
1000 5091.27915194
2000 5091.27915194
3000 5091.27915194
4000 5091.27915194
5000 4964.34809615
6000 4837.41704036
7000 5461.51898734
8000 4003.81013677
9000 4003.81013677
10000 4047.85106219
11000 4091.89198761
12000 4091.89198761
13000 4091.89198761
14000 4413.51159618
15000 4413.51159618
16000 4625.31055629
17000 4625.31055629
18000 4625.31055629
19000 4685.4194954
20000 4685.4194954
21000 4685.4194954
22000 4745.5284345
23000 4745.5284345
24000 4745.5284345
25000 4745.5284345
26000 4460.2344186
27000 4460.2344186
28000 4460.2344186
29000 5187.49623814
30000 5187.49623814
31000 5187.49623814
32000 3666.91939292
33000 3666.91939292
34000 3666.91939292
35000 3666.91939292
36000 3890.8400703
37000 3890.8400703
38000 3890.8400703
39000 6557.25574273
40000 6557.25574273
41000 4331.17302573
42000 4331.17302573
43000 4331.17302573
44000 4331.17302573
45000 4331.17302573
46000 7140.52923077
47000 7140.52923077
48000 6032.74556701
49000 6032.74556701
50000 6032.74556701
51000 3617.4021657
52000 3617.4021657
53000 3617.4021657
54000 3617.4021657
55000 4315.86959415
56000 4315.86959415
57000 4315.86959415
58000 6366.0244978
59000 6366.0244978
60000 6366.0244978
61000 5773.62646745
62000 5773.62646745
63000 5773.62646745
64000 4254.54837093
65000 4254.54837093
66000 4254.54837093
67000 4254.54837093
68000 5439.38169492
69000 5439.38169492
70000 5439.38169492
71000 5761.86561265
72000 5761.86561265
73000 5761.86561265
74000 5761.86561265
75000 5783.29268293
76000 5783.29268293
77000 5168.39689922
78000 5168.39689922
79000 5168.39689922
80000 5606.24412348
81000 5606.24412348
82000 5606.24412348
83000 5606.24412348
84000 5252.57142857
85000 5252.57142857
86000 5252.57142857
87000 3684.16211122
88000 3684.16211122
89000 3684.16211122
90000 3684.16211122
91000 3684.16211122
92000 5590.3312739
93000 5590.3312739
94000 5590.3312739
95000 5590.3312739
96000 6423.2223534
97000 6423.2223534
98000 6423.2223534
99000 4540.11565304
100000 4540.11565304
101000 4540.11565304
102000 4540.11565304
103000 4540.11565304
104000 6165.82741117
105000 6165.82741117
106000 6165.82741117
107000 4506.964718
108000 4506.964718
109000 4506.964718
110000 4506.964718
111000 6298.18088518
112000 6298.18088518
113000 6298.18088518
114000 5701.5033275
115000 5701.5033275
116000 5701.5033275
117000 5508.70728083
118000 5508.70728083
119000 5508.70728083
120000 5508.70728083
121000 3957.09000744
122000 3957.09000744
123000 3957.09000744
124000 3957.09000744
125000 4346.94736842
126000 4346.94736842
127000 4346.94736842
128000 4346.94736842
129000 4346.94736842
130000 4450.18145363
131000 4450.18145363
132000 4450.18145363
133000 4450.18145363
134000 5019.3441348
135000 5019.3441348
136000 5019.3441348
137000 5019.3441348
138000 2981.47313916
139000 2981.47313916
140000 2981.47313916
141000 2981.47313916
142000 2981.47313916
143000 2981.47313916
144000 5324.89815951
145000 5324.89815951
146000 5324.89815951
147000 5324.89815951
148000 5612.69273743
149000 5612.69273743
150000 5612.69273743
151000 4476.51620239
152000 4476.51620239
153000 4476.51620239
154000 4476.51620239
155000 1835.62780315
156000 1835.62780315
157000 1835.62780315
158000 1835.62780315
159000 1835.62780315
160000 1835.62780315
161000 1835.62780315
162000 1835.62780315
163000 1835.62780315
164000 1835.62780315
165000 4251.63579523
166000 4251.63579523
167000 4251.63579523
168000 8062.70843373
169000 8062.70843373
170000 8362.24
171000 6726.75957597
172000 6726.75957597
173000 6726.75957597
174000 5091.27915194
175000 4964.34809615
176000 4837.41704036
177000 5461.51898734
178000 4003.81013677
179000 4003.81013677
180000 4047.85106219
181000 4091.89198761
182000 4091.89198761
183000 4091.89198761
184000 4413.51159618
185000 4413.51159618
186000 4625.31055629
187000 4625.31055629
188000 4625.31055629
189000 4685.4194954
190000 4685.4194954
191000 4685.4194954
192000 4745.5284345
193000 4745.5284345
194000 4745.5284345
195000 4745.5284345
196000 4460.2344186
197000 4460.2344186
198000 4460.2344186
199000 5187.49623814
200000 5187.49623814
201000 5187.49623814
202000 5187.49623814
203000 3666.91939292
204000 3666.91939292
205000 3666.91939292
206000 3890.8400703
207000 3890.8400703
208000 3890.8400703
209000 6557.25574273
210000 6557.25574273
211000 4331.17302573
212000 4331.17302573
213000 4331.17302573
214000 4331.17302573
215000 4331.17302573
216000 7140.52923077
217000 7140.52923077
218000 6032.74556701
219000 6032.74556701
220000 6032.74556701
221000 3617.4021657
222000 3617.4021657
223000 3617.4021657
224000 3617.4021657
225000 4315.86959415
226000 4315.86959415
227000 4315.86959415
228000 6366.0244978
229000 6366.0244978
230000 6366.0244978
231000 5773.62646745
232000 5773.62646745
233000 5773.62646745
234000 4254.54837093
235000 4254.54837093
236000 4254.54837093
237000 4254.54837093
238000 5439.38169492
239000 5439.38169492
240000 5439.38169492
241000 5761.86561265
242000 5761.86561265
243000 5761.86561265
244000 5761.86561265
245000 5783.29268293
246000 5783.29268293
247000 5168.39689922
248000 5168.39689922
249000 5168.39689922
250000 5606.24412348
251000 5606.24412348
252000 5606.24412348
253000 5606.24412348
254000 5252.57142857
255000 5252.57142857
256000 5252.57142857
257000 3684.16211122
258000 3684.16211122
259000 3684.16211122
260000 3684.16211122
261000 3684.16211122
262000 5590.3312739
263000 5590.3312739
264000 5590.3312739
265000 5590.3312739
266000 6423.2223534
267000 6423.2223534
268000 6423.2223534
269000 4540.11565304
270000 4540.11565304
271000 4540.11565304
272000 4540.11565304
273000 4540.11565304
274000 6165.82741117
275000 6165.82741117
276000 6165.82741117
277000 4506.964718
278000 4506.964718
279000 4506.964718
280000 4506.964718
281000 6298.18088518
282000 6298.18088518
283000 6298.18088518
284000 6298.18088518
285000 5701.5033275
286000 5701.5033275
287000 5701.5033275
288000 5508.70728083
289000 5508.70728083
290000 5508.70728083
291000 3957.09000744
292000 3957.09000744
293000 3957.09000744
294000 3957.09000744
295000 4346.94736842
296000 4346.94736842
297000 4346.94736842
298000 4346.94736842
299000 4346.94736842
300000 4450.18145363
301000 4450.18145363
302000 4450.18145363
303000 4450.18145363
304000 5019.3441348
305000 5019.3441348
306000 5019.3441348
307000 5019.3441348
308000 2981.47313916
309000 2981.47313916
310000 2981.47313916
311000 2981.47313916
312000 2981.47313916
313000 2981.47313916
314000 5324.89815951
315000 5324.89815951
316000 5324.89815951
317000 5324.89815951
318000 5612.69273743
319000 5612.69273743
320000 5612.69273743
321000 4476.51620239
322000 4476.51620239
323000 4476.51620239
324000 4476.51620239
325000 1835.62780315
326000 1835.62780315
327000 1835.62780315
328000 1835.62780315
329000 1835.62780315
330000 1835.62780315
331000 1835.62780315
332000 1835.62780315
333000 1835.62780315
334000 1835.62780315
335000 4251.63579523
336000 4251.63579523
337000 4251.63579523
338000 8062.70843373
339000 8062.70843373
340000 8362.24
