0 2592.25058731
1000 2592.25058731
2000 2592.25058731
3000 2592.25058731
4000 2592.25058731
5000 2592.25058731
6000 2592.25058731
7000 2592.25058731
8000 2592.25058731
9000 2592.25058731
10000 2592.25058731
11000 2592.25058731
12000 3146.15151515
13000 2765.78792374
14000 2765.78792374
15000 2385.42433234
16000 2385.42433234
17000 2385.42433234
18000 2253.95837104
19000 2253.95837104
20000 2253.95837104
21000 1876.69208211
22000 1876.69208211
23000 1876.69208211
24000 1893.84222389
25000 1893.84222389
26000 1893.84222389
27000 2132.85957829
28000 2132.85957829
29000 2132.85957829
30000 1840.34790157
31000 1840.34790157
32000 1840.34790157
33000 1547.83622484
34000 1547.83622484
35000 1547.83622484
36000 1547.83622484
37000 1547.83622484
38000 1547.83622484
39000 1978.13836478
40000 1978.13836478
41000 1978.13836478
42000 1978.13836478
43000 1807.29007791
44000 1807.29007791
45000 1807.29007791
46000 1807.29007791
47000 1807.29007791
48000 1807.29007791
49000 1807.29007791
50000 1636.44179104
51000 2601.41626794
52000 2476.45416572
53000 2351.49206349
54000 2351.49206349
55000 2405.15702479
56000 2685.95403982
57000 2966.75105485
58000 2966.75105485
59000 1665.95403808
60000 1665.95403808
61000 2041.10816658
62000 2416.26229508
63000 2416.26229508
64000 2416.26229508
65000 2194.63093788
66000 2194.63093788
67000 2798.40540541
68000 2798.40540541
69000 2358.5995281
70000 2358.5995281
71000 1918.79365079
72000 1918.79365079
73000 1918.79365079
74000 1918.79365079
75000 2169.20790514
76000 2169.20790514
77000 2169.20790514
78000 3002.20795892
79000 3002.20795892
80000 1620.56128371
81000 1620.56128371
82000 1620.56128371
83000 1772.79775281
84000 1772.79775281
85000 1772.79775281
86000 1772.79775281
87000 1903.41502611
88000 1903.41502611
89000 1903.41502611
90000 1974.34404229
91000 1974.34404229
92000 1974.34404229
93000 2218.26022305
94000 2218.26022305
95000 2241.78515445
96000 2241.78515445
97000 2241.78515445
98000 2925.72833436
99000 2925.72833436
100000 2359.14893617
101000 2359.14893617
102000 2359.14893617
103000 2385.08796957
104000 2385.08796957
105000 2385.08796957
106000 2303.2833764
107000 2303.2833764
108000 2303.2833764
109000 2505.18302986
110000 2505.18302986
111000 2505.18302986
112000 2505.18302986
113000 2707.08268331
114000 2707.08268331
115000 2707.08268331
116000 2492.01524778
117000 2492.01524778
118000 2492.01524778
119000 2492.01524778
120000 3010.62363716
121000 3010.62363716
122000 2297.47603414
123000 2297.47603414
124000 2297.47603414
125000 2297.47603414
126000 2344.71616933
127000 2344.71616933
128000 2344.71616933
129000 1977.11758794
130000 1977.11758794
131000 1977.11758794
132000 1977.11758794
133000 1977.11758794
134000 2193.78672539
135000 2193.78672539
136000 2193.78672539
137000 2250.69062901
138000 2250.69062901
139000 2250.69062901
140000 2250.69062901
141000 2825.97982933
142000 2825.97982933
143000 2825.97982933
144000 2006.30760689
145000 2006.30760689
146000 2006.30760689
147000 2006.30760689
148000 1604.17518248
149000 1604.17518248
150000 1604.17518248
151000 1604.17518248
152000 1604.17518248
153000 2116.50834403
154000 2116.50834403
155000 2116.50834403
156000 2116.50834403
157000 2205.4314161
158000 2205.4314161
159000 2205.4314161
160000 2205.4314161
161000 2205.4314161
162000 2205.4314161
163000 2205.4314161
164000 2205.4314161
165000 2205.4314161
166000 2592.25058731
167000 2592.25058731
168000 3146.15151515
169000 3146.15151515
170000 2765.78792374
171000 2765.78792374
172000 2385.42433234
173000 2385.42433234
174000 2385.42433234
175000 2253.95837104
176000 2253.95837104
177000 2253.95837104
178000 1876.69208211
179000 1876.69208211
180000 1876.69208211
181000 1893.84222389
182000 1893.84222389
183000 1893.84222389
184000 2132.85957829
185000 2132.85957829
186000 2132.85957829
187000 1840.34790157
188000 1840.34790157
189000 1840.34790157
190000 1547.83622484
191000 1547.83622484
192000 1547.83622484
193000 1547.83622484
194000 1547.83622484
195000 1978.13836478
196000 1978.13836478
197000 1978.13836478
198000 1978.13836478
199000 1978.13836478
200000 1807.29007791
201000 1807.29007791
202000 1807.29007791
203000 1807.29007791
204000 1807.29007791
205000 1807.29007791
206000 1807.29007791
207000 1636.44179104
208000 2601.41626794
209000 2476.45416572
210000 2351.49206349
211000 2351.49206349
212000 2405.15702479
213000 2685.95403982
214000 2966.75105485
215000 2966.75105485
216000 1665.95403808
217000 1665.95403808
218000 2041.10816658
219000 2416.26229508
220000 2416.26229508
221000 2416.26229508
222000 2194.63093788
223000 2194.63093788
224000 2798.40540541
225000 2358.5995281
226000 2358.5995281
227000 2358.5995281
228000 1918.79365079
229000 1918.79365079
230000 1918.79365079
231000 1918.79365079
232000 2169.20790514
233000 2169.20790514
234000 3002.20795892
235000 3002.20795892
236000 3002.20795892
237000 1620.56128371
238000 1620.56128371
239000 1620.56128371
240000 1772.79775281
241000 1772.79775281
242000 1772.79775281
243000 1903.41502611
244000 1903.41502611
245000 1903.41502611
246000 1974.34404229
247000 1974.34404229
248000 1974.34404229
249000 2218.26022305
250000 2218.26022305
251000 2218.26022305
252000 2241.78515445
253000 2241.78515445
254000 2241.78515445
255000 2925.72833436
256000 2925.72833436
257000 2359.14893617
258000 2359.14893617
259000 2359.14893617
260000 2385.08796957
261000 2385.08796957
262000 2385.08796957
263000 2303.2833764
264000 2303.2833764
265000 2303.2833764
266000 2505.18302986
267000 2505.18302986
268000 2505.18302986
269000 2505.18302986
270000 2707.08268331
271000 2707.08268331
272000 2707.08268331
273000 2492.01524778
274000 2492.01524778
275000 2492.01524778
276000 2492.01524778
277000 3010.62363716
278000 3010.62363716
279000 2297.47603414
280000 2297.47603414
281000 2297.47603414
282000 2297.47603414
283000 2344.71616933
284000 2344.71616933
285000 2344.71616933
286000 1977.11758794
287000 1977.11758794
288000 1977.11758794
289000 1977.11758794
290000 2193.78672539
291000 2193.78672539
292000 2193.78672539
293000 2193.78672539
294000 2250.69062901
295000 2250.69062901
296000 2250.69062901
297000 2250.69062901
298000 2825.97982933
299000 2825.97982933
300000 2825.97982933
301000 2006.30760689
302000 2006.30760689
303000 2006.30760689
304000 2006.30760689
305000 1604.17518248
306000 1604.17518248
307000 1604.17518248
308000 1604.17518248
309000 1604.17518248
310000 2116.50834403
311000 2116.50834403
312000 2116.50834403
313000 1818.6122449
