0 7613.35172414
1000 7613.35172414
2000 7613.35172414
3000 7613.35172414
4000 4252.90055453
5000 4252.90055453
6000 4252.90055453
7000 5544.75439175
8000 6836.60822898
9000 6836.60822898
10000 7713.04550758
11000 7112.20991254
12000 7646.15489056
13000 8180.09986859
14000 6696.7689619
15000 6696.7689619
16000 6696.7689619
17000 5081.36461636
18000 5081.36461636
19000 5081.36461636
20000 5081.36461636
21000 5982.70110701
22000 6184.8329718
23000 6184.8329718
24000 6169.00678222
25000 6169.00678222
26000 6169.00678222
27000 6169.00678222
28000 4840.4417587
29000 4840.4417587
30000 4840.4417587
31000 4840.4417587
32000 4840.4417587
33000 5761.92547835
34000 5761.92547835
35000 5761.92547835
36000 5761.92547835
37000 6603.03597511
38000 6603.03597511
39000 6603.03597511
40000 6603.03597511
41000 4465.04763835
42000 4465.04763835
43000 4465.04763835
44000 4465.04763835
45000 4465.04763835
46000 5548.58981706
47000 5548.58981706
48000 5548.58981706
49000 5548.58981706
50000 5548.58981706
51000 4316.12893664
52000 4316.12893664
53000 4316.12893664
54000 4316.12893664
55000 4316.12893664
56000 7078.02502289
57000 7078.02502289
58000 7078.02502289
59000 7078.02502289
60000 8698.44831779
61000 8698.44831779
62000 5396.68622222
63000 5396.68622222
64000 5396.68622222
65000 5396.68622222
66000 5396.68622222
67000 5107.94796614
68000 5107.94796614
69000 5107.94796614
70000 5107.94796614
71000 5107.94796614
72000 5710.89260143
73000 5710.89260143
74000 5710.89260143
75000 4876.2363847
76000 4876.2363847
77000 4876.2363847
78000 4876.2363847
79000 4762.86296006
80000 4762.86296006
81000 4762.86296006
82000 4762.86296006
83000 4762.86296006
84000 6423.96559709
85000 6423.96559709
86000 6423.96559709
87000 6423.96559709
88000 3279.93144816
89000 3279.93144816
90000 3279.93144816
91000 3279.93144816
92000 6152.56687001
93000 6152.56687001
94000 6152.56687001
95000 6152.56687001
96000 6152.56687001
97000 7695.42084095
98000 7695.42084095
99000 7695.42084095
100000 4422.48361676
101000 4422.48361676
102000 4422.48361676
103000 4422.48361676
104000 4422.48361676
105000 8166.07392607
106000 8166.07392607
107000 8166.07392607
108000 7470.3552342
109000 7470.3552342
110000 7470.3552342
111000 4189.6
112000 4189.6
113000 4189.6
114000 4189.6
115000 4189.6
116000 4189.6
117000 8719.33307363
118000 8719.33307363
119000 8719.33307363
120000 8303.79008746
121000 8303.79008746
122000 8303.79008746
123000 7976.51367127
124000 7976.51367127
125000 7976.51367127
126000 5091.0802139
127000 5091.0802139
128000 5091.0802139
129000 5091.0802139
130000 8624.36425416
131000 8624.36425416
132000 8624.36425416
133000 6998.94416244
134000 6998.94416244
135000 8118.62668863
136000 8118.62668863
137000 8118.62668863
138000 5989.34908447
139000 5989.34908447
140000 5989.34908447
141000 5989.34908447
142000 6719.72143634
143000 6904.56707674
144000 6904.56707674
145000 6904.56707674
146000 6904.56707674
147000 6043.57524828
148000 6043.57524828
149000 6043.57524828
150000 6043.57524828
151000 4290.09357406
152000 4290.09357406
153000 4290.09357406
154000 4290.09357406
155000 4290.09357406
156000 5663.34288443
157000 5663.34288443
158000 5663.34288443
159000 5663.34288443
160000 7699.22358722
161000 7699.22358722
162000 7699.22358722
163000 7699.22358722
164000 5214.15371064
165000 5214.15371064
166000 5214.15371064
167000 5214.15371064
168000 5214.15371064
169000 8182.57501254
170000 8182.57501254
171000 6376.32410328
172000 6376.32410328
173000 6376.32410328
174000 7613.35172414
175000 4252.90055453
176000 4252.90055453
177000 4252.90055453
178000 5544.75439175
179000 6836.60822898
180000 6836.60822898
181000 7713.04550758
182000 7112.20991254
183000 7646.15489056
184000 8180.09986859
185000 6696.7689619
186000 6696.7689619
187000 6696.7689619
188000 5081.36461636
189000 5081.36461636
190000 5081.36461636
191000 5982.70110701
192000 5982.70110701
193000 6184.8329718
194000 6184.8329718
195000 6169.00678222
196000 6169.00678222
197000 6169.00678222
198000 6169.00678222
199000 4840.4417587
200000 4840.4417587
201000 4840.4417587
202000 4840.4417587
203000 4840.4417587
204000 5761.92547835
205000 5761.92547835
206000 5761.92547835
207000 5761.92547835
208000 6603.03597511
209000 6603.03597511
210000 6603.03597511
211000 6603.03597511
212000 4465.04763835
213000 4465.04763835
214000 4465.04763835
215000 4465.04763835
216000 4465.04763835
217000 5548.58981706
218000 5548.58981706
219000 5548.58981706
220000 5548.58981706
221000 4316.12893664
222000 4316.12893664
223000 4316.12893664
224000 4316.12893664
225000 4316.12893664
226000 4316.12893664
227000 7078.02502289
228000 7078.02502289
229000 7078.02502289
230000 8698.44831779
231000 8698.44831779
232000 8698.44831779
233000 5396.68622222
234000 5396.68622222
235000 5396.68622222
236000 5396.68622222
237000 5396.68622222
238000 5107.94796614
239000 5107.94796614
240000 5107.94796614
241000 5107.94796614
242000 5107.94796614
243000 5710.89260143
244000 5710.89260143
245000 5710.89260143
246000 4876.2363847
247000 4876.2363847
248000 4876.2363847
249000 4876.2363847
250000 4762.86296006
251000 4762.86296006
252000 4762.86296006
253000 4762.86296006
254000 4762.86296006
255000 6423.96559709
256000 6423.96559709
257000 6423.96559709
258000 3279.93144816
259000 3279.93144816
260000 3279.93144816
261000 3279.93144816
262000 3279.93144816
263000 6152.56687001
264000 6152.56687001
265000 6152.56687001
266000 6152.56687001
267000 6152.56687001
268000 7695.42084095
269000 7695.42084095
270000 4422.48361676
271000 4422.48361676
272000 4422.48361676
273000 4422.48361676
274000 4422.48361676
275000 8166.07392607
276000 8166.07392607
277000 8166.07392607
278000 8166.07392607
279000 7470.3552342
280000 7470.3552342
281000 7470.3552342
282000 4189.6
283000 4189.6
284000 4189.6
285000 4189.6
286000 4189.6
287000 4189.6
288000 8719.33307363
289000 8719.33307363
290000 8303.79008746
291000 8303.79008746
292000 8303.79008746
293000 7976.51367127
294000 7976.51367127
295000 7976.51367127
296000 7976.51367127
297000 5091.0802139
298000 5091.0802139
299000 5091.0802139
300000 5091.0802139
301000 8624.36425416
302000 8624.36425416
303000 8624.36425416
304000 6998.94416244
305000 6998.94416244
306000 8118.62668863
307000 8118.62668863
308000 8118.62668863
309000 5989.34908447
310000 5989.34908447
311000 5989.34908447
312000 5989.34908447
313000 6719.72143634
314000 6904.56707674
315000 6904.56707674
316000 6904.56707674
317000 6043.57524828
318000 6043.57524828
319000 6043.57524828
320000 6043.57524828
321000 4290.09357406
322000 4290.09357406
323000 4290.09357406
324000 4290.09357406
325000 4290.09357406
326000 4290.09357406
327000 5663.34288443
328000 5663.34288443
329000 5663.34288443
330000 5663.34288443
331000 7699.22358722
332000 7699.22358722
333000 7699.22358722
334000 5214.15371064
335000 5214.15371064
336000 5214.15371064
337000 5214.15371064
338000 5214.15371064
339000 8182.57501254
340000 8182.57501254
341000 5139.29648241
