0 1233.40585774
1000 1233.40585774
2000 1233.40585774
3000 1233.40585774
4000 1233.40585774
5000 1233.40585774
6000 1233.40585774
7000 1233.40585774
8000 1233.40585774
9000 1233.40585774
10000 1233.40585774
11000 1233.40585774
12000 1305.43820225
13000 1237.60799001
14000 1237.60799001
15000 1169.77777778
16000 1169.77777778
17000 1150.4681413
18000 1150.4681413
19000 1150.4681413
20000 1122.67229424
21000 1122.67229424
22000 1122.67229424
23000 1122.67229424
24000 1090.32414257
25000 1090.32414257
26000 1090.32414257
27000 945.535441658
28000 945.535441658
29000 1269.0
30000 1269.0
31000 927.036434809
32000 927.036434809
33000 927.036434809
34000 526.498965971
35000 526.498965971
36000 526.498965971
37000 526.498965971
38000 526.498965971
39000 1107.62950017
40000 1107.62950017
41000 1107.62950017
42000 1107.62950017
43000 1483.97477225
44000 1118.81481481
45000 1118.81481481
46000 1118.81481481
47000 1173.08356883
48000 1173.08356883
49000 1062.27249357
50000 1062.27249357
51000 1062.27249357
52000 1062.27249357
53000 1101.00175131
54000 1101.00175131
55000 1101.00175131
56000 1196.96015805
57000 1196.96015805
58000 1196.96015805
59000 1146.40227344
60000 1146.40227344
61000 1146.40227344
62000 1104.94874372
63000 1104.94874372
64000 1104.94874372
65000 1086.45892351
66000 1086.45892351
67000 1086.45892351
68000 1086.45892351
69000 805.455905933
70000 805.455905933
71000 805.455905933
72000 805.455905933
73000 1255.98940397
74000 1255.98940397
75000 1255.98940397
76000 1153.90501672
77000 1153.90501672
78000 1153.90501672
79000 1112.71969434
80000 1112.71969434
81000 1112.71969434
82000 1094.29458347
83000 1094.29458347
84000 1094.29458347
85000 1151.35688185
86000 1151.35688185
87000 1151.35688185
88000 1151.35688185
89000 1094.85008576
90000 1094.85008576
91000 1094.85008576
92000 1116.51048532
93000 1116.51048532
94000 1116.51048532
95000 1034.70492338
96000 1034.70492338
97000 1034.70492338
98000 1034.70492338
99000 1257.60888536
100000 1257.60888536
101000 1054.91587712
102000 1054.91587712
103000 1054.91587712
104000 1054.91587712
105000 1117.02650117
106000 1117.02650117
107000 1117.02650117
108000 1054.03038566
109000 1054.03038566
110000 1054.03038566
111000 1190.47734139
112000 1190.47734139
113000 1105.66336634
114000 1105.66336634
115000 1105.66336634
116000 1105.66336634
117000 1206.55636783
118000 1206.55636783
119000 1101.05039124
120000 1101.05039124
121000 1101.05039124
122000 1101.05039124
123000 999.040385775
124000 999.040385775
125000 999.040385775
126000 1206.7162593
127000 1206.7162593
128000 1206.7162593
129000 1156.71021159
130000 1156.71021159
131000 1040.31415777
132000 1040.31415777
133000 1040.31415777
134000 985.367269968
135000 985.367269968
136000 985.367269968
137000 985.367269968
138000 985.367269968
139000 985.367269968
140000 985.367269968
141000 985.367269968
142000 930.420382166
143000 930.420382166
144000 930.420382166
145000 930.420382166
146000 930.420382166
147000 930.420382166
148000 1181.15922969
149000 1181.15922969
150000 1181.15922969
151000 1181.15922969
152000 916.197592362
153000 916.197592362
154000 916.197592362
155000 916.197592362
156000 916.197592362
157000 930.736231884
158000 930.736231884
159000 930.736231884
160000 930.736231884
161000 930.736231884
162000 930.736231884
163000 1064.32857457
164000 1064.32857457
165000 1064.32857457
166000 1064.32857457
167000 1097.71415751
168000 1097.71415751
169000 1097.71415751
170000 1097.71415751
171000 1097.71415751
172000 1097.04100743
173000 1097.04100743
174000 1097.04100743
175000 1092.29258616
176000 1092.29258616
177000 1092.29258616
178000 1092.29258616
179000 1149.09159763
180000 1149.09159763
181000 1149.09159763
182000 1149.09159763
183000 1149.09159763
184000 1116.702426
185000 1116.702426
186000 1116.702426
187000 1116.702426
188000 1065.57827607
189000 1065.57827607
190000 1065.57827607
191000 1065.57827607
192000 1065.57827607
193000 1100.03179132
194000 1100.03179132
195000 1100.03179132
196000 1100.03179132
197000 1100.03179132
198000 1216.68264621
199000 1216.68264621
200000 1216.68264621
201000 1216.68264621
202000 1216.68264621
203000 1182.51251945
204000 1182.51251945
205000 1182.51251945
206000 1182.51251945
207000 1182.51251945
208000 1182.51251945
209000 1182.51251945
210000 1182.51251945
211000 1182.51251945
212000 1148.34239268
213000 1148.34239268
214000 1148.34239268
215000 1148.34239268
216000 1148.34239268
217000 1116.71509352
218000 1116.71509352
219000 1116.71509352
220000 1116.71509352
221000 1116.71509352
222000 1120.00739372
223000 1120.00739372
224000 1120.00739372
225000 1120.00739372
226000 1069.38030007
227000 1069.38030007
228000 1069.38030007
229000 1069.38030007
230000 1142.67176741
231000 1142.67176741
232000 1188.03881258
233000 1188.03881258
234000 1188.03881258
235000 1188.03881258
236000 1188.03881258
237000 1188.03881258
238000 1188.03881258
239000 1188.03881258
240000 1188.03881258
241000 1188.03881258
242000 1233.40585774
243000 1305.43820225
244000 1305.43820225
245000 1237.60799001
246000 1237.60799001
247000 1169.77777778
248000 1169.77777778
249000 1150.4681413
250000 1150.4681413
251000 1150.4681413
252000 1122.67229424
253000 1122.67229424
254000 1122.67229424
255000 1090.32414257
256000 1090.32414257
257000 1090.32414257
258000 945.535441658
259000 945.535441658
260000 1269.0
261000 1269.0
262000 927.036434809
263000 927.036434809
264000 927.036434809
265000 927.036434809
266000 526.498965971
267000 526.498965971
268000 526.498965971
269000 526.498965971
270000 526.498965971
271000 1107.62950017
272000 1107.62950017
273000 1107.62950017
274000 1483.97477225
275000 1483.97477225
276000 1118.81481481
277000 1118.81481481
278000 1118.81481481
279000 1173.08356883
280000 1173.08356883
281000 1062.27249357
282000 1062.27249357
283000 1062.27249357
284000 1062.27249357
285000 1101.00175131
286000 1101.00175131
287000 1196.96015805
288000 1196.96015805
289000 1196.96015805
290000 1196.96015805
291000 1146.40227344
292000 1146.40227344
293000 1146.40227344
294000 1104.94874372
295000 1104.94874372
296000 1104.94874372
297000 1086.45892351
298000 1086.45892351
299000 1086.45892351
300000 1086.45892351
301000 805.455905933
302000 805.455905933
303000 805.455905933
304000 805.455905933
305000 1255.98940397
306000 1255.98940397
307000 1255.98940397
308000 1153.90501672
309000 1153.90501672
310000 1153.90501672
311000 1112.71969434
312000 1112.71969434
313000 1112.71969434
314000 1094.29458347
315000 1094.29458347
316000 1094.29458347
317000 1151.35688185
318000 1151.35688185
319000 1151.35688185
320000 1151.35688185
321000 1094.85008576
322000 1094.85008576
323000 1094.85008576
324000 1116.51048532
325000 1116.51048532
326000 1116.51048532
327000 1034.70492338
328000 1034.70492338
329000 1034.70492338
330000 1257.60888536
331000 1257.60888536
332000 1257.60888536
333000 1054.91587712
334000 1054.91587712
335000 1054.91587712
336000 1054.91587712
337000 1117.02650117
338000 1117.02650117
339000 1117.02650117
340000 1054.03038566
341000 1054.03038566
342000 1190.47734139
343000 1190.47734139
344000 1190.47734139
345000 1105.66336634
346000 1105.66336634
347000 1105.66336634
348000 1105.66336634
349000 1206.55636783
350000 1206.55636783
351000 1101.05039124
352000 1101.05039124
353000 1101.05039124
354000 1101.05039124
355000 999.040385775
356000 999.040385775
357000 999.040385775
358000 1206.7162593
359000 1206.7162593
360000 1206.7162593
361000 1156.71021159
362000 1156.71021159
363000 1040.31415777
364000 1040.31415777
365000 1040.31415777
366000 985.367269968
367000 985.367269968
368000 985.367269968
369000 985.367269968
370000 985.367269968
371000 985.367269968
372000 985.367269968
373000 985.367269968
374000 930.420382166
375000 930.420382166
376000 930.420382166
377000 930.420382166
378000 930.420382166
379000 1181.15922969
380000 1181.15922969
381000 1181.15922969
382000 1181.15922969
383000 1181.15922969
384000 916.197592362
385000 916.197592362
386000 916.197592362
387000 916.197592362
388000 916.197592362
389000 930.736231884
390000 930.736231884
391000 930.736231884
392000 930.736231884
393000 930.736231884
394000 1064.32857457
395000 1064.32857457
396000 1064.32857457
397000 1064.32857457
398000 1064.32857457
399000 1097.71415751
400000 1097.71415751
401000 1097.71415751
402000 1097.71415751
403000 1097.71415751
404000 1097.04100743
405000 1097.04100743
406000 1097.04100743
407000 1092.29258616
408000 1092.29258616
409000 1092.29258616
410000 1092.29258616
411000 1149.09159763
412000 1149.09159763
413000 1149.09159763
414000 1149.09159763
415000 1116.702426
416000 1116.702426
417000 1116.702426
418000 1116.702426
419000 1116.702426
420000 1065.57827607
421000 1065.57827607
422000 1065.57827607
423000 1065.57827607
424000 1065.57827607
425000 1100.03179132
426000 1100.03179132
427000 1100.03179132
428000 1100.03179132
429000 1100.03179132
430000 1216.68264621
431000 1216.68264621
432000 1216.68264621
433000 1216.68264621
434000 1216.68264621
435000 1182.51251945
436000 1182.51251945
437000 1182.51251945
438000 1182.51251945
439000 1182.51251945
440000 1182.51251945
441000 1182.51251945
442000 1182.51251945
443000 1148.34239268
444000 1148.34239268
445000 1148.34239268
446000 1148.34239268
447000 1148.34239268
448000 1148.34239268
449000 1116.71509352
450000 1116.71509352
451000 1116.71509352
452000 1116.71509352
453000 1116.71509352
454000 1120.00739372
455000 1120.00739372
456000 1120.00739372
457000 1120.00739372
458000 1069.38030007
459000 1069.38030007
460000 1069.38030007
461000 1142.67176741
462000 1142.67176741
463000 1142.67176741
