0 1023.4159383
1000 1023.4159383
2000 1023.4159383
3000 1023.4159383
4000 1023.4159383
5000 1023.4159383
6000 1023.4159383
7000 1019.57581282
8000 1019.57581282
9000 1019.57581282
10000 1233.00306883
11000 1233.00306883
12000 1233.00306883
13000 1210.1391122
14000 1210.1391122
15000 1210.1391122
16000 1210.1391122
17000 3806.13496933
18000 3806.13496933
19000 3806.13496933
20000 3806.13496933
21000 8008.0
22000 8008.0
23000 8008.0
24000 2028.61867162
25000 2028.61867162
26000 2028.61867162
27000 2028.61867162
28000 1052.51485149
29000 1052.51485149
30000 1052.51485149
31000 1052.51485149
32000 1052.51485149
33000 1035.73392957
34000 1035.73392957
35000 1035.73392957
36000 1035.73392957
37000 1035.73392957
38000 1035.73392957
39000 1039.75916896
40000 1039.75916896
41000 1039.75916896
42000 1039.75916896
43000 1039.75916896
44000 1126.07864919
45000 1126.07864919
46000 1126.07864919
47000 1126.07864919
48000 1126.07864919
49000 1075.07635695
50000 1075.07635695
51000 1075.07635695
52000 1075.07635695
53000 1075.07635695
54000 1149.3877551
55000 1149.3877551
56000 1149.3877551
57000 1034.93439364
58000 1034.93439364
59000 1034.93439364
60000 1034.93439364
61000 1083.3006993
62000 1083.3006993
63000 1083.3006993
64000 1083.3006993
65000 1083.3006993
66000 1027.12997812
67000 1027.12997812
68000 1027.12997812
69000 1027.12997812
70000 1027.12997812
71000 1027.83125
72000 1027.83125
73000 1027.83125
74000 1027.83125
75000 1027.83125
76000 1044.07566204
77000 1044.07566204
78000 1044.07566204
79000 1044.07566204
80000 1044.07566204
81000 1080.86297376
82000 1080.86297376
83000 1080.86297376
84000 1080.86297376
85000 1080.86297376
86000 1023.21764706
87000 1023.21764706
88000 1023.21764706
89000 1023.21764706
90000 1023.21764706
91000 1043.72413793
92000 1043.72413793
93000 1043.72413793
94000 1043.72413793
95000 1043.72413793
96000 1043.72413793
97000 1058.7714462
98000 1058.7714462
99000 1058.7714462
100000 1058.7714462
101000 1058.7714462
102000 1056.87367281
103000 1056.87367281
104000 1056.87367281
105000 1056.87367281
106000 1056.87367281
107000 1012.47246487
108000 1012.47246487
109000 1012.47246487
110000 1012.47246487
111000 1012.47246487
112000 1012.47246487
113000 1150.61024499
114000 1150.61024499
115000 1150.61024499
116000 1048.8459591
117000 1048.8459591
118000 1048.8459591
119000 1048.8459591
120000 1048.8459591
121000 1048.8459591
122000 731.294919103
123000 731.294919103
124000 731.294919103
125000 731.294919103
126000 731.294919103
127000 731.294919103
128000 731.294919103
129000 1293.62453988
130000 1293.62453988
131000 1293.62453988
132000 1293.62453988
133000 1293.62453988
134000 992.345098039
135000 992.345098039
136000 992.345098039
137000 992.345098039
138000 1188.52682927
139000 1188.52682927
140000 1188.52682927
141000 1188.52682927
142000 1188.52682927
143000 1051.75034895
144000 1051.75034895
145000 1051.75034895
146000 1051.75034895
147000 1051.75034895
148000 1051.75034895
149000 1089.68464947
150000 1089.68464947
151000 1089.68464947
152000 1089.68464947
153000 1006.43204578
154000 1006.43204578
155000 1006.43204578
156000 1006.43204578
157000 1006.43204578
158000 1006.43204578
159000 1087.32282444
160000 1087.32282444
161000 1087.32282444
162000 1087.32282444
163000 1087.32282444
164000 1103.17848411
165000 1103.17848411
166000 1103.17848411
167000 1103.17848411
168000 1041.62898551
169000 1041.62898551
170000 1041.62898551
171000 1041.62898551
172000 1041.62898551
173000 1041.62898551
174000 1041.65684575
175000 1041.65684575
176000 1041.65684575
177000 1041.65684575
178000 1041.65684575
179000 1090.84868735
180000 1090.84868735
181000 1090.84868735
182000 1090.84868735
183000 1093.31365314
184000 1093.31365314
185000 1093.31365314
186000 1093.31365314
187000 1093.31365314
188000 1168.20125786
189000 1168.20125786
190000 1168.20125786
191000 1168.20125786
192000 1168.20125786
193000 1063.64525487
194000 1063.64525487
195000 1063.64525487
196000 1063.64525487
197000 1063.64525487
198000 992.846735395
199000 992.846735395
200000 992.846735395
201000 992.846735395
202000 992.846735395
203000 992.846735395
204000 1200.49265751
205000 1200.49265751
206000 1200.49265751
207000 1200.49265751
208000 1200.49265751
209000 1256.07197943
210000 1256.07197943
211000 1256.07197943
212000 1256.07197943
213000 1067.98056075
214000 1067.98056075
215000 1067.98056075
216000 1067.98056075
217000 1067.98056075
218000 1067.98056075
219000 1046.36593694
220000 1046.36593694
221000 1046.36593694
222000 1046.36593694
223000 1046.36593694
224000 1103.8974359
225000 1103.8974359
226000 1103.8974359
227000 1103.8974359
228000 1103.8974359
229000 1052.71321408
230000 1052.71321408
231000 1052.71321408
232000 1052.71321408
233000 1052.71321408
234000 1052.71321408
235000 1025.14646237
236000 1025.14646237
237000 1025.14646237
238000 1025.14646237
239000 1064.13178504
240000 1064.13178504
241000 1064.13178504
242000 1064.13178504
243000 1064.13178504
244000 1089.14420432
245000 1089.14420432
246000 1089.14420432
247000 1089.14420432
248000 1089.14420432
249000 1069.10843373
250000 1069.10843373
251000 1069.10843373
252000 1069.10843373
253000 1069.10843373
254000 1023.49396945
255000 1023.49396945
256000 1023.49396945
257000 1023.49396945
258000 759.406633166
259000 759.406633166
260000 759.406633166
261000 759.406633166
262000 759.406633166
263000 759.406633166
264000 1705.83549784
265000 1705.83549784
266000 1194.75718016
267000 1194.75718016
268000 1194.75718016
269000 998.13510942
270000 998.13510942
271000 998.13510942
272000 998.13510942
273000 998.13510942
274000 1065.8340504
275000 1065.8340504
276000 1065.8340504
277000 1065.8340504
278000 1065.8340504
279000 1334.91931097
280000 1334.91931097
281000 1179.16762464
282000 1179.16762464
283000 1023.4159383
284000 1023.4159383
285000 1023.4159383
286000 1023.4159383
287000 1019.57581282
288000 1019.57581282
289000 1019.57581282
290000 1233.00306883
291000 1233.00306883
292000 1233.00306883
293000 1210.1391122
294000 1210.1391122
295000 1210.1391122
296000 1210.1391122
297000 3806.13496933
298000 3806.13496933
299000 3806.13496933
300000 3806.13496933
301000 8008.0
302000 8008.0
303000 8008.0
304000 2028.61867162
305000 2028.61867162
306000 2028.61867162
307000 2028.61867162
308000 1052.51485149
309000 1052.51485149
310000 1052.51485149
311000 1052.51485149
312000 1052.51485149
313000 1035.73392957
314000 1035.73392957
315000 1035.73392957
316000 1035.73392957
317000 1035.73392957
318000 1035.73392957
319000 1039.75916896
320000 1039.75916896
321000 1039.75916896
322000 1039.75916896
323000 1039.75916896
324000 1126.07864919
325000 1126.07864919
326000 1126.07864919
327000 1126.07864919
328000 1126.07864919
329000 1075.07635695
330000 1075.07635695
331000 1075.07635695
332000 1075.07635695
333000 1075.07635695
334000 1149.3877551
335000 1149.3877551
336000 1149.3877551
337000 1034.93439364
338000 1034.93439364
339000 1034.93439364
340000 1034.93439364
341000 1083.3006993
342000 1083.3006993
343000 1083.3006993
344000 1083.3006993
345000 1083.3006993
346000 1027.12997812
347000 1027.12997812
348000 1027.12997812
349000 1027.12997812
350000 1027.12997812
351000 1027.83125
352000 1027.83125
353000 1027.83125
354000 1027.83125
355000 1027.83125
356000 1044.07566204
357000 1044.07566204
358000 1044.07566204
359000 1044.07566204
360000 1044.07566204
361000 1080.86297376
362000 1080.86297376
363000 1080.86297376
364000 1080.86297376
365000 1080.86297376
366000 1023.21764706
367000 1023.21764706
368000 1023.21764706
369000 1023.21764706
370000 1023.21764706
371000 1043.72413793
372000 1043.72413793
373000 1043.72413793
374000 1043.72413793
375000 1043.72413793
376000 1043.72413793
377000 1058.7714462
378000 1058.7714462
379000 1058.7714462
380000 1058.7714462
381000 1058.7714462
382000 1056.87367281
383000 1056.87367281
384000 1056.87367281
385000 1056.87367281
386000 1056.87367281
387000 1012.47246487
388000 1012.47246487
389000 1012.47246487
390000 1012.47246487
391000 1012.47246487
392000 1012.47246487
393000 1150.61024499
394000 1150.61024499
395000 1150.61024499
396000 1048.8459591
397000 1048.8459591
398000 1048.8459591
399000 1048.8459591
400000 1048.8459591
401000 1048.8459591
402000 731.294919103
403000 731.294919103
404000 731.294919103
405000 731.294919103
406000 731.294919103
407000 731.294919103
408000 731.294919103
409000 1293.62453988
410000 1293.62453988
411000 1293.62453988
412000 1293.62453988
413000 1293.62453988
414000 992.345098039
415000 992.345098039
416000 992.345098039
417000 992.345098039
418000 1188.52682927
419000 1188.52682927
420000 1188.52682927
421000 1188.52682927
422000 1188.52682927
423000 1051.75034895
424000 1051.75034895
425000 1051.75034895
426000 1051.75034895
427000 1051.75034895
428000 1051.75034895
429000 1089.68464947
430000 1089.68464947
431000 1089.68464947
432000 1089.68464947
433000 1006.43204578
434000 1006.43204578
435000 1006.43204578
436000 1006.43204578
437000 1006.43204578
438000 1006.43204578
439000 1087.32282444
440000 1087.32282444
441000 1087.32282444
442000 1087.32282444
443000 1087.32282444
444000 1103.17848411
445000 1103.17848411
446000 1103.17848411
447000 1103.17848411
448000 1041.62898551
449000 1041.62898551
450000 1041.62898551
451000 1041.62898551
452000 1041.62898551
453000 1041.62898551
454000 1041.65684575
455000 1041.65684575
456000 1041.65684575
457000 1041.65684575
458000 1041.65684575
459000 1090.84868735
460000 1090.84868735
461000 1090.84868735
462000 1090.84868735
463000 1093.31365314
464000 1093.31365314
465000 1093.31365314
466000 1093.31365314
467000 1093.31365314
468000 1168.20125786
469000 1168.20125786
470000 1168.20125786
471000 1168.20125786
472000 1168.20125786
473000 1063.64525487
474000 1063.64525487
475000 1063.64525487
476000 1063.64525487
477000 1063.64525487
478000 992.846735395
479000 992.846735395
480000 992.846735395
481000 992.846735395
482000 992.846735395
483000 992.846735395
484000 1200.49265751
485000 1200.49265751
486000 1200.49265751
487000 1200.49265751
488000 1200.49265751
489000 1256.07197943
490000 1256.07197943
491000 1256.07197943
492000 1256.07197943
493000 1067.98056075
494000 1067.98056075
495000 1067.98056075
496000 1067.98056075
497000 1067.98056075
498000 1067.98056075
499000 1046.36593694
500000 1046.36593694
501000 1046.36593694
502000 1046.36593694
503000 1046.36593694
504000 1103.8974359
505000 1103.8974359
506000 1103.8974359
507000 1103.8974359
508000 1103.8974359
509000 1052.71321408
510000 1052.71321408
511000 1052.71321408
512000 1052.71321408
513000 1052.71321408
514000 1052.71321408
515000 1025.14646237
516000 1025.14646237
517000 1025.14646237
518000 1025.14646237
519000 1064.13178504
520000 1064.13178504
521000 1064.13178504
522000 1064.13178504
523000 1064.13178504
524000 1089.14420432
525000 1089.14420432
526000 1089.14420432
527000 1089.14420432
528000 1089.14420432
529000 1069.10843373
530000 1069.10843373
531000 1069.10843373
532000 1069.10843373
533000 1069.10843373
534000 1023.49396945
535000 1023.49396945
536000 1023.49396945
537000 1023.49396945
538000 759.406633166
539000 759.406633166
540000 759.406633166
541000 759.406633166
542000 759.406633166
543000 759.406633166
544000 1705.83549784
545000 1705.83549784
546000 1194.75718016
547000 1194.75718016
548000 1194.75718016
549000 1194.75718016
550000 998.13510942
551000 998.13510942
552000 998.13510942
553000 998.13510942
554000 1065.8340504
555000 1065.8340504
556000 1065.8340504
557000 1065.8340504
558000 1065.8340504
559000 1334.91931097
560000 1334.91931097
