0 1499.07692308
1000 1499.07692308
2000 1499.07692308
3000 1499.07692308
4000 1499.07692308
5000 1499.07692308
6000 1499.07692308
7000 1499.07692308
8000 1499.07692308
9000 1499.07692308
10000 1499.07692308
11000 1270.6671217
12000 1270.6671217
13000 1270.6671217
14000 1270.6671217
15000 1270.6671217
16000 1270.6671217
17000 1270.6671217
18000 1270.6671217
19000 1270.6671217
20000 1042.25732032
21000 1042.25732032
22000 971.664768104
23000 971.664768104
24000 807.097029703
25000 807.097029703
26000 683.557603687
27000 683.557603687
28000 683.557603687
29000 1003.53103448
30000 1018.65942243
31000 1018.65942243
32000 1018.65942243
33000 1033.78781038
34000 1033.78781038
35000 864.816542015
36000 864.816542015
37000 864.816542015
38000 714.075420264
39000 714.075420264
40000 714.075420264
41000 1064.68446866
42000 1064.68446866
43000 1064.68446866
44000 919.480126183
45000 919.480126183
46000 397.560839161
47000 397.560839161
48000 397.560839161
49000 397.560839161
50000 397.560839161
51000 361.054239279
52000 361.054239279
53000 361.054239279
54000 361.054239279
55000 361.054239279
56000 356.901826942
57000 356.901826942
58000 356.901826942
59000 356.901826942
60000 356.901826942
61000 356.901826942
62000 907.457962413
63000 907.457962413
64000 1016.35208914
65000 1016.35208914
66000 1016.35208914
67000 762.415512465
68000 762.415512465
69000 762.415512465
70000 376.691430673
71000 376.691430673
72000 376.691430673
73000 376.691430673
74000 376.691430673
75000 376.691430673
76000 384.758479771
77000 384.758479771
78000 384.758479771
79000 384.758479771
80000 384.758479771
81000 1439.54285714
82000 1439.54285714
83000 834.57254902
84000 834.57254902
85000 834.57254902
86000 973.731493099
87000 973.731493099
88000 692.16636528
89000 692.16636528
90000 409.113636364
91000 409.113636364
92000 409.113636364
93000 409.113636364
94000 409.113636364
95000 418.333261849
96000 418.333261849
97000 418.333261849
98000 418.333261849
99000 418.333261849
100000 418.333261849
101000 566.65765212
102000 566.65765212
103000 566.65765212
104000 566.65765212
105000 449.329452236
106000 449.329452236
107000 449.329452236
108000 449.329452236
109000 1094.17470665
110000 1094.17470665
111000 1094.17470665
112000 1094.17470665
113000 1094.17470665
114000 1094.17470665
115000 1127.28832808
116000 1127.28832808
117000 1020.43348742
118000 1020.43348742
119000 1020.43348742
120000 406.950031101
121000 406.950031101
122000 406.950031101
123000 406.950031101
124000 406.950031101
125000 1082.54945055
126000 1082.54945055
127000 1082.54945055
128000 981.703212647
129000 981.703212647
130000 1137.41238472
131000 1137.41238472
132000 541.383898042
133000 541.383898042
134000 541.383898042
135000 541.383898042
136000 582.630630631
137000 582.630630631
138000 582.630630631
139000 582.630630631
140000 1801.38505203
141000 663.245180927
142000 663.245180927
143000 663.245180927
144000 663.245180927
145000 1171.25663717
146000 1171.25663717
147000 814.842063175
148000 814.842063175
149000 814.842063175
150000 1078.37688772
151000 1078.37688772
152000 1065.7619699
153000 1065.7619699
154000 1110.11575931
155000 1110.11575931
156000 1110.11575931
157000 391.701841042
158000 391.701841042
159000 391.701841042
160000 391.701841042
161000 391.701841042
162000 390.703910615
163000 390.703910615
164000 390.703910615
165000 390.703910615
166000 390.703910615
167000 390.703910615
168000 907.280235988
169000 907.280235988
170000 2569.49868074
171000 2569.49868074
172000 993.56590371
173000 993.56590371
174000 1009.78498986
175000 309.756823821
176000 309.756823821
177000 309.756823821
178000 309.756823821
179000 489.325349301
180000 994.20113619
181000 994.20113619
182000 994.20113619
183000 994.20113619
184000 994.20113619
185000 994.20113619
186000 994.20113619
187000 1499.07692308
188000 1499.07692308
189000 1499.07692308
190000 1270.6671217
191000 1270.6671217
192000 1270.6671217
193000 1270.6671217
194000 1270.6671217
195000 1270.6671217
196000 1270.6671217
197000 1270.6671217
198000 1270.6671217
199000 1270.6671217
200000 1042.25732032
201000 1042.25732032
202000 971.664768104
203000 971.664768104
204000 807.097029703
205000 807.097029703
206000 683.557603687
207000 683.557603687
208000 1003.53103448
209000 1003.53103448
210000 1018.65942243
211000 1018.65942243
212000 1033.78781038
213000 1033.78781038
214000 1033.78781038
215000 864.816542015
216000 864.816542015
217000 864.816542015
218000 714.075420264
219000 714.075420264
220000 714.075420264
221000 1064.68446866
222000 1064.68446866
223000 919.480126183
224000 919.480126183
225000 397.560839161
226000 397.560839161
227000 397.560839161
228000 397.560839161
229000 397.560839161
230000 361.054239279
231000 361.054239279
232000 361.054239279
233000 361.054239279
234000 361.054239279
235000 361.054239279
236000 356.901826942
237000 356.901826942
238000 356.901826942
239000 356.901826942
240000 356.901826942
241000 356.901826942
242000 907.457962413
243000 907.457962413
244000 1016.35208914
245000 1016.35208914
246000 762.415512465
247000 762.415512465
248000 762.415512465
249000 376.691430673
250000 376.691430673
251000 376.691430673
252000 376.691430673
253000 376.691430673
254000 376.691430673
255000 384.758479771
256000 384.758479771
257000 384.758479771
258000 384.758479771
259000 384.758479771
260000 384.758479771
261000 1439.54285714
262000 1439.54285714
263000 834.57254902
264000 834.57254902
265000 973.731493099
266000 973.731493099
267000 692.16636528
268000 692.16636528
269000 692.16636528
270000 409.113636364
271000 409.113636364
272000 409.113636364
273000 409.113636364
274000 409.113636364
275000 418.333261849
276000 418.333261849
277000 418.333261849
278000 418.333261849
279000 418.333261849
280000 566.65765212
281000 566.65765212
282000 566.65765212
283000 566.65765212
284000 449.329452236
285000 449.329452236
286000 449.329452236
287000 449.329452236
288000 1094.17470665
289000 1094.17470665
290000 1094.17470665
291000 1094.17470665
292000 1094.17470665
293000 1094.17470665
294000 1094.17470665
295000 1127.28832808
296000 1127.28832808
297000 1020.43348742
298000 1020.43348742
299000 406.950031101
300000 406.950031101
301000 406.950031101
302000 406.950031101
303000 406.950031101
304000 406.950031101
305000 1082.54945055
306000 1082.54945055
307000 981.703212647
308000 981.703212647
309000 981.703212647
310000 1137.41238472
311000 1137.41238472
312000 541.383898042
313000 541.383898042
314000 541.383898042
315000 541.383898042
316000 582.630630631
317000 582.630630631
318000 582.630630631
319000 1801.38505203
320000 1801.38505203
321000 663.245180927
322000 663.245180927
323000 663.245180927
324000 663.245180927
325000 1171.25663717
326000 1171.25663717
327000 814.842063175
328000 814.842063175
329000 814.842063175
330000 1078.37688772
331000 1078.37688772
332000 1065.7619699
333000 1065.7619699
334000 1110.11575931
335000 1110.11575931
336000 1110.11575931
337000 391.701841042
338000 391.701841042
339000 391.701841042
340000 391.701841042
341000 391.701841042
342000 390.703910615
343000 390.703910615
344000 390.703910615
345000 390.703910615
346000 390.703910615
347000 907.280235988
348000 907.280235988
349000 907.280235988
350000 2569.49868074
351000 993.56590371
352000 993.56590371
353000 1009.78498986
354000 1009.78498986
355000 309.756823821
356000 309.756823821
357000 309.756823821
358000 309.756823821
359000 489.325349301
