0 2052.50549451
1000 2052.50549451
2000 2052.50549451
3000 2052.50549451
4000 2052.50549451
5000 2052.50549451
6000 2052.50549451
7000 2052.50549451
8000 2052.50549451
9000 2052.50549451
10000 2052.50549451
11000 2052.50549451
12000 2052.50549451
13000 2649.09712623
14000 2649.09712623
15000 2649.09712623
16000 2291.46486267
17000 2291.46486267
18000 2291.46486267
19000 2291.46486267
20000 2291.46486267
21000 2291.46486267
22000 2291.46486267
23000 2291.46486267
24000 1933.83259912
25000 1933.83259912
26000 1933.83259912
27000 1933.83259912
28000 801.090247074
29000 801.090247074
30000 801.090247074
31000 801.090247074
32000 790.769929593
33000 790.769929593
34000 790.769929593
35000 790.769929593
36000 790.769929593
37000 1043.54532114
38000 1043.54532114
39000 1043.54532114
40000 1043.54532114
41000 1043.54532114
42000 1043.54532114
43000 1296.32071269
44000 1296.32071269
45000 1296.32071269
46000 1974.18837675
47000 2880.16
48000 2467.88838324
49000 2467.88838324
50000 2055.61676647
51000 2055.61676647
52000 1940.87619048
53000 1940.87619048
54000 2519.40773481
55000 2519.40773481
56000 2512.90957005
57000 2506.4114053
58000 2506.4114053
59000 2506.4114053
60000 2506.4114053
61000 2506.4114053
62000 3867.60128617
63000 3867.60128617
64000 2925.55337565
65000 2925.55337565
66000 4852.92537313
67000 3447.70014993
68000 3447.70014993
69000 1036.14539307
70000 1036.14539307
71000 1036.14539307
72000 1036.14539307
73000 1036.14539307
74000 2864.40201005
75000 2864.40201005
76000 3145.36068829
77000 1474.55032635
78000 1474.55032635
79000 1474.55032635
80000 1474.55032635
81000 1268.47247461
82000 1268.47247461
83000 1268.47247461
84000 1268.47247461
85000 1472.36711281
86000 1472.36711281
87000 1472.36711281
88000 1295.56734269
89000 1295.56734269
90000 1295.56734269
91000 1295.56734269
92000 422.225032038
93000 422.225032038
94000 422.225032038
95000 422.225032038
96000 422.225032038
97000 422.225032038
98000 422.225032038
99000 422.225032038
100000 422.225032038
101000 422.225032038
102000 422.225032038
103000 422.225032038
104000 2862.71688943
105000 2862.71688943
106000 3182.95115681
107000 3182.95115681
108000 3252.68059701
109000 3204.7257384
110000 3204.7257384
111000 3903.56363636
112000 731.032086311
113000 731.032086311
114000 731.032086311
115000 731.032086311
116000 731.032086311
117000 731.032086311
118000 731.032086311
119000 731.032086311
120000 4071.17241379
121000 3191.91304348
122000 3191.91304348
123000 2664.67043702
124000 2664.67043702
125000 5021.44739884
126000 4476.03478261
127000 1769.20513819
128000 1769.20513819
129000 1769.20513819
130000 3175.75757576
131000 3175.75757576
132000 1968.84009547
133000 1968.84009547
134000 1968.84009547
135000 1596.01334816
136000 1596.01334816
137000 3765.22222222
138000 3765.22222222
139000 5252.74557823
140000 4634.14481409
141000 4700.0
142000 4444.00453514
143000 4444.00453514
144000 4188.00907029
145000 4188.00907029
146000 4874.99176277
147000 5508.75122911
148000 5508.75122911
149000 2695.69398907
150000 2695.69398907
151000 2695.69398907
152000 2904.18747337
153000 2904.18747337
154000 4340.16596512
155000 4340.16596512
156000 4997.22623829
157000 4900.83438685
158000 4900.83438685
159000 4119.86009539
160000 3780.91212458
161000 3780.91212458
162000 3780.91212458
163000 2765.57665586
164000 2765.57665586
165000 3339.69371848
166000 3339.69371848
167000 3339.69371848
168000 2207.53777778
169000 2207.53777778
170000 6058.21205821
171000 4006.37947622
172000 4006.37947622
173000 5821.16060337
174000 5821.16060337
175000 5196.21408451
176000 4243.30394432
177000 5508.09180328
178000 1642.20011568
179000 1642.20011568
180000 1642.20011568
181000 1642.20011568
182000 1642.20011568
183000 1642.20011568
184000 1642.20011568
185000 1642.20011568
186000 2052.50549451
187000 2052.50549451
188000 2052.50549451
189000 2052.50549451
190000 2649.09712623
191000 2649.09712623
192000 2649.09712623
193000 2291.46486267
194000 2291.46486267
195000 2291.46486267
196000 2291.46486267
197000 2291.46486267
198000 2291.46486267
199000 2291.46486267
200000 2291.46486267
201000 2291.46486267
202000 1933.83259912
203000 1933.83259912
204000 1933.83259912
205000 1933.83259912
206000 801.090247074
207000 801.090247074
208000 801.090247074
209000 801.090247074
210000 790.769929593
211000 790.769929593
212000 790.769929593
213000 790.769929593
214000 790.769929593
215000 1043.54532114
216000 1043.54532114
217000 1043.54532114
218000 1043.54532114
219000 1043.54532114
220000 1043.54532114
221000 1296.32071269
222000 1296.32071269
223000 1296.32071269
224000 1974.18837675
225000 2880.16
226000 2467.88838324
227000 2467.88838324
228000 2055.61676647
229000 2055.61676647
230000 1940.87619048
231000 1940.87619048
232000 2519.40773481
233000 2512.90957005
234000 2506.4114053
235000 2506.4114053
236000 2506.4114053
237000 2506.4114053
238000 2506.4114053
239000 2506.4114053
240000 3867.60128617
241000 3867.60128617
242000 2925.55337565
243000 2925.55337565
244000 4852.92537313
245000 3447.70014993
246000 3447.70014993
247000 1036.14539307
248000 1036.14539307
249000 1036.14539307
250000 1036.14539307
251000 2864.40201005
252000 2864.40201005
253000 3145.36068829
254000 3145.36068829
255000 1474.55032635
256000 1474.55032635
257000 1474.55032635
258000 1474.55032635
259000 1268.47247461
260000 1268.47247461
261000 1268.47247461
262000 1472.36711281
263000 1472.36711281
264000 1472.36711281
265000 1295.56734269
266000 1295.56734269
267000 1295.56734269
268000 1295.56734269
269000 1295.56734269
270000 422.225032038
271000 422.225032038
272000 422.225032038
273000 422.225032038
274000 422.225032038
275000 422.225032038
276000 422.225032038
277000 422.225032038
278000 422.225032038
279000 422.225032038
280000 422.225032038
281000 422.225032038
282000 2862.71688943
283000 2862.71688943
284000 3182.95115681
285000 3182.95115681
286000 3252.68059701
287000 3204.7257384
288000 3204.7257384
289000 3903.56363636
290000 731.032086311
291000 731.032086311
292000 731.032086311
293000 731.032086311
294000 731.032086311
295000 731.032086311
296000 731.032086311
297000 731.032086311
298000 4071.17241379
299000 3191.91304348
300000 3191.91304348
301000 2664.67043702
302000 2664.67043702
303000 5021.44739884
304000 4476.03478261
305000 1769.20513819
306000 1769.20513819
307000 1769.20513819
308000 3175.75757576
309000 3175.75757576
310000 1968.84009547
311000 1968.84009547
312000 1968.84009547
313000 1596.01334816
314000 1596.01334816
315000 3765.22222222
316000 3765.22222222
317000 5252.74557823
318000 4634.14481409
319000 4700.0
320000 4444.00453514
321000 4188.00907029
322000 4188.00907029
323000 4874.99176277
324000 4874.99176277
325000 5508.75122911
326000 5508.75122911
327000 2695.69398907
328000 2695.69398907
329000 2904.18747337
330000 2904.18747337
331000 2904.18747337
332000 4340.16596512
333000 4340.16596512
334000 4997.22623829
335000 4900.83438685
336000 4900.83438685
337000 4119.86009539
338000 3780.91212458
339000 3780.91212458
340000 2765.57665586
341000 2765.57665586
342000 2765.57665586
343000 3339.69371848
344000 3339.69371848
345000 2207.53777778
346000 2207.53777778
347000 2207.53777778
348000 6058.21205821
349000 4006.37947622
350000 4006.37947622
351000 5821.16060337
352000 5196.21408451
353000 5196.21408451
354000 4243.30394432
355000 1231.89473684
