0 3703.44289694
1000 3703.44289694
2000 3703.44289694
3000 3703.44289694
4000 3703.44289694
5000 3703.44289694
6000 3580.25729753
7000 3457.07169811
8000 3457.07169811
9000 3457.07169811
10000 3514.81008403
11000 3514.81008403
12000 3403.39846323
13000 3403.39846323
14000 2330.80106101
15000 2330.80106101
16000 2330.80106101
17000 3410.69371197
18000 3410.69371197
19000 3600.95843521
20000 3600.95843521
21000 4012.14117647
22000 4012.14117647
23000 3870.59561605
24000 3870.59561605
25000 3870.59561605
26000 3729.05005562
27000 3729.05005562
28000 3571.07792916
29000 3571.07792916
30000 3622.0313087
31000 3622.0313087
32000 3622.0313087
33000 3622.0313087
34000 3667.36457901
35000 3667.36457901
36000 3657.19493671
37000 3657.19493671
38000 3657.19493671
39000 3657.19493671
40000 3745.81132075
41000 3745.81132075
42000 3703.84415584
43000 3703.84415584
44000 3698.95682211
45000 3698.95682211
46000 3698.95682211
47000 3698.95682211
48000 3698.95682211
49000 3716.13829506
50000 3716.13829506
51000 3716.13829506
52000 3716.13829506
53000 3641.65174704
54000 3641.65174704
55000 3641.65174704
56000 3704.19787986
57000 3704.19787986
58000 3704.19787986
59000 3704.19787986
60000 3705.9191601
61000 3705.9191601
62000 3705.9191601
63000 3705.9191601
64000 3658.47896618
65000 3658.47896618
66000 3658.47896618
67000 3658.47896618
68000 3721.55005382
69000 3721.55005382
70000 3721.55005382
71000 3721.55005382
72000 3653.21682141
73000 3653.21682141
74000 3653.21682141
75000 3653.21682141
76000 3703.23392905
77000 3703.23392905
78000 3703.23392905
79000 3726.19755827
80000 3726.19755827
81000 3726.19755827
82000 3726.19755827
83000 3665.80375783
84000 3665.80375783
85000 3665.80375783
86000 3665.80375783
87000 3739.32210999
88000 3739.32210999
89000 3739.32210999
90000 3739.32210999
91000 3699.04742785
92000 3699.04742785
93000 3699.04742785
94000 3699.04742785
95000 3695.73179445
96000 3695.73179445
97000 3695.73179445
98000 3695.73179445
99000 3782.48282017
100000 3782.48282017
101000 3756.77806341
102000 3756.77806341
103000 3756.77806341
104000 3696.8893733
105000 3696.8893733
106000 3696.8893733
107000 3613.15498254
108000 3613.15498254
109000 3613.15498254
110000 3613.15498254
111000 3730.52144173
112000 3730.52144173
113000 3730.52144173
114000 3730.52144173
115000 3318.92480306
116000 3318.92480306
117000 3318.92480306
118000 3318.92480306
119000 3318.92480306
120000 3506.52116267
121000 3506.52116267
122000 3506.52116267
123000 3506.52116267
124000 3141.82338475
125000 3141.82338475
126000 3141.82338475
127000 3141.82338475
128000 3141.82338475
129000 3703.84348305
130000 3703.84348305
131000 3703.84348305
132000 3703.84348305
133000 3702.79777365
134000 3702.79777365
135000 3702.79777365
136000 2365.5734306
137000 2365.5734306
138000 2365.5734306
139000 2365.5734306
140000 2365.5734306
141000 2365.5734306
142000 3521.0864996
143000 3521.0864996
144000 3521.0864996
145000 3469.8066561
146000 3469.8066561
147000 3469.8066561
148000 3637.6051648
149000 3637.6051648
150000 3637.6051648
151000 3048.29058674
152000 3048.29058674
153000 3048.29058674
154000 3048.29058674
155000 3703.44289694
156000 3703.44289694
157000 3580.25729753
158000 3457.07169811
159000 3457.07169811
160000 3457.07169811
161000 3514.81008403
162000 3514.81008403
163000 3403.39846323
164000 3403.39846323
165000 2330.80106101
166000 2330.80106101
167000 2330.80106101
168000 3410.69371197
169000 3410.69371197
170000 3600.95843521
171000 3600.95843521
172000 4012.14117647
173000 4012.14117647
174000 3870.59561605
175000 3870.59561605
176000 3870.59561605
177000 3729.05005562
178000 3729.05005562
179000 3571.07792916
180000 3571.07792916
181000 3622.0313087
182000 3622.0313087
183000 3622.0313087
184000 3622.0313087
185000 3667.36457901
186000 3667.36457901
187000 3657.19493671
188000 3657.19493671
189000 3657.19493671
190000 3657.19493671
191000 3745.81132075
192000 3745.81132075
193000 3703.84415584
194000 3703.84415584
195000 3698.95682211
196000 3698.95682211
197000 3698.95682211
198000 3698.95682211
199000 3698.95682211
200000 3716.13829506
201000 3716.13829506
202000 3716.13829506
203000 3716.13829506
204000 3641.65174704
205000 3641.65174704
206000 3641.65174704
207000 3704.19787986
208000 3704.19787986
209000 3704.19787986
210000 3704.19787986
211000 3705.9191601
212000 3705.9191601
213000 3705.9191601
214000 3705.9191601
215000 3658.47896618
216000 3658.47896618
217000 3658.47896618
218000 3658.47896618
219000 3721.55005382
220000 3721.55005382
221000 3721.55005382
222000 3721.55005382
223000 3653.21682141
224000 3653.21682141
225000 3653.21682141
226000 3653.21682141
227000 3703.23392905
228000 3703.23392905
229000 3703.23392905
230000 3726.19755827
231000 3726.19755827
232000 3726.19755827
233000 3726.19755827
234000 3665.80375783
235000 3665.80375783
236000 3665.80375783
237000 3665.80375783
238000 3739.32210999
239000 3739.32210999
240000 3739.32210999
241000 3739.32210999
242000 3699.04742785
243000 3699.04742785
244000 3699.04742785
245000 3699.04742785
246000 3695.73179445
247000 3695.73179445
248000 3695.73179445
249000 3695.73179445
250000 3782.48282017
251000 3782.48282017
252000 3756.77806341
253000 3756.77806341
254000 3756.77806341
255000 3696.8893733
256000 3696.8893733
257000 3696.8893733
258000 3613.15498254
259000 3613.15498254
260000 3613.15498254
261000 3613.15498254
262000 3730.52144173
263000 3730.52144173
264000 3730.52144173
265000 3730.52144173
266000 3318.92480306
267000 3318.92480306
268000 3318.92480306
269000 3318.92480306
270000 3318.92480306
271000 3506.52116267
272000 3506.52116267
273000 3506.52116267
274000 3506.52116267
275000 3141.82338475
276000 3141.82338475
277000 3141.82338475
278000 3141.82338475
279000 3141.82338475
280000 3703.84348305
281000 3703.84348305
282000 3703.84348305
283000 3703.84348305
284000 3702.79777365
285000 3702.79777365
286000 3702.79777365
287000 2365.5734306
288000 2365.5734306
289000 2365.5734306
290000 2365.5734306
291000 2365.5734306
292000 2365.5734306
293000 3521.0864996
294000 3521.0864996
295000 3521.0864996
296000 3469.8066561
297000 3469.8066561
298000 3469.8066561
299000 3637.6051648
300000 3637.6051648
301000 3637.6051648
