0 4868.70457698
1000 4868.70457698
2000 4868.70457698
3000 4868.70457698
4000 4868.70457698
5000 4868.70457698
6000 3339.43459175
7000 3339.43459175
8000 3339.43459175
9000 4368.59329017
10000 4368.59329017
11000 4673.21071496
12000 4673.21071496
13000 4673.21071496
14000 4673.21071496
15000 4673.21071496
16000 4673.21071496
17000 4977.82813975
18000 4977.82813975
19000 5028.16568047
20000 4836.50281426
21000 4601.4485736
22000 4601.4485736
23000 4366.39433294
24000 4366.39433294
25000 4807.57777778
26000 4957.24809741
27000 4957.24809741
28000 4997.50417245
29000 4997.50417245
30000 4997.50417245
31000 4997.50417245
32000 4997.50417245
33000 4997.50417245
34000 4997.50417245
35000 4997.50417245
36000 5037.76024749
37000 4745.19230769
38000 4745.19230769
39000 2754.74150665
40000 2754.74150665
41000 2754.74150665
42000 3209.47040498
43000 3209.47040498
44000 4046.35761589
45000 4046.35761589
46000 4745.37931034
47000 4745.37931034
48000 4919.02
49000 4919.02
50000 4594.36916836
51000 4754.34194342
52000 4754.34194342
53000 4459.09296153
54000 4459.09296153
55000 4459.09296153
56000 4163.84397965
57000 4163.84397965
58000 4163.84397965
59000 4163.84397965
60000 4239.76704169
61000 4239.76704169
62000 4239.76704169
63000 4239.76704169
64000 4351.56943309
65000 4351.56943309
66000 4351.56943309
67000 4351.56943309
68000 4351.56943309
69000 4351.56943309
70000 4351.56943309
71000 4351.56943309
72000 4463.37182448
73000 4463.37182448
74000 4469.45141451
75000 4469.45141451
76000 4603.81120201
77000 1504.97980456
78000 1504.97980456
79000 1504.97980456
80000 1504.97980456
81000 1504.97980456
82000 4821.70160296
83000 4821.70160296
84000 5010.53454292
85000 4965.2166549
86000 4965.2166549
87000 4539.41666667
88000 4539.41666667
89000 4532.52937685
90000 4532.52937685
91000 4763.69821674
92000 4069.3037694
93000 4069.3037694
94000 4794.30108905
95000 4794.30108905
96000 4400.79588683
97000 4400.79588683
98000 4400.79588683
99000 4007.29068462
100000 4007.29068462
101000 4007.29068462
102000 4007.29068462
103000 4007.29068462
104000 4726.39191628
105000 4726.39191628
106000 4726.39191628
107000 4726.39191628
108000 4764.90784044
109000 4764.90784044
110000 4764.90784044
111000 4748.51612903
112000 4748.51612903
113000 4748.51612903
114000 4602.53009644
115000 4602.53009644
116000 4602.53009644
117000 4695.71006711
118000 4695.71006711
119000 4695.71006711
120000 4323.56724762
121000 4323.56724762
122000 4323.56724762
123000 4490.29861982
124000 4490.29861982
125000 4490.29861982
126000 3710.65727964
127000 3710.65727964
128000 3710.65727964
129000 3710.65727964
130000 4244.29171817
131000 4244.29171817
132000 4244.29171817
133000 4244.29171817
134000 4708.37559973
135000 4708.37559973
136000 4708.37559973
137000 4587.02609845
138000 4587.02609845
139000 4587.02609845
140000 4587.02609845
141000 1007.21803601
142000 1007.21803601
143000 1007.21803601
144000 1007.21803601
145000 1007.21803601
146000 1007.21803601
147000 1007.21803601
148000 1007.21803601
149000 1007.21803601
150000 1007.21803601
151000 1007.21803601
152000 1007.21803601
153000 1007.21803601
154000 4010.66666667
155000 4439.68562182
156000 4439.68562182
157000 4439.68562182
158000 4439.68562182
159000 4868.70457698
160000 4868.70457698
161000 3339.43459175
162000 3339.43459175
163000 4368.59329017
164000 4368.59329017
165000 4673.21071496
166000 4673.21071496
167000 4673.21071496
168000 4673.21071496
169000 4673.21071496
170000 4673.21071496
171000 4673.21071496
172000 4977.82813975
173000 5028.16568047
174000 5028.16568047
175000 4836.50281426
176000 4601.4485736
177000 4366.39433294
178000 4366.39433294
179000 4807.57777778
180000 4807.57777778
181000 4957.24809741
182000 4997.50417245
183000 4997.50417245
184000 4997.50417245
185000 4997.50417245
186000 4997.50417245
187000 4997.50417245
188000 4997.50417245
189000 4997.50417245
190000 5037.76024749
191000 5037.76024749
192000 4745.19230769
193000 4745.19230769
194000 2754.74150665
195000 2754.74150665
196000 3209.47040498
197000 3209.47040498
198000 3209.47040498
199000 4046.35761589
200000 4046.35761589
201000 4745.37931034
202000 4919.02
203000 4919.02
204000 4594.36916836
205000 4594.36916836
206000 4754.34194342
207000 4754.34194342
208000 4459.09296153
209000 4459.09296153
210000 4163.84397965
211000 4163.84397965
212000 4163.84397965
213000 4163.84397965
214000 4163.84397965
215000 4239.76704169
216000 4239.76704169
217000 4239.76704169
218000 4239.76704169
219000 4351.56943309
220000 4351.56943309
221000 4351.56943309
222000 4351.56943309
223000 4351.56943309
224000 4351.56943309
225000 4351.56943309
226000 4463.37182448
227000 4463.37182448
228000 4469.45141451
229000 4469.45141451
230000 4603.81120201
231000 4603.81120201
232000 1504.97980456
233000 1504.97980456
234000 1504.97980456
235000 1504.97980456
236000 1504.97980456
237000 4821.70160296
238000 5010.53454292
239000 5010.53454292
240000 4965.2166549
241000 4965.2166549
242000 4539.41666667
243000 4532.52937685
244000 4532.52937685
245000 4763.69821674
246000 4763.69821674
247000 4069.3037694
248000 4069.3037694
249000 4794.30108905
250000 4400.79588683
251000 4400.79588683
252000 4400.79588683
253000 4400.79588683
254000 4007.29068462
255000 4007.29068462
256000 4007.29068462
257000 4007.29068462
258000 4007.29068462
259000 4726.39191628
260000 4726.39191628
261000 4726.39191628
262000 4764.90784044
263000 4764.90784044
264000 4764.90784044
265000 4748.51612903
266000 4748.51612903
267000 4748.51612903
268000 4602.53009644
269000 4602.53009644
270000 4602.53009644
271000 4695.71006711
272000 4695.71006711
273000 4695.71006711
274000 4323.56724762
275000 4323.56724762
276000 4323.56724762
277000 4323.56724762
278000 4490.29861982
279000 4490.29861982
280000 4490.29861982
281000 3710.65727964
282000 3710.65727964
283000 3710.65727964
284000 3710.65727964
285000 4244.29171817
286000 4244.29171817
287000 4244.29171817
288000 4708.37559973
289000 4708.37559973
290000 4708.37559973
291000 4708.37559973
292000 4587.02609845
293000 4587.02609845
294000 4587.02609845
295000 1007.21803601
296000 1007.21803601
297000 1007.21803601
298000 1007.21803601
299000 1007.21803601
300000 1007.21803601
301000 1007.21803601
302000 1007.21803601
303000 1007.21803601
304000 1007.21803601
305000 1007.21803601
306000 1007.21803601
307000 1007.21803601
308000 1007.21803601
309000 4010.66666667
