0 6444.71028037
1000 6444.71028037
2000 6444.71028037
3000 6444.71028037
4000 6444.71028037
5000 4681.63147541
6000 4681.63147541
7000 4789.06214427
8000 4789.06214427
9000 4896.49281314
10000 4896.49281314
11000 4896.49281314
12000 4896.49281314
13000 5005.2733119
14000 5005.2733119
15000 5196.79227053
16000 5196.79227053
17000 4639.98888503
18000 4639.98888503
19000 4639.98888503
20000 4909.41994907
21000 4909.41994907
22000 4909.41994907
23000 4909.41994907
24000 5178.85101311
25000 5178.85101311
26000 5178.85101311
27000 5178.85101311
28000 5178.34080442
29000 5178.34080442
30000 5178.34080442
31000 4749.47368421
32000 4749.47368421
33000 4749.47368421
34000 4749.47368421
35000 5024.17921418
36000 5024.17921418
37000 5024.17921418
38000 5024.17921418
39000 5024.17921418
40000 5298.88474414
41000 5298.88474414
42000 5298.88474414
43000 4426.53284133
44000 4426.53284133
45000 4426.53284133
46000 4892.60697455
47000 4892.60697455
48000 5086.86747936
49000 5086.86747936
50000 5086.86747936
51000 5125.04905418
52000 5125.04905418
53000 5163.23062899
54000 5163.23062899
55000 5163.23062899
56000 5163.23062899
57000 5005.72969329
58000 5005.72969329
59000 5005.72969329
60000 5194.94177413
61000 5194.94177413
62000 5194.94177413
63000 5364.72512103
64000 5364.72512103
65000 5188.55974441
66000 5188.55974441
67000 5188.55974441
68000 5188.55974441
69000 4006.07196198
70000 4006.07196198
71000 4006.07196198
72000 4978.02816901
73000 4978.02816901
74000 4978.02816901
75000 4732.10786517
76000 4732.10786517
77000 4732.10786517
78000 4732.10786517
79000 5294.76837725
80000 5294.76837725
81000 5294.76837725
82000 4913.1354131
83000 4913.1354131
84000 4913.1354131
85000 5270.37523037
86000 5270.37523037
87000 5270.37523037
88000 5019.30666667
89000 5019.30666667
90000 5019.30666667
91000 5019.30666667
92000 4887.72851986
93000 4887.72851986
94000 4887.72851986
95000 5407.11615588
96000 5407.11615588
97000 5407.11615588
98000 5262.54770182
99000 5262.54770182
100000 5262.54770182
101000 5232.65621874
102000 5232.65621874
103000 5232.65621874
104000 5238.66419845
105000 5238.66419845
106000 5238.66419845
107000 4561.20076972
108000 4561.20076972
109000 4561.20076972
110000 4561.20076972
111000 4126.8242391
112000 4126.8242391
113000 4126.8242391
114000 4126.8242391
115000 4771.65471448
116000 4771.65471448
117000 4771.65471448
118000 4771.65471448
119000 5170.43073669
120000 5170.43073669
121000 5170.43073669
122000 4662.53602653
123000 4662.53602653
124000 4662.53602653
125000 4012.26326964
126000 4012.26326964
127000 4012.26326964
128000 4012.26326964
129000 4012.26326964
130000 5039.68241543
131000 5039.68241543
132000 5039.68241543
133000 5039.68241543
134000 4932.12383009
135000 4932.12383009
136000 4932.12383009
137000 5173.53575059
138000 5173.53575059
139000 5173.53575059
140000 5278.02158979
141000 5278.02158979
142000 5278.02158979
143000 5041.24230882
144000 5041.24230882
145000 5041.24230882
146000 5041.24230882
147000 4829.06413575
148000 4829.06413575
149000 4829.06413575
150000 4829.06413575
151000 4160.82798592
152000 4160.82798592
153000 4160.82798592
154000 4160.82798592
155000 4160.82798592
156000 4898.70339761
157000 4898.70339761
158000 4898.70339761
159000 5087.60493827
160000 5087.60493827
161000 5087.60493827
162000 5087.60493827
163000 5180.99431648
164000 5180.99431648
165000 5180.99431648
166000 5180.99431648
167000 5415.88458618
168000 5415.88458618
169000 5033.13909465
170000 5033.13909465
171000 5033.13909465
172000 5033.13909465
173000 5219.79459459
174000 5219.79459459
175000 5219.79459459
176000 5269.41007194
177000 5269.41007194
178000 5269.41007194
179000 5269.41007194
180000 5217.71542025
181000 5217.71542025
182000 5217.71542025
183000 5217.71542025
184000 4839.19361856
185000 4839.19361856
186000 4839.19361856
187000 4839.19361856
188000 5064.06511123
189000 5064.06511123
190000 5064.06511123
191000 5064.06511123
192000 5064.06511123
193000 5086.16897631
194000 5086.16897631
195000 5086.16897631
196000 2064.61026352
197000 2064.61026352
198000 2064.61026352
199000 2064.61026352
200000 2064.61026352
201000 2064.61026352
202000 5215.30935252
203000 5215.30935252
204000 5215.30935252
205000 5215.30935252
206000 5215.30935252
207000 5215.30935252
208000 5215.30935252
209000 5215.30935252
210000 5215.30935252
211000 5215.30935252
212000 5215.30935252
213000 4785.41888367
214000 4785.41888367
215000 4785.41888367
216000 4785.41888367
217000 4613.36247723
218000 4613.36247723
219000 4613.36247723
220000 4613.36247723
221000 4278.47828258
222000 4278.47828258
223000 4278.47828258
224000 5759.40564523
225000 5759.40564523
226000 5759.40564523
227000 6444.71028037
228000 6444.71028037
229000 4681.63147541
230000 4681.63147541
231000 4789.06214427
232000 4789.06214427
233000 4896.49281314
234000 4896.49281314
235000 4896.49281314
236000 5005.2733119
237000 5005.2733119
238000 5196.79227053
239000 5196.79227053
240000 5196.79227053
241000 4639.98888503
242000 4639.98888503
243000 4639.98888503
244000 4909.41994907
245000 4909.41994907
246000 4909.41994907
247000 5178.85101311
248000 5178.85101311
249000 5178.85101311
250000 5178.85101311
251000 5178.34080442
252000 5178.34080442
253000 5178.34080442
254000 5178.34080442
255000 4749.47368421
256000 4749.47368421
257000 4749.47368421
258000 5024.17921418
259000 5024.17921418
260000 5024.17921418
261000 5024.17921418
262000 5024.17921418
263000 5298.88474414
264000 5298.88474414
265000 5298.88474414
266000 4426.53284133
267000 4426.53284133
268000 4426.53284133
269000 4892.60697455
270000 4892.60697455
271000 5086.86747936
272000 5086.86747936
273000 5086.86747936
274000 5125.04905418
275000 5125.04905418
276000 5125.04905418
277000 5163.23062899
278000 5163.23062899
279000 5163.23062899
280000 5005.72969329
281000 5005.72969329
282000 5005.72969329
283000 5005.72969329
284000 5194.94177413
285000 5194.94177413
286000 5364.72512103
287000 5364.72512103
288000 5364.72512103
289000 5188.55974441
290000 5188.55974441
291000 5188.55974441
292000 4006.07196198
293000 4006.07196198
294000 4006.07196198
295000 4978.02816901
296000 4978.02816901
297000 4978.02816901
298000 4978.02816901
299000 4732.10786517
300000 4732.10786517
301000 4732.10786517
302000 5294.76837725
303000 5294.76837725
304000 5294.76837725
305000 5294.76837725
306000 4913.1354131
307000 4913.1354131
308000 4913.1354131
309000 5270.37523037
310000 5270.37523037
311000 5270.37523037
312000 5019.30666667
313000 5019.30666667
314000 5019.30666667
315000 5019.30666667
316000 4887.72851986
317000 4887.72851986
318000 4887.72851986
319000 5407.11615588
320000 5407.11615588
321000 5407.11615588
322000 5262.54770182
323000 5262.54770182
324000 5232.65621874
325000 5232.65621874
326000 5232.65621874
327000 5232.65621874
328000 5238.66419845
329000 5238.66419845
330000 5238.66419845
331000 4561.20076972
332000 4561.20076972
333000 4561.20076972
334000 4126.8242391
335000 4126.8242391
336000 4126.8242391
337000 4126.8242391
338000 4771.65471448
339000 4771.65471448
340000 4771.65471448
341000 4771.65471448
342000 5170.43073669
343000 5170.43073669
344000 5170.43073669
345000 4662.53602653
346000 4662.53602653
347000 4662.53602653
348000 4662.53602653
349000 4012.26326964
350000 4012.26326964
351000 4012.26326964
352000 4012.26326964
353000 4012.26326964
354000 5039.68241543
355000 5039.68241543
356000 5039.68241543
357000 4932.12383009
358000 4932.12383009
359000 4932.12383009
360000 5173.53575059
361000 5173.53575059
362000 5173.53575059
363000 5173.53575059
364000 5278.02158979
365000 5278.02158979
366000 5278.02158979
367000 5041.24230882
368000 5041.24230882
369000 5041.24230882
370000 4829.06413575
371000 4829.06413575
372000 4829.06413575
373000 4829.06413575
374000 4160.82798592
375000 4160.82798592
376000 4160.82798592
377000 4160.82798592
378000 4160.82798592
379000 4898.70339761
380000 4898.70339761
381000 4898.70339761
382000 4898.70339761
383000 5087.60493827
384000 5087.60493827
385000 5087.60493827
386000 5180.99431648
387000 5180.99431648
388000 5180.99431648
389000 5180.99431648
390000 5415.88458618
391000 5415.88458618
392000 5415.88458618
393000 5033.13909465
394000 5033.13909465
395000 5033.13909465
396000 5033.13909465
397000 5219.79459459
398000 5219.79459459
399000 5219.79459459
400000 5269.41007194
401000 5269.41007194
402000 5269.41007194
403000 5217.71542025
404000 5217.71542025
405000 5217.71542025
406000 5217.71542025
407000 5217.71542025
408000 4839.19361856
409000 4839.19361856
410000 4839.19361856
411000 4839.19361856
412000 5064.06511123
413000 5064.06511123
414000 5064.06511123
415000 5064.06511123
416000 5064.06511123
417000 5086.16897631
418000 5086.16897631
419000 2064.61026352
420000 2064.61026352
421000 2064.61026352
422000 2064.61026352
423000 2064.61026352
424000 2064.61026352
425000 5215.30935252
426000 5215.30935252
427000 5215.30935252
428000 5215.30935252
429000 5215.30935252
430000 5215.30935252
431000 5215.30935252
432000 5215.30935252
433000 5215.30935252
434000 5215.30935252
435000 5215.30935252
436000 5215.30935252
437000 4785.41888367
438000 4785.41888367
439000 4785.41888367
440000 4785.41888367
441000 4613.36247723
442000 4613.36247723
443000 4613.36247723
444000 4613.36247723
445000 4278.47828258
446000 4278.47828258
