0 7846.40767386
1000 7846.40767386
2000 7846.40767386
3000 7846.40767386
4000 7846.40767386
5000 7846.40767386
6000 7846.40767386
7000 7846.40767386
8000 7846.40767386
9000 7846.40767386
10000 2769.39750446
11000 2769.39750446
12000 2769.39750446
13000 2769.39750446
14000 2769.39750446
15000 2769.39750446
16000 11556.7907361
17000 7596.21568161
18000 7596.21568161
19000 7596.21568161
20000 7596.21568161
21000 7596.21568161
22000 7596.21568161
23000 7596.21568161
24000 7596.21568161
25000 3635.64062713
26000 3635.64062713
27000 3635.64062713
28000 3635.64062713
29000 3635.64062713
30000 3635.64062713
31000 3635.64062713
32000 3635.64062713
33000 3635.64062713
34000 3348.56091954
35000 3348.56091954
36000 3348.56091954
37000 3348.56091954
38000 3348.56091954
39000 3348.56091954
40000 3348.56091954
41000 3348.56091954
42000 3348.56091954
43000 4892.63317536
44000 4892.63317536
45000 4892.63317536
46000 4892.63317536
47000 4892.63317536
48000 4064.66881029
49000 4064.66881029
50000 4064.66881029
51000 4064.66881029
52000 4064.66881029
53000 4064.66881029
54000 4064.66881029
55000 8252.57564576
56000 8252.57564576
57000 8252.57564576
58000 8252.57564576
59000 4444.8680409
60000 4444.8680409
61000 4444.8680409
62000 4444.8680409
63000 4444.8680409
64000 4444.8680409
65000 3392.59086079
66000 3392.59086079
67000 3392.59086079
68000 3392.59086079
69000 3392.59086079
70000 3392.59086079
71000 3392.59086079
72000 3392.59086079
73000 3542.44564907
74000 3542.44564907
75000 3542.44564907
76000 3542.44564907
77000 3542.44564907
78000 3542.44564907
79000 3542.44564907
80000 3542.44564907
81000 5531.68292159
82000 5531.68292159
83000 5531.68292159
84000 5531.68292159
85000 5531.68292159
86000 3762.76158192
87000 3762.76158192
88000 3762.76158192
89000 3762.76158192
90000 3762.76158192
91000 3762.76158192
92000 3762.76158192
93000 3762.76158192
94000 5396.5226755
95000 5396.5226755
96000 5396.5226755
97000 5396.5226755
98000 5396.5226755
99000 6165.08358862
100000 6165.08358862
101000 6165.08358862
102000 6165.08358862
103000 6165.08358862
104000 6165.08358862
105000 8969.04515684
106000 8969.04515684
107000 8969.04515684
108000 8969.04515684
109000 6180.11615245
110000 6180.11615245
111000 6180.11615245
112000 6180.11615245
113000 2837.55292161
114000 2837.55292161
115000 2837.55292161
116000 2837.55292161
117000 2837.55292161
118000 2837.55292161
119000 2837.55292161
120000 2837.55292161
121000 2837.55292161
122000 2837.55292161
123000 2837.55292161
124000 7713.51209792
125000 7713.51209792
126000 7713.51209792
127000 7713.51209792
128000 7713.51209792
129000 7713.51209792
130000 7713.51209792
131000 7713.51209792
132000 7713.51209792
133000 7713.51209792
134000 7713.51209792
135000 7713.51209792
136000 10300.5753899
137000 10300.5753899
138000 10300.5753899
139000 7111.73171376
140000 7111.73171376
141000 7111.73171376
142000 7111.73171376
143000 4233.34364367
144000 4233.34364367
145000 4233.34364367
146000 4233.34364367
147000 4233.34364367
148000 4233.34364367
149000 4233.34364367
150000 5620.56781765
151000 5620.56781765
152000 5620.56781765
153000 5620.56781765
154000 5620.56781765
155000 3916.05784193
156000 3916.05784193
157000 3916.05784193
158000 3916.05784193
159000 3916.05784193
160000 2211.54786621
161000 2211.54786621
162000 2211.54786621
163000 2211.54786621
164000 2211.54786621
165000 2211.54786621
166000 2211.54786621
167000 2211.54786621
168000 2211.54786621
169000 2211.54786621
170000 2211.54786621
171000 2211.54786621
172000 2211.54786621
173000 2211.54786621
174000 2211.54786621
175000 6032.60326087
176000 6032.60326087
177000 6032.60326087
178000 6032.60326087
179000 6032.60326087
180000 6032.60326087
181000 2627.86085425
182000 2627.86085425
183000 2627.86085425
184000 2627.86085425
185000 2627.86085425
186000 2627.86085425
187000 2627.86085425
188000 2627.86085425
189000 2627.86085425
190000 2627.86085425
191000 2627.86085425
192000 2627.86085425
193000 2627.86085425
194000 2627.86085425
195000 2627.86085425
196000 8205.6128033
197000 8205.6128033
198000 8205.6128033
199000 8205.6128033
200000 8205.6128033
201000 8040.17655172
202000 8040.17655172
203000 8040.17655172
204000 7943.29211279
205000 7943.29211279
206000 7943.29211279
207000 7943.29211279
208000 7943.29211279
209000 7943.29211279
210000 7943.29211279
211000 7846.40767386
212000 7846.40767386
213000 7846.40767386
214000 2769.39750446
215000 2769.39750446
216000 2769.39750446
217000 2769.39750446
218000 2769.39750446
219000 11556.7907361
220000 11556.7907361
221000 7596.21568161
222000 7596.21568161
223000 7596.21568161
224000 7596.21568161
225000 7596.21568161
226000 7596.21568161
227000 7596.21568161
228000 7596.21568161
229000 3635.64062713
230000 3635.64062713
231000 3635.64062713
232000 3635.64062713
233000 3635.64062713
234000 3635.64062713
235000 3635.64062713
236000 3635.64062713
237000 3635.64062713
238000 3348.56091954
239000 3348.56091954
240000 3348.56091954
241000 3348.56091954
242000 3348.56091954
243000 3348.56091954
244000 3348.56091954
245000 3348.56091954
246000 4892.63317536
247000 4892.63317536
248000 4892.63317536
249000 4892.63317536
250000 4892.63317536
251000 4892.63317536
252000 4064.66881029
253000 4064.66881029
254000 4064.66881029
255000 4064.66881029
256000 4064.66881029
257000 4064.66881029
258000 4064.66881029
259000 8252.57564576
260000 8252.57564576
261000 8252.57564576
262000 8252.57564576
263000 4444.8680409
264000 4444.8680409
265000 4444.8680409
266000 4444.8680409
267000 4444.8680409
268000 4444.8680409
269000 3392.59086079
270000 3392.59086079
271000 3392.59086079
272000 3392.59086079
273000 3392.59086079
274000 3392.59086079
275000 3392.59086079
276000 3392.59086079
277000 3542.44564907
278000 3542.44564907
279000 3542.44564907
280000 3542.44564907
281000 3542.44564907
282000 3542.44564907
283000 3542.44564907
284000 3542.44564907
285000 5531.68292159
286000 5531.68292159
287000 5531.68292159
288000 5531.68292159
289000 5531.68292159
290000 3762.76158192
291000 3762.76158192
292000 3762.76158192
293000 3762.76158192
294000 3762.76158192
295000 3762.76158192
296000 3762.76158192
297000 5396.5226755
298000 5396.5226755
299000 5396.5226755
300000 5396.5226755
301000 5396.5226755
302000 5396.5226755
303000 6165.08358862
304000 6165.08358862
305000 6165.08358862
306000 6165.08358862
307000 6165.08358862
308000 6165.08358862
309000 8969.04515684
310000 8969.04515684
311000 8969.04515684
312000 6180.11615245
313000 6180.11615245
314000 6180.11615245
315000 6180.11615245
316000 6180.11615245
317000 2837.55292161
318000 2837.55292161
319000 2837.55292161
320000 2837.55292161
321000 2837.55292161
322000 2837.55292161
323000 2837.55292161
324000 2837.55292161
325000 2837.55292161
326000 2837.55292161
327000 7713.51209792
328000 7713.51209792
329000 7713.51209792
330000 7713.51209792
331000 7713.51209792
332000 7713.51209792
333000 7713.51209792
334000 7713.51209792
335000 7713.51209792
336000 7713.51209792
337000 7713.51209792
338000 7713.51209792
339000 7713.51209792
340000 10300.5753899
341000 10300.5753899
342000 10300.5753899
343000 7111.73171376
344000 7111.73171376
345000 7111.73171376
346000 7111.73171376
347000 4233.34364367
348000 4233.34364367
349000 4233.34364367
350000 4233.34364367
351000 4233.34364367
352000 4233.34364367
353000 4233.34364367
354000 5620.56781765
355000 5620.56781765
356000 5620.56781765
357000 5620.56781765
358000 5620.56781765
359000 3916.05784193
360000 3916.05784193
361000 3916.05784193
362000 3916.05784193
363000 3916.05784193
364000 2211.54786621
365000 2211.54786621
366000 2211.54786621
367000 2211.54786621
368000 2211.54786621
369000 2211.54786621
370000 2211.54786621
371000 2211.54786621
372000 2211.54786621
373000 2211.54786621
374000 2211.54786621
375000 2211.54786621
376000 2211.54786621
377000 2211.54786621
378000 6032.60326087
379000 6032.60326087
380000 6032.60326087
381000 6032.60326087
382000 6032.60326087
383000 6032.60326087
384000 6032.60326087
385000 2627.86085425
386000 2627.86085425
387000 2627.86085425
388000 2627.86085425
389000 2627.86085425
390000 2627.86085425
391000 2627.86085425
392000 2627.86085425
393000 2627.86085425
394000 2627.86085425
395000 2627.86085425
396000 2627.86085425
397000 2627.86085425
398000 2627.86085425
399000 2627.86085425
400000 8205.6128033
401000 8205.6128033
402000 8205.6128033
403000 8205.6128033
404000 8040.17655172
405000 8040.17655172
406000 8040.17655172
407000 8040.17655172
