0 4344.49912536
1000 4344.49912536
2000 4344.49912536
3000 4344.49912536
4000 4344.49912536
5000 4344.49912536
6000 4344.49912536
7000 4344.49912536
8000 4344.49912536
9000 4344.49912536
10000 4344.49912536
11000 4344.49912536
12000 4344.49912536
13000 4344.49912536
14000 4344.49912536
15000 2056.3539823
16000 2056.3539823
17000 2056.3539823
18000 2056.3539823
19000 3613.12994411
20000 3613.12994411
21000 3613.12994411
22000 3613.12994411
23000 3613.12994411
24000 3613.12994411
25000 3613.12994411
26000 3613.12994411
27000 5169.90590591
28000 5169.90590591
29000 1388.46252677
30000 1388.46252677
31000 1388.46252677
32000 1388.46252677
33000 1905.02916978
34000 1905.02916978
35000 1905.02916978
36000 1905.02916978
37000 1778.6255567
38000 1778.6255567
39000 1778.6255567
40000 4671.97090909
41000 1963.69435216
42000 1963.69435216
43000 1963.69435216
44000 1963.69435216
45000 1760.31693989
46000 1760.31693989
47000 1760.31693989
48000 1319.30496815
49000 1319.30496815
50000 1319.30496815
51000 1319.30496815
52000 1466.11265214
53000 1466.11265214
54000 1466.11265214
55000 1466.11265214
56000 1557.30748258
57000 1557.30748258
58000 1557.30748258
59000 1557.30748258
60000 1130.1261418
61000 1130.1261418
62000 1130.1261418
63000 1130.1261418
64000 1130.1261418
65000 1520.42433697
66000 1520.42433697
67000 1520.42433697
68000 1520.42433697
69000 8362.03709949
70000 1742.88247146
71000 1742.88247146
72000 1742.88247146
73000 5785.12280702
74000 1244.3984375
75000 1244.3984375
76000 1244.3984375
77000 1244.3984375
78000 1244.3984375
79000 1934.59190494
80000 1934.59190494
81000 1934.59190494
82000 1795.69447378
83000 1795.69447378
84000 1795.69447378
85000 2195.91589571
86000 2195.91589571
87000 1112.18278881
88000 1112.18278881
89000 1112.18278881
90000 1112.18278881
91000 1112.18278881
92000 2406.8491787
93000 2406.8491787
94000 2406.8491787
95000 1881.27074728
96000 1881.27074728
97000 1881.27074728
98000 8596.75533662
99000 1242.88631319
100000 1242.88631319
101000 1242.88631319
102000 1242.88631319
103000 1967.41268076
104000 1967.41268076
105000 1967.41268076
106000 1967.41268076
107000 1322.15710416
108000 1322.15710416
109000 1322.15710416
110000 1322.15710416
111000 3002.33165829
112000 3002.33165829
113000 1173.29771385
114000 1173.29771385
115000 1173.29771385
116000 1173.29771385
117000 1173.29771385
118000 3443.18285332
119000 3443.18285332
120000 2735.42520107
121000 2735.42520107
122000 3862.84268775
123000 3862.84268775
124000 2553.62997658
125000 2553.62997658
126000 2553.62997658
127000 4065.97809077
128000 4065.97809077
129000 1679.53960556
130000 1679.53960556
131000 1679.53960556
132000 8042.51643192
133000 1710.96325985
134000 1710.96325985
135000 1710.96325985
136000 1710.96325985
137000 2459.61520413
138000 2459.61520413
139000 1371.48898678
140000 1371.48898678
141000 1371.48898678
142000 1371.48898678
143000 2674.22033898
144000 2674.22033898
145000 2674.22033898
146000 1255.16837482
147000 1255.16837482
148000 1255.16837482
149000 1255.16837482
150000 3906.6749226
151000 3906.6749226
152000 1662.19684448
153000 1662.19684448
154000 1662.19684448
155000 1662.19684448
156000 3003.34798492
157000 3003.34798492
158000 3003.34798492
159000 3003.34798492
160000 3003.34798492
161000 3003.34798492
162000 3003.34798492
163000 3003.34798492
164000 3003.34798492
165000 3003.34798492
166000 3003.34798492
167000 3003.34798492
168000 4344.49912536
169000 4344.49912536
170000 4344.49912536
171000 2056.3539823
172000 2056.3539823
173000 2056.3539823
174000 2056.3539823
175000 3613.12994411
176000 3613.12994411
177000 3613.12994411
178000 3613.12994411
179000 3613.12994411
180000 3613.12994411
181000 3613.12994411
182000 3613.12994411
183000 5169.90590591
184000 5169.90590591
185000 1388.46252677
186000 1388.46252677
187000 1388.46252677
188000 1388.46252677
189000 1905.02916978
190000 1905.02916978
191000 1905.02916978
192000 1778.6255567
193000 1778.6255567
194000 1778.6255567
195000 1778.6255567
196000 4671.97090909
197000 1963.69435216
198000 1963.69435216
199000 1963.69435216
200000 1760.31693989
201000 1760.31693989
202000 1760.31693989
203000 1760.31693989
204000 1319.30496815
205000 1319.30496815
206000 1319.30496815
207000 1319.30496815
208000 1466.11265214
209000 1466.11265214
210000 1466.11265214
211000 1466.11265214
212000 1557.30748258
213000 1557.30748258
214000 1557.30748258
215000 1557.30748258
216000 1130.1261418
217000 1130.1261418
218000 1130.1261418
219000 1130.1261418
220000 1520.42433697
221000 1520.42433697
222000 1520.42433697
223000 1520.42433697
224000 8362.03709949
225000 1742.88247146
226000 1742.88247146
227000 1742.88247146
228000 5785.12280702
229000 5785.12280702
230000 1244.3984375
231000 1244.3984375
232000 1244.3984375
233000 1244.3984375
234000 1934.59190494
235000 1934.59190494
236000 1934.59190494
237000 1795.69447378
238000 1795.69447378
239000 1795.69447378
240000 2195.91589571
241000 2195.91589571
242000 2195.91589571
243000 1112.18278881
244000 1112.18278881
245000 1112.18278881
246000 1112.18278881
247000 1112.18278881
248000 2406.8491787
249000 2406.8491787
250000 1881.27074728
251000 1881.27074728
252000 1881.27074728
253000 8596.75533662
254000 1242.88631319
255000 1242.88631319
256000 1242.88631319
257000 1242.88631319
258000 1242.88631319
259000 1967.41268076
260000 1967.41268076
261000 1967.41268076
262000 1322.15710416
263000 1322.15710416
264000 1322.15710416
265000 1322.15710416
266000 1322.15710416
267000 3002.33165829
268000 3002.33165829
269000 1173.29771385
270000 1173.29771385
271000 1173.29771385
272000 1173.29771385
273000 3443.18285332
274000 3443.18285332
275000 2735.42520107
276000 2735.42520107
277000 2735.42520107
278000 3862.84268775
279000 3862.84268775
280000 2553.62997658
281000 2553.62997658
282000 4065.97809077
283000 4065.97809077
284000 1679.53960556
285000 1679.53960556
286000 1679.53960556
287000 1679.53960556
288000 8042.51643192
289000 1710.96325985
290000 1710.96325985
291000 1710.96325985
292000 2459.61520413
293000 2459.61520413
294000 2459.61520413
295000 1371.48898678
296000 1371.48898678
297000 1371.48898678
298000 1371.48898678
299000 2674.22033898
300000 2674.22033898
301000 1255.16837482
302000 1255.16837482
303000 1255.16837482
304000 1255.16837482
305000 1255.16837482
306000 3906.6749226
307000 3906.6749226
308000 1662.19684448
309000 1662.19684448
310000 1662.19684448
311000 1662.19684448
