0 6811.80582524
1000 6811.80582524
2000 6811.80582524
3000 7167.07581227
4000 6485.38562092
5000 5519.29792148
6000 5519.29792148
7000 6224.75191257
8000 6224.75191257
9000 6096.28469751
10000 6096.28469751
11000 6137.00256381
12000 6137.00256381
13000 6177.72043011
14000 6177.72043011
15000 6017.66555925
16000 6017.66555925
17000 5743.05706268
18000 5743.05706268
19000 6099.42943396
20000 6099.42943396
21000 6099.42943396
22000 5982.91620112
23000 5982.91620112
24000 5982.91620112
25000 6058.37510513
26000 6058.37510513
27000 5858.08674843
28000 5858.08674843
29000 5858.08674843
30000 5858.08674843
31000 6044.75148319
32000 6044.75148319
33000 6044.75148319
34000 5734.71032746
35000 5734.71032746
36000 5734.71032746
37000 5997.44687624
38000 5997.44687624
39000 5997.44687624
40000 5927.25283314
41000 5927.25283314
42000 5927.25283314
43000 6089.50773558
44000 6089.50773558
45000 6089.50773558
46000 6039.1197411
47000 6039.1197411
48000 6006.07415627
49000 6006.07415627
50000 6006.07415627
51000 6006.07415627
52000 5973.02857143
53000 5973.02857143
54000 5973.02857143
55000 5787.87177482
56000 5787.87177482
57000 5787.87177482
58000 5787.87177482
59000 5670.33847946
60000 5670.33847946
61000 5670.33847946
62000 5670.33847946
63000 5885.10724312
64000 5885.10724312
65000 5885.10724312
66000 5918.38836968
67000 5918.38836968
68000 5918.38836968
69000 5918.38836968
70000 5920.08943089
71000 5920.08943089
72000 5920.08943089
73000 5920.08943089
74000 5563.55864466
75000 5563.55864466
76000 5563.55864466
77000 5563.55864466
78000 5563.55864466
79000 5828.09265648
80000 5828.09265648
81000 5828.09265648
82000 5828.09265648
83000 5520.24627042
84000 5520.24627042
85000 5520.24627042
86000 5520.24627042
87000 5520.24627042
88000 5708.98751201
89000 5708.98751201
90000 5708.98751201
91000 5708.98751201
92000 5822.34050089
93000 5822.34050089
94000 5822.34050089
95000 5822.34050089
96000 5996.56523551
97000 5996.56523551
98000 5996.56523551
99000 5919.64231189
100000 5919.64231189
101000 5919.64231189
102000 5983.89300412
103000 5983.89300412
104000 5983.89300412
105000 5983.89300412
106000 5983.89300412
107000 5795.89338598
108000 5795.89338598
109000 5795.89338598
110000 5795.89338598
111000 5909.22982635
112000 5909.22982635
113000 5909.22982635
114000 5909.22982635
115000 5786.39006574
116000 5786.39006574
117000 5786.39006574
118000 5786.39006574
119000 5979.99515152
120000 5979.99515152
121000 5979.99515152
122000 5979.99515152
123000 5749.65324193
124000 5749.65324193
125000 5749.65324193
126000 5947.36742722
127000 5947.36742722
128000 5947.36742722
129000 5947.36742722
130000 5860.04290822
131000 5860.04290822
132000 5860.04290822
133000 5860.04290822
134000 5860.04290822
135000 5906.64541833
136000 5906.64541833
137000 5906.64541833
138000 5906.64541833
139000 5621.25823712
140000 5621.25823712
141000 5621.25823712
142000 5953.67312161
143000 5953.67312161
144000 5953.67312161
145000 5713.3081761
146000 5713.3081761
147000 5713.3081761
148000 6122.8753862
149000 6122.8753862
150000 6122.8753862
151000 5597.0974359
152000 5597.0974359
153000 5597.0974359
154000 5597.0974359
155000 6062.67586207
156000 6062.67586207
157000 6062.67586207
158000 5943.28017931
159000 5943.28017931
160000 5943.28017931
161000 5903.50679964
162000 5903.50679964
163000 5903.50679964
164000 5903.50679964
165000 5903.50679964
166000 5558.24554827
167000 5558.24554827
168000 5558.24554827
169000 5558.24554827
170000 5845.7286939
171000 5845.7286939
172000 5845.7286939
173000 5845.7286939
174000 5845.7286939
175000 5541.35635492
176000 5541.35635492
177000 5541.35635492
178000 5541.35635492
179000 5979.3821963
180000 5979.3821963
181000 5979.3821963
182000 5979.3821963
183000 5388.30769231
184000 5388.30769231
185000 5388.30769231
186000 5388.30769231
187000 5388.30769231
188000 6024.54060193
189000 6024.54060193
190000 6024.54060193
191000 5663.11111111
192000 5663.11111111
193000 5663.11111111
194000 5663.11111111
195000 6002.45384038
196000 6002.45384038
197000 6002.45384038
198000 6002.45384038
199000 5832.29140359
200000 5832.29140359
201000 5832.29140359
202000 5832.29140359
203000 5802.65106756
204000 5802.65106756
205000 5802.65106756
206000 5802.65106756
207000 6307.2284464
208000 6307.2284464
209000 7167.07581227
210000 6485.38562092
211000 5519.29792148
212000 5519.29792148
213000 6224.75191257
214000 6224.75191257
215000 6096.28469751
216000 6096.28469751
217000 6137.00256381
218000 6137.00256381
219000 6177.72043011
220000 6177.72043011
221000 6017.66555925
222000 6017.66555925
223000 5743.05706268
224000 5743.05706268
225000 6099.42943396
226000 6099.42943396
227000 6099.42943396
228000 5982.91620112
229000 5982.91620112
230000 5982.91620112
231000 6058.37510513
232000 6058.37510513
233000 5858.08674843
234000 5858.08674843
235000 5858.08674843
236000 5858.08674843
237000 6044.75148319
238000 6044.75148319
239000 6044.75148319
240000 5734.71032746
241000 5734.71032746
242000 5734.71032746
243000 5997.44687624
244000 5997.44687624
245000 5997.44687624
246000 5927.25283314
247000 5927.25283314
248000 5927.25283314
249000 6089.50773558
250000 6089.50773558
251000 6089.50773558
252000 6039.1197411
253000 6039.1197411
254000 6006.07415627
255000 6006.07415627
256000 6006.07415627
257000 6006.07415627
258000 5973.02857143
259000 5973.02857143
260000 5973.02857143
261000 5787.87177482
262000 5787.87177482
263000 5787.87177482
264000 5787.87177482
265000 5670.33847946
266000 5670.33847946
267000 5670.33847946
268000 5670.33847946
269000 5885.10724312
270000 5885.10724312
271000 5885.10724312
272000 5918.38836968
273000 5918.38836968
274000 5918.38836968
275000 5918.38836968
276000 5920.08943089
277000 5920.08943089
278000 5920.08943089
279000 5920.08943089
280000 5563.55864466
281000 5563.55864466
282000 5563.55864466
283000 5563.55864466
284000 5563.55864466
285000 5828.09265648
286000 5828.09265648
287000 5828.09265648
288000 5828.09265648
289000 5520.24627042
290000 5520.24627042
291000 5520.24627042
292000 5520.24627042
293000 5520.24627042
294000 5708.98751201
295000 5708.98751201
296000 5708.98751201
297000 5708.98751201
298000 5822.34050089
299000 5822.34050089
300000 5822.34050089
301000 5822.34050089
302000 5996.56523551
303000 5996.56523551
304000 5996.56523551
305000 5919.64231189
306000 5919.64231189
307000 5919.64231189
308000 5919.64231189
309000 5983.89300412
310000 5983.89300412
311000 5983.89300412
312000 5983.89300412
313000 5795.89338598
314000 5795.89338598
315000 5795.89338598
316000 5795.89338598
317000 5909.22982635
318000 5909.22982635
319000 5909.22982635
320000 5909.22982635
321000 5786.39006574
322000 5786.39006574
323000 5786.39006574
324000 5786.39006574
325000 5979.99515152
326000 5979.99515152
327000 5979.99515152
328000 5979.99515152
329000 5749.65324193
330000 5749.65324193
331000 5749.65324193
332000 5947.36742722
333000 5947.36742722
334000 5947.36742722
335000 5947.36742722
336000 5860.04290822
337000 5860.04290822
338000 5860.04290822
339000 5860.04290822
340000 5860.04290822
341000 5906.64541833
342000 5906.64541833
343000 5906.64541833
344000 5906.64541833
345000 5621.25823712
346000 5621.25823712
347000 5621.25823712
348000 5621.25823712
349000 5953.67312161
350000 5953.67312161
351000 5713.3081761
352000 5713.3081761
353000 5713.3081761
354000 6122.8753862
355000 6122.8753862
356000 6122.8753862
357000 5597.0974359
358000 5597.0974359
359000 5597.0974359
360000 5597.0974359
361000 6062.67586207
362000 6062.67586207
363000 6062.67586207
364000 5943.28017931
365000 5943.28017931
366000 5943.28017931
367000 5903.50679964
368000 5903.50679964
369000 5903.50679964
370000 5903.50679964
371000 5903.50679964
372000 5558.24554827
373000 5558.24554827
374000 5558.24554827
375000 5558.24554827
376000 5845.7286939
377000 5845.7286939
378000 5845.7286939
379000 5845.7286939
380000 5845.7286939
381000 5541.35635492
382000 5541.35635492
383000 5541.35635492
384000 5541.35635492
385000 5979.3821963
386000 5979.3821963
387000 5979.3821963
388000 5979.3821963
389000 5388.30769231
390000 5388.30769231
391000 5388.30769231
392000 5388.30769231
393000 5388.30769231
394000 6024.54060193
395000 6024.54060193
396000 6024.54060193
397000 5663.11111111
398000 5663.11111111
399000 5663.11111111
400000 5663.11111111
401000 6002.45384038
402000 6002.45384038
403000 6002.45384038
404000 6002.45384038
405000 5832.29140359
406000 5832.29140359
407000 5832.29140359
408000 5832.29140359
409000 5802.65106756
410000 5802.65106756
411000 5802.65106756
412000 5802.65106756
