0 1747.59367946
1000 1747.59367946
2000 1747.59367946
3000 1747.59367946
4000 1747.59367946
5000 1747.59367946
6000 1747.59367946
7000 1747.59367946
8000 1766.12571429
9000 1766.12571429
10000 1766.12571429
11000 1566.66666667
12000 1566.66666667
13000 1608.01937985
14000 1608.01937985
15000 1608.01937985
16000 1608.01937985
17000 1608.01937985
18000 1649.37209302
19000 1649.37209302
20000 1649.37209302
21000 5931.47768595
22000 5931.47768595
23000 5931.47768595
24000 1642.78848789
25000 1642.78848789
26000 1642.78848789
27000 1678.464
28000 1678.464
29000 1678.464
30000 1670.88837054
31000 1670.88837054
32000 1670.88837054
33000 1729.54246366
34000 1729.54246366
35000 1729.54246366
36000 1212.93761815
37000 1212.93761815
38000 1212.93761815
39000 1212.93761815
40000 1212.93761815
41000 1794.21283644
42000 1794.21283644
43000 1794.21283644
44000 1742.1466525
45000 1742.1466525
46000 1715.1197411
47000 1715.1197411
48000 1715.1197411
49000 1571.87426082
50000 1571.87426082
51000 1571.87426082
52000 1734.46179681
53000 1734.46179681
54000 1734.46179681
55000 1707.24324324
56000 1707.24324324
57000 1707.24324324
58000 1546.3
59000 1546.3
60000 1546.3
61000 1546.3
62000 1713.42490566
63000 1713.42490566
64000 1713.42490566
65000 1767.11736264
66000 1767.11736264
67000 1625.36626087
68000 1625.36626087
69000 1625.36626087
70000 1625.36626087
71000 1691.51504729
72000 1691.51504729
73000 1756.26666667
74000 1756.26666667
75000 1756.26666667
76000 1756.26666667
77000 1714.86575535
78000 1714.86575535
79000 1714.86575535
80000 1726.07348297
81000 1726.07348297
82000 1726.07348297
83000 1726.07348297
84000 1737.28121059
85000 1737.28121059
86000 1737.28121059
87000 1737.28121059
88000 1707.28305583
89000 1707.28305583
90000 1707.28305583
91000 1707.28305583
92000 1707.28305583
93000 1726.80089933
94000 1726.80089933
95000 1726.80089933
96000 1726.80089933
97000 1690.70914584
98000 1690.70914584
99000 1690.70914584
100000 1690.70914584
101000 1715.88950276
102000 1715.88950276
103000 1715.88950276
104000 1715.88950276
105000 1715.88950276
106000 1651.28153885
107000 1651.28153885
108000 1651.28153885
109000 1651.28153885
110000 1632.07785888
111000 1632.07785888
112000 1632.07785888
113000 1632.07785888
114000 1632.07785888
115000 1676.92182741
116000 1676.92182741
117000 1676.92182741
118000 1676.92182741
119000 1701.7428023
120000 1701.7428023
121000 1701.7428023
122000 1701.7428023
123000 1736.56338028
124000 1736.56338028
125000 1736.56338028
126000 1726.34513772
127000 1726.34513772
128000 1726.34513772
129000 1726.34513772
130000 1734.35164835
131000 1734.35164835
132000 1734.35164835
133000 1704.68365817
134000 1704.68365817
135000 1704.68365817
136000 1704.68365817
137000 1704.68365817
138000 1669.59929391
139000 1669.59929391
140000 1669.59929391
141000 1669.59929391
142000 1669.59929391
143000 1692.37227723
144000 1692.37227723
145000 1692.37227723
146000 1692.37227723
147000 2287.41216601
148000 2287.41216601
149000 2882.45205479
150000 2882.45205479
151000 2882.45205479
152000 2882.45205479
153000 2882.45205479
154000 2882.45205479
155000 2882.45205479
156000 2780.75743052
157000 2780.75743052
158000 2679.06280624
159000 2679.06280624
160000 2679.06280624
161000 2679.06280624
162000 2679.06280624
163000 1760.27459393
164000 1760.27459393
165000 1760.27459393
166000 1760.27459393
167000 1686.53159478
168000 1717.06263712
169000 1717.06263712
170000 1717.06263712
171000 1717.06263712
172000 1717.06263712
173000 1717.06263712
174000 1747.59367946
175000 1747.59367946
176000 1766.12571429
177000 1766.12571429
178000 1766.12571429
179000 1566.66666667
180000 1566.66666667
181000 1608.01937985
182000 1608.01937985
183000 1608.01937985
184000 1608.01937985
185000 1608.01937985
186000 1649.37209302
187000 1649.37209302
188000 1649.37209302
189000 5931.47768595
190000 5931.47768595
191000 5931.47768595
192000 1642.78848789
193000 1642.78848789
194000 1678.464
195000 1678.464
196000 1678.464
197000 1678.464
198000 1670.88837054
199000 1670.88837054
200000 1670.88837054
201000 1729.54246366
202000 1729.54246366
203000 1729.54246366
204000 1212.93761815
205000 1212.93761815
206000 1212.93761815
207000 1212.93761815
208000 1212.93761815
209000 1794.21283644
210000 1794.21283644
211000 1742.1466525
212000 1742.1466525
213000 1742.1466525
214000 1715.1197411
215000 1715.1197411
216000 1715.1197411
217000 1571.87426082
218000 1571.87426082
219000 1571.87426082
220000 1734.46179681
221000 1734.46179681
222000 1734.46179681
223000 1707.24324324
224000 1707.24324324
225000 1707.24324324
226000 1546.3
227000 1546.3
228000 1546.3
229000 1546.3
230000 1713.42490566
231000 1713.42490566
232000 1713.42490566
233000 1767.11736264
234000 1767.11736264
235000 1625.36626087
236000 1625.36626087
237000 1625.36626087
238000 1691.51504729
239000 1691.51504729
240000 1691.51504729
241000 1756.26666667
242000 1756.26666667
243000 1756.26666667
244000 1714.86575535
245000 1714.86575535
246000 1714.86575535
247000 1726.07348297
248000 1726.07348297
249000 1726.07348297
250000 1726.07348297
251000 1726.07348297
252000 1737.28121059
253000 1737.28121059
254000 1737.28121059
255000 1737.28121059
256000 1707.28305583
257000 1707.28305583
258000 1707.28305583
259000 1707.28305583
260000 1726.80089933
261000 1726.80089933
262000 1726.80089933
263000 1726.80089933
264000 1726.80089933
265000 1690.70914584
266000 1690.70914584
267000 1690.70914584
268000 1690.70914584
269000 1715.88950276
270000 1715.88950276
271000 1715.88950276
272000 1715.88950276
273000 1651.28153885
274000 1651.28153885
275000 1651.28153885
276000 1651.28153885
277000 1651.28153885
278000 1632.07785888
279000 1632.07785888
280000 1632.07785888
281000 1632.07785888
282000 1632.07785888
283000 1676.92182741
284000 1676.92182741
285000 1676.92182741
286000 1676.92182741
287000 1701.7428023
288000 1701.7428023
289000 1701.7428023
290000 1736.56338028
291000 1736.56338028
292000 1736.56338028
293000 1736.56338028
294000 1726.34513772
295000 1726.34513772
296000 1726.34513772
297000 1726.34513772
298000 1734.35164835
299000 1734.35164835
300000 1734.35164835
301000 1704.68365817
302000 1704.68365817
303000 1704.68365817
304000 1704.68365817
305000 1669.59929391
306000 1669.59929391
307000 1669.59929391
308000 1669.59929391
309000 1669.59929391
310000 1669.59929391
311000 1692.37227723
312000 1692.37227723
313000 1692.37227723
314000 1692.37227723
315000 2287.41216601
316000 2287.41216601
317000 2882.45205479
318000 2882.45205479
319000 2882.45205479
320000 2882.45205479
321000 2882.45205479
322000 2882.45205479
323000 2780.75743052
324000 2780.75743052
325000 2679.06280624
326000 2679.06280624
327000 2679.06280624
328000 2679.06280624
329000 2679.06280624
330000 2679.06280624
331000 1760.27459393
332000 1760.27459393
333000 1760.27459393
334000 1760.27459393
335000 1686.53159478
