0 5635.67816092
1000 5635.67816092
2000 5635.67816092
3000 5635.67816092
4000 5635.67816092
5000 4075.62766792
6000 2515.57717493
7000 2515.57717493
8000 4668.53445851
9000 4133.75763601
10000 3598.98081351
11000 3975.27515286
12000 3975.27515286
13000 3583.11218335
14000 3583.11218335
15000 5466.92063492
16000 5466.92063492
17000 5466.92063492
18000 2941.32985658
19000 2941.32985658
20000 2022.37357052
21000 2022.37357052
22000 2022.37357052
23000 3903.30656469
24000 3903.30656469
25000 2154.80738786
26000 2154.80738786
27000 2154.80738786
28000 2553.15179969
29000 2553.15179969
30000 2553.15179969
31000 2553.15179969
32000 3260.52542373
33000 3260.52542373
34000 2158.32324723
35000 2158.32324723
36000 2158.32324723
37000 3762.79553903
38000 3762.79553903
39000 3762.79553903
40000 2994.53134328
41000 2994.53134328
42000 3128.03451251
43000 3128.03451251
44000 3128.03451251
45000 3491.30786517
46000 3491.30786517
47000 3491.30786517
48000 3861.1092437
49000 3861.1092437
50000 3197.61790017
51000 3197.61790017
52000 3197.61790017
53000 2647.81308411
54000 2647.81308411
55000 2647.81308411
56000 2034.74972191
57000 2034.74972191
58000 2034.74972191
59000 2034.74972191
60000 2143.40931732
61000 2143.40931732
62000 2143.40931732
63000 2143.40931732
64000 2535.06589595
65000 2535.06589595
66000 2535.06589595
67000 5007.72631579
68000 5007.72631579
69000 3001.13242009
70000 3001.13242009
71000 2454.83013294
72000 2454.83013294
73000 2454.83013294
74000 4400.19184652
75000 4400.19184652
76000 4400.19184652
77000 3586.61844485
78000 3586.61844485
79000 4330.05714286
80000 4330.05714286
81000 4330.05714286
82000 4330.05714286
83000 4395.13834491
84000 4395.13834491
85000 3174.33220339
86000 3174.33220339
87000 3174.33220339
88000 4110.7529976
89000 4110.7529976
90000 3588.70908208
91000 3588.70908208
92000 3588.70908208
93000 3667.26709935
94000 3667.26709935
95000 2386.28366248
96000 2386.28366248
97000 2386.28366248
98000 3070.00855698
99000 3070.00855698
100000 3070.00855698
101000 2985.60794045
102000 2985.60794045
103000 3287.08560851
104000 3287.08560851
105000 3287.08560851
106000 2131.11824435
107000 2131.11824435
108000 2131.11824435
109000 4146.95919449
110000 4146.95919449
111000 4146.95919449
112000 2279.6374269
113000 2279.6374269
114000 2279.6374269
115000 969.027263738
116000 969.027263738
117000 969.027263738
118000 969.027263738
119000 969.027263738
120000 969.027263738
121000 969.027263738
122000 969.027263738
123000 969.027263738
124000 2303.37739345
125000 2303.37739345
126000 2303.37739345
127000 2303.37739345
128000 1504.57790586
129000 1504.57790586
130000 1504.57790586
131000 1504.57790586
132000 1504.57790586
133000 4563.86206897
134000 4563.86206897
135000 4563.86206897
136000 4563.86206897
137000 2853.24460875
138000 2853.24460875
139000 2779.87284287
140000 2779.87284287
141000 2846.8230818
142000 2846.8230818
143000 2492.04604758
144000 2492.04604758
145000 4629.36416185
146000 4629.36416185
147000 2437.2299169
148000 2437.2299169
149000 2484.29415462
150000 2484.29415462
151000 1653.56444444
152000 1653.56444444
153000 3644.62130268
154000 3644.62130268
155000 3644.62130268
156000 3644.62130268
157000 5635.67816092
158000 4075.62766792
159000 2515.57717493
160000 2515.57717493
161000 4668.53445851
162000 4133.75763601
163000 3598.98081351
164000 3975.27515286
165000 3975.27515286
166000 3583.11218335
167000 3583.11218335
168000 5466.92063492
169000 5466.92063492
170000 2941.32985658
171000 2941.32985658
172000 2022.37357052
173000 2022.37357052
174000 2022.37357052
175000 2022.37357052
176000 3903.30656469
177000 3903.30656469
178000 2154.80738786
179000 2154.80738786
180000 2154.80738786
181000 2553.15179969
182000 2553.15179969
183000 2553.15179969
184000 3260.52542373
185000 3260.52542373
186000 3260.52542373
187000 2158.32324723
188000 2158.32324723
189000 2158.32324723
190000 3762.79553903
191000 3762.79553903
192000 2994.53134328
193000 2994.53134328
194000 2994.53134328
195000 3128.03451251
196000 3128.03451251
197000 3128.03451251
198000 3491.30786517
199000 3491.30786517
200000 3861.1092437
201000 3861.1092437
202000 3861.1092437
203000 3197.61790017
204000 3197.61790017
205000 2647.81308411
206000 2647.81308411
207000 2647.81308411
208000 2034.74972191
209000 2034.74972191
210000 2034.74972191
211000 2034.74972191
212000 2034.74972191
213000 2143.40931732
214000 2143.40931732
215000 2143.40931732
216000 2535.06589595
217000 2535.06589595
218000 2535.06589595
219000 5007.72631579
220000 5007.72631579
221000 3001.13242009
222000 3001.13242009
223000 3001.13242009
224000 2454.83013294
225000 2454.83013294
226000 2454.83013294
227000 4400.19184652
228000 4400.19184652
229000 3586.61844485
230000 3586.61844485
231000 3586.61844485
232000 4330.05714286
233000 4330.05714286
234000 4330.05714286
235000 4330.05714286
236000 4395.13834491
237000 4395.13834491
238000 3174.33220339
239000 3174.33220339
240000 3174.33220339
241000 4110.7529976
242000 4110.7529976
243000 3588.70908208
244000 3588.70908208
245000 3588.70908208
246000 3667.26709935
247000 3667.26709935
248000 2386.28366248
249000 2386.28366248
250000 2386.28366248
251000 3070.00855698
252000 3070.00855698
253000 2985.60794045
254000 2985.60794045
255000 2985.60794045
256000 3287.08560851
257000 3287.08560851
258000 3287.08560851
259000 2131.11824435
260000 2131.11824435
261000 2131.11824435
262000 4146.95919449
263000 4146.95919449
264000 2279.6374269
265000 2279.6374269
266000 2279.6374269
267000 2279.6374269
268000 969.027263738
269000 969.027263738
270000 969.027263738
271000 969.027263738
272000 969.027263738
273000 969.027263738
274000 969.027263738
275000 969.027263738
276000 969.027263738
277000 2303.37739345
278000 2303.37739345
279000 2303.37739345
280000 1504.57790586
281000 1504.57790586
282000 1504.57790586
283000 1504.57790586
284000 1504.57790586
285000 1504.57790586
286000 4563.86206897
287000 4563.86206897
288000 4563.86206897
289000 4563.86206897
290000 2853.24460875
291000 2853.24460875
292000 2779.87284287
293000 2779.87284287
294000 2846.8230818
295000 2846.8230818
296000 2492.04604758
297000 2492.04604758
298000 4629.36416185
299000 4629.36416185
300000 2437.2299169
301000 2484.29415462
302000 2484.29415462
303000 2484.29415462
304000 1653.56444444
305000 1653.56444444
