0 5035.76653696
1000 5035.76653696
2000 5035.76653696
3000 5035.76653696
4000 5035.76653696
5000 5035.76653696
6000 5035.76653696
7000 6967.97573306
8000 6601.03701495
9000 6601.03701495
10000 6601.03701495
11000 6234.09829684
12000 6234.09829684
13000 6390.03962461
14000 6390.03962461
15000 6390.03962461
16000 4979.43787611
17000 4979.43787611
18000 4979.43787611
19000 5664.97322181
20000 5664.97322181
21000 5664.97322181
22000 6350.50856751
23000 6350.50856751
24000 6350.50856751
25000 6350.50856751
26000 6244.31540162
27000 6244.31540162
28000 6244.31540162
29000 6344.19428571
30000 6344.19428571
31000 6344.19428571
32000 6652.79461279
33000 6652.79461279
34000 5811.87254902
35000 5811.87254902
36000 5811.87254902
37000 7193.68456948
38000 7193.68456948
39000 7193.68456948
40000 6626.2617801
41000 6626.2617801
42000 6626.2617801
43000 6734.57777778
44000 6734.57777778
45000 6734.57777778
46000 5257.09299656
47000 5257.09299656
48000 5257.09299656
49000 6906.92595363
50000 6906.92595363
51000 6906.92595363
52000 6906.92595363
53000 5992.37415209
54000 5992.37415209
55000 5992.37415209
56000 6574.22222222
57000 6574.22222222
58000 6574.22222222
59000 6795.05478332
60000 6795.05478332
61000 6910.18987342
62000 6910.18987342
63000 6910.18987342
64000 6548.33526368
65000 6548.33526368
66000 6548.33526368
67000 6548.33526368
68000 6548.33526368
69000 6548.33526368
70000 6186.48065395
71000 6186.48065395
72000 6186.48065395
73000 6186.48065395
74000 6186.48065395
75000 6773.3270366
76000 6773.3270366
77000 6773.3270366
78000 6773.3270366
79000 6320.75355969
80000 6320.75355969
81000 6320.75355969
82000 6320.75355969
83000 6024.60925834
84000 6024.60925834
85000 6024.60925834
86000 6024.60925834
87000 4936.09392379
88000 4936.09392379
89000 4936.09392379
90000 4936.09392379
91000 4936.09392379
92000 6303.40792136
93000 6303.40792136
94000 6303.40792136
95000 6303.40792136
96000 6316.8
97000 6316.8
98000 6316.8
99000 6316.8
100000 6593.3627451
101000 6593.3627451
102000 6593.3627451
103000 6593.3627451
104000 6705.01579732
105000 6705.01579732
106000 6705.01579732
107000 6705.01579732
108000 6462.7402863
109000 6462.7402863
110000 6462.7402863
111000 6462.7402863
112000 5849.79922179
113000 5849.79922179
114000 5849.79922179
115000 5849.79922179
116000 5849.79922179
117000 6569.71350014
118000 6569.71350014
119000 6569.71350014
120000 6569.71350014
121000 5688.04905568
122000 5688.04905568
123000 5688.04905568
124000 5688.04905568
125000 6187.56201238
126000 6187.56201238
127000 6187.56201238
128000 6187.56201238
129000 6260.91190603
130000 6260.91190603
131000 6260.91190603
132000 6260.91190603
133000 6848.61291319
134000 6848.61291319
135000 6848.61291319
136000 6848.61291319
137000 6973.40540541
138000 6973.40540541
139000 6973.40540541
140000 6973.40540541
141000 6014.44386963
142000 6014.44386963
143000 6014.44386963
144000 6014.44386963
145000 6880.1468371
146000 6880.1468371
147000 6880.1468371
148000 6880.1468371
149000 6809.5778841
150000 6809.5778841
151000 6809.5778841
152000 6809.5778841
153000 5576.48008069
154000 5576.48008069
155000 5576.48008069
156000 5576.48008069
157000 6205.83315276
158000 6205.83315276
159000 6205.83315276
160000 6205.83315276
161000 6072.11030008
162000 6072.11030008
163000 6072.11030008
164000 6072.11030008
165000 6692.60929638
166000 6692.60929638
167000 6692.60929638
168000 6692.60929638
169000 6692.60929638
170000 6692.60929638
171000 6692.60929638
172000 6692.60929638
173000 6692.60929638
174000 6692.60929638
175000 7313.10829268
176000 7313.10829268
177000 7313.10829268
178000 6540.44625573
179000 6540.44625573
180000 6540.44625573
181000 6540.44625573
182000 6540.44625573
183000 5433.08669448
184000 5433.08669448
185000 5433.08669448
186000 5433.08669448
187000 7248.45836109
188000 7248.45836109
189000 7248.45836109
190000 7248.45836109
191000 6845.6800218
192000 6845.6800218
193000 6845.6800218
194000 6845.6800218
195000 5549.38609843
196000 5549.38609843
197000 5549.38609843
198000 5549.38609843
199000 6944.92808523
200000 6944.92808523
201000 6944.92808523
202000 6944.92808523
203000 6423.6064099
204000 6423.6064099
205000 6423.6064099
206000 6423.6064099
207000 6394.4076841
208000 6394.4076841
209000 6394.4076841
210000 6394.4076841
211000 6229.5382973
212000 6229.5382973
213000 6229.5382973
214000 6229.5382973
215000 6229.5382973
216000 6171.41333333
217000 6171.41333333
218000 6171.41333333
219000 6144.08983389
220000 6144.08983389
221000 6144.08983389
222000 6144.08983389
223000 6144.08983389
224000 6144.08983389
225000 6144.08983389
226000 6144.08983389
227000 6144.08983389
228000 6144.08983389
229000 6116.76633444
230000 6116.76633444
231000 6116.76633444
232000 6116.76633444
233000 6656.21888977
234000 6656.21888977
235000 6656.21888977
236000 6656.21888977
237000 6656.21888977
238000 6748.66095182
239000 6748.66095182
240000 6748.66095182
241000 6533.80164245
242000 6533.80164245
243000 6533.80164245
244000 6533.80164245
245000 3803.35159817
246000 3803.35159817
247000 3803.35159817
248000 4419.55906757
249000 4419.55906757
250000 4419.55906757
251000 4419.55906757
252000 4419.55906757
253000 5035.76653696
254000 5035.76653696
255000 6967.97573306
256000 6601.03701495
257000 6601.03701495
258000 6601.03701495
259000 6234.09829684
260000 6234.09829684
261000 6390.03962461
262000 6390.03962461
263000 6390.03962461
264000 4979.43787611
265000 4979.43787611
266000 4979.43787611
267000 5664.97322181
268000 5664.97322181
269000 5664.97322181
270000 6350.50856751
271000 6350.50856751
272000 6350.50856751
273000 6350.50856751
274000 6244.31540162
275000 6244.31540162
276000 6244.31540162
277000 6344.19428571
278000 6344.19428571
279000 6344.19428571
280000 6652.79461279
281000 6652.79461279
282000 5811.87254902
283000 5811.87254902
284000 5811.87254902
285000 7193.68456948
286000 7193.68456948
287000 7193.68456948
288000 6626.2617801
289000 6626.2617801
290000 6626.2617801
291000 6734.57777778
292000 6734.57777778
293000 6734.57777778
294000 5257.09299656
295000 5257.09299656
296000 5257.09299656
297000 6906.92595363
298000 6906.92595363
299000 6906.92595363
300000 5992.37415209
301000 5992.37415209
302000 5992.37415209
303000 5992.37415209
304000 6574.22222222
305000 6574.22222222
306000 6574.22222222
307000 6795.05478332
308000 6795.05478332
309000 6910.18987342
310000 6910.18987342
311000 6910.18987342
312000 6548.33526368
313000 6548.33526368
314000 6548.33526368
315000 6548.33526368
316000 6548.33526368
317000 6548.33526368
318000 6186.48065395
319000 6186.48065395
320000 6186.48065395
321000 6186.48065395
322000 6186.48065395
323000 6773.3270366
324000 6773.3270366
325000 6773.3270366
326000 6773.3270366
327000 6320.75355969
328000 6320.75355969
329000 6320.75355969
330000 6024.60925834
331000 6024.60925834
332000 6024.60925834
333000 6024.60925834
334000 6024.60925834
335000 4936.09392379
336000 4936.09392379
337000 4936.09392379
338000 4936.09392379
339000 4936.09392379
340000 6303.40792136
341000 6303.40792136
342000 6303.40792136
343000 6303.40792136
344000 6316.8
345000 6316.8
346000 6316.8
347000 6316.8
348000 6593.3627451
349000 6593.3627451
350000 6593.3627451
351000 6593.3627451
352000 6705.01579732
353000 6705.01579732
354000 6705.01579732
355000 6705.01579732
356000 6462.7402863
357000 6462.7402863
358000 6462.7402863
359000 6462.7402863
360000 5849.79922179
361000 5849.79922179
362000 5849.79922179
363000 5849.79922179
364000 5849.79922179
365000 6569.71350014
366000 6569.71350014
367000 6569.71350014
368000 6569.71350014
369000 5688.04905568
370000 5688.04905568
371000 5688.04905568
372000 5688.04905568
373000 6187.56201238
374000 6187.56201238
375000 6187.56201238
376000 6187.56201238
377000 6260.91190603
378000 6260.91190603
379000 6260.91190603
380000 6260.91190603
381000 6848.61291319
382000 6848.61291319
383000 6848.61291319
384000 6848.61291319
385000 6973.40540541
386000 6973.40540541
387000 6973.40540541
388000 6973.40540541
389000 6014.44386963
390000 6014.44386963
391000 6014.44386963
392000 6014.44386963
393000 6880.1468371
394000 6880.1468371
395000 6880.1468371
396000 6809.5778841
397000 6809.5778841
398000 6809.5778841
399000 6809.5778841
400000 6809.5778841
401000 5576.48008069
402000 5576.48008069
403000 5576.48008069
404000 5576.48008069
405000 6205.83315276
406000 6205.83315276
407000 6205.83315276
408000 6205.83315276
409000 6072.11030008
410000 6072.11030008
411000 6072.11030008
412000 6072.11030008
413000 6692.60929638
414000 6692.60929638
415000 6692.60929638
416000 6692.60929638
417000 6692.60929638
418000 6692.60929638
419000 6692.60929638
420000 6692.60929638
421000 6692.60929638
422000 6692.60929638
423000 7313.10829268
424000 7313.10829268
425000 7313.10829268
426000 6540.44625573
427000 6540.44625573
428000 6540.44625573
429000 6540.44625573
430000 6540.44625573
431000 5433.08669448
432000 5433.08669448
433000 5433.08669448
434000 5433.08669448
435000 7248.45836109
436000 7248.45836109
437000 7248.45836109
438000 7248.45836109
439000 6845.6800218
440000 6845.6800218
441000 6845.6800218
442000 5549.38609843
443000 5549.38609843
444000 5549.38609843
445000 5549.38609843
446000 5549.38609843
447000 6944.92808523
448000 6944.92808523
449000 6944.92808523
450000 6944.92808523
451000 6423.6064099
452000 6423.6064099
453000 6423.6064099
454000 6423.6064099
455000 6394.4076841
456000 6394.4076841
457000 6394.4076841
458000 6394.4076841
459000 6229.5382973
460000 6229.5382973
461000 6229.5382973
462000 6229.5382973
463000 6229.5382973
464000 6171.41333333
465000 6171.41333333
466000 6171.41333333
467000 6144.08983389
468000 6144.08983389
469000 6144.08983389
470000 6144.08983389
471000 6144.08983389
472000 6144.08983389
473000 6144.08983389
474000 6144.08983389
475000 6144.08983389
476000 6144.08983389
477000 6116.76633444
478000 6116.76633444
479000 6116.76633444
480000 6116.76633444
481000 6656.21888977
482000 6656.21888977
483000 6656.21888977
484000 6656.21888977
485000 6656.21888977
486000 6748.66095182
487000 6748.66095182
488000 6748.66095182
489000 6533.80164245
490000 6533.80164245
491000 6533.80164245
492000 6533.80164245
493000 3803.35159817
494000 3803.35159817
495000 3803.35159817
