0 1538.94664372
1000 1538.94664372
2000 1538.94664372
3000 1538.94664372
4000 1538.94664372
5000 1538.94664372
6000 1538.94664372
7000 1538.94664372
8000 1538.94664372
9000 1538.94664372
10000 1538.94664372
11000 1538.94664372
12000 1538.94664372
13000 1519.97754862
14000 1519.97754862
15000 1519.97754862
16000 1501.00845351
17000 1501.00845351
18000 1433.84673965
19000 1433.84673965
20000 1433.84673965
21000 1507.12844514
22000 1507.12844514
23000 1477.94840336
24000 1477.94840336
25000 1477.94840336
26000 1448.76836158
27000 1448.76836158
28000 1448.76836158
29000 1471.45120457
30000 1471.45120457
31000 1471.45120457
32000 1164.22755672
33000 1164.22755672
34000 1164.22755672
35000 1472.34337598
36000 1472.34337598
37000 1472.34337598
38000 1510.43284859
39000 1510.43284859
40000 1532.17651957
41000 1532.17651957
42000 1532.17651957
43000 1523.01028597
44000 1523.01028597
45000 1523.01028597
46000 1523.01028597
47000 1513.84405236
48000 1513.84405236
49000 1513.84405236
50000 1513.84405236
51000 1524.01182732
52000 1524.01182732
53000 1524.01182732
54000 1524.01182732
55000 1487.1545089
56000 1487.1545089
57000 1487.1545089
58000 1487.1545089
59000 1536.56956393
60000 1536.56956393
61000 1536.56956393
62000 1487.46296296
63000 1487.46296296
64000 1487.46296296
65000 1487.46296296
66000 1214.09345794
67000 1214.09345794
68000 1214.09345794
69000 1214.09345794
70000 1214.09345794
71000 1519.95009357
72000 1519.95009357
73000 1519.95009357
74000 1388.98823529
75000 1388.98823529
76000 1388.98823529
77000 1388.98823529
78000 1518.96517413
79000 1518.96517413
80000 1518.96517413
81000 1518.96517413
82000 1457.0648992
83000 1457.0648992
84000 1457.0648992
85000 1457.0648992
86000 1516.52960428
87000 1516.52960428
88000 1516.52960428
89000 1503.1321408
90000 1503.1321408
91000 1503.1321408
92000 1503.1321408
93000 1472.73903002
94000 1472.73903002
95000 1472.73903002
96000 1472.73903002
97000 1497.53025523
98000 1497.53025523
99000 1497.53025523
100000 1497.53025523
101000 1514.93659104
102000 1514.93659104
103000 1514.93659104
104000 1443.39104478
105000 1443.39104478
106000 1443.39104478
107000 1443.39104478
108000 1473.47764706
109000 1473.47764706
110000 1473.47764706
111000 1473.47764706
112000 1513.56577045
113000 1513.56577045
114000 1513.56577045
115000 1208.03068073
116000 1208.03068073
117000 1208.03068073
118000 1208.03068073
119000 1208.03068073
120000 1473.10161022
121000 1473.10161022
122000 1473.10161022
123000 1473.10161022
124000 1514.60648801
125000 1514.60648801
126000 1514.60648801
127000 1493.19337707
128000 1493.19337707
129000 1493.19337707
130000 1493.19337707
131000 1498.08068219
132000 1498.08068219
133000 1498.08068219
134000 1491.77945444
135000 1491.77945444
136000 1491.77945444
137000 1491.77945444
138000 1426.61297539
139000 1426.61297539
140000 1426.61297539
141000 1426.61297539
142000 783.468975469
143000 783.468975469
144000 783.468975469
145000 783.468975469
146000 783.468975469
147000 783.468975469
148000 1485.96347779
149000 1485.96347779
150000 1485.96347779
151000 1485.96347779
152000 1485.96347779
153000 1280.82819818
154000 1280.82819818
155000 1280.82819818
156000 1280.82819818
157000 1496.63382311
158000 1496.63382311
159000 1496.63382311
160000 1496.63382311
161000 1223.02903379
162000 1223.02903379
163000 1223.02903379
164000 1223.02903379
165000 1509.76245211
166000 1509.76245211
167000 1509.76245211
168000 1509.76245211
169000 1533.93034826
170000 1533.93034826
171000 1533.93034826
172000 1533.93034826
173000 1949.3742283
174000 1949.3742283
175000 1949.3742283
176000 1949.3742283
177000 2364.81810833
178000 2364.81810833
179000 2364.81810833
180000 2364.81810833
181000 1489.56767677
182000 1489.56767677
183000 1489.56767677
184000 1499.22036269
185000 1499.22036269
186000 1499.22036269
187000 1499.22036269
188000 1508.8730486
189000 1508.8730486
190000 1508.8730486
191000 1508.8730486
192000 1521.46298984
193000 1521.46298984
194000 1521.46298984
195000 1202.61902463
196000 1202.61902463
197000 1202.61902463
198000 1202.61902463
199000 1202.61902463
200000 1596.24660133
201000 1596.24660133
202000 1596.24660133
203000 1596.24660133
204000 602.233930453
205000 602.233930453
206000 602.233930453
207000 602.233930453
208000 602.233930453
209000 602.233930453
210000 602.233930453
211000 602.233930453
212000 1043.60550278
213000 1043.60550278
214000 1043.60550278
215000 1043.60550278
216000 1043.60550278
217000 1043.60550278
218000 1484.9770751
219000 1484.9770751
220000 1347.96541787
221000 1347.96541787
222000 1676.87356322
223000 1676.87356322
224000 151745.684211
225000 151745.684211
226000 76422.2592963
227000 76422.2592963
228000 76422.2592963
229000 76422.2592963
230000 76422.2592963
231000 76422.2592963
232000 76422.2592963
233000 76422.2592963
234000 1098.83438155
235000 1098.83438155
236000 1318.89051264
237000 1318.89051264
238000 1318.89051264
239000 1318.89051264
240000 1318.89051264
241000 1318.89051264
242000 1318.89051264
243000 1318.89051264
244000 1318.89051264
245000 1318.89051264
246000 1318.89051264
247000 1538.94664372
248000 1538.94664372
249000 1519.97754862
250000 1519.97754862
251000 1501.00845351
252000 1501.00845351
253000 1501.00845351
254000 1433.84673965
255000 1433.84673965
256000 1507.12844514
257000 1507.12844514
258000 1507.12844514
259000 1477.94840336
260000 1477.94840336
261000 1477.94840336
262000 1448.76836158
263000 1448.76836158
264000 1448.76836158
265000 1471.45120457
266000 1471.45120457
267000 1164.22755672
268000 1164.22755672
269000 1164.22755672
270000 1164.22755672
271000 1472.34337598
272000 1472.34337598
273000 1510.43284859
274000 1510.43284859
275000 1510.43284859
276000 1532.17651957
277000 1532.17651957
278000 1532.17651957
279000 1523.01028597
280000 1523.01028597
281000 1523.01028597
282000 1523.01028597
283000 1513.84405236
284000 1513.84405236
285000 1513.84405236
286000 1513.84405236
287000 1524.01182732
288000 1524.01182732
289000 1524.01182732
290000 1487.1545089
291000 1487.1545089
292000 1487.1545089
293000 1487.1545089
294000 1536.56956393
295000 1536.56956393
296000 1536.56956393
297000 1536.56956393
298000 1487.46296296
299000 1487.46296296
300000 1487.46296296
301000 1487.46296296
302000 1214.09345794
303000 1214.09345794
304000 1214.09345794
305000 1214.09345794
306000 1519.95009357
307000 1519.95009357
308000 1519.95009357
309000 1519.95009357
310000 1388.98823529
311000 1388.98823529
312000 1388.98823529
313000 1388.98823529
314000 1518.96517413
315000 1518.96517413
316000 1518.96517413
317000 1457.0648992
318000 1457.0648992
319000 1457.0648992
320000 1457.0648992
321000 1516.52960428
322000 1516.52960428
323000 1516.52960428
324000 1516.52960428
325000 1503.1321408
326000 1503.1321408
327000 1503.1321408
328000 1503.1321408
329000 1472.73903002
330000 1472.73903002
331000 1472.73903002
332000 1497.53025523
333000 1497.53025523
334000 1497.53025523
335000 1497.53025523
336000 1514.93659104
337000 1514.93659104
338000 1514.93659104
339000 1514.93659104
340000 1443.39104478
341000 1443.39104478
342000 1443.39104478
343000 1473.47764706
344000 1473.47764706
345000 1473.47764706
346000 1473.47764706
347000 1513.56577045
348000 1513.56577045
349000 1513.56577045
350000 1513.56577045
351000 1208.03068073
352000 1208.03068073
353000 1208.03068073
354000 1208.03068073
355000 1473.10161022
356000 1473.10161022
357000 1473.10161022
358000 1473.10161022
359000 1514.60648801
360000 1514.60648801
361000 1514.60648801
362000 1514.60648801
363000 1493.19337707
364000 1493.19337707
365000 1493.19337707
366000 1498.08068219
367000 1498.08068219
368000 1498.08068219
369000 1498.08068219
370000 1491.77945444
371000 1491.77945444
372000 1491.77945444
373000 1491.77945444
374000 1426.61297539
375000 1426.61297539
376000 1426.61297539
377000 783.468975469
378000 783.468975469
379000 783.468975469
380000 783.468975469
381000 783.468975469
382000 783.468975469
383000 783.468975469
384000 1485.96347779
385000 1485.96347779
386000 1485.96347779
387000 1485.96347779
388000 1280.82819818
389000 1280.82819818
390000 1280.82819818
391000 1280.82819818
392000 1280.82819818
393000 1496.63382311
394000 1496.63382311
395000 1496.63382311
396000 1223.02903379
397000 1223.02903379
398000 1223.02903379
399000 1223.02903379
400000 1223.02903379
401000 1509.76245211
402000 1509.76245211
403000 1509.76245211
404000 1509.76245211
405000 1533.93034826
406000 1533.93034826
407000 1533.93034826
408000 1949.3742283
409000 1949.3742283
410000 1949.3742283
411000 1949.3742283
412000 1949.3742283
413000 2364.81810833
414000 2364.81810833
415000 2364.81810833
416000 2364.81810833
417000 1489.56767677
418000 1489.56767677
419000 1499.22036269
420000 1499.22036269
421000 1499.22036269
422000 1499.22036269
423000 1508.8730486
424000 1508.8730486
425000 1508.8730486
426000 1508.8730486
427000 1521.46298984
428000 1521.46298984
429000 1521.46298984
430000 1521.46298984
431000 1202.61902463
432000 1202.61902463
433000 1202.61902463
434000 1202.61902463
435000 1596.24660133
436000 1596.24660133
437000 1596.24660133
438000 1596.24660133
439000 602.233930453
440000 602.233930453
441000 602.233930453
442000 602.233930453
443000 602.233930453
444000 602.233930453
445000 602.233930453
446000 602.233930453
447000 602.233930453
448000 1043.60550278
449000 1043.60550278
450000 1043.60550278
451000 1043.60550278
452000 1043.60550278
453000 1484.9770751
454000 1484.9770751
455000 1484.9770751
456000 1347.96541787
457000 1676.87356322
458000 1676.87356322
459000 151745.684211
460000 151745.684211
461000 76422.2592963
462000 76422.2592963
463000 76422.2592963
464000 76422.2592963
465000 76422.2592963
466000 76422.2592963
467000 76422.2592963
468000 76422.2592963
469000 1098.83438155
470000 1098.83438155
471000 1098.83438155
