0 1594.84563758
1000 1594.84563758
2000 1594.84563758
3000 1594.84563758
4000 1594.84563758
5000 1594.84563758
6000 1594.84563758
7000 1594.84563758
8000 1594.84563758
9000 1594.84563758
10000 1594.84563758
11000 1594.84563758
12000 1594.84563758
13000 1594.84563758
14000 1594.84563758
15000 1594.84563758
16000 1594.84563758
17000 1594.84563758
18000 1177.98187311
19000 1177.98187311
20000 1206.96
21000 1487.08
22000 1487.08
23000 1487.08
24000 1767.2
25000 838.025706941
26000 838.025706941
27000 838.025706941
28000 838.025706941
29000 789.421355339
30000 789.421355339
31000 789.421355339
32000 789.421355339
33000 1046.62784988
34000 1046.62784988
35000 1046.62784988
36000 974.751837196
37000 974.751837196
38000 974.751837196
39000 974.751837196
40000 1579.12912347
41000 1579.12912347
42000 827.237807944
43000 827.237807944
44000 827.237807944
45000 827.237807944
46000 1034.70862012
47000 1034.70862012
48000 1034.70862012
49000 766.772042028
50000 766.772042028
51000 766.772042028
52000 766.772042028
53000 766.772042028
54000 978.762886598
55000 978.762886598
56000 978.762886598
57000 766.488721805
58000 766.488721805
59000 766.488721805
60000 766.488721805
61000 766.488721805
62000 1038.34875445
63000 1038.34875445
64000 1038.34875445
65000 1687.04076739
66000 1687.04076739
67000 985.422818792
68000 985.422818792
69000 985.422818792
70000 985.422818792
71000 543.198329854
72000 543.198329854
73000 543.198329854
74000 543.198329854
75000 543.198329854
76000 1681.38998098
77000 2178.79043601
78000 2178.79043601
79000 2173.59693487
80000 3027.75697865
81000 3027.75697865
82000 3224.65427509
83000 3249.88319856
84000 3501.47368421
85000 2465.19272727
86000 785.970750731
87000 785.970750731
88000 785.970750731
89000 785.970750731
90000 852.603305785
91000 852.603305785
92000 852.603305785
93000 852.603305785
94000 3430.25867508
95000 3175.28163265
96000 3350.39698965
97000 3350.39698965
98000 2971.23028391
99000 3011.97883598
100000 3027.00589722
101000 3027.00589722
102000 3336.59287777
103000 2793.85430464
104000 3569.19402985
105000 3002.58018018
106000 3002.58018018
107000 2995.46002473
108000 2995.46002473
109000 2988.33986928
110000 2988.33986928
111000 3307.01104503
112000 2482.19382627
113000 2482.19382627
114000 2192.10457516
115000 2192.10457516
116000 1618.49134948
117000 1618.49134948
118000 1618.49134948
119000 1929.08573891
120000 1929.08573891
121000 2620.67705088
122000 2620.67705088
123000 2950.65725054
124000 2950.65725054
125000 3280.6374502
126000 3280.6374502
127000 3367.81967213
128000 3367.81967213
129000 3441.73472757
130000 3441.73472757
131000 3380.10912512
132000 3380.10912512
133000 3380.10912512
134000 3320.05219661
135000 3320.05219661
136000 2957.18918919
137000 2957.18918919
138000 2957.18918919
139000 2933.6916996
140000 2933.6916996
141000 2856.76642914
142000 2856.76642914
143000 2856.76642914
144000 1500.25362319
145000 1500.25362319
146000 1500.25362319
147000 1500.25362319
148000 1500.25362319
149000 1462.49527959
150000 1462.49527959
151000 1462.49527959
152000 1462.49527959
153000 1462.49527959
154000 1969.16904025
155000 1969.16904025
156000 1969.16904025
157000 1969.16904025
158000 2043.16019252
159000 2043.16019252
160000 2043.16019252
161000 2043.16019252
162000 2043.16019252
163000 2043.16019252
164000 2043.16019252
165000 2043.16019252
166000 2043.16019252
167000 2043.16019252
168000 2043.16019252
169000 2043.16019252
170000 2043.16019252
171000 2043.16019252
172000 2043.16019252
173000 2043.16019252
174000 2043.16019252
175000 1594.84563758
176000 1177.98187311
177000 1177.98187311
178000 1206.96
179000 1487.08
180000 1487.08
181000 1767.2
182000 1767.2
183000 838.025706941
184000 838.025706941
185000 838.025706941
186000 789.421355339
187000 789.421355339
188000 789.421355339
189000 789.421355339
190000 789.421355339
191000 1046.62784988
192000 1046.62784988
193000 1046.62784988
194000 974.751837196
195000 974.751837196
196000 974.751837196
197000 1579.12912347
198000 1579.12912347
199000 1579.12912347
200000 827.237807944
201000 827.237807944
202000 827.237807944
203000 827.237807944
204000 1034.70862012
205000 1034.70862012
206000 1034.70862012
207000 766.772042028
208000 766.772042028
209000 766.772042028
210000 766.772042028
211000 766.772042028
212000 978.762886598
213000 978.762886598
214000 978.762886598
215000 766.488721805
216000 766.488721805
217000 766.488721805
218000 766.488721805
219000 766.488721805
220000 1038.34875445
221000 1038.34875445
222000 1038.34875445
223000 1687.04076739
224000 1687.04076739
225000 985.422818792
226000 985.422818792
227000 985.422818792
228000 985.422818792
229000 543.198329854
230000 543.198329854
231000 543.198329854
232000 543.198329854
233000 1681.38998098
234000 1681.38998098
235000 2178.79043601
236000 2178.79043601
237000 2173.59693487
238000 3027.75697865
239000 3027.75697865
240000 3224.65427509
241000 3249.88319856
242000 3501.47368421
243000 2465.19272727
244000 785.970750731
245000 785.970750731
246000 785.970750731
247000 785.970750731
248000 852.603305785
249000 852.603305785
250000 852.603305785
251000 852.603305785
252000 3430.25867508
253000 3175.28163265
254000 3350.39698965
255000 2971.23028391
256000 2971.23028391
257000 3011.97883598
258000 3027.00589722
259000 3336.59287777
260000 3336.59287777
261000 2793.85430464
262000 3569.19402985
263000 3002.58018018
264000 2995.46002473
265000 2995.46002473
266000 2995.46002473
267000 2988.33986928
268000 3307.01104503
269000 3307.01104503
270000 2482.19382627
271000 2192.10457516
272000 2192.10457516
273000 2192.10457516
274000 1618.49134948
275000 1618.49134948
276000 1618.49134948
277000 1929.08573891
278000 1929.08573891
279000 2620.67705088
280000 2620.67705088
281000 2950.65725054
282000 2950.65725054
283000 3280.6374502
284000 3280.6374502
285000 3367.81967213
286000 3367.81967213
287000 3441.73472757
288000 3441.73472757
289000 3380.10912512
290000 3380.10912512
291000 3320.05219661
292000 3320.05219661
293000 3320.05219661
294000 2957.18918919
295000 2957.18918919
296000 2933.6916996
297000 2933.6916996
298000 2933.6916996
299000 2856.76642914
300000 2856.76642914
301000 2856.76642914
302000 1500.25362319
303000 1500.25362319
304000 1500.25362319
305000 1500.25362319
306000 1462.49527959
307000 1462.49527959
308000 1462.49527959
309000 1462.49527959
310000 1462.49527959
311000 1462.49527959
312000 1969.16904025
313000 1969.16904025
314000 1969.16904025
315000 2491.47474747
