0 3639.11482255
1000 3639.11482255
2000 3639.11482255
3000 3639.11482255
4000 3639.11482255
5000 3639.11482255
6000 3639.11482255
7000 3405.32376167
8000 3405.32376167
9000 3442.47801975
10000 3479.63227783
11000 3479.63227783
12000 3404.38292964
13000 3404.38292964
14000 3404.17560976
15000 3404.17560976
16000 3402.76472796
17000 3402.76472796
18000 3402.76472796
19000 3401.35384615
20000 3401.35384615
21000 3401.35384615
22000 3401.35384615
23000 3213.49265426
24000 3213.49265426
25000 3213.49265426
26000 3213.49265426
27000 3213.49265426
28000 3292.33623838
29000 3292.33623838
30000 3292.33623838
31000 3292.33623838
32000 3292.33623838
33000 3292.33623838
34000 3292.33623838
35000 3292.33623838
36000 3371.17982251
37000 3371.17982251
38000 3381.77514793
39000 3381.77514793
40000 3479.71245692
41000 3479.71245692
42000 3479.71245692
43000 3434.12169066
44000 3434.12169066
45000 3422.3372549
46000 3422.3372549
47000 3397.03842549
48000 3397.03842549
49000 3397.03842549
50000 3397.58114168
51000 3397.58114168
52000 3397.58114168
53000 3397.58114168
54000 3398.12385787
55000 3398.12385787
56000 3398.12385787
57000 3398.12385787
58000 3351.66850299
59000 3351.66850299
60000 3351.66850299
61000 3351.66850299
62000 3340.48927646
63000 3340.48927646
64000 3340.48927646
65000 3340.48927646
66000 3340.48927646
67000 3412.94053728
68000 3412.94053728
69000 3412.94053728
70000 3412.94053728
71000 3412.94053728
72000 3408.69784551
73000 3408.69784551
74000 3408.69784551
75000 3408.69784551
76000 3419.04646687
77000 3419.04646687
78000 3419.04646687
79000 3419.04646687
80000 3371.87667687
81000 3371.87667687
82000 3371.87667687
83000 3371.87667687
84000 3371.87667687
85000 3366.89512394
86000 3366.89512394
87000 3366.89512394
88000 3400.76688919
89000 3400.76688919
90000 3400.76688919
91000 3400.76688919
92000 3400.76688919
93000 3379.35343549
94000 3379.35343549
95000 3379.35343549
96000 3379.35343549
97000 3367.91125198
98000 3367.91125198
99000 3367.91125198
100000 3367.91125198
101000 3367.91125198
102000 3384.0
103000 3384.0
104000 3402.85893417
105000 3402.85893417
106000 3402.85893417
107000 3497.77703269
108000 3497.77703269
109000 3450.35294118
110000 3450.35294118
111000 3450.35294118
112000 3402.56952715
113000 3402.56952715
114000 3402.56952715
115000 3350.57777778
116000 3350.57777778
117000 3350.57777778
118000 3346.97592998
119000 3346.97592998
120000 3346.97592998
121000 3346.97592998
122000 3391.51614557
123000 3391.51614557
124000 3391.51614557
125000 3391.51614557
126000 3391.51614557
127000 3406.2939711
128000 3406.2939711
129000 3406.2939711
130000 3406.2939711
131000 3389.81373607
132000 3389.81373607
133000 3389.81373607
134000 3389.81373607
135000 3375.19481814
136000 3375.19481814
137000 3375.19481814
138000 3375.19481814
139000 3378.18284107
140000 3378.18284107
141000 3378.18284107
142000 3378.18284107
143000 3378.18284107
144000 3381.13649678
145000 3381.13649678
146000 3381.13649678
147000 3381.13649678
148000 3381.13649678
149000 3383.04081633
150000 3383.04081633
151000 3383.04081633
152000 3396.17456593
153000 3396.17456593
154000 3396.17456593
155000 3396.17456593
156000 3396.17456593
157000 3354.34197988
158000 3354.34197988
159000 3354.34197988
160000 3354.34197988
161000 3417.06339468
162000 3417.06339468
163000 3417.06339468
164000 3417.06339468
165000 3403.22013871
166000 3403.22013871
167000 3403.22013871
168000 3403.22013871
169000 3354.43437591
170000 3354.43437591
171000 3354.43437591
172000 3354.43437591
173000 2471.82894737
174000 2471.82894737
175000 2471.82894737
176000 2471.82894737
177000 2471.82894737
178000 3328.93723849
179000 3328.93723849
180000 3328.93723849
181000 3328.93723849
182000 3328.93723849
183000 3144.03014853
184000 3144.03014853
185000 3144.03014853
186000 3144.03014853
187000 3144.03014853
188000 3384.7733443
189000 3384.7733443
190000 3384.7733443
191000 3169.48498635
192000 3169.48498635
193000 3404.29990445
194000 3404.29990445
195000 3404.29990445
196000 3404.29990445
197000 3404.29990445
198000 3639.11482255
199000 3405.32376167
200000 3405.32376167
201000 3442.47801975
202000 3479.63227783
203000 3479.63227783
204000 3479.63227783
205000 3404.38292964
206000 3404.17560976
207000 3404.17560976
208000 3402.76472796
209000 3402.76472796
210000 3402.76472796
211000 3402.76472796
212000 3401.35384615
213000 3401.35384615
214000 3401.35384615
215000 3213.49265426
216000 3213.49265426
217000 3213.49265426
218000 3213.49265426
219000 3213.49265426
220000 3292.33623838
221000 3292.33623838
222000 3292.33623838
223000 3292.33623838
224000 3292.33623838
225000 3292.33623838
226000 3292.33623838
227000 3292.33623838
228000 3371.17982251
229000 3371.17982251
230000 3381.77514793
231000 3381.77514793
232000 3381.77514793
233000 3479.71245692
234000 3479.71245692
235000 3434.12169066
236000 3434.12169066
237000 3422.3372549
238000 3422.3372549
239000 3397.03842549
240000 3397.03842549
241000 3397.03842549
242000 3397.58114168
243000 3397.58114168
244000 3397.58114168
245000 3397.58114168
246000 3398.12385787
247000 3398.12385787
248000 3398.12385787
249000 3398.12385787
250000 3351.66850299
251000 3351.66850299
252000 3351.66850299
253000 3351.66850299
254000 3340.48927646
255000 3340.48927646
256000 3340.48927646
257000 3340.48927646
258000 3340.48927646
259000 3412.94053728
260000 3412.94053728
261000 3412.94053728
262000 3412.94053728
263000 3412.94053728
264000 3408.69784551
265000 3408.69784551
266000 3408.69784551
267000 3408.69784551
268000 3419.04646687
269000 3419.04646687
270000 3419.04646687
271000 3419.04646687
272000 3371.87667687
273000 3371.87667687
274000 3371.87667687
275000 3371.87667687
276000 3371.87667687
277000 3366.89512394
278000 3366.89512394
279000 3366.89512394
280000 3400.76688919
281000 3400.76688919
282000 3400.76688919
283000 3400.76688919
284000 3400.76688919
285000 3379.35343549
286000 3379.35343549
287000 3379.35343549
288000 3379.35343549
289000 3367.91125198
290000 3367.91125198
291000 3367.91125198
292000 3367.91125198
293000 3367.91125198
294000 3384.0
295000 3384.0
296000 3402.85893417
297000 3402.85893417
298000 3402.85893417
299000 3497.77703269
300000 3497.77703269
301000 3450.35294118
302000 3450.35294118
303000 3450.35294118
304000 3402.56952715
305000 3402.56952715
306000 3402.56952715
307000 3350.57777778
308000 3350.57777778
309000 3350.57777778
310000 3346.97592998
311000 3346.97592998
312000 3346.97592998
313000 3346.97592998
314000 3391.51614557
315000 3391.51614557
316000 3391.51614557
317000 3391.51614557
318000 3391.51614557
319000 3406.2939711
320000 3406.2939711
321000 3406.2939711
322000 3406.2939711
323000 3389.81373607
324000 3389.81373607
325000 3389.81373607
326000 3389.81373607
327000 3375.19481814
328000 3375.19481814
329000 3375.19481814
330000 3375.19481814
331000 3378.18284107
332000 3378.18284107
333000 3378.18284107
334000 3378.18284107
335000 3378.18284107
336000 3381.13649678
337000 3381.13649678
338000 3381.13649678
339000 3381.13649678
340000 3381.13649678
341000 3383.04081633
342000 3383.04081633
343000 3383.04081633
344000 3396.17456593
345000 3396.17456593
346000 3396.17456593
347000 3396.17456593
348000 3396.17456593
349000 3354.34197988
350000 3354.34197988
351000 3354.34197988
352000 3354.34197988
353000 3417.06339468
354000 3417.06339468
355000 3417.06339468
356000 3417.06339468
357000 3403.22013871
358000 3403.22013871
359000 3403.22013871
360000 3403.22013871
361000 3354.43437591
362000 3354.43437591
363000 3354.43437591
364000 3354.43437591
365000 2471.82894737
366000 2471.82894737
367000 2471.82894737
368000 2471.82894737
369000 2471.82894737
370000 3328.93723849
371000 3328.93723849
372000 3328.93723849
373000 3328.93723849
374000 3328.93723849
375000 3144.03014853
376000 3144.03014853
377000 3144.03014853
378000 3144.03014853
379000 3144.03014853
380000 3384.7733443
381000 3384.7733443
382000 3384.7733443
383000 3169.48498635
384000 3169.48498635
