0 4722.07026564
1000 4722.07026564
2000 4722.07026564
3000 4722.07026564
4000 4722.07026564
5000 4722.07026564
6000 4722.07026564
7000 4715.45274139
8000 4708.83521713
9000 4708.83521713
10000 3004.72901261
11000 3004.72901261
12000 3004.72901261
13000 4976.40125392
14000 3993.75421687
15000 3993.75421687
16000 3361.46775297
17000 3361.46775297
18000 3361.46775297
19000 3361.46775297
20000 3361.46775297
21000 2729.18128907
22000 2729.18128907
23000 2729.18128907
24000 2729.18128907
25000 2729.18128907
26000 3443.87064453
27000 3443.87064453
28000 3443.87064453
29000 3443.87064453
30000 3443.87064453
31000 4158.56
32000 4158.56
33000 3384.41090401
34000 2083.28334649
35000 2083.28334649
36000 2083.28334649
37000 5471.32137031
38000 1788.07135362
39000 1788.07135362
40000 1788.07135362
41000 5568.11764706
42000 5042.11909751
43000 5042.11909751
44000 5042.11909751
45000 5042.11909751
46000 5042.11909751
47000 5042.11909751
48000 5042.11909751
49000 5042.11909751
50000 4516.12054795
51000 1348.87892377
52000 1348.87892377
53000 2077.11317391
54000 2805.34742404
55000 3766.035313
56000 3766.035313
57000 1092.3188528
58000 1092.3188528
59000 1092.3188528
60000 2818.18377952
61000 4544.04870624
62000 1584.72812135
63000 1584.72812135
64000 1661.01098901
65000 1661.01098901
66000 1661.01098901
67000 3364.87566761
68000 3364.87566761
69000 6120.21417323
70000 6120.21417323
71000 1208.3626943
72000 1208.3626943
73000 1208.3626943
74000 1968.87272727
75000 1968.87272727
76000 1968.87272727
77000 2288.44721845
78000 2288.44721845
79000 2288.44721845
80000 2288.44721845
81000 2288.44721845
82000 2288.44721845
83000 2288.44721845
84000 2288.44721845
85000 2288.44721845
86000 2288.44721845
87000 2288.44721845
88000 2608.02170963
89000 2158.27312775
90000 2598.44445192
91000 2598.44445192
92000 3038.61577608
93000 3038.61577608
94000 1844.46936656
95000 1844.46936656
96000 1844.46936656
97000 1773.02488844
98000 1701.58041032
99000 1701.58041032
100000 1701.58041032
101000 2737.10315339
102000 2737.10315339
103000 4794.91777388
104000 4794.91777388
105000 4794.91777388
106000 4794.91777388
107000 4794.91777388
108000 4794.91777388
109000 6852.73239437
110000 6852.73239437
111000 5934.7027027
112000 4114.66842452
113000 4114.66842452
114000 4114.66842452
115000 2294.63414634
116000 2294.63414634
117000 1336.37862595
118000 1336.37862595
119000 1336.37862595
120000 5302.69819193
121000 1486.82778306
122000 1486.82778306
123000 1486.82778306
124000 643.621783741
125000 643.621783741
126000 643.621783741
127000 643.621783741
128000 643.621783741
129000 643.621783741
130000 643.621783741
131000 5265.51919192
132000 2125.7105585
133000 2125.7105585
134000 2125.7105585
135000 4349.01673307
136000 631.507710383
137000 631.507710383
138000 631.507710383
139000 631.507710383
140000 631.507710383
141000 631.507710383
142000 631.507710383
143000 4644.74378749
144000 2659.47692308
145000 3421.04272014
146000 3421.04272014
147000 4939.54157303
148000 3238.4178273
149000 3983.05700483
150000 3983.05700483
151000 1912.25879044
152000 1912.25879044
153000 3000.50676157
154000 3000.50676157
155000 3809.28838951
156000 408.139419087
157000 408.139419087
158000 408.139419087
159000 408.139419087
160000 408.139419087
161000 408.139419087
162000 408.139419087
163000 408.139419087
164000 408.139419087
165000 408.139419087
166000 408.139419087
167000 408.139419087
168000 408.139419087
169000 4701.83822222
170000 4701.83822222
171000 2544.93042575
172000 2544.93042575
173000 1208.65256798
174000 1208.65256798
175000 1208.65256798
176000 1208.65256798
177000 1561.18631179
178000 1561.18631179
179000 1561.18631179
180000 1561.18631179
181000 1265.37909992
182000 1265.37909992
183000 1265.37909992
184000 1265.37909992
185000 1610.9810958
186000 1610.9810958
187000 1610.9810958
188000 3758.23058824
189000 1898.66666667
190000 1898.66666667
191000 1898.66666667
192000 5495.50100604
193000 5495.50100604
194000 1522.47333733
195000 1522.47333733
196000 1522.47333733
197000 5823.6852459
198000 5125.26624738
199000 5463.23505976
200000 5463.23505976
201000 4783.39849624
202000 1374.05160916
203000 1374.05160916
204000 1374.05160916
205000 5877.82332155
206000 1061.07443366
207000 4009.35836514
208000 4009.35836514
209000 4009.35836514
210000 4009.35836514
211000 4009.35836514
212000 4009.35836514
213000 4722.07026564
214000 4715.45274139
215000 4708.83521713
216000 4708.83521713
217000 3004.72901261
218000 3004.72901261
219000 3004.72901261
220000 4976.40125392
221000 3993.75421687
222000 3993.75421687
223000 3361.46775297
224000 3361.46775297
225000 3361.46775297
226000 3361.46775297
227000 3361.46775297
228000 2729.18128907
229000 2729.18128907
230000 2729.18128907
231000 2729.18128907
232000 2729.18128907
233000 3443.87064453
234000 3443.87064453
235000 3443.87064453
236000 3443.87064453
237000 3443.87064453
238000 4158.56
239000 4158.56
240000 3384.41090401
241000 2083.28334649
242000 2083.28334649
243000 2083.28334649
244000 5471.32137031
245000 1788.07135362
246000 1788.07135362
247000 5568.11764706
248000 5042.11909751
249000 5042.11909751
250000 5042.11909751
251000 5042.11909751
252000 5042.11909751
253000 5042.11909751
254000 5042.11909751
255000 5042.11909751
256000 5042.11909751
257000 4516.12054795
258000 1348.87892377
259000 1348.87892377
260000 2077.11317391
261000 2805.34742404
262000 3766.035313
263000 3766.035313
264000 1092.3188528
265000 1092.3188528
266000 1092.3188528
267000 2818.18377952
268000 4544.04870624
269000 1584.72812135
270000 1584.72812135
271000 1661.01098901
272000 1661.01098901
273000 1661.01098901
274000 3364.87566761
275000 5068.74034621
276000 6120.21417323
277000 6120.21417323
278000 1208.3626943
279000 1208.3626943
280000 1208.3626943
281000 1968.87272727
282000 1968.87272727
283000 1968.87272727
284000 2288.44721845
285000 2288.44721845
286000 2288.44721845
287000 2288.44721845
288000 2288.44721845
289000 2288.44721845
290000 2288.44721845
291000 2288.44721845
292000 2288.44721845
293000 2288.44721845
294000 2288.44721845
295000 2608.02170963
296000 2158.27312775
297000 2598.44445192
298000 2598.44445192
299000 3038.61577608
300000 3038.61577608
301000 1844.46936656
302000 1844.46936656
303000 1773.02488844
304000 1773.02488844
305000 1701.58041032
306000 1701.58041032
307000 1701.58041032
308000 2737.10315339
309000 2737.10315339
310000 4794.91777388
311000 4794.91777388
312000 4794.91777388
313000 4794.91777388
314000 4794.91777388
315000 4794.91777388
316000 6852.73239437
317000 6852.73239437
318000 5934.7027027
319000 4114.66842452
320000 4114.66842452
321000 2294.63414634
322000 2294.63414634
323000 2294.63414634
324000 1336.37862595
325000 1336.37862595
326000 1336.37862595
327000 5302.69819193
328000 1486.82778306
329000 1486.82778306
330000 1486.82778306
331000 643.621783741
332000 643.621783741
333000 643.621783741
334000 643.621783741
335000 643.621783741
336000 643.621783741
337000 643.621783741
338000 5265.51919192
339000 2125.7105585
340000 2125.7105585
341000 4349.01673307
342000 4349.01673307
343000 631.507710383
344000 631.507710383
345000 631.507710383
346000 631.507710383
347000 631.507710383
348000 631.507710383
349000 631.507710383
350000 4644.74378749
351000 2659.47692308
352000 3421.04272014
353000 3421.04272014
354000 4939.54157303
355000 3238.4178273
356000 3983.05700483
357000 3983.05700483
358000 1912.25879044
359000 1912.25879044
360000 3000.50676157
361000 3809.28838951
362000 3809.28838951
363000 408.139419087
364000 408.139419087
365000 408.139419087
366000 408.139419087
367000 408.139419087
368000 408.139419087
369000 408.139419087
370000 408.139419087
371000 408.139419087
372000 408.139419087
373000 408.139419087
374000 408.139419087
375000 408.139419087
376000 4701.83822222
377000 4701.83822222
378000 2544.93042575
379000 2544.93042575
380000 1208.65256798
381000 1208.65256798
382000 1208.65256798
383000 1208.65256798
384000 1561.18631179
385000 1561.18631179
386000 1561.18631179
387000 1561.18631179
388000 1265.37909992
389000 1265.37909992
390000 1265.37909992
391000 1265.37909992
392000 1610.9810958
393000 1610.9810958
394000 1610.9810958
395000 3758.23058824
396000 1898.66666667
397000 1898.66666667
398000 1898.66666667
399000 5495.50100604
400000 5495.50100604
401000 1522.47333733
402000 1522.47333733
403000 1522.47333733
404000 5823.6852459
405000 5125.26624738
406000 5463.23505976
407000 4783.39849624
408000 1374.05160916
409000 1374.05160916
410000 1374.05160916
411000 1374.05160916
412000 5877.82332155
413000 1061.07443366
