0 371.64874064
1000 371.64874064
2000 371.64874064
3000 371.64874064
4000 371.64874064
5000 371.64874064
6000 371.64874064
7000 371.64874064
8000 371.64874064
9000 373.033276158
10000 373.033276158
11000 373.033276158
12000 373.033276158
13000 325.346611342
14000 325.346611342
15000 325.346611342
16000 325.346611342
17000 332.607163161
18000 332.607163161
19000 332.607163161
20000 332.607163161
21000 332.607163161
22000 1008.1618887
23000 1008.1618887
24000 490.050880626
25000 490.050880626
26000 354.560853618
27000 354.560853618
28000 354.560853618
29000 354.560853618
30000 297.512130099
31000 297.512130099
32000 297.512130099
33000 297.512130099
34000 297.512130099
35000 336.433230769
36000 336.433230769
37000 336.433230769
38000 336.433230769
39000 977.023017903
40000 977.023017903
41000 291.897552647
42000 291.897552647
43000 291.897552647
44000 291.897552647
45000 927.946711074
46000 927.946711074
47000 927.946711074
48000 2577.33920705
49000 849.612762872
50000 849.612762872
51000 364.788195512
52000 364.788195512
53000 364.788195512
54000 364.788195512
55000 361.721518987
56000 361.721518987
57000 361.721518987
58000 361.721518987
59000 858.528960223
60000 858.528960223
61000 975.366336634
62000 975.366336634
63000 601.6
64000 601.6
65000 601.6
66000 520.010904134
67000 520.010904134
68000 520.010904134
69000 372.724541904
70000 372.724541904
71000 372.724541904
72000 372.724541904
73000 621.800629591
74000 621.800629591
75000 621.800629591
76000 343.710128388
77000 343.710128388
78000 343.710128388
79000 343.710128388
80000 995.776879547
81000 995.776879547
82000 827.301759134
83000 827.301759134
84000 938.934412955
85000 938.934412955
86000 785.162127108
87000 785.162127108
88000 785.162127108
89000 1018.75455334
90000 1018.75455334
91000 960.855060729
92000 960.855060729
93000 527.929266136
94000 527.929266136
95000 527.929266136
96000 829.466012614
97000 829.466012614
98000 778.818830243
99000 778.818830243
100000 526.262773723
101000 526.262773723
102000 526.262773723
103000 337.581933352
104000 337.581933352
105000 337.581933352
106000 337.581933352
107000 337.581933352
108000 1435.63636364
109000 1435.63636364
110000 1314.95085509
111000 1314.95085509
112000 1314.95085509
113000 1314.95085509
114000 1314.95085509
115000 1194.26534653
116000 1194.26534653
117000 1194.26534653
118000 1185.91469194
119000 1185.91469194
120000 427.47826087
121000 427.47826087
122000 427.47826087
123000 427.47826087
124000 427.47826087
125000 427.47826087
126000 1210.28571429
127000 1210.28571429
128000 1213.43129252
129000 1213.43129252
130000 983.327398615
131000 983.327398615
132000 983.327398615
133000 1108.54777845
134000 1108.54777845
135000 541.910131175
136000 541.910131175
137000 541.910131175
138000 541.910131175
139000 524.495407737
140000 524.495407737
141000 524.495407737
142000 524.495407737
143000 524.495407737
144000 830.065703022
145000 830.065703022
146000 830.065703022
147000 333.818660812
148000 333.818660812
149000 333.818660812
150000 333.818660812
151000 333.818660812
152000 391.792672029
153000 391.792672029
154000 391.792672029
155000 391.792672029
156000 391.792672029
157000 13514.2028986
158000 1155.73397823
159000 1155.73397823
160000 8152.93333333
161000 838.597798476
162000 838.597798476
163000 838.597798476
164000 10103.7948718
165000 16594.5546218
166000 16608.8275862
167000 1790.47619048
168000 1790.47619048
169000 1805.95396419
170000 1859.76203966
171000 1115.70539015
172000 1115.70539015
173000 1115.70539015
174000 1115.70539015
175000 371.64874064
176000 371.64874064
177000 371.64874064
178000 371.64874064
179000 371.64874064
180000 373.033276158
181000 373.033276158
182000 373.033276158
183000 373.033276158
184000 325.346611342
185000 325.346611342
186000 325.346611342
187000 325.346611342
188000 332.607163161
189000 332.607163161
190000 332.607163161
191000 332.607163161
192000 1008.1618887
193000 1008.1618887
194000 1008.1618887
195000 490.050880626
196000 490.050880626
197000 354.560853618
198000 354.560853618
199000 354.560853618
200000 354.560853618
201000 297.512130099
202000 297.512130099
203000 297.512130099
204000 297.512130099
205000 297.512130099
206000 336.433230769
207000 336.433230769
208000 336.433230769
209000 336.433230769
210000 977.023017903
211000 977.023017903
212000 291.897552647
213000 291.897552647
214000 291.897552647
215000 291.897552647
216000 927.946711074
217000 927.946711074
218000 2577.33920705
219000 2577.33920705
220000 849.612762872
221000 849.612762872
222000 364.788195512
223000 364.788195512
224000 364.788195512
225000 364.788195512
226000 361.721518987
227000 361.721518987
228000 361.721518987
229000 361.721518987
230000 858.528960223
231000 858.528960223
232000 975.366336634
233000 975.366336634
234000 601.6
235000 601.6
236000 520.010904134
237000 520.010904134
238000 520.010904134
239000 520.010904134
240000 372.724541904
241000 372.724541904
242000 372.724541904
243000 372.724541904
244000 621.800629591
245000 621.800629591
246000 343.710128388
247000 343.710128388
248000 343.710128388
249000 343.710128388
250000 343.710128388
251000 995.776879547
252000 995.776879547
253000 827.301759134
254000 827.301759134
255000 938.934412955
256000 938.934412955
257000 785.162127108
258000 785.162127108
259000 1018.75455334
260000 1018.75455334
261000 960.855060729
262000 960.855060729
263000 960.855060729
264000 527.929266136
265000 527.929266136
266000 829.466012614
267000 829.466012614
268000 829.466012614
269000 778.818830243
270000 778.818830243
271000 526.262773723
272000 526.262773723
273000 526.262773723
274000 337.581933352
275000 337.581933352
276000 337.581933352
277000 337.581933352
278000 1435.63636364
279000 1435.63636364
280000 1314.95085509
281000 1314.95085509
282000 1314.95085509
283000 1314.95085509
284000 1314.95085509
285000 1314.95085509
286000 1194.26534653
287000 1194.26534653
288000 1194.26534653
289000 1185.91469194
290000 1185.91469194
291000 427.47826087
292000 427.47826087
293000 427.47826087
294000 427.47826087
295000 427.47826087
296000 1210.28571429
297000 1210.28571429
298000 1213.43129252
299000 1213.43129252
300000 1213.43129252
301000 983.327398615
302000 983.327398615
303000 1108.54777845
304000 1108.54777845
305000 1108.54777845
306000 541.910131175
307000 541.910131175
308000 541.910131175
309000 541.910131175
310000 524.495407737
311000 524.495407737
312000 524.495407737
313000 524.495407737
314000 524.495407737
315000 830.065703022
316000 830.065703022
317000 830.065703022
318000 333.818660812
319000 333.818660812
320000 333.818660812
321000 333.818660812
322000 333.818660812
323000 391.792672029
324000 391.792672029
325000 391.792672029
326000 391.792672029
327000 391.792672029
328000 13514.2028986
329000 1155.73397823
330000 1155.73397823
331000 8152.93333333
332000 838.597798476
333000 838.597798476
334000 838.597798476
335000 10103.7948718
336000 10953.4736842
337000 16608.8275862
338000 1790.47619048
339000 1805.95396419
340000 1805.95396419
341000 1859.76203966
