0 6324.82598608
1000 6324.82598608
2000 6324.82598608
3000 6324.82598608
4000 6098.38778825
5000 6098.38778825
6000 5871.94959042
7000 5871.94959042
8000 6011.90748299
9000 6011.90748299
10000 5904.04928131
11000 5904.04928131
12000 5977.21659966
13000 5977.21659966
14000 5977.21659966
15000 6050.38391801
16000 6050.38391801
17000 6050.38391801
18000 5865.48597422
19000 5865.48597422
20000 5865.48597422
21000 5873.32073922
22000 5873.32073922
23000 5880.81605351
24000 5880.81605351
25000 5880.81605351
26000 5889.61170612
27000 5889.61170612
28000 5889.61170612
29000 5898.40735874
30000 5898.40735874
31000 5898.40735874
32000 6008.52154696
33000 6008.52154696
34000 6008.52154696
35000 6008.52154696
36000 5885.71304819
37000 5885.71304819
38000 5885.71304819
39000 5942.33641198
40000 5942.33641198
41000 5942.33641198
42000 5942.33641198
43000 5985.86602871
44000 5985.86602871
45000 5985.86602871
46000 5985.86602871
47000 6050.97674419
48000 6050.97674419
49000 6050.97674419
50000 5999.05352113
51000 5999.05352113
52000 5999.05352113
53000 5979.90146537
54000 5979.90146537
55000 5979.90146537
56000 5979.90146537
57000 5960.7494096
58000 5960.7494096
59000 5960.7494096
60000 5960.7494096
61000 5881.07138236
62000 5881.07138236
63000 5881.07138236
64000 5881.07138236
65000 5881.07138236
66000 5869.89020452
67000 5869.89020452
68000 5869.89020452
69000 5869.89020452
70000 5957.65414872
71000 5957.65414872
72000 5957.65414872
73000 5957.65414872
74000 5957.65414872
75000 5957.65414872
76000 5957.65414872
77000 6045.41809291
78000 6045.41809291
79000 6045.41809291
80000 6098.80144404
81000 6098.80144404
82000 5902.33837153
83000 5902.33837153
84000 6082.77098901
85000 6082.77098901
86000 6082.77098901
87000 6000.56713385
88000 6000.56713385
89000 5918.36327869
90000 5918.36327869
91000 5918.36327869
92000 5918.36327869
93000 6059.28856089
94000 6059.28856089
95000 6059.28856089
96000 5918.43688941
97000 5918.43688941
98000 6017.99271282
99000 6017.99271282
100000 6017.99271282
101000 5994.9216354
102000 5994.9216354
103000 5994.9216354
104000 5994.9216354
105000 5971.85055798
106000 5971.85055798
107000 5971.85055798
108000 5971.85055798
109000 5890.27466591
110000 5890.27466591
111000 5890.27466591
112000 5890.27466591
113000 5897.45189341
114000 5897.45189341
115000 5897.45189341
116000 5958.89092762
117000 5958.89092762
118000 5958.89092762
119000 5958.89092762
120000 5871.83044316
121000 5871.83044316
122000 5871.83044316
123000 5871.83044316
124000 5871.83044316
125000 5276.01710556
126000 5276.01710556
127000 5276.01710556
128000 5276.01710556
129000 5424.75513604
130000 5424.75513604
131000 5424.75513604
132000 5424.75513604
133000 5920.69033708
134000 5920.69033708
135000 5920.69033708
136000 5869.66029246
137000 5869.66029246
138000 5869.66029246
139000 6009.0
140000 6009.0
141000 6009.0
142000 5901.43823603
143000 5901.43823603
144000 5901.43823603
145000 5901.43823603
146000 5928.69862659
147000 5928.69862659
148000 5928.69862659
149000 5928.69862659
150000 5970.89911055
151000 5970.89911055
152000 5970.89911055
153000 5970.89911055
154000 6022.88679725
155000 6022.88679725
156000 6022.88679725
157000 6022.88679725
158000 6022.88679725
159000 5932.02434506
160000 5932.02434506
161000 5932.02434506
162000 5932.02434506
163000 5932.02434506
164000 5923.77158931
165000 5923.77158931
166000 5923.77158931
167000 5883.02770417
168000 5883.02770417
169000 5883.02770417
170000 5883.02770417
171000 5883.02770417
172000 5985.39430213
173000 5985.39430213
174000 5985.39430213
175000 5985.39430213
176000 5967.36948467
177000 5967.36948467
178000 5967.36948467
179000 5965.96236706
180000 5965.96236706
181000 5965.96236706
182000 5965.96236706
183000 5986.1192053
184000 5986.1192053
185000 5986.1192053
186000 5986.1192053
187000 5949.39649846
188000 5949.39649846
189000 5949.39649846
190000 5949.39649846
191000 5942.96555618
192000 5942.96555618
193000 5942.96555618
194000 6093.81456954
195000 6093.81456954
196000 6093.81456954
197000 5920.19546248
198000 4608.31527094
199000 4992.34154352
200000 4992.34154352
201000 4992.34154352
202000 4992.34154352
203000 4992.34154352
204000 4992.34154352
205000 4992.34154352
206000 4992.34154352
207000 4992.34154352
208000 4992.34154352
209000 4992.34154352
210000 4992.34154352
211000 4992.34154352
212000 4992.34154352
213000 4992.34154352
214000 4992.34154352
215000 4992.34154352
216000 4992.34154352
217000 4992.34154352
218000 4992.34154352
219000 5376.36781609
220000 5850.59690109
221000 5850.59690109
222000 6324.82598608
223000 6098.38778825
224000 6098.38778825
225000 5871.94959042
226000 5871.94959042
227000 6011.90748299
228000 6011.90748299
229000 5904.04928131
230000 5904.04928131
231000 5977.21659966
232000 5977.21659966
233000 5977.21659966
234000 6050.38391801
235000 6050.38391801
236000 6050.38391801
237000 5865.48597422
238000 5865.48597422
239000 5865.48597422
240000 5873.32073922
241000 5873.32073922
242000 5880.81605351
243000 5880.81605351
244000 5880.81605351
245000 5889.61170612
246000 5889.61170612
247000 5889.61170612
248000 5898.40735874
249000 5898.40735874
250000 5898.40735874
251000 6008.52154696
252000 6008.52154696
253000 6008.52154696
254000 6008.52154696
255000 5885.71304819
256000 5885.71304819
257000 5885.71304819
258000 5885.71304819
259000 5942.33641198
260000 5942.33641198
261000 5942.33641198
262000 5985.86602871
263000 5985.86602871
264000 5985.86602871
265000 5985.86602871
266000 6050.97674419
267000 6050.97674419
268000 6050.97674419
269000 5999.05352113
270000 5999.05352113
271000 5999.05352113
272000 5999.05352113
273000 5979.90146537
274000 5979.90146537
275000 5979.90146537
276000 5960.7494096
277000 5960.7494096
278000 5960.7494096
279000 5960.7494096
280000 5960.7494096
281000 5881.07138236
282000 5881.07138236
283000 5881.07138236
284000 5881.07138236
285000 5869.89020452
286000 5869.89020452
287000 5869.89020452
288000 5869.89020452
289000 5957.65414872
290000 5957.65414872
291000 5957.65414872
292000 5957.65414872
293000 5957.65414872
294000 5957.65414872
295000 5957.65414872
296000 6045.41809291
297000 6045.41809291
298000 6045.41809291
299000 6098.80144404
300000 6098.80144404
301000 5902.33837153
302000 5902.33837153
303000 6082.77098901
304000 6082.77098901
305000 6082.77098901
306000 6000.56713385
307000 6000.56713385
308000 6000.56713385
309000 5918.36327869
310000 5918.36327869
311000 5918.36327869
312000 6059.28856089
313000 6059.28856089
314000 6059.28856089
315000 5918.43688941
316000 5918.43688941
317000 6017.99271282
318000 6017.99271282
319000 6017.99271282
320000 6017.99271282
321000 5994.9216354
322000 5994.9216354
323000 5994.9216354
324000 5971.85055798
325000 5971.85055798
326000 5971.85055798
327000 5971.85055798
328000 5890.27466591
329000 5890.27466591
330000 5890.27466591
331000 5890.27466591
332000 5897.45189341
333000 5897.45189341
334000 5897.45189341
335000 5958.89092762
336000 5958.89092762
337000 5958.89092762
338000 5958.89092762
339000 5958.89092762
340000 5871.83044316
341000 5871.83044316
342000 5871.83044316
343000 5871.83044316
344000 5276.01710556
345000 5276.01710556
346000 5276.01710556
347000 5276.01710556
348000 5424.75513604
349000 5424.75513604
350000 5424.75513604
351000 5424.75513604
352000 5920.69033708
353000 5920.69033708
354000 5920.69033708
355000 5869.66029246
356000 5869.66029246
357000 5869.66029246
358000 6009.0
359000 6009.0
360000 6009.0
361000 6009.0
362000 5901.43823603
363000 5901.43823603
364000 5901.43823603
365000 5901.43823603
366000 5928.69862659
367000 5928.69862659
368000 5928.69862659
369000 5928.69862659
370000 5970.89911055
371000 5970.89911055
372000 5970.89911055
373000 5970.89911055
374000 6022.88679725
375000 6022.88679725
376000 6022.88679725
377000 6022.88679725
378000 5932.02434506
379000 5932.02434506
380000 5932.02434506
381000 5932.02434506
382000 5932.02434506
383000 5923.77158931
384000 5923.77158931
385000 5923.77158931
386000 5883.02770417
387000 5883.02770417
388000 5883.02770417
389000 5883.02770417
390000 5883.02770417
391000 5985.39430213
392000 5985.39430213
393000 5985.39430213
394000 5985.39430213
395000 5967.36948467
396000 5967.36948467
397000 5967.36948467
398000 5965.96236706
399000 5965.96236706
400000 5965.96236706
401000 5965.96236706
402000 5986.1192053
403000 5986.1192053
404000 5986.1192053
405000 5986.1192053
406000 5949.39649846
407000 5949.39649846
408000 5949.39649846
409000 5949.39649846
410000 5942.96555618
411000 5942.96555618
412000 5942.96555618
413000 5942.96555618
414000 6093.81456954
415000 6093.81456954
416000 5920.19546248
417000 9344.2962963
418000 4992.34154352
419000 4992.34154352
420000 4992.34154352
421000 4992.34154352
422000 4992.34154352
423000 4992.34154352
424000 4992.34154352
425000 4992.34154352
426000 4992.34154352
427000 4992.34154352
428000 4992.34154352
429000 4992.34154352
430000 4992.34154352
431000 4992.34154352
432000 4992.34154352
433000 4992.34154352
434000 4992.34154352
435000 4992.34154352
436000 4992.34154352
437000 4992.34154352
438000 5376.36781609
