0 6214.37241379
1000 6214.37241379
2000 6214.37241379
3000 6214.37241379
4000 6214.37241379
5000 6214.37241379
6000 6214.37241379
7000 6214.37241379
8000 6214.37241379
9000 5894.66890756
10000 5646.09492279
11000 5646.09492279
12000 5646.09492279
13000 5646.09492279
14000 5397.52093802
15000 5397.52093802
16000 5397.52093802
17000 5839.57537155
18000 5839.57537155
19000 5801.91295443
20000 5801.91295443
21000 5801.91295443
22000 5815.83013982
23000 5815.83013982
24000 4246.21918847
25000 4246.21918847
26000 4246.21918847
27000 4991.83954387
28000 4991.83954387
29000 4991.83954387
30000 5737.45989926
31000 5737.45989926
32000 5737.45989926
33000 5737.45989926
34000 5748.82348513
35000 5748.82348513
36000 5748.82348513
37000 5788.81835564
38000 5788.81835564
39000 5788.81835564
40000 5486.08327995
41000 5486.08327995
42000 5486.08327995
43000 5747.10486139
44000 5747.10486139
45000 5747.10486139
46000 5742.08644566
47000 5742.08644566
48000 5742.08644566
49000 5950.78230088
50000 5950.78230088
51000 5863.98011599
52000 5863.98011599
53000 5863.98011599
54000 5863.98011599
55000 5817.92011515
56000 5817.92011515
57000 5817.92011515
58000 5762.18312388
59000 5762.18312388
60000 5762.18312388
61000 5762.18312388
62000 5461.38688982
63000 5461.38688982
64000 5461.38688982
65000 5461.38688982
66000 5623.83954155
67000 5623.83954155
68000 5623.83954155
69000 5645.4578266
70000 5645.4578266
71000 5645.4578266
72000 4964.25174825
73000 4964.25174825
74000 4964.25174825
75000 5663.57577929
76000 5663.57577929
77000 5663.57577929
78000 5770.54174537
79000 5770.54174537
80000 5770.54174537
81000 5732.87359876
82000 5732.87359876
83000 5732.87359876
84000 5774.26830849
85000 5774.26830849
86000 5774.26830849
87000 5774.26830849
88000 5774.90919374
89000 5774.90919374
90000 5774.90919374
91000 5774.90919374
92000 5775.55007899
93000 5775.55007899
94000 5775.55007899
95000 5775.55007899
96000 5673.06601705
97000 5673.06601705
98000 5673.06601705
99000 5673.06601705
100000 5673.06601705
101000 3904.64175023
102000 3904.64175023
103000 3904.64175023
104000 3904.64175023
105000 3904.64175023
106000 3904.64175023
107000 5823.20319705
108000 5823.20319705
109000 5823.20319705
110000 5823.20319705
111000 5731.38167127
112000 5731.38167127
113000 5731.38167127
114000 5731.38167127
115000 5731.38167127
116000 5731.38167127
117000 5489.52182952
118000 5489.52182952
119000 5489.52182952
120000 5489.52182952
121000 5415.60087596
122000 5415.60087596
123000 5415.60087596
124000 5415.60087596
125000 5415.60087596
126000 5415.60087596
127000 5415.60087596
128000 5341.67992241
129000 5341.67992241
130000 5341.67992241
131000 5341.67992241
132000 5341.67992241
133000 5439.1541606
134000 5439.1541606
135000 5439.1541606
136000 5439.1541606
137000 5439.1541606
138000 5439.1541606
139000 5536.62839879
140000 5536.62839879
141000 5536.62839879
142000 5536.62839879
143000 5552.71778821
144000 5552.71778821
145000 5552.71778821
146000 5552.71778821
147000 5588.59081836
148000 5588.59081836
149000 5588.59081836
150000 5588.59081836
151000 5754.1972618
152000 5754.1972618
153000 5754.1972618
154000 5754.1972618
155000 5854.85714286
156000 5854.85714286
157000 5854.85714286
158000 5854.85714286
159000 5854.85714286
160000 5634.80998532
161000 5634.80998532
162000 5634.80998532
163000 5634.80998532
164000 5674.56474465
165000 5674.56474465
166000 5674.56474465
167000 5840.75376884
168000 5840.75376884
169000 5840.75376884
170000 5840.75376884
171000 5750.81540656
172000 5750.81540656
173000 5750.81540656
174000 5750.81540656
175000 4002.63408772
176000 4002.63408772
177000 4002.63408772
178000 4002.63408772
179000 4002.63408772
180000 5730.55002514
181000 5730.55002514
182000 5730.55002514
183000 5730.55002514
184000 5867.31125158
185000 5867.31125158
186000 5867.31125158
187000 5867.31125158
188000 5867.31125158
189000 6040.84183269
190000 6040.84183269
191000 6040.84183269
192000 6040.84183269
193000 6040.84183269
194000 6214.37241379
195000 6214.37241379
196000 6214.37241379
197000 5894.66890756
198000 5894.66890756
199000 5646.09492279
200000 5646.09492279
201000 5646.09492279
202000 5646.09492279
203000 5397.52093802
204000 5397.52093802
205000 5839.57537155
206000 5839.57537155
207000 5839.57537155
208000 5801.91295443
209000 5801.91295443
210000 5815.83013982
211000 5815.83013982
212000 4246.21918847
213000 4246.21918847
214000 4246.21918847
215000 4991.83954387
216000 4991.83954387
217000 4991.83954387
218000 4991.83954387
219000 5737.45989926
220000 5737.45989926
221000 5737.45989926
222000 5748.82348513
223000 5748.82348513
224000 5748.82348513
225000 5788.81835564
226000 5788.81835564
227000 5788.81835564
228000 5486.08327995
229000 5486.08327995
230000 5486.08327995
231000 5747.10486139
232000 5747.10486139
233000 5747.10486139
234000 5742.08644566
235000 5742.08644566
236000 5742.08644566
237000 5950.78230088
238000 5950.78230088
239000 5950.78230088
240000 5863.98011599
241000 5863.98011599
242000 5863.98011599
243000 5817.92011515
244000 5817.92011515
245000 5817.92011515
246000 5817.92011515
247000 5762.18312388
248000 5762.18312388
249000 5762.18312388
250000 5461.38688982
251000 5461.38688982
252000 5461.38688982
253000 5461.38688982
254000 5623.83954155
255000 5623.83954155
256000 5623.83954155
257000 5645.4578266
258000 5645.4578266
259000 5645.4578266
260000 4964.25174825
261000 4964.25174825
262000 4964.25174825
263000 5663.57577929
264000 5663.57577929
265000 5663.57577929
266000 5770.54174537
267000 5770.54174537
268000 5770.54174537
269000 5732.87359876
270000 5732.87359876
271000 5732.87359876
272000 5774.26830849
273000 5774.26830849
274000 5774.26830849
275000 5774.26830849
276000 5774.90919374
277000 5774.90919374
278000 5774.90919374
279000 5774.90919374
280000 5775.55007899
281000 5775.55007899
282000 5775.55007899
283000 5775.55007899
284000 5775.55007899
285000 5673.06601705
286000 5673.06601705
287000 5673.06601705
288000 5673.06601705
289000 3904.64175023
290000 3904.64175023
291000 3904.64175023
292000 3904.64175023
293000 3904.64175023
294000 3904.64175023
295000 5823.20319705
296000 5823.20319705
297000 5823.20319705
298000 5823.20319705
299000 5731.38167127
300000 5731.38167127
301000 5731.38167127
302000 5731.38167127
303000 5731.38167127
304000 5731.38167127
305000 5489.52182952
306000 5489.52182952
307000 5489.52182952
308000 5489.52182952
309000 5489.52182952
310000 5415.60087596
311000 5415.60087596
312000 5415.60087596
313000 5415.60087596
314000 5415.60087596
315000 5415.60087596
316000 5415.60087596
317000 5341.67992241
318000 5341.67992241
319000 5341.67992241
320000 5341.67992241
321000 5439.1541606
322000 5439.1541606
323000 5439.1541606
324000 5439.1541606
325000 5439.1541606
326000 5439.1541606
327000 5536.62839879
328000 5536.62839879
329000 5536.62839879
330000 5536.62839879
331000 5552.71778821
332000 5552.71778821
333000 5552.71778821
334000 5552.71778821
335000 5588.59081836
336000 5588.59081836
337000 5588.59081836
338000 5588.59081836
339000 5588.59081836
340000 5754.1972618
341000 5754.1972618
342000 5754.1972618
343000 5754.1972618
344000 5854.85714286
345000 5854.85714286
346000 5854.85714286
347000 5854.85714286
348000 5634.80998532
349000 5634.80998532
350000 5634.80998532
351000 5634.80998532
352000 5674.56474465
353000 5674.56474465
354000 5674.56474465
355000 5840.75376884
356000 5840.75376884
357000 5840.75376884
358000 5840.75376884
359000 5750.81540656
360000 5750.81540656
361000 5750.81540656
362000 5750.81540656
363000 4002.63408772
364000 4002.63408772
365000 4002.63408772
366000 4002.63408772
367000 4002.63408772
368000 5730.55002514
369000 5730.55002514
370000 5730.55002514
371000 5730.55002514
372000 5730.55002514
373000 5867.31125158
374000 5867.31125158
375000 5867.31125158
376000 5867.31125158
