0 5827.48290766
1000 5827.48290766
2000 5827.48290766
3000 5827.48290766
4000 5827.48290766
5000 5827.48290766
6000 5827.48290766
7000 5827.48290766
8000 6693.25301205
9000 6693.25301205
10000 5924.21272886
11000 5924.21272886
12000 5924.21272886
13000 6418.77863334
14000 6418.77863334
15000 6418.77863334
16000 6418.77863334
17000 6913.34453782
18000 6913.34453782
19000 6913.34453782
20000 6913.34453782
21000 7021.21279837
22000 7021.21279837
23000 7021.21279837
24000 7021.21279837
25000 7021.21279837
26000 5577.93577419
27000 5577.93577419
28000 5577.93577419
29000 5577.93577419
30000 5577.93577419
31000 6910.11177541
32000 6910.11177541
33000 6910.11177541
34000 6910.11177541
35000 7010.87179487
36000 7010.87179487
37000 7010.87179487
38000 7010.87179487
39000 6672.36005057
40000 6672.36005057
41000 6672.36005057
42000 6672.36005057
43000 6672.36005057
44000 6421.6507015
45000 6421.6507015
46000 6421.6507015
47000 6421.6507015
48000 7056.66303162
49000 7056.66303162
50000 7056.66303162
51000 7056.66303162
52000 6906.24801841
53000 6906.24801841
54000 6906.24801841
55000 6906.24801841
56000 7049.59099053
57000 7049.59099053
58000 7049.59099053
59000 7049.59099053
60000 7049.59099053
61000 6866.10345698
62000 6866.10345698
63000 6866.10345698
64000 6866.10345698
65000 6999.75570952
66000 6999.75570952
67000 6999.75570952
68000 6999.75570952
69000 6957.72386691
70000 6957.72386691
71000 6957.72386691
72000 6957.72386691
73000 6676.75475578
74000 6676.75475578
75000 6676.75475578
76000 6676.75475578
77000 6676.75475578
78000 5460.10802096
79000 5460.10802096
80000 5460.10802096
81000 5460.10802096
82000 5460.10802096
83000 7503.23892362
84000 7503.23892362
85000 7503.23892362
86000 7503.23892362
87000 6956.0
88000 6956.0
89000 6956.0
90000 6956.0
91000 7255.41428975
92000 7255.41428975
93000 7255.41428975
94000 7255.41428975
95000 7255.41428975
96000 7255.41428975
97000 7255.41428975
98000 7255.41428975
99000 7255.41428975
100000 7255.41428975
101000 7554.8285795
102000 7554.8285795
103000 7554.8285795
104000 7554.8285795
105000 7224.89081081
106000 7224.89081081
107000 7224.89081081
108000 7224.89081081
109000 7224.89081081
110000 7347.42151462
111000 7347.42151462
112000 7347.42151462
113000 7347.42151462
114000 7347.42151462
115000 7347.42151462
116000 7347.42151462
117000 7347.42151462
118000 7347.42151462
119000 7469.95221843
120000 7469.95221843
121000 7469.95221843
122000 7469.95221843
123000 4702.11235955
124000 4702.11235955
125000 4702.11235955
126000 4702.11235955
127000 4702.11235955
128000 4702.11235955
129000 5835.04782032
130000 5835.04782032
131000 5835.04782032
132000 5835.04782032
133000 5835.04782032
134000 5835.04782032
135000 5835.04782032
136000 5835.04782032
137000 5835.04782032
138000 5835.04782032
139000 6967.98328109
140000 6967.98328109
141000 6967.98328109
142000 6967.98328109
143000 6794.13853463
144000 6794.13853463
145000 6794.13853463
146000 6794.13853463
147000 6794.13853463
148000 6821.24144257
149000 6821.24144257
150000 6821.24144257
151000 6821.24144257
152000 6821.24144257
153000 6821.24144257
154000 6821.24144257
155000 6821.24144257
156000 6821.24144257
157000 6848.3443505
158000 6848.3443505
159000 6848.3443505
160000 6848.3443505
161000 6848.3443505
162000 6936.48217525
163000 6936.48217525
164000 6936.48217525
165000 6936.48217525
166000 6936.48217525
167000 6936.48217525
168000 6936.48217525
169000 6936.48217525
170000 6936.48217525
171000 6936.48217525
172000 7024.62
173000 7024.62
174000 6426.05145383
175000 6426.05145383
176000 6426.05145383
177000 6426.05145383
178000 5827.48290766
179000 5827.48290766
180000 5827.48290766
181000 6693.25301205
182000 6693.25301205
183000 5924.21272886
184000 5924.21272886
185000 5924.21272886
186000 6418.77863334
187000 6418.77863334
188000 6418.77863334
189000 6418.77863334
190000 6913.34453782
191000 6913.34453782
192000 6913.34453782
193000 6913.34453782
194000 7021.21279837
195000 7021.21279837
196000 7021.21279837
197000 7021.21279837
198000 7021.21279837
199000 5577.93577419
200000 5577.93577419
201000 5577.93577419
202000 5577.93577419
203000 5577.93577419
204000 6910.11177541
205000 6910.11177541
206000 6910.11177541
207000 6910.11177541
208000 7010.87179487
209000 7010.87179487
210000 7010.87179487
211000 7010.87179487
212000 7010.87179487
213000 6672.36005057
214000 6672.36005057
215000 6672.36005057
216000 6672.36005057
217000 6421.6507015
218000 6421.6507015
219000 6421.6507015
220000 6421.6507015
221000 7056.66303162
222000 7056.66303162
223000 7056.66303162
224000 7056.66303162
225000 6906.24801841
226000 6906.24801841
227000 6906.24801841
228000 6906.24801841
229000 6906.24801841
230000 7049.59099053
231000 7049.59099053
232000 7049.59099053
233000 7049.59099053
234000 6866.10345698
235000 6866.10345698
236000 6866.10345698
237000 6866.10345698
238000 6999.75570952
239000 6999.75570952
240000 6999.75570952
241000 6999.75570952
242000 6957.72386691
243000 6957.72386691
244000 6957.72386691
245000 6957.72386691
246000 6957.72386691
247000 6676.75475578
248000 6676.75475578
249000 6676.75475578
250000 6676.75475578
251000 5460.10802096
252000 5460.10802096
253000 5460.10802096
254000 5460.10802096
255000 5460.10802096
256000 7503.23892362
257000 7503.23892362
258000 7503.23892362
259000 7503.23892362
260000 6956.0
261000 6956.0
262000 6956.0
263000 6956.0
264000 6956.0
265000 7255.41428975
266000 7255.41428975
267000 7255.41428975
268000 7255.41428975
269000 7255.41428975
270000 7255.41428975
271000 7255.41428975
272000 7255.41428975
273000 7255.41428975
274000 7554.8285795
275000 7554.8285795
276000 7554.8285795
277000 7554.8285795
278000 7554.8285795
279000 7224.89081081
280000 7224.89081081
281000 7224.89081081
282000 7224.89081081
283000 7347.42151462
284000 7347.42151462
285000 7347.42151462
286000 7347.42151462
287000 7347.42151462
288000 7347.42151462
289000 7347.42151462
290000 7347.42151462
291000 7347.42151462
292000 7469.95221843
293000 7469.95221843
294000 7469.95221843
295000 7469.95221843
296000 7469.95221843
297000 4702.11235955
298000 4702.11235955
299000 4702.11235955
300000 4702.11235955
301000 4702.11235955
302000 4702.11235955
303000 5835.04782032
304000 5835.04782032
305000 5835.04782032
306000 5835.04782032
307000 5835.04782032
308000 5835.04782032
309000 5835.04782032
310000 5835.04782032
311000 5835.04782032
312000 6967.98328109
313000 6967.98328109
314000 6967.98328109
315000 6967.98328109
316000 6967.98328109
317000 6794.13853463
318000 6794.13853463
319000 6794.13853463
320000 6794.13853463
321000 6821.24144257
322000 6821.24144257
323000 6821.24144257
324000 6821.24144257
325000 6821.24144257
326000 6821.24144257
327000 6821.24144257
328000 6821.24144257
329000 6821.24144257
330000 6821.24144257
331000 6848.3443505
332000 6848.3443505
333000 6848.3443505
334000 6848.3443505
335000 6936.48217525
336000 6936.48217525
337000 6936.48217525
338000 6936.48217525
339000 6936.48217525
340000 6936.48217525
341000 6936.48217525
342000 6936.48217525
343000 6936.48217525
344000 6936.48217525
345000 7024.62
346000 7024.62
