0 10185.0611028
1000 10185.0611028
2000 10185.0611028
3000 10185.0611028
4000 6824.4
5000 6824.4
6000 6824.4
7000 5720.89696969
8000 4617.39393939
9000 4617.39393939
10000 4617.39393939
11000 4617.39393939
12000 4617.39393939
13000 6849.09231963
14000 8011.65508366
15000 6333.70446281
16000 6333.70446281
17000 6333.70446281
18000 6759.43652467
19000 6759.43652467
20000 6858.34179357
21000 6858.34179357
22000 6443.4079096
23000 6443.4079096
24000 5971.02261123
25000 5971.02261123
26000 5971.02261123
27000 5971.02261123
28000 6350.26790596
29000 6350.26790596
30000 6350.26790596
31000 6350.26790596
32000 6210.68331072
33000 6210.68331072
34000 6210.68331072
35000 6595.89948663
36000 6595.89948663
37000 6595.89948663
38000 6595.89948663
39000 6137.10782948
40000 6137.10782948
41000 6137.10782948
42000 6137.10782948
43000 5261.01400209
44000 5261.01400209
45000 5261.01400209
46000 5261.01400209
47000 5261.01400209
48000 5742.78136554
49000 5742.78136554
50000 5742.78136554
51000 5742.78136554
52000 6634.63615561
53000 6634.63615561
54000 6634.63615561
55000 6634.63615561
56000 6161.08871662
57000 6161.08871662
58000 6161.08871662
59000 6203.08761175
60000 6203.08761175
61000 6203.08761175
62000 6203.08761175
63000 6127.76616299
64000 6127.76616299
65000 6127.76616299
66000 6127.76616299
67000 6127.76616299
68000 6447.28560431
69000 6447.28560431
70000 6139.76072367
71000 6139.76072367
72000 6139.76072367
73000 6139.76072367
74000 6291.36384794
75000 6291.36384794
76000 6291.36384794
77000 6291.36384794
78000 6051.61981926
79000 6051.61981926
80000 6051.61981926
81000 6352.99585062
82000 6352.99585062
83000 6352.99585062
84000 6018.41634152
85000 6018.41634152
86000 6018.41634152
87000 6018.41634152
88000 6172.13372434
89000 6172.13372434
90000 6172.13372434
91000 6172.13372434
92000 6075.56011396
93000 6075.56011396
94000 6075.56011396
95000 6203.57197066
96000 6203.57197066
97000 6203.57197066
98000 6203.57197066
99000 6038.93265565
100000 6038.93265565
101000 6038.93265565
102000 6038.93265565
103000 6012.55572519
104000 6012.55572519
105000 6012.55572519
106000 6012.55572519
107000 6002.2869402
108000 6002.2869402
109000 6002.2869402
110000 6002.2869402
111000 5991.55791789
112000 5991.55791789
113000 5991.55791789
114000 5991.55791789
115000 5980.82889558
116000 5980.82889558
117000 5980.82889558
118000 5980.82889558
119000 5980.82889558
120000 6100.8758465
121000 6100.8758465
122000 6100.8758465
123000 6100.8758465
124000 6100.8758465
125000 6061.92604902
126000 6061.92604902
127000 6061.92604902
128000 6061.92604902
129000 6061.92604902
130000 6073.26281128
131000 6073.26281128
132000 6073.26281128
133000 6073.26281128
134000 6073.26281128
135000 6083.23232323
136000 6083.23232323
137000 6083.23232323
138000 6083.23232323
139000 3535.34621871
140000 3535.34621871
141000 3535.34621871
142000 3535.34621871
143000 3535.34621871
144000 3535.34621871
145000 3535.34621871
146000 3535.34621871
147000 5841.44817518
148000 5841.44817518
149000 5841.44817518
150000 5841.44817518
151000 5841.44817518
152000 5841.44817518
153000 5233.1411016
154000 5233.1411016
155000 5233.1411016
156000 5233.1411016
157000 5233.1411016
158000 5730.60669061
159000 5730.60669061
160000 5730.60669061
161000 5730.60669061
162000 5730.60669061
163000 6833.22317449
164000 6833.22317449
165000 6833.22317449
166000 5704.65968387
167000 5704.65968387
168000 5704.65968387
169000 5704.65968387
170000 5704.65968387
171000 5704.65968387
172000 5941.03884681
173000 5941.03884681
174000 5941.03884681
175000 5941.03884681
176000 6966.19600381
177000 5304.4001482
178000 5304.4001482
179000 5304.4001482
180000 5304.4001482
181000 5304.4001482
182000 5304.4001482
183000 6284.22518264
184000 6284.22518264
185000 6284.22518264
186000 6284.22518264
187000 6284.22518264
188000 6114.60662252
189000 6114.60662252
190000 6114.60662252
191000 6114.60662252
192000 4751.25537316
193000 4751.25537316
194000 4751.25537316
195000 4751.25537316
196000 4751.25537316
197000 4751.25537316
198000 6035.04927766
199000 6035.04927766
200000 6035.04927766
201000 6035.04927766
202000 6035.04927766
203000 5863.66559486
204000 5863.66559486
205000 5863.66559486
206000 5863.66559486
207000 5863.66559486
208000 6261.29174789
209000 6261.29174789
210000 6261.29174789
211000 6261.29174789
212000 8615.97426001
213000 8615.97426001
214000 8615.97426001
215000 10185.0611028
216000 6824.4
217000 6824.4
218000 5720.89696969
219000 5720.89696969
220000 4617.39393939
221000 4617.39393939
222000 4617.39393939
223000 4617.39393939
224000 6849.09231963
225000 8011.65508366
226000 6333.70446281
227000 6333.70446281
228000 6333.70446281
229000 6333.70446281
230000 6759.43652467
231000 6759.43652467
232000 6858.34179357
233000 6443.4079096
234000 6443.4079096
235000 5971.02261123
236000 5971.02261123
237000 5971.02261123
238000 5971.02261123
239000 6350.26790596
240000 6350.26790596
241000 6350.26790596
242000 6350.26790596
243000 6210.68331072
244000 6210.68331072
245000 6210.68331072
246000 6210.68331072
247000 6595.89948663
248000 6595.89948663
249000 6595.89948663
250000 6595.89948663
251000 6137.10782948
252000 6137.10782948
253000 6137.10782948
254000 6137.10782948
255000 5261.01400209
256000 5261.01400209
257000 5261.01400209
258000 5261.01400209
259000 5261.01400209
260000 5742.78136554
261000 5742.78136554
262000 5742.78136554
263000 5742.78136554
264000 6634.63615561
265000 6634.63615561
266000 6634.63615561
267000 6161.08871662
268000 6161.08871662
269000 6161.08871662
270000 6161.08871662
271000 6203.08761175
272000 6203.08761175
273000 6203.08761175
274000 6203.08761175
275000 6127.76616299
276000 6127.76616299
277000 6127.76616299
278000 6127.76616299
279000 6447.28560431
280000 6447.28560431
281000 6447.28560431
282000 6139.76072367
283000 6139.76072367
284000 6139.76072367
285000 6291.36384794
286000 6291.36384794
287000 6291.36384794
288000 6291.36384794
289000 6051.61981926
290000 6051.61981926
291000 6051.61981926
292000 6051.61981926
293000 6352.99585062
294000 6352.99585062
295000 6018.41634152
296000 6018.41634152
297000 6018.41634152
298000 6018.41634152
299000 6018.41634152
300000 6172.13372434
301000 6172.13372434
302000 6172.13372434
303000 6075.56011396
304000 6075.56011396
305000 6075.56011396
306000 6075.56011396
307000 6203.57197066
308000 6203.57197066
309000 6203.57197066
310000 6203.57197066
311000 6038.93265565
312000 6038.93265565
313000 6038.93265565
314000 6038.93265565
315000 6012.55572519
316000 6012.55572519
317000 6012.55572519
318000 6012.55572519
319000 6002.2869402
320000 6002.2869402
321000 6002.2869402
322000 6002.2869402
323000 5991.55791789
324000 5991.55791789
325000 5991.55791789
326000 5991.55791789
327000 5980.82889558
328000 5980.82889558
329000 5980.82889558
330000 5980.82889558
331000 6100.8758465
332000 6100.8758465
333000 6100.8758465
334000 6100.8758465
335000 6100.8758465
336000 6061.92604902
337000 6061.92604902
338000 6061.92604902
339000 6061.92604902
340000 6061.92604902
341000 6073.26281128
342000 6073.26281128
343000 6073.26281128
344000 6073.26281128
345000 6073.26281128
346000 6083.23232323
347000 6083.23232323
348000 6083.23232323
349000 6083.23232323
350000 6083.23232323
351000 3535.34621871
352000 3535.34621871
353000 3535.34621871
354000 3535.34621871
355000 3535.34621871
356000 3535.34621871
357000 3535.34621871
358000 3535.34621871
359000 5841.44817518
360000 5841.44817518
361000 5841.44817518
362000 5841.44817518
363000 5841.44817518
364000 5233.1411016
365000 5233.1411016
366000 5233.1411016
367000 5233.1411016
368000 5233.1411016
369000 5730.60669061
370000 5730.60669061
371000 5730.60669061
372000 5730.60669061
373000 5730.60669061
374000 5730.60669061
375000 6833.22317449
376000 6833.22317449
377000 6833.22317449
378000 5704.65968387
379000 5704.65968387
380000 5704.65968387
381000 5704.65968387
382000 5704.65968387
383000 5941.03884681
384000 5941.03884681
385000 5941.03884681
386000 5941.03884681
387000 5941.03884681
388000 6966.19600381
389000 5304.4001482
390000 5304.4001482
391000 5304.4001482
392000 5304.4001482
393000 5304.4001482
394000 6284.22518264
395000 6284.22518264
396000 6284.22518264
397000 6284.22518264
398000 6284.22518264
399000 6114.60662252
400000 6114.60662252
401000 6114.60662252
402000 6114.60662252
403000 6114.60662252
404000 4751.25537316
405000 4751.25537316
406000 4751.25537316
407000 4751.25537316
408000 4751.25537316
409000 4751.25537316
410000 6035.04927766
411000 6035.04927766
412000 6035.04927766
413000 6035.04927766
414000 6035.04927766
415000 5863.66559486
416000 5863.66559486
417000 5863.66559486
418000 5863.66559486
419000 5863.66559486
420000 6261.29174789
421000 6261.29174789
422000 6261.29174789
423000 7046.88741722
