0 3380.84622554
1000 3380.84622554
2000 3380.84622554
3000 3380.84622554
4000 3380.84622554
5000 3380.84622554
6000 3380.84622554
7000 3380.84622554
8000 3380.84622554
9000 3380.84622554
10000 3380.84622554
11000 3380.84622554
12000 608.562257138
13000 608.562257138
14000 608.562257138
15000 608.562257138
16000 608.562257138
17000 608.562257138
18000 608.562257138
19000 2294.97850822
20000 2294.97850822
21000 1508.64406791
22000 1508.64406791
23000 1508.64406791
24000 1508.64406791
25000 1508.64406791
26000 1508.64406791
27000 1508.64406791
28000 1508.64406791
29000 1508.64406791
30000 722.3096276
31000 722.3096276
32000 722.3096276
33000 722.3096276
34000 722.3096276
35000 722.3096276
36000 722.3096276
37000 722.3096276
38000 722.3096276
39000 2049.23387387
40000 2049.23387387
41000 2049.23387387
42000 2049.23387387
43000 4683.66609881
44000 765.268186754
45000 765.268186754
46000 765.268186754
47000 765.268186754
48000 765.268186754
49000 765.268186754
50000 765.268186754
51000 765.268186754
52000 2395.19157554
53000 2395.19157554
54000 2395.19157554
55000 865.36119403
56000 865.36119403
57000 865.36119403
58000 865.36119403
59000 865.36119403
60000 865.36119403
61000 865.36119403
62000 2199.61438409
63000 2199.61438409
64000 2199.61438409
65000 2199.61438409
66000 789.558951965
67000 789.558951965
68000 789.558951965
69000 789.558951965
70000 789.558951965
71000 789.558951965
72000 789.558951965
73000 961.384508025
74000 961.384508025
75000 961.384508025
76000 961.384508025
77000 961.384508025
78000 961.384508025
79000 961.384508025
80000 1897.79502894
81000 1897.79502894
82000 1897.79502894
83000 1897.79502894
84000 2447.02455546
85000 2447.02455546
86000 2447.02455546
87000 898.779817929
88000 898.779817929
89000 898.779817929
90000 898.779817929
91000 898.779817929
92000 898.779817929
93000 898.779817929
94000 1089.12301887
95000 1089.12301887
96000 1089.12301887
97000 1089.12301887
98000 1089.12301887
99000 1089.12301887
100000 1202.07835695
101000 1202.07835695
102000 1315.03369503
103000 1315.03369503
104000 1315.03369503
105000 1315.03369503
106000 1315.03369503
107000 1315.03369503
108000 1315.03369503
109000 1993.76301717
110000 1993.76301717
111000 1993.76301717
112000 1993.76301717
113000 2493.22658832
114000 2493.22658832
115000 2493.22658832
116000 2767.46127946
117000 2767.46127946
118000 2767.46127946
119000 2890.67551867
120000 2890.67551867
121000 2890.67551867
122000 2890.67551867
123000 968.513849379
124000 968.513849379
125000 968.513849379
126000 968.513849379
127000 968.513849379
128000 968.513849379
129000 968.513849379
130000 2185.99815668
131000 2185.99815668
132000 2185.99815668
133000 2185.99815668
134000 2509.60703812
135000 2509.60703812
136000 2509.60703812
137000 2541.88429752
138000 2541.88429752
139000 2541.88429752
140000 1815.01509154
141000 1088.14588557
142000 1088.14588557
143000 1088.14588557
144000 1088.14588557
145000 1088.14588557
146000 1088.14588557
147000 1088.14588557
148000 1088.14588557
149000 1088.14588557
150000 1088.14588557
151000 1088.14588557
152000 2788.85267134
153000 2788.85267134
154000 2788.85267134
155000 2788.85267134
156000 1283.392889
157000 1283.392889
158000 1283.392889
159000 1283.392889
160000 1283.392889
161000 1283.392889
162000 1283.392889
163000 1283.392889
164000 4085.44666939
165000 4085.44666939
166000 4085.44666939
167000 4085.44666939
168000 10925.4206061
169000 1476.59024103
170000 1476.59024103
171000 2428.71823328
172000 2428.71823328
173000 2428.71823328
174000 2428.71823328
175000 2428.71823328
176000 2428.71823328
177000 2428.71823328
178000 2428.71823328
179000 2428.71823328
180000 2428.71823328
181000 3380.84622554
182000 3380.84622554
183000 608.562257138
184000 608.562257138
185000 608.562257138
186000 608.562257138
187000 608.562257138
188000 608.562257138
189000 608.562257138
190000 2294.97850822
191000 2294.97850822
192000 1508.64406791
193000 1508.64406791
194000 1508.64406791
195000 1508.64406791
196000 1508.64406791
197000 1508.64406791
198000 1508.64406791
199000 1508.64406791
200000 722.3096276
201000 722.3096276
202000 722.3096276
203000 722.3096276
204000 722.3096276
205000 722.3096276
206000 722.3096276
207000 722.3096276
208000 722.3096276
209000 722.3096276
210000 2049.23387387
211000 2049.23387387
212000 2049.23387387
213000 4683.66609881
214000 4683.66609881
215000 765.268186754
216000 765.268186754
217000 765.268186754
218000 765.268186754
219000 765.268186754
220000 765.268186754
221000 765.268186754
222000 765.268186754
223000 2395.19157554
224000 2395.19157554
225000 2395.19157554
226000 865.36119403
227000 865.36119403
228000 865.36119403
229000 865.36119403
230000 865.36119403
231000 865.36119403
232000 865.36119403
233000 2199.61438409
234000 2199.61438409
235000 2199.61438409
236000 789.558951965
237000 789.558951965
238000 789.558951965
239000 789.558951965
240000 789.558951965
241000 789.558951965
242000 789.558951965
243000 789.558951965
244000 961.384508025
245000 961.384508025
246000 961.384508025
247000 961.384508025
248000 961.384508025
249000 961.384508025
250000 961.384508025
251000 1897.79502894
252000 1897.79502894
253000 1897.79502894
254000 2447.02455546
255000 2447.02455546
256000 2447.02455546
257000 898.779817929
258000 898.779817929
259000 898.779817929
260000 898.779817929
261000 898.779817929
262000 898.779817929
263000 898.779817929
264000 898.779817929
265000 1089.12301887
266000 1089.12301887
267000 1089.12301887
268000 1089.12301887
269000 1089.12301887
270000 1089.12301887
271000 1202.07835695
272000 1202.07835695
273000 1315.03369503
274000 1315.03369503
275000 1315.03369503
276000 1315.03369503
277000 1315.03369503
278000 1315.03369503
279000 1993.76301717
280000 1993.76301717
281000 1993.76301717
282000 1993.76301717
283000 1993.76301717
284000 2493.22658832
285000 2493.22658832
286000 2493.22658832
287000 2767.46127946
288000 2767.46127946
289000 2767.46127946
290000 2890.67551867
291000 2890.67551867
292000 2890.67551867
293000 968.513849379
294000 968.513849379
295000 968.513849379
296000 968.513849379
297000 968.513849379
298000 968.513849379
299000 968.513849379
300000 968.513849379
301000 2185.99815668
302000 2185.99815668
303000 2185.99815668
304000 2509.60703812
305000 2509.60703812
306000 2509.60703812
307000 2509.60703812
308000 2541.88429752
309000 2541.88429752
310000 2541.88429752
311000 1815.01509154
312000 1088.14588557
313000 1088.14588557
314000 1088.14588557
315000 1088.14588557
316000 1088.14588557
317000 1088.14588557
318000 1088.14588557
319000 1088.14588557
320000 1088.14588557
321000 1088.14588557
322000 2788.85267134
323000 2788.85267134
324000 2788.85267134
325000 2788.85267134
326000 1283.392889
327000 1283.392889
328000 1283.392889
329000 1283.392889
330000 1283.392889
331000 1283.392889
332000 1283.392889
333000 1283.392889
334000 1283.392889
335000 4085.44666939
336000 4085.44666939
337000 4085.44666939
338000 10925.4206061
339000 1476.59024103
340000 1476.59024103
341000 1476.59024103
