0 658.823529412
1000 658.823529412
2000 658.823529412
3000 658.823529412
4000 658.823529412
5000 658.823529412
6000 658.823529412
7000 658.823529412
8000 658.823529412
9000 658.823529412
10000 658.823529412
11000 658.823529412
12000 658.823529412
13000 658.823529412
14000 658.823529412
15000 658.823529412
16000 658.823529412
17000 658.823529412
18000 658.823529412
19000 624.826536161
20000 624.826536161
21000 632.688268156
22000 632.688268156
23000 642.225287356
24000 642.225287356
25000 625.977508543
26000 625.977508543
27000 625.977508543
28000 625.977508543
29000 609.72972973
30000 609.72972973
31000 609.72972973
32000 609.72972973
33000 610.388059701
34000 610.388059701
35000 610.388059701
36000 617.839280174
37000 617.839280174
38000 617.839280174
39000 617.839280174
40000 611.832002777
41000 611.832002777
42000 611.832002777
43000 618.322580645
44000 618.322580645
45000 618.322580645
46000 635.226249523
47000 635.226249523
48000 635.226249523
49000 606.613333333
50000 606.613333333
51000 606.613333333
52000 606.613333333
53000 615.664122137
54000 615.664122137
55000 615.664122137
56000 618.683975659
57000 618.683975659
58000 624.240860215
59000 624.240860215
60000 624.240860215
61000 624.240860215
62000 605.401579779
63000 605.401579779
64000 605.401579779
65000 605.401579779
66000 619.39675174
67000 619.39675174
68000 619.39675174
69000 614.15885947
70000 614.15885947
71000 614.15885947
72000 624.636977058
73000 624.636977058
74000 624.636977058
75000 620.191442155
76000 620.191442155
77000 620.191442155
78000 620.191442155
79000 612.356336261
80000 612.356336261
81000 612.356336261
82000 612.356336261
83000 615.741429971
84000 615.741429971
85000 615.741429971
86000 623.815518853
87000 623.815518853
88000 623.815518853
89000 623.815518853
90000 615.6812749
91000 615.6812749
92000 615.6812749
93000 623.864652568
94000 623.864652568
95000 623.864652568
96000 623.864652568
97000 603.977865613
98000 603.977865613
99000 603.977865613
100000 623.307216495
101000 623.307216495
102000 623.307216495
103000 611.059720457
104000 611.059720457
105000 611.059720457
106000 617.680503145
107000 617.680503145
108000 617.680503145
109000 617.680503145
110000 611.748828491
111000 611.748828491
112000 611.748828491
113000 625.95047619
114000 625.95047619
115000 625.95047619
116000 615.379489849
117000 615.379489849
118000 638.701014832
119000 638.701014832
120000 638.701014832
121000 618.855193798
122000 618.855193798
123000 618.855193798
124000 618.855193798
125000 612.093023256
126000 612.093023256
127000 612.093023256
128000 625.240951396
129000 625.240951396
130000 623.778801843
131000 623.778801843
132000 623.778801843
133000 627.399610136
134000 627.399610136
135000 627.399610136
136000 627.399610136
137000 611.183648933
138000 611.183648933
139000 611.183648933
140000 611.183648933
141000 607.937573156
142000 607.937573156
143000 607.937573156
144000 621.037802908
145000 621.037802908
146000 621.037802908
147000 621.037802908
148000 621.037802908
149000 597.878172589
150000 597.878172589
151000 597.878172589
152000 617.515343915
153000 617.515343915
154000 617.515343915
155000 618.227135678
156000 618.227135678
157000 618.227135678
158000 618.227135678
159000 628.312695435
160000 628.312695435
161000 643.568112423
162000 643.568112423
163000 643.568112423
164000 643.568112423
165000 643.568112423
166000 643.568112423
167000 643.568112423
168000 643.568112423
169000 643.568112423
170000 643.568112423
171000 643.568112423
172000 643.568112423
173000 643.568112423
174000 643.568112423
175000 643.568112423
176000 658.823529412
177000 658.823529412
178000 658.823529412
179000 624.826536161
180000 624.826536161
181000 632.688268156
182000 632.688268156
183000 642.225287356
184000 642.225287356
185000 625.977508543
186000 625.977508543
187000 625.977508543
188000 625.977508543
189000 609.72972973
190000 609.72972973
191000 609.72972973
192000 609.72972973
193000 610.388059701
194000 610.388059701
195000 610.388059701
196000 617.839280174
197000 617.839280174
198000 617.839280174
199000 617.839280174
200000 611.832002777
201000 611.832002777
202000 611.832002777
203000 618.322580645
204000 618.322580645
205000 618.322580645
206000 618.322580645
207000 635.226249523
208000 635.226249523
209000 635.226249523
210000 606.613333333
211000 606.613333333
212000 606.613333333
213000 615.664122137
214000 615.664122137
215000 615.664122137
216000 618.683975659
217000 618.683975659
218000 624.240860215
219000 624.240860215
220000 624.240860215
221000 624.240860215
222000 605.401579779
223000 605.401579779
224000 605.401579779
225000 605.401579779
226000 619.39675174
227000 619.39675174
228000 619.39675174
229000 614.15885947
230000 614.15885947
231000 614.15885947
232000 624.636977058
233000 624.636977058
234000 624.636977058
235000 620.191442155
236000 620.191442155
237000 620.191442155
238000 620.191442155
239000 612.356336261
240000 612.356336261
241000 612.356336261
242000 612.356336261
243000 615.741429971
244000 615.741429971
245000 615.741429971
246000 623.815518853
247000 623.815518853
248000 623.815518853
249000 623.815518853
250000 615.6812749
251000 615.6812749
252000 615.6812749
253000 623.864652568
254000 623.864652568
255000 623.864652568
256000 623.864652568
257000 603.977865613
258000 603.977865613
259000 603.977865613
260000 623.307216495
261000 623.307216495
262000 623.307216495
263000 611.059720457
264000 611.059720457
265000 611.059720457
266000 617.680503145
267000 617.680503145
268000 617.680503145
269000 617.680503145
270000 611.748828491
271000 611.748828491
272000 611.748828491
273000 625.95047619
274000 625.95047619
275000 625.95047619
276000 615.379489849
277000 615.379489849
278000 638.701014832
279000 638.701014832
280000 638.701014832
281000 618.855193798
282000 618.855193798
283000 618.855193798
284000 618.855193798
285000 612.093023256
286000 612.093023256
287000 612.093023256
288000 625.240951396
289000 625.240951396
290000 625.240951396
291000 623.778801843
292000 623.778801843
293000 627.399610136
294000 627.399610136
295000 627.399610136
296000 627.399610136
297000 611.183648933
298000 611.183648933
299000 611.183648933
300000 611.183648933
301000 607.937573156
302000 607.937573156
303000 607.937573156
304000 621.037802908
305000 621.037802908
306000 621.037802908
307000 621.037802908
308000 621.037802908
309000 597.878172589
310000 597.878172589
311000 597.878172589
312000 617.515343915
313000 617.515343915
314000 617.515343915
315000 618.227135678
316000 618.227135678
317000 618.227135678
318000 618.227135678
319000 628.312695435
320000 628.312695435
