0 1809.2398524
1000 1809.2398524
2000 1809.2398524
3000 1809.2398524
4000 1809.2398524
5000 1809.2398524
6000 1809.2398524
7000 1809.2398524
8000 1809.2398524
9000 1809.2398524
10000 2606.44660194
11000 2229.7069611
12000 2229.7069611
13000 1852.96732026
14000 1852.96732026
15000 1852.96732026
16000 1977.6
17000 1977.6
18000 2008.9261301
19000 2008.9261301
20000 2008.9261301
21000 2538.14050822
22000 2538.14050822
23000 2657.2497555
24000 2657.2497555
25000 2657.2497555
26000 2776.35900277
27000 2776.35900277
28000 2776.35900277
29000 2776.35900277
30000 2450.85741355
31000 2450.85741355
32000 2450.85741355
33000 2028.17094699
34000 2028.17094699
35000 2028.17094699
36000 2028.17094699
37000 2028.17094699
38000 1605.48448043
39000 1605.48448043
40000 1605.48448043
41000 1605.48448043
42000 1662.87323944
43000 1662.87323944
44000 2681.78995434
45000 2681.78995434
46000 2836.53942161
47000 2991.28888889
48000 2991.28888889
49000 3167.7841484
50000 3167.7841484
51000 2612.85878911
52000 2057.93342981
53000 2057.93342981
54000 2057.93342981
55000 2057.93342981
56000 3072.45714286
57000 3072.45714286
58000 9633.42750929
59000 9633.42750929
60000 9633.42750929
61000 2513.81056161
62000 2513.81056161
63000 2513.81056161
64000 2513.81056161
65000 2559.12359551
66000 2559.12359551
67000 2559.12359551
68000 2186.1420765
69000 2186.1420765
70000 2186.1420765
71000 2416.21027876
72000 2416.21027876
73000 2646.27848101
74000 2646.27848101
75000 2646.27848101
76000 2646.27848101
77000 2646.27848101
78000 1904.14148404
79000 1904.14148404
80000 1904.14148404
81000 1904.14148404
82000 2613.84305835
83000 2613.84305835
84000 2613.84305835
85000 2266.44944897
86000 2266.44944897
87000 2266.44944897
88000 2266.44944897
89000 3682.45914397
90000 2803.84455391
91000 2803.84455391
92000 2803.84455391
93000 3005.36029348
94000 3005.36029348
95000 3005.36029348
96000 3206.87603306
97000 3206.87603306
98000 3206.87603306
99000 3206.87603306
100000 5107.82985822
101000 5107.82985822
102000 2488.23529412
103000 2488.23529412
104000 2488.23529412
105000 2488.23529412
106000 2685.67034765
107000 2685.67034765
108000 2685.67034765
109000 4517.6754717
110000 4517.6754717
111000 4517.6754717
112000 5217.36943231
113000 5236.29473684
114000 5236.29473684
115000 3170.5752381
116000 3170.5752381
117000 3170.5752381
118000 3587.87555556
119000 3587.87555556
120000 3587.87555556
121000 3751.68249837
122000 3751.68249837
123000 3751.68249837
124000 2871.14106885
125000 2871.14106885
126000 2640.95973706
127000 2640.95973706
128000 2640.95973706
129000 2640.95973706
130000 5439.46666667
131000 5439.46666667
132000 2507.84571966
133000 2507.84571966
134000 2507.84571966
135000 2980.32386961
136000 2980.32386961
137000 2980.32386961
138000 2398.17420662
139000 2398.17420662
140000 2398.17420662
141000 2398.17420662
142000 2883.20373977
143000 2883.20373977
144000 2883.20373977
145000 3281.86720322
146000 3281.86720322
147000 3281.86720322
148000 2514.09994509
149000 2514.09994509
150000 2514.09994509
151000 6564.93379791
152000 6564.93379791
153000 2856.15384615
154000 2856.15384615
155000 2856.15384615
156000 2896.54033771
157000 2896.54033771
158000 2896.54033771
159000 2284.49981238
160000 2284.49981238
161000 2284.49981238
162000 1792.54253421
163000 1792.54253421
164000 1792.54253421
165000 1792.54253421
166000 498.468571429
167000 498.468571429
168000 1153.85421191
169000 1153.85421191
170000 1153.85421191
171000 1153.85421191
172000 1153.85421191
173000 1153.85421191
174000 1153.85421191
175000 1809.2398524
176000 1809.2398524
177000 2606.44660194
178000 2229.7069611
179000 2229.7069611
180000 1852.96732026
181000 1852.96732026
182000 1852.96732026
183000 1852.96732026
184000 1977.6
185000 1977.6
186000 2008.9261301
187000 2008.9261301
188000 2538.14050822
189000 2538.14050822
190000 2538.14050822
191000 2657.2497555
192000 2657.2497555
193000 2657.2497555
194000 2776.35900277
195000 2776.35900277
196000 2776.35900277
197000 2776.35900277
198000 2450.85741355
199000 2450.85741355
200000 2450.85741355
201000 2028.17094699
202000 2028.17094699
203000 2028.17094699
204000 2028.17094699
205000 2028.17094699
206000 1605.48448043
207000 1605.48448043
208000 1605.48448043
209000 1605.48448043
210000 1662.87323944
211000 1662.87323944
212000 2681.78995434
213000 2836.53942161
214000 2836.53942161
215000 2991.28888889
216000 2991.28888889
217000 3167.7841484
218000 2612.85878911
219000 2612.85878911
220000 2057.93342981
221000 2057.93342981
222000 2057.93342981
223000 2057.93342981
224000 3072.45714286
225000 3072.45714286
226000 9633.42750929
227000 9633.42750929
228000 6073.61903545
229000 2513.81056161
230000 2513.81056161
231000 2513.81056161
232000 2513.81056161
233000 2559.12359551
234000 2559.12359551
235000 2186.1420765
236000 2186.1420765
237000 2186.1420765
238000 2416.21027876
239000 2416.21027876
240000 2646.27848101
241000 2646.27848101
242000 2646.27848101
243000 2646.27848101
244000 2646.27848101
245000 1904.14148404
246000 1904.14148404
247000 1904.14148404
248000 1904.14148404
249000 2613.84305835
250000 2613.84305835
251000 2613.84305835
252000 2613.84305835
253000 2266.44944897
254000 2266.44944897
255000 2266.44944897
256000 3682.45914397
257000 3682.45914397
258000 2803.84455391
259000 2803.84455391
260000 2803.84455391
261000 3005.36029348
262000 3005.36029348
263000 3206.87603306
264000 3206.87603306
265000 3206.87603306
266000 3206.87603306
267000 5107.82985822
268000 5107.82985822
269000 2488.23529412
270000 2488.23529412
271000 2488.23529412
272000 2488.23529412
273000 2685.67034765
274000 2685.67034765
275000 2685.67034765
276000 2685.67034765
277000 4517.6754717
278000 4517.6754717
279000 5217.36943231
280000 5217.36943231
281000 5236.29473684
282000 5236.29473684
283000 3170.5752381
284000 3170.5752381
285000 3170.5752381
286000 3587.87555556
287000 3587.87555556
288000 3587.87555556
289000 3751.68249837
290000 3751.68249837
291000 2871.14106885
292000 2871.14106885
293000 2871.14106885
294000 2640.95973706
295000 2640.95973706
296000 2640.95973706
297000 5439.46666667
298000 5439.46666667
299000 2507.84571966
300000 2507.84571966
301000 2507.84571966
302000 2980.32386961
303000 2980.32386961
304000 2980.32386961
305000 2398.17420662
306000 2398.17420662
307000 2398.17420662
308000 2398.17420662
309000 2883.20373977
310000 2883.20373977
311000 2883.20373977
312000 2883.20373977
313000 3281.86720322
314000 3281.86720322
315000 3281.86720322
316000 2514.09994509
317000 2514.09994509
318000 6564.93379791
319000 6564.93379791
320000 2856.15384615
321000 2856.15384615
322000 2856.15384615
323000 2896.54033771
324000 2896.54033771
325000 2896.54033771
326000 2284.49981238
327000 2284.49981238
328000 2284.49981238
329000 2284.49981238
330000 1792.54253421
331000 1792.54253421
332000 1792.54253421
333000 1792.54253421
334000 498.468571429
335000 498.468571429
