0 4178.69220246
1000 4178.69220246
2000 4178.69220246
3000 4178.69220246
4000 4178.69220246
5000 3834.52252252
6000 3834.52252252
7000 4090.71283251
8000 4090.71283251
9000 4090.71283251
10000 4346.90314249
11000 4346.90314249
12000 4346.90314249
13000 4015.05595737
14000 4015.05595737
15000 4248.46622926
16000 4248.46622926
17000 4248.46622926
18000 4327.96252927
19000 4327.96252927
20000 4327.96252927
21000 4327.96252927
22000 4272.84267387
23000 4272.84267387
24000 4272.84267387
25000 4328.37344578
26000 4328.37344578
27000 4328.37344578
28000 4328.37344578
29000 4328.37344578
30000 4383.90421769
31000 4383.90421769
32000 4383.90421769
33000 4383.90421769
34000 4509.89001122
35000 4509.89001122
36000 4509.89001122
37000 4363.06834031
38000 4363.06834031
39000 4363.06834031
40000 4363.06834031
41000 4363.06834031
42000 4286.63510496
43000 4286.63510496
44000 4286.63510496
45000 4286.63510496
46000 4627.19771999
47000 4627.19771999
48000 4627.19771999
49000 4627.19771999
50000 4036.7728558
51000 4036.7728558
52000 4036.7728558
53000 4036.7728558
54000 4055.66374781
55000 4055.66374781
56000 4055.66374781
57000 4055.66374781
58000 4055.66374781
59000 4178.24935865
60000 4178.24935865
61000 4178.24935865
62000 4178.24935865
63000 4235.73627722
64000 4235.73627722
65000 4235.73627722
66000 4235.73627722
67000 3762.24355845
68000 3762.24355845
69000 3762.24355845
70000 3762.24355845
71000 4072.56286862
72000 4072.56286862
73000 4072.56286862
74000 4072.56286862
75000 4072.56286862
76000 4072.56286862
77000 4072.56286862
78000 4072.56286862
79000 4382.8821788
80000 4382.8821788
81000 4382.8821788
82000 4240.26436782
83000 4240.26436782
84000 4240.26436782
85000 3852.92974174
86000 3852.92974174
87000 3852.92974174
88000 3852.92974174
89000 3946.47508691
90000 3946.47508691
91000 3946.47508691
92000 3946.47508691
93000 4748.59981601
94000 4748.59981601
95000 4404.71140065
96000 4404.71140065
97000 4404.71140065
98000 3880.94733121
99000 3880.94733121
100000 3880.94733121
101000 4152.12839218
102000 4152.12839218
103000 4152.12839218
104000 4152.12839218
105000 4100.9689441
106000 4100.9689441
107000 4100.9689441
108000 4414.22443064
109000 4414.22443064
110000 3770.53221289
111000 3770.53221289
112000 3770.53221289
113000 3770.53221289
114000 4270.89117729
115000 4270.89117729
116000 4270.89117729
117000 4270.89117729
118000 4154.1037037
119000 4154.1037037
120000 4154.1037037
121000 3976.79811469
122000 3976.79811469
123000 4491.93675889
124000 4491.93675889
125000 4491.93675889
126000 4230.97577855
127000 4230.97577855
128000 4018.37102086
129000 4018.37102086
130000 4719.47747748
131000 4719.47747748
132000 4511.2638277
133000 4511.2638277
134000 4511.2638277
135000 3956.66407551
136000 3956.66407551
137000 3956.66407551
138000 3988.51577998
139000 3988.51577998
140000 3988.51577998
141000 3988.51577998
142000 4372.75727003
143000 4372.75727003
144000 4372.75727003
145000 4372.75727003
146000 3846.60980563
147000 3846.60980563
148000 3846.60980563
149000 3846.60980563
150000 3717.48547718
151000 3717.48547718
152000 3717.48547718
153000 3717.48547718
154000 3783.7562203
155000 3783.7562203
156000 3783.7562203
157000 3783.7562203
158000 3948.80846841
159000 3948.80846841
160000 3948.80846841
161000 4107.73450678
162000 4107.73450678
163000 4107.73450678
164000 4153.02428786
165000 4153.02428786
166000 4153.02428786
167000 4153.02428786
168000 4051.09677419
169000 4051.09677419
170000 4051.09677419
171000 4234.60662252
172000 4234.60662252
173000 4234.60662252
174000 4339.87555556
175000 4339.87555556
176000 4339.87555556
177000 3727.14107366
178000 3727.14107366
179000 3422.29048414
180000 3422.29048414
181000 3800.4913433
182000 3800.4913433
183000 3800.4913433
184000 4178.69220246
185000 4178.69220246
186000 3834.52252252
187000 4090.71283251
188000 4090.71283251
189000 4090.71283251
190000 4346.90314249
191000 4346.90314249
192000 4346.90314249
193000 4015.05595737
194000 4015.05595737
195000 4015.05595737
196000 4248.46622926
197000 4248.46622926
198000 4248.46622926
199000 4327.96252927
200000 4327.96252927
201000 4327.96252927
202000 4272.84267387
203000 4272.84267387
204000 4272.84267387
205000 4328.37344578
206000 4328.37344578
207000 4328.37344578
208000 4328.37344578
209000 4328.37344578
210000 4383.90421769
211000 4383.90421769
212000 4383.90421769
213000 4383.90421769
214000 4509.89001122
215000 4509.89001122
216000 4509.89001122
217000 4509.89001122
218000 4363.06834031
219000 4363.06834031
220000 4363.06834031
221000 4363.06834031
222000 4286.63510496
223000 4286.63510496
224000 4286.63510496
225000 4286.63510496
226000 4286.63510496
227000 4627.19771999
228000 4627.19771999
229000 4627.19771999
230000 4036.7728558
231000 4036.7728558
232000 4036.7728558
233000 4036.7728558
234000 4036.7728558
235000 4055.66374781
236000 4055.66374781
237000 4055.66374781
238000 4055.66374781
239000 4055.66374781
240000 4178.24935865
241000 4178.24935865
242000 4178.24935865
243000 4178.24935865
244000 4235.73627722
245000 4235.73627722
246000 4235.73627722
247000 3762.24355845
248000 3762.24355845
249000 3762.24355845
250000 3762.24355845
251000 3762.24355845
252000 4072.56286862
253000 4072.56286862
254000 4072.56286862
255000 4072.56286862
256000 4072.56286862
257000 4072.56286862
258000 4072.56286862
259000 4382.8821788
260000 4382.8821788
261000 4382.8821788
262000 4382.8821788
263000 4240.26436782
264000 4240.26436782
265000 4240.26436782
266000 3852.92974174
267000 3852.92974174
268000 3852.92974174
269000 3852.92974174
270000 3946.47508691
271000 3946.47508691
272000 3946.47508691
273000 4748.59981601
274000 4748.59981601
275000 4748.59981601
276000 4404.71140065
277000 4404.71140065
278000 4404.71140065
279000 3880.94733121
280000 3880.94733121
281000 3880.94733121
282000 4152.12839218
283000 4152.12839218
284000 4152.12839218
285000 4152.12839218
286000 4100.9689441
287000 4100.9689441
288000 4414.22443064
289000 4414.22443064
290000 4414.22443064
291000 3770.53221289
292000 3770.53221289
293000 3770.53221289
294000 3770.53221289
295000 4270.89117729
296000 4270.89117729
297000 4270.89117729
298000 4270.89117729
299000 4154.1037037
300000 4154.1037037
301000 3976.79811469
302000 3976.79811469
303000 3976.79811469
304000 4491.93675889
305000 4491.93675889
306000 4230.97577855
307000 4230.97577855
308000 4230.97577855
309000 4018.37102086
310000 4018.37102086
311000 4719.47747748
312000 4719.47747748
313000 4511.2638277
314000 4511.2638277
315000 3956.66407551
316000 3956.66407551
317000 3956.66407551
318000 3956.66407551
319000 3988.51577998
320000 3988.51577998
321000 3988.51577998
322000 3988.51577998
323000 4372.75727003
324000 4372.75727003
325000 4372.75727003
326000 3846.60980563
327000 3846.60980563
328000 3846.60980563
329000 3846.60980563
330000 3717.48547718
331000 3717.48547718
332000 3717.48547718
333000 3717.48547718
334000 3783.7562203
335000 3783.7562203
336000 3783.7562203
337000 3783.7562203
338000 3948.80846841
339000 3948.80846841
340000 3948.80846841
341000 3948.80846841
342000 4107.73450678
343000 4107.73450678
344000 4107.73450678
345000 4153.02428786
346000 4153.02428786
347000 4153.02428786
348000 4051.09677419
349000 4051.09677419
350000 4051.09677419
351000 4234.60662252
352000 4234.60662252
353000 4234.60662252
354000 4234.60662252
355000 4339.87555556
356000 4339.87555556
357000 3727.14107366
358000 3727.14107366
359000 3727.14107366
360000 3422.29048414
361000 3422.29048414
