0 2473.49957591
1000 2473.49957591
2000 2473.49957591
3000 2473.49957591
4000 2473.49957591
5000 2473.49957591
6000 2473.49957591
7000 2473.49957591
8000 2473.49957591
9000 1736.08748481
10000 1015.45654109
11000 1015.45654109
12000 1015.45654109
13000 1015.45654109
14000 922.275267694
15000 922.275267694
16000 922.275267694
17000 922.275267694
18000 1577.08665105
19000 1577.08665105
20000 1162.02203673
21000 1162.02203673
22000 1162.02203673
23000 1153.72794724
24000 1153.72794724
25000 1153.72794724
26000 1215.18352731
27000 1215.18352731
28000 1215.18352731
29000 2013.07473749
30000 2013.07473749
31000 836.659900873
32000 836.659900873
33000 836.659900873
34000 836.659900873
35000 1310.25598679
36000 1310.25598679
37000 1310.25598679
38000 1398.25
39000 1398.25
40000 1398.25
41000 3136.13631523
42000 2099.88977342
43000 2099.88977342
44000 2019.05325444
45000 2019.05325444
46000 1603.32075472
47000 1603.32075472
48000 1187.9346049
49000 1187.9346049
50000 1187.9346049
51000 1187.9346049
52000 2035.2545676
53000 2035.2545676
54000 1379.15625
55000 1379.15625
56000 1111.99441731
57000 1111.99441731
58000 1111.99441731
59000 834.875254434
60000 834.875254434
61000 834.875254434
62000 834.875254434
63000 1555.55393053
64000 1555.55393053
65000 1555.55393053
66000 1680.94117647
67000 1680.94117647
68000 1029.85903084
69000 1029.85903084
70000 1029.85903084
71000 1551.37007874
72000 1551.37007874
73000 1551.37007874
74000 1076.96139477
75000 1076.96139477
76000 1076.96139477
77000 1076.96139477
78000 1978.94736842
79000 3841.9009901
80000 3841.9009901
81000 3719.80563654
82000 3422.47619048
83000 3588.05103042
84000 3588.05103042
85000 3773.94313968
86000 4011.84074941
87000 4202.46004843
88000 4091.6169265
89000 3678.0990099
90000 3969.41270107
91000 3969.41270107
92000 4260.72639225
93000 3841.33984648
94000 3848.68497577
95000 3848.68497577
96000 3794.00444774
97000 3697.2794497
98000 3727.30434783
99000 3727.30434783
100000 3901.51648352
101000 3915.77579204
102000 3915.77579204
103000 3834.49286216
104000 3834.49286216
105000 3753.20993228
106000 3753.20993228
107000 3954.51082251
108000 3954.51082251
109000 4052.61496599
110000 3949.07702101
111000 3949.07702101
112000 3871.72571429
113000 3871.72571429
114000 4154.66004963
115000 4154.66004963
116000 3825.73825164
117000 3825.73825164
118000 3957.22997416
119000 3957.22997416
120000 3977.61493582
121000 3977.61493582
122000 3818.22198159
123000 3818.22198159
124000 3229.91215352
125000 3229.91215352
126000 3704.69374314
127000 3704.69374314
128000 3876.56631226
129000 3876.56631226
130000 3888.61167002
131000 3888.61167002
132000 3845.53493381
133000 3845.53493381
134000 3845.53493381
135000 3802.45819761
136000 3802.45819761
137000 3802.45819761
138000 3802.45819761
139000 3586.34487395
140000 3586.34487395
141000 3586.34487395
142000 3897.00595798
143000 3897.00595798
144000 3897.00595798
145000 3854.88827126
146000 3854.88827126
147000 3854.88827126
148000 3854.88827126
149000 3849.3164557
150000 3849.3164557
151000 3849.3164557
152000 3849.3164557
153000 3841.70487878
154000 3841.70487878
155000 3841.70487878
156000 3814.25035643
157000 3814.25035643
158000 3814.25035643
159000 3814.25035643
160000 3794.91642345
161000 3794.91642345
162000 3794.91642345
163000 3794.91642345
164000 3957.03767865
165000 3957.03767865
166000 3807.68531706
167000 3807.68531706
168000 3807.68531706
169000 3917.84376863
170000 3917.84376863
171000 3917.84376863
172000 3917.84376863
173000 3453.21838533
174000 3453.21838533
175000 3453.21838533
176000 3453.21838533
177000 3864.83524442
178000 3864.83524442
179000 3864.83524442
180000 3857.13702395
181000 3857.13702395
182000 3857.13702395
183000 3901.14702815
184000 3901.14702815
185000 4106.35684647
186000 3044.5881718
187000 3044.5881718
188000 3044.5881718
189000 3044.5881718
190000 3044.5881718
191000 3044.5881718
192000 3044.5881718
193000 2473.49957591
194000 1736.08748481
195000 1736.08748481
196000 1015.45654109
197000 1015.45654109
198000 1015.45654109
199000 1015.45654109
200000 922.275267694
201000 922.275267694
202000 922.275267694
203000 922.275267694
204000 1577.08665105
205000 1577.08665105
206000 1162.02203673
207000 1162.02203673
208000 1162.02203673
209000 1153.72794724
210000 1153.72794724
211000 1153.72794724
212000 1215.18352731
213000 1215.18352731
214000 2013.07473749
215000 2013.07473749
216000 836.659900873
217000 836.659900873
218000 836.659900873
219000 836.659900873
220000 836.659900873
221000 1310.25598679
222000 1310.25598679
223000 1310.25598679
224000 1398.25
225000 1398.25
226000 1398.25
227000 3136.13631523
228000 2099.88977342
229000 2099.88977342
230000 2019.05325444
231000 1603.32075472
232000 1603.32075472
233000 1603.32075472
234000 1187.9346049
235000 1187.9346049
236000 1187.9346049
237000 2035.2545676
238000 2035.2545676
239000 2035.2545676
240000 1379.15625
241000 1379.15625
242000 1111.99441731
243000 1111.99441731
244000 1111.99441731
245000 834.875254434
246000 834.875254434
247000 834.875254434
248000 834.875254434
249000 1555.55393053
250000 1555.55393053
251000 1555.55393053
252000 1680.94117647
253000 1029.85903084
254000 1029.85903084
255000 1029.85903084
256000 1029.85903084
257000 1551.37007874
258000 1551.37007874
259000 1551.37007874
260000 1076.96139477
261000 1076.96139477
262000 1076.96139477
263000 1978.94736842
264000 1978.94736842
265000 3841.9009901
266000 3719.80563654
267000 3719.80563654
268000 3422.47619048
269000 3588.05103042
270000 3773.94313968
271000 3773.94313968
272000 4202.46004843
273000 4091.6169265
274000 4091.6169265
275000 3678.0990099
276000 3969.41270107
277000 3969.41270107
278000 4260.72639225
279000 3841.33984648
280000 3848.68497577
281000 3794.00444774
282000 3794.00444774
283000 3697.2794497
284000 3727.30434783
285000 3901.51648352
286000 3901.51648352
287000 3915.77579204
288000 3834.49286216
289000 3834.49286216
290000 3834.49286216
291000 3753.20993228
292000 3753.20993228
293000 3954.51082251
294000 4052.61496599
295000 4052.61496599
296000 3949.07702101
297000 3949.07702101
298000 3871.72571429
299000 3871.72571429
300000 4154.66004963
301000 4154.66004963
302000 3825.73825164
303000 3825.73825164
304000 3957.22997416
305000 3957.22997416
306000 3977.61493582
307000 3818.22198159
308000 3818.22198159
309000 3229.91215352
310000 3229.91215352
311000 3229.91215352
312000 3704.69374314
313000 3704.69374314
314000 3876.56631226
315000 3876.56631226
316000 3888.61167002
317000 3888.61167002
318000 3845.53493381
319000 3845.53493381
320000 3845.53493381
321000 3802.45819761
322000 3802.45819761
323000 3802.45819761
324000 3802.45819761
325000 3586.34487395
326000 3586.34487395
327000 3586.34487395
328000 3897.00595798
329000 3897.00595798
330000 3897.00595798
331000 3854.88827126
332000 3854.88827126
333000 3854.88827126
334000 3854.88827126
335000 3849.3164557
336000 3849.3164557
337000 3849.3164557
338000 3849.3164557
339000 3841.70487878
340000 3841.70487878
341000 3841.70487878
342000 3814.25035643
343000 3814.25035643
344000 3814.25035643
345000 3814.25035643
346000 3794.91642345
347000 3794.91642345
348000 3794.91642345
349000 3957.03767865
350000 3957.03767865
351000 3957.03767865
352000 3807.68531706
353000 3807.68531706
354000 3807.68531706
355000 3917.84376863
356000 3917.84376863
357000 3917.84376863
358000 3453.21838533
359000 3453.21838533
360000 3453.21838533
361000 3453.21838533
362000 3453.21838533
363000 3864.83524442
364000 3864.83524442
365000 3864.83524442
366000 3857.13702395
367000 3857.13702395
368000 3857.13702395
369000 3901.14702815
370000 3901.14702815
371000 4106.35684647
