0 1522.26720648
1000 1522.26720648
2000 1522.26720648
3000 1522.26720648
4000 1522.26720648
5000 1522.26720648
6000 1522.26720648
7000 1522.26720648
8000 1522.26720648
9000 1522.26720648
10000 1522.26720648
11000 1522.26720648
12000 1522.26720648
13000 1378.9686747
14000 1632.3023245
15000 1632.3023245
16000 1885.6359743
17000 1885.6359743
18000 1885.6359743
19000 947.714902808
20000 947.714902808
21000 1752.21875
22000 1448.69820749
23000 1448.69820749
24000 1145.17766497
25000 1145.17766497
26000 1145.17766497
27000 947.267687819
28000 947.267687819
29000 947.267687819
30000 1259.48651911
31000 1259.48651911
32000 1259.48651911
33000 1787.67259786
34000 1787.67259786
35000 1798.94970099
36000 1798.94970099
37000 1810.22680412
38000 1810.22680412
39000 1974.26009961
40000 1974.26009961
41000 1938.41196778
42000 1938.41196778
43000 1998.24434389
44000 1998.24434389
45000 1955.43759874
46000 1955.43759874
47000 2014.96278511
48000 2014.96278511
49000 1837.36874362
50000 1837.36874362
51000 1657.91584416
52000 1657.91584416
53000 2014.25385528
54000 2014.25385528
55000 1935.46822157
56000 1935.46822157
57000 1956.99966731
58000 1956.99966731
59000 1956.99966731
60000 1978.53111306
61000 1978.53111306
62000 1978.53111306
63000 2015.11037344
64000 2015.11037344
65000 2007.03782405
66000 2007.03782405
67000 2007.03782405
68000 1963.17367459
69000 1963.17367459
70000 1963.17367459
71000 1931.20842739
72000 1931.20842739
73000 1967.24435318
74000 1967.24435318
75000 1967.24435318
76000 1872.02424242
77000 1872.02424242
78000 1872.02424242
79000 1938.95273818
80000 1938.95273818
81000 1938.95273818
82000 1870.7191461
83000 1870.7191461
84000 1870.7191461
85000 1919.39323364
86000 1919.39323364
87000 1919.39323364
88000 1919.39323364
89000 1968.06732118
90000 1968.06732118
91000 1968.06732118
92000 1951.14587738
93000 1951.14587738
94000 1951.14587738
95000 1951.14587738
96000 1914.67305389
97000 1914.67305389
98000 1914.67305389
99000 1914.67305389
100000 1914.67305389
101000 1933.30268199
102000 1933.30268199
103000 1933.30268199
104000 1960.57142857
105000 1960.57142857
106000 1960.57142857
107000 1960.57142857
108000 1960.57142857
109000 1948.17759954
110000 1948.17759954
111000 1948.17759954
112000 1992.4241139
113000 1992.4241139
114000 1992.4241139
115000 1992.4241139
116000 1821.62597772
117000 1821.62597772
118000 1821.62597772
119000 1821.62597772
120000 1680.072206
121000 1680.072206
122000 1680.072206
123000 1680.072206
124000 1950.96225412
125000 1950.96225412
126000 1950.96225412
127000 1950.96225412
128000 1956.08067664
129000 1956.08067664
130000 1956.08067664
131000 1945.64482241
132000 1945.64482241
133000 1945.64482241
134000 1945.64482241
135000 1993.38008415
136000 1993.38008415
137000 1993.38008415
138000 1941.47751495
139000 1941.47751495
140000 1941.47751495
141000 1941.47751495
142000 1840.06294256
143000 1840.06294256
144000 1840.06294256
145000 1840.06294256
146000 1922.55503876
147000 1922.55503876
148000 1922.55503876
149000 1922.55503876
150000 1922.55503876
151000 1865.12363996
152000 1865.12363996
153000 1865.12363996
154000 1865.12363996
155000 1965.61898653
156000 1965.61898653
157000 1965.61898653
158000 1973.8814628
159000 1973.8814628
160000 1973.8814628
161000 2044.64596273
162000 2044.64596273
163000 2044.64596273
164000 1846.52484161
165000 1846.52484161
166000 1846.52484161
167000 2001.91310592
168000 2001.91310592
169000 2001.91310592
170000 2014.26118721
171000 2014.26118721
172000 2014.26118721
173000 1746.30518098
174000 1746.30518098
175000 1746.30518098
176000 1861.21539722
177000 1861.21539722
178000 1861.21539722
179000 1961.73913043
180000 1961.73913043
181000 1961.73913043
182000 1946.84870097
183000 1946.84870097
184000 1946.84870097
185000 1946.84870097
186000 1728.80764519
187000 1728.80764519
188000 1728.80764519
189000 1728.80764519
190000 1865.53062331
191000 1865.53062331
192000 1865.53062331
193000 1865.53062331
194000 2000.35320088
195000 2000.35320088
196000 2000.35320088
197000 1987.56054756
198000 1987.56054756
199000 1987.56054756
200000 1950.76643991
201000 1950.76643991
202000 1950.76643991
203000 1950.76643991
204000 1951.17776612
205000 1951.17776612
206000 1951.17776612
207000 1951.17776612
208000 1404.64361599
209000 1404.64361599
210000 1404.64361599
211000 1404.64361599
212000 1404.64361599
213000 1946.6275395
214000 1946.6275395
215000 1946.6275395
216000 1946.6275395
217000 1916.73746814
218000 1916.73746814
219000 1916.73746814
220000 1916.73746814
221000 1843.43418468
222000 1843.43418468
223000 1843.43418468
224000 1843.43418468
225000 1860.31842966
226000 1860.31842966
227000 1860.31842966
228000 1860.31842966
229000 1952.72192649
230000 1952.72192649
231000 1952.72192649
232000 1952.72192649
233000 1819.97257591
234000 1819.97257591
235000 1819.97257591
236000 1819.97257591
237000 1889.44336238
238000 1889.44336238
239000 1889.44336238
240000 1889.44336238
241000 1963.47628083
242000 1963.47628083
243000 1963.47628083
244000 1963.47628083
245000 1989.37646752
246000 1989.37646752
247000 1989.37646752
248000 1989.37646752
249000 1942.25528811
250000 1942.25528811
251000 1942.25528811
252000 1954.2994012
253000 1954.2994012
254000 1905.80107941
255000 1905.80107941
256000 1905.80107941
257000 1896.72002846
258000 1896.72002846
259000 1896.72002846
260000 1991.72071373
261000 1991.72071373
262000 1991.72071373
263000 1951.93216746
264000 1951.93216746
265000 2002.64809855
266000 2002.64809855
267000 1971.54004758
268000 1971.54004758
269000 1971.54004758
270000 1963.53935634
271000 1963.53935634
272000 1963.53935634
273000 1836.05960784
274000 1836.05960784
275000 1967.64359586
276000 1967.64359586
277000 1967.64359586
278000 2005.1035747
279000 2005.1035747
280000 1945.72430128
281000 1945.72430128
282000 1945.72430128
283000 1825.26463232
284000 1825.26463232
285000 1998.55332303
286000 1998.55332303
287000 1998.55332303
288000 2018.35497835
289000 2018.35497835
290000 2018.35497835
291000 1450.67513148
292000 1450.67513148
293000 1450.67513148
294000 1450.67513148
295000 1450.67513148
296000 1450.67513148
297000 1450.67513148
298000 1450.67513148
299000 1450.67513148
300000 1450.67513148
301000 1522.26720648
302000 1522.26720648
303000 1378.9686747
304000 1378.9686747
305000 1632.3023245
306000 1885.6359743
307000 1885.6359743
308000 1885.6359743
309000 947.714902808
310000 947.714902808
311000 1752.21875
312000 1448.69820749
313000 1448.69820749
314000 1448.69820749
315000 1145.17766497
316000 1145.17766497
317000 947.267687819
318000 947.267687819
319000 947.267687819
320000 947.267687819
321000 1259.48651911
322000 1259.48651911
323000 1787.67259786
324000 1787.67259786
325000 1787.67259786
326000 1798.94970099
327000 1798.94970099
328000 1810.22680412
329000 1810.22680412
330000 1974.26009961
331000 1974.26009961
332000 1938.41196778
333000 1938.41196778
334000 1998.24434389
335000 1998.24434389
336000 1955.43759874
337000 1955.43759874
338000 2014.96278511
339000 2014.96278511
340000 1837.36874362
341000 1837.36874362
342000 1657.91584416
343000 1657.91584416
344000 2014.25385528
345000 2014.25385528
346000 1935.46822157
347000 1935.46822157
348000 1956.99966731
349000 1956.99966731
350000 1956.99966731
351000 1978.53111306
352000 1978.53111306
353000 2015.11037344
354000 2015.11037344
355000 2015.11037344
356000 2007.03782405
357000 2007.03782405
358000 1963.17367459
359000 1963.17367459
360000 1963.17367459
361000 1931.20842739
362000 1931.20842739
363000 1931.20842739
364000 1967.24435318
365000 1967.24435318
366000 1967.24435318
367000 1872.02424242
368000 1872.02424242
369000 1872.02424242
370000 1938.95273818
371000 1938.95273818
372000 1870.7191461
373000 1870.7191461
374000 1870.7191461
375000 1870.7191461
376000 1919.39323364
377000 1919.39323364
378000 1919.39323364
379000 1968.06732118
380000 1968.06732118
381000 1968.06732118
382000 1968.06732118
383000 1951.14587738
384000 1951.14587738
385000 1951.14587738
386000 1951.14587738
387000 1914.67305389
388000 1914.67305389
389000 1914.67305389
390000 1914.67305389
391000 1933.30268199
392000 1933.30268199
393000 1933.30268199
394000 1933.30268199
395000 1960.57142857
396000 1960.57142857
397000 1960.57142857
398000 1960.57142857
399000 1948.17759954
400000 1948.17759954
401000 1948.17759954
402000 1948.17759954
403000 1992.4241139
404000 1992.4241139
405000 1992.4241139
406000 1821.62597772
407000 1821.62597772
408000 1821.62597772
409000 1821.62597772
410000 1821.62597772
411000 1680.072206
412000 1680.072206
413000 1680.072206
414000 1680.072206
415000 1950.96225412
416000 1950.96225412
417000 1950.96225412
418000 1950.96225412
419000 1956.08067664
420000 1956.08067664
421000 1956.08067664
422000 1945.64482241
423000 1945.64482241
424000 1945.64482241
425000 1945.64482241
426000 1993.38008415
427000 1993.38008415
428000 1993.38008415
429000 1941.47751495
430000 1941.47751495
431000 1941.47751495
432000 1941.47751495
433000 1840.06294256
434000 1840.06294256
435000 1840.06294256
436000 1840.06294256
437000 1922.55503876
438000 1922.55503876
439000 1922.55503876
440000 1922.55503876
441000 1865.12363996
442000 1865.12363996
443000 1865.12363996
444000 1865.12363996
445000 1965.61898653
446000 1965.61898653
447000 1965.61898653
448000 1965.61898653
449000 1973.8814628
450000 1973.8814628
451000 1973.8814628
452000 2044.64596273
453000 2044.64596273
454000 2044.64596273
455000 1846.52484161
456000 1846.52484161
457000 1846.52484161
458000 2001.91310592
459000 2001.91310592
460000 2001.91310592
461000 2014.26118721
462000 2014.26118721
463000 2014.26118721
464000 1746.30518098
465000 1746.30518098
466000 1746.30518098
467000 1861.21539722
468000 1861.21539722
469000 1961.73913043
470000 1961.73913043
471000 1961.73913043
472000 1946.84870097
473000 1946.84870097
474000 1946.84870097
475000 1946.84870097
476000 1728.80764519
477000 1728.80764519
478000 1728.80764519
479000 1728.80764519
480000 1728.80764519
481000 1865.53062331
482000 1865.53062331
483000 1865.53062331
484000 2000.35320088
485000 2000.35320088
486000 2000.35320088
487000 1987.56054756
488000 1987.56054756
489000 1987.56054756
490000 1950.76643991
491000 1950.76643991
492000 1950.76643991
493000 1950.76643991
494000 1951.17776612
495000 1951.17776612
496000 1951.17776612
497000 1951.17776612
498000 1404.64361599
499000 1404.64361599
500000 1404.64361599
501000 1404.64361599
502000 1404.64361599
503000 1404.64361599
504000 1946.6275395
505000 1946.6275395
506000 1946.6275395
507000 1916.73746814
508000 1916.73746814
509000 1916.73746814
510000 1916.73746814
511000 1843.43418468
512000 1843.43418468
513000 1843.43418468
514000 1843.43418468
515000 1843.43418468
516000 1860.31842966
517000 1860.31842966
518000 1860.31842966
519000 1952.72192649
520000 1952.72192649
521000 1952.72192649
522000 1952.72192649
523000 1819.97257591
524000 1819.97257591
525000 1819.97257591
526000 1819.97257591
527000 1819.97257591
528000 1889.44336238
529000 1889.44336238
530000 1889.44336238
531000 1889.44336238
532000 1963.47628083
533000 1963.47628083
534000 1963.47628083
535000 1963.47628083
536000 1989.37646752
537000 1989.37646752
538000 1989.37646752
539000 1989.37646752
540000 1942.25528811
541000 1942.25528811
542000 1942.25528811
543000 1954.2994012
544000 1954.2994012
545000 1905.80107941
546000 1905.80107941
547000 1905.80107941
548000 1896.72002846
549000 1896.72002846
550000 1896.72002846
551000 1991.72071373
552000 1991.72071373
553000 1991.72071373
554000 1951.93216746
555000 1951.93216746
556000 2002.64809855
557000 2002.64809855
558000 1971.54004758
559000 1971.54004758
560000 1963.53935634
561000 1963.53935634
562000 1963.53935634
563000 1836.05960784
564000 1836.05960784
565000 1836.05960784
566000 1967.64359586
567000 1967.64359586
568000 1967.64359586
569000 2005.1035747
570000 2005.1035747
571000 1945.72430128
572000 1945.72430128
573000 1825.26463232
574000 1825.26463232
575000 1825.26463232
576000 1998.55332303
577000 1998.55332303
578000 1998.55332303
579000 2018.35497835
580000 2018.35497835
581000 1379.08305648
