0 892.885644769
1000 892.885644769
2000 892.885644769
3000 892.885644769
4000 892.885644769
5000 892.885644769
6000 892.885644769
7000 892.885644769
8000 892.885644769
9000 892.885644769
10000 892.885644769
11000 892.885644769
12000 892.885644769
13000 892.885644769
14000 892.885644769
15000 892.885644769
16000 892.885644769
17000 892.885644769
18000 1606.31292517
19000 1192.44584648
20000 1192.44584648
21000 929.309879762
22000 929.309879762
23000 929.309879762
24000 929.309879762
25000 929.309879762
26000 929.309879762
27000 929.309879762
28000 929.309879762
29000 929.309879762
30000 666.173913043
31000 666.173913043
32000 666.173913043
33000 666.173913043
34000 666.173913043
35000 849.032258065
36000 849.032258065
37000 803.297532656
38000 803.297532656
39000 897.241877256
40000 897.241877256
41000 751.901298448
42000 751.901298448
43000 606.56071964
44000 606.56071964
45000 606.56071964
46000 606.56071964
47000 710.723028391
48000 710.723028391
49000 759.687312087
50000 759.687312087
51000 759.687312087
52000 936.976348155
53000 936.976348155
54000 936.976348155
55000 615.874292898
56000 615.874292898
57000 615.874292898
58000 615.874292898
59000 369.622314361
60000 369.622314361
61000 369.622314361
62000 369.622314361
63000 369.622314361
64000 369.622314361
65000 369.622314361
66000 599.440699126
67000 599.440699126
68000 599.440699126
69000 599.440699126
70000 599.440699126
71000 599.440699126
72000 599.440699126
73000 554.314983809
74000 554.314983809
75000 554.314983809
76000 554.314983809
77000 554.314983809
78000 768.097859327
79000 768.097859327
80000 768.097859327
81000 768.097859327
82000 768.097859327
83000 768.097859327
84000 768.097859327
85000 632.878522838
86000 632.878522838
87000 632.878522838
88000 632.878522838
89000 632.878522838
90000 710.407079646
91000 710.407079646
92000 710.407079646
93000 710.407079646
94000 710.407079646
95000 1035.8512035
96000 1035.8512035
97000 1035.8512035
98000 1035.8512035
99000 1268.05939316
100000 1268.05939316
101000 1521.36720554
102000 1521.36720554
103000 677.398074508
104000 677.398074508
105000 677.398074508
106000 913.574297189
107000 913.574297189
108000 913.574297189
109000 490.975206612
110000 490.975206612
111000 490.975206612
112000 490.975206612
113000 490.975206612
114000 490.975206612
115000 1164.35496689
116000 1164.35496689
117000 1164.35496689
118000 1288.84298674
119000 1288.84298674
120000 1288.84298674
121000 1190.70050468
122000 1190.70050468
123000 1190.70050468
124000 1190.70050468
125000 1190.70050468
126000 1092.55802262
127000 1092.55802262
128000 1092.55802262
129000 1092.55802262
130000 520.359839357
131000 520.359839357
132000 520.359839357
133000 520.359839357
134000 520.359839357
135000 520.359839357
136000 604.105071027
137000 604.105071027
138000 604.105071027
139000 604.105071027
140000 604.105071027
141000 604.105071027
142000 687.850302697
143000 687.850302697
144000 687.850302697
145000 687.850302697
146000 687.850302697
147000 216.272228321
148000 216.272228321
149000 216.272228321
150000 216.272228321
151000 216.272228321
152000 216.272228321
153000 534.41958042
154000 534.41958042
155000 534.41958042
156000 534.41958042
157000 534.41958042
158000 658.60385439
159000 658.60385439
160000 658.60385439
161000 658.60385439
162000 658.60385439
163000 622.116611661
164000 622.116611661
165000 622.116611661
166000 622.116611661
167000 871.486880466
168000 871.486880466
169000 792.544287548
170000 792.544287548
171000 792.544287548
172000 602.352
173000 602.352
174000 602.352
175000 680.257471264
176000 680.257471264
177000 680.257471264
178000 684.740911714
179000 684.740911714
180000 684.740911714
181000 182120.727273
182000 182120.727273
183000 182120.727273
184000 182120.727273
185000 182120.727273
186000 182120.727273
187000 688.017679558
188000 688.017679558
189000 688.017679558
190000 688.017679558
191000 863.914704576
192000 863.914704576
193000 863.914704576
194000 691.013233797
195000 691.013233797
196000 691.013233797
197000 691.013233797
198000 768.866694879
199000 768.866694879
200000 768.866694879
201000 768.866694879
202000 393.331533269
203000 393.331533269
204000 393.331533269
205000 393.331533269
206000 393.331533269
207000 393.331533269
208000 393.331533269
209000 566.763876388
210000 566.763876388
211000 566.763876388
212000 566.763876388
213000 566.763876388
214000 281.430558672
215000 281.430558672
216000 281.430558672
217000 281.430558672
218000 281.430558672
219000 281.430558672
220000 1057.818561
221000 1057.818561
222000 1057.818561
223000 1057.818561
224000 891.938572719
225000 891.938572719
226000 891.938572719
227000 891.938572719
228000 479.177800617
229000 479.177800617
230000 479.177800617
231000 479.177800617
232000 479.177800617
233000 851.477669077
234000 851.477669077
235000 851.477669077
236000 851.477669077
237000 851.477669077
238000 496.712749616
239000 496.712749616
240000 496.712749616
241000 496.712749616
242000 496.712749616
243000 496.712749616
244000 496.712749616
245000 781.57806913
246000 781.57806913
247000 781.57806913
248000 831.177459219
249000 831.177459219
250000 831.177459219
251000 831.177459219
252000 603.677666922
253000 603.677666922
254000 748.281655845
255000 748.281655845
256000 748.281655845
257000 748.281655845
258000 748.281655845
259000 748.281655845
260000 748.281655845
261000 748.281655845
262000 748.281655845
263000 748.281655845
264000 748.281655845
265000 748.281655845
266000 748.281655845
267000 892.885644769
268000 892.885644769
269000 892.885644769
270000 892.885644769
271000 1606.31292517
272000 1606.31292517
273000 1192.44584648
274000 1192.44584648
275000 929.309879762
276000 929.309879762
277000 929.309879762
278000 929.309879762
279000 929.309879762
280000 929.309879762
281000 929.309879762
282000 929.309879762
283000 929.309879762
284000 666.173913043
285000 666.173913043
286000 666.173913043
287000 666.173913043
288000 849.032258065
289000 849.032258065
290000 849.032258065
291000 803.297532656
292000 803.297532656
293000 897.241877256
294000 897.241877256
295000 751.901298448
296000 751.901298448
297000 606.56071964
298000 606.56071964
299000 606.56071964
300000 606.56071964
301000 710.723028391
302000 710.723028391
303000 759.687312087
304000 759.687312087
305000 759.687312087
306000 936.976348155
307000 936.976348155
308000 936.976348155
309000 615.874292898
310000 615.874292898
311000 615.874292898
312000 615.874292898
313000 369.622314361
314000 369.622314361
315000 369.622314361
316000 369.622314361
317000 369.622314361
318000 369.622314361
319000 369.622314361
320000 599.440699126
321000 599.440699126
322000 599.440699126
323000 599.440699126
324000 599.440699126
325000 599.440699126
326000 554.314983809
327000 554.314983809
328000 554.314983809
329000 554.314983809
330000 554.314983809
331000 554.314983809
332000 768.097859327
333000 768.097859327
334000 768.097859327
335000 768.097859327
336000 768.097859327
337000 768.097859327
338000 768.097859327
339000 632.878522838
340000 632.878522838
341000 632.878522838
342000 632.878522838
343000 632.878522838
344000 710.407079646
345000 710.407079646
346000 710.407079646
347000 710.407079646
348000 710.407079646
349000 1035.8512035
350000 1035.8512035
351000 1035.8512035
352000 1035.8512035
353000 1268.05939316
354000 1268.05939316
355000 1521.36720554
356000 1521.36720554
357000 677.398074508
358000 677.398074508
359000 677.398074508
360000 913.574297189
361000 913.574297189
362000 913.574297189
363000 490.975206612
364000 490.975206612
365000 490.975206612
366000 490.975206612
367000 490.975206612
368000 1164.35496689
369000 1164.35496689
370000 1164.35496689
371000 1164.35496689
372000 1288.84298674
373000 1288.84298674
374000 1190.70050468
375000 1190.70050468
376000 1190.70050468
377000 1190.70050468
378000 1190.70050468
379000 1092.55802262
380000 1092.55802262
381000 1092.55802262
382000 1092.55802262
383000 1092.55802262
384000 520.359839357
385000 520.359839357
386000 520.359839357
387000 520.359839357
388000 520.359839357
389000 520.359839357
390000 604.105071027
391000 604.105071027
392000 604.105071027
393000 604.105071027
394000 604.105071027
395000 687.850302697
396000 687.850302697
397000 687.850302697
398000 687.850302697
399000 687.850302697
400000 687.850302697
401000 216.272228321
402000 216.272228321
403000 216.272228321
404000 216.272228321
405000 216.272228321
406000 216.272228321
407000 534.41958042
408000 534.41958042
409000 534.41958042
410000 534.41958042
411000 534.41958042
412000 658.60385439
413000 658.60385439
414000 658.60385439
415000 658.60385439
416000 658.60385439
417000 622.116611661
418000 622.116611661
419000 622.116611661
420000 622.116611661
421000 871.486880466
422000 871.486880466
423000 792.544287548
424000 792.544287548
425000 792.544287548
426000 602.352
427000 602.352
428000 602.352
429000 680.257471264
430000 680.257471264
431000 680.257471264
432000 684.740911714
433000 684.740911714
434000 182120.727273
435000 182120.727273
436000 182120.727273
437000 182120.727273
438000 182120.727273
439000 182120.727273
440000 182120.727273
441000 688.017679558
442000 688.017679558
443000 688.017679558
444000 688.017679558
445000 863.914704576
446000 863.914704576
447000 863.914704576
448000 691.013233797
449000 691.013233797
450000 691.013233797
451000 691.013233797
452000 768.866694879
453000 768.866694879
454000 768.866694879
455000 768.866694879
456000 393.331533269
457000 393.331533269
458000 393.331533269
459000 393.331533269
460000 393.331533269
461000 393.331533269
462000 393.331533269
463000 566.763876388
464000 566.763876388
465000 566.763876388
466000 566.763876388
467000 566.763876388
468000 281.430558672
469000 281.430558672
470000 281.430558672
471000 281.430558672
472000 281.430558672
473000 1057.818561
474000 1057.818561
475000 1057.818561
476000 1057.818561
477000 1057.818561
478000 891.938572719
479000 891.938572719
480000 891.938572719
481000 891.938572719
482000 479.177800617
483000 479.177800617
484000 479.177800617
485000 479.177800617
486000 479.177800617
487000 851.477669077
488000 851.477669077
489000 851.477669077
490000 851.477669077
491000 496.712749616
492000 496.712749616
493000 496.712749616
494000 496.712749616
495000 496.712749616
496000 496.712749616
497000 496.712749616
498000 781.57806913
499000 781.57806913
500000 781.57806913
501000 781.57806913
502000 831.177459219
503000 831.177459219
504000 831.177459219
505000 831.177459219
506000 603.677666922
507000 603.677666922
