0 3639.00346021
1000 3639.00346021
2000 3639.00346021
3000 3639.00346021
4000 3639.00346021
5000 3505.13148245
6000 3505.13148245
7000 3241.62108133
8000 3241.62108133
9000 3241.62108133
10000 3377.248666
11000 3377.248666
12000 3377.248666
13000 3377.248666
14000 3512.87625066
15000 3512.87625066
16000 3445.21406011
17000 3445.21406011
18000 3377.55186955
19000 3377.55186955
20000 3377.55186955
21000 3377.55186955
22000 3424.4784689
23000 3424.4784689
24000 3424.4784689
25000 3424.4784689
26000 3376.26158038
27000 3377.74018047
28000 3377.74018047
29000 3377.74018047
30000 3379.21878057
31000 3379.21878057
32000 3379.21878057
33000 3379.21878057
34000 3463.144
35000 3463.144
36000 3409.72481697
37000 3409.72481697
38000 3409.72481697
39000 3409.72481697
40000 3409.72481697
41000 3410.06647673
42000 3410.06647673
43000 3410.06647673
44000 3410.06647673
45000 3383.56995176
46000 3383.56995176
47000 3383.56995176
48000 3404.89601748
49000 3426.2220832
50000 3426.2220832
51000 3426.2220832
52000 3426.2220832
53000 3431.19578947
54000 3431.19578947
55000 3419.33834586
56000 3419.33834586
57000 3419.33834586
58000 3419.33834586
59000 3397.31685286
60000 3397.31685286
61000 3397.31685286
62000 3397.31685286
63000 3335.88210526
64000 3335.88210526
65000 3335.88210526
66000 3335.88210526
67000 3467.10258549
68000 3467.10258549
69000 3402.39755352
70000 3402.39755352
71000 3382.19892928
72000 3382.19892928
73000 3382.19892928
74000 3382.19892928
75000 3545.34147696
76000 3545.34147696
77000 3479.28687064
78000 3479.28687064
79000 3413.23226433
80000 3413.23226433
81000 3413.23226433
82000 3413.23226433
83000 3413.23226433
84000 3407.73576706
85000 3407.73576706
86000 3421.04645496
87000 3421.04645496
88000 3434.35714286
89000 3434.35714286
90000 3434.35714286
91000 3434.35714286
92000 3452.47215007
93000 3452.47215007
94000 3452.47215007
95000 3452.47215007
96000 2884.17670683
97000 3133.58433197
98000 3133.58433197
99000 3382.9919571
100000 3382.9919571
101000 3382.9919571
102000 3382.9919571
103000 3382.9919571
104000 3359.97035939
105000 3359.97035939
106000 3359.97035939
107000 3280.98450081
108000 3201.99864223
109000 3201.99864223
110000 3201.99864223
111000 3201.99864223
112000 3201.99864223
113000 2716.6975755
114000 2716.6975755
115000 2716.6975755
116000 2716.6975755
117000 2716.6975755
118000 2251.20255183
119000 2251.20255183
120000 2251.20255183
121000 2251.20255183
122000 2251.20255183
123000 2251.20255183
124000 2251.20255183
125000 2711.28275862
126000 2711.28275862
127000 2711.28275862
128000 3059.25373288
129000 3407.22470714
130000 3407.22470714
131000 3407.22470714
132000 3407.22470714
133000 3407.22470714
134000 3398.67262437
135000 3398.67262437
136000 3398.67262437
137000 4364.27722772
138000 3866.44466368
139000 3866.44466368
140000 3866.44466368
141000 3368.61209964
142000 3368.61209964
143000 3368.61209964
144000 3368.61209964
145000 3368.61209964
146000 3513.71785268
147000 3426.24557581
148000 3426.24557581
149000 3426.24557581
150000 3338.77329894
151000 3338.77329894
152000 3338.77329894
153000 3338.77329894
154000 3405.61702128
155000 3405.61702128
156000 3247.61816782
157000 3247.61816782
158000 3364.41194419
159000 3481.20572057
160000 3481.20572057
161000 3402.95347674
162000 3402.95347674
163000 3390.16449044
164000 3377.37550414
165000 3377.37550414
166000 3377.37550414
167000 3377.37550414
168000 3377.37550414
169000 3296.8583691
170000 3296.8583691
171000 3296.8583691
172000 3296.8583691
173000 3364.68554969
174000 3364.68554969
175000 3364.68554969
176000 3364.68554969
177000 3428.64809305
178000 3428.64809305
179000 3428.64809305
180000 3428.64809305
181000 3402.13881108
182000 3402.13881108
183000 3402.13881108
184000 3301.84508671
185000 3301.84508671
186000 3176.79061977
187000 3407.89703999
188000 3407.89703999
189000 3407.89703999
190000 3639.00346021
191000 3639.00346021
192000 3505.13148245
193000 3505.13148245
194000 3241.62108133
195000 3241.62108133
196000 3377.248666
197000 3377.248666
198000 3377.248666
199000 3377.248666
200000 3512.87625066
201000 3512.87625066
202000 3445.21406011
203000 3445.21406011
204000 3445.21406011
205000 3377.55186955
206000 3377.55186955
207000 3377.55186955
208000 3377.55186955
209000 3424.4784689
210000 3424.4784689
211000 3424.4784689
212000 3376.26158038
213000 3377.74018047
214000 3377.74018047
215000 3377.74018047
216000 3377.74018047
217000 3379.21878057
218000 3379.21878057
219000 3379.21878057
220000 3463.144
221000 3463.144
222000 3436.43440848
223000 3409.72481697
224000 3409.72481697
225000 3409.72481697
226000 3409.72481697
227000 3410.06647673
228000 3410.06647673
229000 3410.06647673
230000 3410.06647673
231000 3383.56995176
232000 3383.56995176
233000 3383.56995176
234000 3404.89601748
235000 3404.89601748
236000 3426.2220832
237000 3426.2220832
238000 3426.2220832
239000 3431.19578947
240000 3431.19578947
241000 3425.26706767
242000 3419.33834586
243000 3419.33834586
244000 3419.33834586
245000 3397.31685286
246000 3397.31685286
247000 3397.31685286
248000 3397.31685286
249000 3335.88210526
250000 3335.88210526
251000 3335.88210526
252000 3335.88210526
253000 3467.10258549
254000 3467.10258549
255000 3402.39755352
256000 3402.39755352
257000 3402.39755352
258000 3382.19892928
259000 3382.19892928
260000 3382.19892928
261000 3545.34147696
262000 3545.34147696
263000 3479.28687064
264000 3479.28687064
265000 3479.28687064
266000 3413.23226433
267000 3413.23226433
268000 3413.23226433
269000 3413.23226433
270000 3407.73576706
271000 3407.73576706
272000 3421.04645496
273000 3421.04645496
274000 3434.35714286
275000 3434.35714286
276000 3434.35714286
277000 3434.35714286
278000 3434.35714286
279000 3452.47215007
280000 3452.47215007
281000 3452.47215007
282000 2884.17670683
283000 3133.58433197
284000 3133.58433197
285000 3133.58433197
286000 3382.9919571
287000 3382.9919571
288000 3382.9919571
289000 3382.9919571
290000 3359.97035939
291000 3359.97035939
292000 3359.97035939
293000 3280.98450081
294000 3201.99864223
295000 3201.99864223
296000 3201.99864223
297000 3201.99864223
298000 3201.99864223
299000 2716.6975755
300000 2716.6975755
301000 2716.6975755
302000 2716.6975755
303000 2716.6975755
304000 2251.20255183
305000 2251.20255183
306000 2251.20255183
307000 2251.20255183
308000 2251.20255183
309000 2251.20255183
310000 2251.20255183
311000 2711.28275862
312000 2711.28275862
313000 2711.28275862
314000 3059.25373288
315000 3059.25373288
316000 3407.22470714
317000 3407.22470714
318000 3407.22470714
319000 3407.22470714
320000 3398.67262437
321000 3398.67262437
322000 3398.67262437
323000 4364.27722772
324000 3866.44466368
325000 3866.44466368
326000 3866.44466368
327000 3866.44466368
328000 3368.61209964
329000 3368.61209964
330000 3368.61209964
331000 3368.61209964
332000 3513.71785268
333000 3426.24557581
334000 3426.24557581
335000 3426.24557581
336000 3338.77329894
337000 3338.77329894
338000 3338.77329894
339000 3338.77329894
340000 3405.61702128
341000 3405.61702128
342000 3247.61816782
343000 3247.61816782
344000 3364.41194419
345000 3481.20572057
346000 3481.20572057
347000 3402.95347674
348000 3402.95347674
349000 3390.16449044
350000 3377.37550414
351000 3377.37550414
352000 3377.37550414
353000 3377.37550414
354000 3377.37550414
355000 3296.8583691
356000 3296.8583691
357000 3296.8583691
358000 3296.8583691
359000 3364.68554969
360000 3364.68554969
361000 3364.68554969
362000 3364.68554969
363000 3428.64809305
364000 3428.64809305
365000 3428.64809305
366000 3428.64809305
367000 3402.13881108
368000 3402.13881108
369000 3402.13881108
370000 3301.84508671
371000 3301.84508671
372000 3176.79061977
