0 1008.81045752
1000 1008.81045752
2000 1008.81045752
3000 1008.81045752
4000 1008.81045752
5000 1008.81045752
6000 1008.81045752
7000 1008.81045752
8000 1008.81045752
9000 1008.81045752
10000 1008.81045752
11000 1008.81045752
12000 1008.81045752
13000 1008.81045752
14000 1008.81045752
15000 1008.81045752
16000 879.40029985
17000 879.40029985
18000 4082.92996359
19000 4082.92996359
20000 4082.92996359
21000 4082.92996359
22000 4082.92996359
23000 4082.92996359
24000 7286.45962733
25000 4063.83119298
26000 4063.83119298
27000 4063.83119298
28000 4063.83119298
29000 4063.83119298
30000 841.202758621
31000 841.202758621
32000 841.202758621
33000 1259.84415584
34000 1259.84415584
35000 325.909662664
36000 325.909662664
37000 325.909662664
38000 325.909662664
39000 845.288956127
40000 845.288956127
41000 322.744941579
42000 322.744941579
43000 322.744941579
44000 322.744941579
45000 1003.56110616
46000 1003.56110616
47000 988.729354047
48000 988.729354047
49000 858.321060383
50000 858.321060383
51000 960.958402662
52000 960.958402662
53000 565.967649857
54000 565.967649857
55000 565.967649857
56000 360.674881517
57000 360.674881517
58000 360.674881517
59000 360.674881517
60000 954.765991903
61000 954.765991903
62000 976.50641574
63000 976.50641574
64000 904.644776119
65000 904.644776119
66000 365.403304179
67000 365.403304179
68000 365.403304179
69000 365.403304179
70000 327.616484441
71000 327.616484441
72000 327.616484441
73000 327.616484441
74000 327.616484441
75000 955.225916454
76000 955.225916454
77000 932.338557994
78000 932.338557994
79000 1063.26739927
80000 837.65758211
81000 837.65758211
82000 837.65758211
83000 1067.73519164
84000 1067.73519164
85000 776.91413117
86000 776.91413117
87000 921.464788732
88000 921.464788732
89000 774.417344173
90000 774.417344173
91000 664.797568319
92000 664.797568319
93000 664.797568319
94000 664.797568319
95000 664.797568319
96000 555.177792465
97000 555.177792465
98000 555.177792465
99000 555.177792465
100000 555.177792465
101000 1118.40583232
102000 1118.40583232
103000 859.428571429
104000 859.428571429
105000 859.428571429
106000 385.778836609
107000 385.778836609
108000 385.778836609
109000 385.778836609
110000 385.778836609
111000 385.778836609
112000 570.111541903
113000 570.111541903
114000 570.111541903
115000 570.111541903
116000 412.416686997
117000 412.416686997
118000 412.416686997
119000 412.416686997
120000 412.416686997
121000 1062.68544601
122000 1062.68544601
123000 354.744639376
124000 354.744639376
125000 354.744639376
126000 354.744639376
127000 354.744639376
128000 354.744639376
129000 372.84712965
130000 372.84712965
131000 372.84712965
132000 372.84712965
133000 372.84712965
134000 372.84712965
135000 1272.78640059
136000 1272.78640059
137000 404.164198053
138000 404.164198053
139000 404.164198053
140000 404.164198053
141000 404.164198053
142000 404.164198053
143000 1156.92307692
144000 1156.92307692
145000 350.903721205
146000 350.903721205
147000 350.903721205
148000 350.903721205
149000 350.903721205
150000 350.903721205
151000 989.691629956
152000 989.691629956
153000 989.691629956
154000 422.259758046
155000 422.259758046
156000 422.259758046
157000 422.259758046
158000 422.259758046
159000 528.855244149
160000 528.855244149
161000 528.855244149
162000 528.855244149
163000 658.341818182
164000 658.341818182
165000 658.341818182
166000 833.576137851
167000 833.576137851
168000 833.576137851
169000 833.576137851
170000 833.576137851
171000 833.576137851
172000 833.576137851
173000 833.576137851
174000 833.576137851
175000 833.576137851
176000 833.576137851
177000 833.576137851
178000 1008.81045752
179000 1008.81045752
180000 1008.81045752
181000 879.40029985
182000 879.40029985
183000 879.40029985
184000 4082.92996359
185000 4082.92996359
186000 4082.92996359
187000 4082.92996359
188000 4082.92996359
189000 4082.92996359
190000 4063.83119298
191000 4063.83119298
192000 4063.83119298
193000 4063.83119298
194000 4063.83119298
195000 841.202758621
196000 841.202758621
197000 841.202758621
198000 1259.84415584
199000 1259.84415584
200000 325.909662664
201000 325.909662664
202000 325.909662664
203000 325.909662664
204000 845.288956127
205000 845.288956127
206000 322.744941579
207000 322.744941579
208000 322.744941579
209000 322.744941579
210000 322.744941579
211000 1003.56110616
212000 1003.56110616
213000 988.729354047
214000 988.729354047
215000 858.321060383
216000 858.321060383
217000 960.958402662
218000 960.958402662
219000 565.967649857
220000 565.967649857
221000 565.967649857
222000 360.674881517
223000 360.674881517
224000 360.674881517
225000 360.674881517
226000 954.765991903
227000 954.765991903
228000 976.50641574
229000 976.50641574
230000 904.644776119
231000 904.644776119
232000 365.403304179
233000 365.403304179
234000 365.403304179
235000 365.403304179
236000 327.616484441
237000 327.616484441
238000 327.616484441
239000 327.616484441
240000 955.225916454
241000 955.225916454
242000 932.338557994
243000 932.338557994
244000 1063.26739927
245000 1063.26739927
246000 837.65758211
247000 837.65758211
248000 1067.73519164
249000 1067.73519164
250000 776.91413117
251000 776.91413117
252000 921.464788732
253000 921.464788732
254000 921.464788732
255000 774.417344173
256000 774.417344173
257000 664.797568319
258000 664.797568319
259000 664.797568319
260000 664.797568319
261000 664.797568319
262000 555.177792465
263000 555.177792465
264000 555.177792465
265000 555.177792465
266000 555.177792465
267000 1118.40583232
268000 1118.40583232
269000 859.428571429
270000 859.428571429
271000 859.428571429
272000 385.778836609
273000 385.778836609
274000 385.778836609
275000 385.778836609
276000 385.778836609
277000 570.111541903
278000 570.111541903
279000 570.111541903
280000 570.111541903
281000 570.111541903
282000 412.416686997
283000 412.416686997
284000 412.416686997
285000 412.416686997
286000 1062.68544601
287000 1062.68544601
288000 1062.68544601
289000 354.744639376
290000 354.744639376
291000 354.744639376
292000 354.744639376
293000 354.744639376
294000 354.744639376
295000 372.84712965
296000 372.84712965
297000 372.84712965
298000 372.84712965
299000 372.84712965
300000 1272.78640059
301000 1272.78640059
302000 1272.78640059
303000 404.164198053
304000 404.164198053
305000 404.164198053
306000 404.164198053
307000 404.164198053
308000 404.164198053
309000 1156.92307692
310000 1156.92307692
311000 350.903721205
312000 350.903721205
313000 350.903721205
314000 350.903721205
315000 350.903721205
316000 350.903721205
317000 989.691629956
318000 989.691629956
319000 422.259758046
320000 422.259758046
321000 422.259758046
322000 422.259758046
323000 422.259758046
324000 528.855244149
325000 528.855244149
326000 528.855244149
327000 528.855244149
328000 528.855244149
329000 658.341818182
330000 658.341818182
331000 658.341818182
