0 6959.09647059
1000 6959.09647059
2000 6959.09647059
3000 6959.09647059
4000 6959.09647059
5000 6959.09647059
6000 6959.09647059
7000 5493.06613226
8000 5493.06613226
9000 6475.43114589
10000 6475.43114589
11000 7457.79615953
12000 3202.21882952
13000 3202.21882952
14000 3202.21882952
15000 3202.21882952
16000 3219.79028273
17000 3219.79028273
18000 3219.79028273
19000 3219.79028273
20000 5305.50962773
21000 5305.50962773
22000 5141.2308977
23000 5141.2308977
24000 5141.2308977
25000 3090.51187852
26000 3090.51187852
27000 3090.51187852
28000 3090.51187852
29000 2992.161011
30000 2992.161011
31000 2992.161011
32000 2992.161011
33000 2992.161011
34000 3849.2282778
35000 3849.2282778
36000 3849.2282778
37000 3873.24810401
38000 3873.24810401
39000 3873.24810401
40000 3873.24810401
41000 4487.30981488
42000 4487.30981488
43000 4487.30981488
44000 5076.0
45000 5076.0
46000 6749.42621913
47000 6749.42621913
48000 6072.47844228
49000 6072.47844228
50000 6381.98885449
51000 6381.98885449
52000 4794.10621469
53000 4794.10621469
54000 4794.10621469
55000 4307.45201853
56000 4307.45201853
57000 4307.45201853
58000 6131.88332416
59000 6131.88332416
60000 6335.566804
61000 6335.566804
62000 8002.7654321
63000 5958.94698355
64000 5958.94698355
65000 5958.94698355
66000 5960.6713615
67000 5960.6713615
68000 5960.6713615
69000 5962.39573945
70000 5962.39573945
71000 5962.39573945
72000 9482.59672131
73000 9482.59672131
74000 7619.29688814
75000 7619.29688814
76000 9588.74985755
77000 9588.74985755
78000 2907.18365313
79000 2907.18365313
80000 2907.18365313
81000 2907.18365313
82000 5463.29852217
83000 5463.29852217
84000 5463.29852217
85000 5463.29852217
86000 6483.16364927
87000 6483.16364927
88000 6483.16364927
89000 6622.43716498
90000 6622.43716498
91000 5005.85074627
92000 5005.85074627
93000 5005.85074627
94000 8836.31703204
95000 8836.31703204
96000 6702.4256
97000 6702.4256
98000 8971.68695652
99000 8971.68695652
100000 8971.68695652
101000 6860.68347339
102000 6860.68347339
103000 5660.14792453
104000 5660.14792453
105000 5660.14792453
106000 4459.40957294
107000 4459.40957294
108000 4459.40957294
109000 6153.0224525
110000 6153.0224525
111000 6153.0224525
112000 7278.04375804
113000 7278.04375804
114000 7278.04375804
115000 4834.68242245
116000 4834.68242245
117000 4834.68242245
118000 7695.86762272
119000 7695.86762272
120000 9275.56419437
121000 9275.56419437
122000 5380.23260018
123000 5380.23260018
124000 5380.23260018
125000 5380.23260018
126000 2207.09153476
127000 2207.09153476
128000 2207.09153476
129000 2207.09153476
130000 2207.09153476
131000 2207.09153476
132000 3053.21608418
133000 3053.21608418
134000 3053.21608418
135000 3053.21608418
136000 3053.21608418
137000 11729.14174
138000 3659.08645161
139000 3659.08645161
140000 3659.08645161
141000 3659.08645161
142000 3659.08645161
143000 12160.6315789
144000 12160.6315789
145000 4729.53356401
146000 4729.53356401
147000 4729.53356401
148000 8727.43661972
149000 8727.43661972
150000 3548.25639941
151000 3548.25639941
152000 3548.25639941
153000 3548.25639941
154000 8322.24498886
155000 8322.24498886
156000 6188.0
157000 6188.0
158000 6188.0
159000 6855.28897523
160000 6855.28897523
161000 3379.73222145
162000 3379.73222145
163000 3379.73222145
164000 3379.73222145
165000 3379.73222145
166000 3743.53537681
167000 3743.53537681
168000 3743.53537681
169000 3743.53537681
170000 5018.74062661
171000 5018.74062661
172000 5018.74062661
173000 5018.74062661
174000 5596.97812858
175000 5596.97812858
176000 5596.97812858
177000 5596.97812858
178000 5596.97812858
179000 5596.97812858
180000 5596.97812858
181000 5596.97812858
182000 5596.97812858
183000 5596.97812858
184000 6175.21563055
185000 6175.21563055
186000 6175.21563055
187000 7782.11538462
188000 7782.11538462
189000 4696.65316145
190000 4696.65316145
191000 4696.65316145
192000 4696.65316145
193000 5929.44281525
194000 5929.44281525
195000 4294.75555556
196000 4294.75555556
197000 4294.75555556
198000 4294.75555556
199000 6645.41849634
200000 4924.62016349
201000 4924.62016349
202000 4924.62016349
203000 4924.62016349
204000 4924.62016349
205000 4924.62016349
206000 4924.62016349
207000 4924.62016349
208000 4924.62016349
209000 4924.62016349
210000 3203.82183064
211000 3203.82183064
212000 3203.82183064
213000 3203.82183064
214000 3203.82183064
215000 2726.08082545
216000 2726.08082545
217000 2726.08082545
218000 2726.08082545
219000 2726.08082545
220000 2726.08082545
221000 4481.93768372
222000 4481.93768372
223000 4481.93768372
224000 3751.15294118
225000 3751.15294118
226000 2006.2214349
227000 4649.32601307
228000 4649.32601307
229000 4649.32601307
230000 4649.32601307
231000 4649.32601307
232000 4649.32601307
233000 6959.09647059
234000 5493.06613226
235000 6475.43114589
236000 6475.43114589
237000 7457.79615953
238000 7457.79615953
239000 3202.21882952
240000 3202.21882952
241000 3202.21882952
242000 3202.21882952
243000 3219.79028273
244000 3219.79028273
245000 3219.79028273
246000 3219.79028273
247000 5305.50962773
248000 5305.50962773
249000 5141.2308977
250000 5141.2308977
251000 5141.2308977
252000 3090.51187852
253000 3090.51187852
254000 3090.51187852
255000 3090.51187852
256000 2992.161011
257000 2992.161011
258000 2992.161011
259000 2992.161011
260000 3849.2282778
261000 3849.2282778
262000 3849.2282778
263000 3849.2282778
264000 3873.24810401
265000 3873.24810401
266000 3873.24810401
267000 3873.24810401
268000 4487.30981488
269000 4487.30981488
270000 4487.30981488
271000 5076.0
272000 5076.0
273000 6749.42621913
274000 6749.42621913
275000 6072.47844228
276000 6072.47844228
277000 6381.98885449
278000 6381.98885449
279000 4794.10621469
280000 4794.10621469
281000 4307.45201853
282000 4307.45201853
283000 4307.45201853
284000 4307.45201853
285000 6131.88332416
286000 6131.88332416
287000 6335.566804
288000 8002.7654321
289000 8002.7654321
290000 5958.94698355
291000 5958.94698355
292000 5960.6713615
293000 5960.6713615
294000 5960.6713615
295000 5960.6713615
296000 5962.39573945
297000 5962.39573945
298000 5962.39573945
299000 9482.59672131
300000 9482.59672131
301000 7619.29688814
302000 7619.29688814
303000 9588.74985755
304000 9588.74985755
305000 2907.18365313
306000 2907.18365313
307000 2907.18365313
308000 2907.18365313
309000 5463.29852217
310000 5463.29852217
311000 5463.29852217
312000 5463.29852217
313000 6483.16364927
314000 6483.16364927
315000 6483.16364927
316000 6622.43716498
317000 5005.85074627
318000 5005.85074627
319000 5005.85074627
320000 5005.85074627
321000 8836.31703204
322000 8836.31703204
323000 6702.4256
324000 6702.4256
325000 8971.68695652
326000 8971.68695652
327000 8971.68695652
328000 6860.68347339
329000 6860.68347339
330000 5660.14792453
331000 5660.14792453
332000 5660.14792453
333000 4459.40957294
334000 4459.40957294
335000 4459.40957294
336000 6153.0224525
337000 6153.0224525
338000 6153.0224525
339000 7278.04375804
340000 7278.04375804
341000 7278.04375804
342000 4834.68242245
343000 4834.68242245
344000 4834.68242245
345000 7695.86762272
346000 7695.86762272
347000 9275.56419437
348000 9275.56419437
349000 5380.23260018
350000 5380.23260018
351000 5380.23260018
352000 5380.23260018
353000 2207.09153476
354000 2207.09153476
355000 2207.09153476
356000 2207.09153476
357000 2207.09153476
358000 2207.09153476
359000 3053.21608418
360000 3053.21608418
361000 3053.21608418
362000 3053.21608418
363000 3053.21608418
364000 11729.14174
365000 3659.08645161
366000 3659.08645161
367000 3659.08645161
368000 3659.08645161
369000 3659.08645161
370000 12160.6315789
371000 12160.6315789
372000 4729.53356401
373000 4729.53356401
374000 4729.53356401
375000 8727.43661972
376000 3548.25639941
377000 3548.25639941
378000 3548.25639941
379000 3548.25639941
380000 3548.25639941
381000 8322.24498886
382000 8322.24498886
383000 6188.0
384000 6188.0
385000 6188.0
386000 6855.28897523
387000 6855.28897523
388000 3379.73222145
389000 3379.73222145
390000 3379.73222145
391000 3379.73222145
392000 3379.73222145
393000 3743.53537681
394000 3743.53537681
395000 3743.53537681
396000 3743.53537681
397000 5018.74062661
398000 5018.74062661
399000 5018.74062661
400000 5018.74062661
401000 5596.97812858
402000 5596.97812858
403000 5596.97812858
404000 5596.97812858
405000 5596.97812858
406000 5596.97812858
407000 5596.97812858
408000 5596.97812858
409000 5596.97812858
410000 5596.97812858
411000 6175.21563055
412000 6175.21563055
413000 6175.21563055
414000 7782.11538462
415000 7782.11538462
416000 4696.65316145
417000 4696.65316145
418000 4696.65316145
419000 5929.44281525
420000 5929.44281525
421000 5929.44281525
422000 4294.75555556
423000 4294.75555556
424000 4294.75555556
425000 4294.75555556
426000 6645.41849634
427000 4924.62016349
428000 4924.62016349
429000 4924.62016349
430000 4924.62016349
431000 4924.62016349
432000 4924.62016349
433000 4924.62016349
434000 4924.62016349
435000 4924.62016349
436000 4924.62016349
437000 3203.82183064
438000 3203.82183064
439000 3203.82183064
440000 3203.82183064
441000 3203.82183064
442000 2726.08082545
443000 2726.08082545
444000 2726.08082545
445000 2726.08082545
446000 2726.08082545
447000 2726.08082545
448000 4481.93768372
449000 4481.93768372
450000 4481.93768372
451000 3751.15294118
452000 3751.15294118
453000 2006.2214349
