0 4373.07630522
1000 4373.07630522
2000 4373.07630522
3000 4373.07630522
4000 4373.07630522
5000 4373.07630522
6000 4373.07630522
7000 4373.07630522
8000 4373.07630522
9000 4373.07630522
10000 4373.07630522
11000 4373.07630522
12000 4373.07630522
13000 4373.07630522
14000 4373.07630522
15000 4373.07630522
16000 4373.07630522
17000 4373.07630522
18000 4373.07630522
19000 5841.85263158
20000 5885.68176373
21000 5929.51089588
22000 5929.51089588
23000 5929.51089588
24000 5381.46215781
25000 5381.46215781
26000 5483.49223169
27000 5483.49223169
28000 5585.52230557
29000 5585.52230557
30000 5585.52230557
31000 4953.57174393
32000 4953.57174393
33000 4953.57174393
34000 4953.57174393
35000 5063.53357289
36000 5063.53357289
37000 5063.53357289
38000 5063.53357289
39000 5063.53357289
40000 5173.49540184
41000 5173.49540184
42000 5173.49540184
43000 5173.49540184
44000 5173.49540184
45000 5173.70049456
46000 5173.70049456
47000 5173.70049456
48000 5173.70049456
49000 5173.70049456
50000 5186.90174757
51000 5186.90174757
52000 5186.90174757
53000 5186.90174757
54000 5186.90174757
55000 5617.72928964
56000 5617.72928964
57000 5617.72928964
58000 5617.72928964
59000 5617.72928964
60000 5617.72928964
61000 5016.23288992
62000 5016.23288992
63000 5016.23288992
64000 5016.23288992
65000 5016.23288992
66000 4207.79012146
67000 4207.79012146
68000 4207.79012146
69000 4207.79012146
70000 4207.79012146
71000 4207.79012146
72000 4207.79012146
73000 5570.42700285
74000 5570.42700285
75000 5570.42700285
76000 5570.42700285
77000 5570.42700285
78000 5173.11712864
79000 5173.11712864
80000 5173.11712864
81000 5173.11712864
82000 5173.11712864
83000 5173.11712864
84000 4775.80725443
85000 4775.80725443
86000 4775.80725443
87000 4775.80725443
88000 4775.80725443
89000 4775.80725443
90000 4775.80725443
91000 5177.71967091
92000 5177.71967091
93000 5177.71967091
94000 5177.71967091
95000 5177.71967091
96000 5177.71967091
97000 5177.71967091
98000 5595.98505604
99000 5595.98505604
100000 5595.98505604
101000 5595.98505604
102000 5595.98505604
103000 5595.98505604
104000 5595.98505604
105000 5417.55703041
106000 5417.55703041
107000 5417.55703041
108000 5417.55703041
109000 5417.55703041
110000 5417.55703041
111000 5123.83257564
112000 5123.83257564
113000 5123.83257564
114000 5123.83257564
115000 5123.83257564
116000 5123.83257564
117000 5123.83257564
118000 5715.54393989
119000 5715.54393989
120000 5715.54393989
121000 5715.54393989
122000 5715.54393989
123000 5715.54393989
124000 4946.4513411
125000 4946.4513411
126000 4946.4513411
127000 4946.4513411
128000 4946.4513411
129000 4946.4513411
130000 4946.4513411
131000 5371.29171975
132000 5371.29171975
133000 5371.29171975
134000 5371.29171975
135000 5371.29171975
136000 5371.29171975
137000 5371.29171975
138000 4967.4102301
139000 4967.4102301
140000 4967.4102301
141000 4967.4102301
142000 4967.4102301
143000 4967.4102301
144000 4967.4102301
145000 4740.39122189
146000 4740.39122189
147000 4740.39122189
148000 4740.39122189
149000 4740.39122189
150000 4740.39122189
151000 4740.39122189
152000 4409.34910026
153000 4409.34910026
154000 4409.34910026
155000 4409.34910026
156000 4409.34910026
157000 4409.34910026
158000 4409.34910026
159000 4409.34910026
160000 5192.35506723
161000 5192.35506723
162000 5192.35506723
163000 5192.35506723
164000 5192.35506723
165000 5192.35506723
166000 5192.35506723
167000 4978.64989518
168000 4978.64989518
169000 4978.64989518
170000 4978.64989518
171000 4978.64989518
172000 4978.64989518
173000 4978.64989518
174000 4978.64989518
175000 5612.55566768
176000 5612.55566768
177000 5612.55566768
178000 5612.55566768
179000 5612.55566768
180000 5612.55566768
181000 4960.55415063
182000 4960.55415063
183000 4960.55415063
184000 4960.55415063
185000 4960.55415063
186000 4960.55415063
187000 4960.55415063
188000 5172.1640494
189000 5172.1640494
190000 5172.1640494
191000 5172.1640494
192000 5172.1640494
193000 5172.1640494
194000 5172.1640494
195000 5473.32256824
196000 5473.32256824
197000 5473.32256824
198000 5473.32256824
199000 5473.32256824
200000 4923.19943673
201000 4923.19943673
202000 4923.19943673
203000 4923.19943673
204000 4923.19943673
205000 4923.19943673
206000 4923.19943673
207000 4923.19943673
208000 4923.19943673
209000 4923.19943673
210000 4923.19943673
211000 4923.19943673
212000 4923.19943673
213000 4923.19943673
214000 4923.19943673
215000 4923.19943673
216000 4923.19943673
217000 4373.07630522
218000 5841.85263158
219000 5885.68176373
220000 5885.68176373
221000 5929.51089588
222000 5929.51089588
223000 5381.46215781
224000 5381.46215781
225000 5381.46215781
226000 5483.49223169
227000 5483.49223169
228000 5585.52230557
229000 5585.52230557
230000 5585.52230557
231000 4953.57174393
232000 4953.57174393
233000 4953.57174393
234000 5063.53357289
235000 5063.53357289
236000 5063.53357289
237000 5063.53357289
238000 5063.53357289
239000 5173.49540184
240000 5173.49540184
241000 5173.49540184
242000 5173.49540184
243000 5173.49540184
244000 5173.70049456
245000 5173.70049456
246000 5173.70049456
247000 5173.70049456
248000 5173.70049456
249000 5173.70049456
250000 5186.90174757
251000 5186.90174757
252000 5186.90174757
253000 5186.90174757
254000 5186.90174757
255000 5617.72928964
256000 5617.72928964
257000 5617.72928964
258000 5617.72928964
259000 5617.72928964
260000 5016.23288992
261000 5016.23288992
262000 5016.23288992
263000 5016.23288992
264000 5016.23288992
265000 5016.23288992
266000 4207.79012146
267000 4207.79012146
268000 4207.79012146
269000 4207.79012146
270000 4207.79012146
271000 4207.79012146
272000 5570.42700285
273000 5570.42700285
274000 5570.42700285
275000 5570.42700285
276000 5570.42700285
277000 5173.11712864
278000 5173.11712864
279000 5173.11712864
280000 5173.11712864
281000 5173.11712864
282000 5173.11712864
283000 4775.80725443
284000 4775.80725443
285000 4775.80725443
286000 4775.80725443
287000 4775.80725443
288000 4775.80725443
289000 4775.80725443
290000 4775.80725443
291000 5177.71967091
292000 5177.71967091
293000 5177.71967091
294000 5177.71967091
295000 5177.71967091
296000 5177.71967091
297000 5177.71967091
298000 5595.98505604
299000 5595.98505604
300000 5595.98505604
301000 5595.98505604
302000 5595.98505604
303000 5595.98505604
304000 5417.55703041
305000 5417.55703041
306000 5417.55703041
307000 5417.55703041
308000 5417.55703041
309000 5417.55703041
310000 5417.55703041
311000 5123.83257564
312000 5123.83257564
313000 5123.83257564
314000 5123.83257564
315000 5123.83257564
316000 5123.83257564
317000 5715.54393989
318000 5715.54393989
319000 5715.54393989
320000 5715.54393989
321000 5715.54393989
322000 5715.54393989
323000 5715.54393989
324000 4946.4513411
325000 4946.4513411
326000 4946.4513411
327000 4946.4513411
328000 4946.4513411
329000 4946.4513411
330000 4946.4513411
331000 5371.29171975
332000 5371.29171975
333000 5371.29171975
334000 5371.29171975
335000 5371.29171975
336000 5371.29171975
337000 4967.4102301
338000 4967.4102301
339000 4967.4102301
340000 4967.4102301
341000 4967.4102301
342000 4967.4102301
343000 4967.4102301
344000 4740.39122189
345000 4740.39122189
346000 4740.39122189
347000 4740.39122189
348000 4740.39122189
349000 4740.39122189
350000 4740.39122189
351000 4740.39122189
352000 4409.34910026
353000 4409.34910026
354000 4409.34910026
355000 4409.34910026
356000 4409.34910026
357000 4409.34910026
358000 4409.34910026
359000 4409.34910026
360000 5192.35506723
361000 5192.35506723
362000 5192.35506723
363000 5192.35506723
364000 5192.35506723
365000 5192.35506723
366000 5192.35506723
367000 4978.64989518
368000 4978.64989518
369000 4978.64989518
370000 4978.64989518
371000 4978.64989518
372000 4978.64989518
373000 4978.64989518
374000 5612.55566768
375000 5612.55566768
376000 5612.55566768
377000 5612.55566768
378000 5612.55566768
379000 5612.55566768
380000 4960.55415063
381000 4960.55415063
382000 4960.55415063
383000 4960.55415063
384000 4960.55415063
385000 4960.55415063
386000 4960.55415063
387000 4960.55415063
388000 5172.1640494
389000 5172.1640494
390000 5172.1640494
391000 5172.1640494
392000 5172.1640494
393000 5172.1640494
394000 5473.32256824
395000 5473.32256824
396000 5473.32256824
397000 5473.32256824
398000 5473.32256824
399000 5473.32256824
