0 2433.63779528
1000 2433.63779528
2000 2433.63779528
3000 2433.63779528
4000 2433.63779528
5000 2433.63779528
6000 2433.63779528
7000 2426.99912204
8000 2426.99912204
9000 2457.40819423
10000 2457.40819423
11000 2457.40819423
12000 2430.668037
13000 2430.668037
14000 2481.01300954
15000 2481.01300954
16000 2481.01300954
17000 2408.39498895
18000 2408.39498895
19000 2444.09858416
20000 2444.09858416
21000 2444.09858416
22000 2486.62920459
23000 2486.62920459
24000 2392.72727273
25000 2392.72727273
26000 2392.72727273
27000 2413.27489042
28000 2413.27489042
29000 2413.27489042
30000 2413.27489042
31000 2486.0766036
32000 2486.0766036
33000 2493.53466872
34000 2493.53466872
35000 2478.01315789
36000 2478.01315789
37000 2478.01315789
38000 2387.46539379
39000 2387.46539379
40000 2387.46539379
41000 2402.10428429
42000 2402.10428429
43000 2402.10428429
44000 2402.10428429
45000 2399.55687438
46000 2399.55687438
47000 2399.55687438
48000 2413.7792124
49000 2413.7792124
50000 2413.7792124
51000 2438.54493984
52000 2438.54493984
53000 2438.54493984
54000 2416.68376068
55000 2416.68376068
56000 2416.68376068
57000 2420.66599395
58000 2420.66599395
59000 2420.66599395
60000 2420.66599395
61000 2366.64583333
62000 2366.64583333
63000 2366.64583333
64000 2469.27031019
65000 2469.27031019
66000 2469.27031019
67000 2487.22627737
68000 2487.22627737
69000 2487.22627737
70000 2429.05439331
71000 2429.05439331
72000 2426.17653469
73000 2426.17653469
74000 2426.17653469
75000 2374.86451613
76000 2374.86451613
77000 2374.86451613
78000 2374.86451613
79000 2427.368936
80000 2427.368936
81000 2447.1160221
82000 2447.1160221
83000 2447.1160221
84000 2447.1160221
85000 2293.18981818
86000 2293.18981818
87000 2368.05403124
88000 2368.05403124
89000 2368.05403124
90000 2470.13828996
91000 2470.13828996
92000 2470.13828996
93000 2433.23995734
94000 2433.23995734
95000 2433.23995734
96000 2443.31227137
97000 2443.31227137
98000 2443.31227137
99000 2443.31227137
100000 2418.22022104
101000 2418.22022104
102000 2386.13986465
103000 2386.13986465
104000 2386.13986465
105000 2386.13986465
106000 2466.53580048
107000 2466.53580048
108000 2385.3739078
109000 2385.3739078
110000 2385.3739078
111000 2385.3739078
112000 2391.52527473
113000 2391.52527473
114000 2391.52527473
115000 2404.87861272
116000 2404.87861272
117000 2404.87861272
118000 2496.06445116
119000 2496.06445116
120000 2472.29322984
121000 2472.29322984
122000 2472.29322984
123000 2451.33992712
124000 2451.33992712
125000 2303.23125904
126000 2303.23125904
127000 2303.23125904
128000 2407.27696793
129000 2407.27696793
130000 2407.27696793
131000 2407.27696793
132000 2422.22634017
133000 2422.22634017
134000 2422.22634017
135000 2398.79123103
136000 2398.79123103
137000 2398.79123103
138000 2414.38777737
139000 2414.38777737
140000 2414.38777737
141000 2421.27727975
142000 2421.27727975
143000 2421.27727975
144000 2421.27727975
145000 2506.05303958
146000 2506.05303958
147000 2506.05303958
148000 2449.27656891
149000 2449.27656891
150000 2449.27656891
151000 2449.27656891
152000 2395.50077423
153000 2395.50077423
154000 2395.50077423
155000 2407.74887892
156000 2407.74887892
157000 2407.74887892
158000 2359.0821256
159000 2359.0821256
160000 2359.0821256
161000 2359.0821256
162000 2376.11616651
163000 2376.11616651
164000 2376.11616651
165000 2410.45117845
166000 2410.45117845
167000 2410.45117845
168000 2392.07619048
169000 2392.07619048
170000 2392.07619048
171000 2412.59625468
172000 2412.59625468
173000 2412.59625468
174000 3342.22222222
175000 2957.25153374
176000 3252.53606936
177000 3252.53606936
178000 3252.53606936
179000 2433.63779528
180000 2433.63779528
181000 2433.63779528
182000 2426.99912204
183000 2426.99912204
184000 2426.99912204
185000 2457.40819423
186000 2457.40819423
187000 2430.668037
188000 2430.668037
189000 2481.01300954
190000 2481.01300954
191000 2481.01300954
192000 2408.39498895
193000 2408.39498895
194000 2408.39498895
195000 2444.09858416
196000 2444.09858416
197000 2486.62920459
198000 2486.62920459
199000 2486.62920459
200000 2392.72727273
201000 2392.72727273
202000 2392.72727273
203000 2413.27489042
204000 2413.27489042
205000 2413.27489042
206000 2486.0766036
207000 2486.0766036
208000 2486.0766036
209000 2493.53466872
210000 2493.53466872
211000 2478.01315789
212000 2478.01315789
213000 2387.46539379
214000 2387.46539379
215000 2387.46539379
216000 2387.46539379
217000 2402.10428429
218000 2402.10428429
219000 2402.10428429
220000 2399.55687438
221000 2399.55687438
222000 2399.55687438
223000 2413.7792124
224000 2413.7792124
225000 2413.7792124
226000 2413.7792124
227000 2438.54493984
228000 2438.54493984
229000 2438.54493984
230000 2416.68376068
231000 2416.68376068
232000 2416.68376068
233000 2420.66599395
234000 2420.66599395
235000 2420.66599395
236000 2366.64583333
237000 2366.64583333
238000 2366.64583333
239000 2366.64583333
240000 2469.27031019
241000 2469.27031019
242000 2469.27031019
243000 2487.22627737
244000 2487.22627737
245000 2429.05439331
246000 2429.05439331
247000 2429.05439331
248000 2426.17653469
249000 2426.17653469
250000 2426.17653469
251000 2374.86451613
252000 2374.86451613
253000 2374.86451613
254000 2427.368936
255000 2427.368936
256000 2427.368936
257000 2447.1160221
258000 2447.1160221
259000 2447.1160221
260000 2293.18981818
261000 2293.18981818
262000 2293.18981818
263000 2368.05403124
264000 2368.05403124
265000 2368.05403124
266000 2470.13828996
267000 2470.13828996
268000 2470.13828996
269000 2433.23995734
270000 2433.23995734
271000 2433.23995734
272000 2443.31227137
273000 2443.31227137
274000 2443.31227137
275000 2418.22022104
276000 2418.22022104
277000 2418.22022104
278000 2386.13986465
279000 2386.13986465
280000 2386.13986465
281000 2466.53580048
282000 2466.53580048
283000 2466.53580048
284000 2385.3739078
285000 2385.3739078
286000 2385.3739078
287000 2391.52527473
288000 2391.52527473
289000 2391.52527473
290000 2404.87861272
291000 2404.87861272
292000 2404.87861272
293000 2496.06445116
294000 2496.06445116
295000 2496.06445116
296000 2472.29322984
297000 2472.29322984
298000 2451.33992712
299000 2451.33992712
300000 2303.23125904
301000 2303.23125904
302000 2303.23125904
303000 2303.23125904
304000 2407.27696793
305000 2407.27696793
306000 2407.27696793
307000 2422.22634017
308000 2422.22634017
309000 2422.22634017
310000 2422.22634017
311000 2398.79123103
312000 2398.79123103
313000 2398.79123103
314000 2414.38777737
315000 2414.38777737
316000 2414.38777737
317000 2421.27727975
318000 2421.27727975
319000 2421.27727975
320000 2506.05303958
321000 2506.05303958
322000 2506.05303958
323000 2506.05303958
324000 2449.27656891
325000 2449.27656891
326000 2449.27656891
327000 2449.27656891
328000 2395.50077423
329000 2395.50077423
330000 2395.50077423
331000 2407.74887892
332000 2407.74887892
333000 2407.74887892
334000 2359.0821256
335000 2359.0821256
336000 2359.0821256
337000 2376.11616651
338000 2376.11616651
339000 2376.11616651
340000 2376.11616651
341000 2410.45117845
342000 2410.45117845
343000 2410.45117845
344000 2392.07619048
345000 2392.07619048
346000 2392.07619048
347000 2412.59625468
348000 2412.59625468
349000 2412.59625468
350000 3342.22222222
351000 4071.43434343
