0 2442.94804157
1000 2442.94804157
2000 2442.94804157
3000 2442.94804157
4000 2442.94804157
5000 2442.94804157
6000 2442.94804157
7000 4826.47241048
8000 4826.47241048
9000 7209.99677939
10000 10658.7826087
11000 3215.22262509
12000 2628.79313073
13000 2628.79313073
14000 2628.79313073
15000 2628.79313073
16000 2628.79313073
17000 2628.79313073
18000 2628.79313073
19000 2628.79313073
20000 2628.79313073
21000 2628.79313073
22000 2628.79313073
23000 2042.36363636
24000 2042.36363636
25000 490.820445609
26000 490.820445609
27000 490.820445609
28000 1497.85286104
29000 1497.85286104
30000 29917.4054054
31000 1453.99488491
32000 426.124025251
33000 426.124025251
34000 426.124025251
35000 2892.89795918
36000 4368.19123506
37000 3244.09302326
38000 7957.33333333
39000 3560.58785942
40000 3411.05035971
41000 3411.05035971
42000 3978.76363636
43000 5337.77624785
44000 5337.77624785
45000 2635.22285714
46000 2635.22285714
47000 2406.79552926
48000 2406.79552926
49000 8392.39895013
50000 5191.79911374
51000 7350.67549669
52000 6489.5990426
53000 5628.52258852
54000 9507.52897196
55000 5194.46021505
56000 5194.46021505
57000 7678.07109737
58000 6642.55241568
59000 6642.55241568
60000 2457.5431888
61000 2457.5431888
62000 2457.5431888
63000 1782.72439282
64000 1782.72439282
65000 1782.72439282
66000 1782.72439282
67000 1782.72439282
68000 1782.72439282
69000 6250.75132275
70000 6250.75132275
71000 5671.30848533
72000 7644.32258065
73000 6407.13312693
74000 6407.13312693
75000 3631.0542257
76000 3631.0542257
77000 2186.87204969
78000 2186.87204969
79000 2186.87204969
80000 2186.87204969
81000 2590.0331825
82000 2590.0331825
83000 2590.0331825
84000 2654.97106109
85000 2654.97106109
86000 2654.97106109
87000 2654.97106109
88000 1658.23766707
89000 1658.23766707
90000 1658.23766707
91000 1658.23766707
92000 4425.09433962
93000 4425.09433962
94000 1625.79591837
95000 1625.79591837
96000 1625.79591837
97000 1625.79591837
98000 1625.79591837
99000 1625.79591837
100000 5706.53002402
101000 5706.53002402
102000 1496.92386655
103000 1496.92386655
104000 1496.92386655
105000 1496.92386655
106000 3718.49350649
107000 3718.49350649
108000 2993.03780342
109000 2993.03780342
110000 2993.03780342
111000 2993.03780342
112000 2923.62141328
113000 2923.62141328
114000 2192.27912773
115000 2192.27912773
116000 2192.27912773
117000 2192.27912773
118000 881.469950739
119000 881.469950739
120000 881.469950739
121000 881.469950739
122000 881.469950739
123000 881.469950739
124000 881.469950739
125000 881.469950739
126000 3396.99737537
127000 3396.99737537
128000 3396.99737537
129000 3396.99737537
130000 3396.99737537
131000 3396.99737537
132000 3396.99737537
133000 3396.99737537
134000 3396.99737537
135000 3396.99737537
136000 3396.99737537
137000 3396.99737537
138000 5912.5248
139000 5912.5248
140000 5912.5248
141000 5912.5248
142000 5912.5248
143000 5912.5248
144000 5912.5248
145000 2965.77796682
146000 2965.77796682
147000 2965.77796682
148000 2965.77796682
149000 749.053478767
150000 749.053478767
151000 749.053478767
152000 749.053478767
153000 749.053478767
154000 749.053478767
155000 749.053478767
156000 749.053478767
157000 749.053478767
158000 749.053478767
159000 1596.00076017
160000 1596.00076017
161000 1596.00076017
162000 1596.00076017
163000 1596.00076017
164000 2442.94804157
165000 4826.47241048
166000 4826.47241048
167000 7209.99677939
168000 10658.7826087
169000 3215.22262509
170000 3215.22262509
171000 2628.79313073
172000 2628.79313073
173000 2628.79313073
174000 2628.79313073
175000 2628.79313073
176000 2628.79313073
177000 2628.79313073
178000 2628.79313073
179000 2628.79313073
180000 2628.79313073
181000 2042.36363636
182000 2042.36363636
183000 490.820445609
184000 490.820445609
185000 490.820445609
186000 7269.33333333
187000 1497.85286104
188000 8558.47619048
189000 1453.99488491
190000 426.124025251
191000 426.124025251
192000 426.124025251
193000 426.124025251
194000 4368.19123506
195000 3244.09302326
196000 4046.73381295
197000 3560.58785942
198000 11024.9537513
199000 3411.05035971
200000 3978.76363636
201000 4658.26994211
202000 5337.77624785
203000 2635.22285714
204000 2635.22285714
205000 2406.79552926
206000 2406.79552926
207000 6394.02513465
208000 5191.79911374
209000 10092.7449857
210000 6489.5990426
211000 5628.52258852
212000 9507.52897196
213000 6550.79845956
214000 5194.46021505
215000 7678.07109737
216000 7160.31175652
217000 6642.55241568
218000 2457.5431888
219000 2457.5431888
220000 2457.5431888
221000 2457.5431888
222000 1782.72439282
223000 1782.72439282
224000 1782.72439282
225000 1782.72439282
226000 1782.72439282
227000 6250.75132275
228000 6250.75132275
229000 5671.30848533
230000 7644.32258065
231000 7644.32258065
232000 6407.13312693
233000 3631.0542257
234000 3631.0542257
235000 3631.0542257
236000 2186.87204969
237000 2186.87204969
238000 2186.87204969
239000 2590.0331825
240000 2590.0331825
241000 2590.0331825
242000 2654.97106109
243000 2654.97106109
244000 2654.97106109
245000 2654.97106109
246000 1658.23766707
247000 1658.23766707
248000 1658.23766707
249000 1658.23766707
250000 4425.09433962
251000 4425.09433962
252000 1625.79591837
253000 1625.79591837
254000 1625.79591837
255000 1625.79591837
256000 1625.79591837
257000 1625.79591837
258000 5706.53002402
259000 5706.53002402
260000 1496.92386655
261000 1496.92386655
262000 1496.92386655
263000 1496.92386655
264000 1496.92386655
265000 3718.49350649
266000 3718.49350649
267000 2993.03780342
268000 2993.03780342
269000 2993.03780342
270000 2923.62141328
271000 2923.62141328
272000 2192.27912773
273000 2192.27912773
274000 2192.27912773
275000 2192.27912773
276000 881.469950739
277000 881.469950739
278000 881.469950739
279000 881.469950739
280000 881.469950739
281000 881.469950739
282000 881.469950739
283000 881.469950739
284000 881.469950739
285000 3396.99737537
286000 3396.99737537
287000 3396.99737537
288000 3396.99737537
289000 3396.99737537
290000 3396.99737537
291000 3396.99737537
292000 3396.99737537
293000 3396.99737537
294000 3396.99737537
295000 3396.99737537
296000 5912.5248
297000 5912.5248
298000 5912.5248
299000 5912.5248
300000 5912.5248
301000 5912.5248
302000 5912.5248
303000 2965.77796682
304000 2965.77796682
305000 2965.77796682
306000 2965.77796682
307000 749.053478767
308000 749.053478767
309000 749.053478767
310000 749.053478767
311000 749.053478767
312000 749.053478767
313000 749.053478767
314000 749.053478767
315000 749.053478767
316000 749.053478767
