0 2974.63270337
1000 2974.63270337
2000 2974.63270337
3000 2974.63270337
4000 2974.63270337
5000 2974.63270337
6000 2974.63270337
7000 3576.07184363
8000 3576.07184363
9000 3576.07184363
10000 2788.96507937
11000 2788.96507937
12000 3032.49793341
13000 3032.49793341
14000 3032.49793341
15000 3032.49793341
16000 3032.49793341
17000 3032.49793341
18000 3032.49793341
19000 3032.49793341
20000 3276.03078745
21000 3276.03078745
22000 2924.3904331
23000 2924.3904331
24000 2915.77358491
25000 2915.77358491
26000 2342.6342103
27000 2342.6342103
28000 2342.6342103
29000 2342.6342103
30000 2342.6342103
31000 2342.6342103
32000 2342.6342103
33000 1769.49483568
34000 1769.49483568
35000 2449.47572816
36000 3061.44162437
37000 2174.09858996
38000 2174.09858996
39000 1286.75555556
40000 1286.75555556
41000 1286.75555556
42000 3209.27291886
43000 2440.06237099
44000 2440.06237099
45000 1670.85182312
46000 1670.85182312
47000 1670.85182312
48000 1821.96697775
49000 1821.96697775
50000 1821.96697775
51000 1821.96697775
52000 3022.96955504
53000 3022.96955504
54000 1572.00921659
55000 1572.00921659
56000 1572.00921659
57000 1572.00921659
58000 1925.83122707
59000 1925.83122707
60000 2279.11410526
61000 2279.11410526
62000 2279.11410526
63000 2172.06378132
64000 2172.06378132
65000 2172.06378132
66000 2399.18758815
67000 2399.18758815
68000 2431.64408493
69000 2431.64408493
70000 2431.64408493
71000 3755.66986564
72000 810.161499148
73000 810.161499148
74000 810.161499148
75000 810.161499148
76000 810.161499148
77000 810.161499148
78000 1198.31839258
79000 1198.31839258
80000 1198.31839258
81000 1198.31839258
82000 1198.31839258
83000 3311.25277984
84000 3311.25277984
85000 1584.16378397
86000 1584.16378397
87000 1584.16378397
88000 1527.10361446
89000 1527.10361446
90000 1527.10361446
91000 1614.25678412
92000 1614.25678412
93000 1614.25678412
94000 2395.50465002
95000 2395.50465002
96000 1736.31241283
97000 1736.31241283
98000 1736.31241283
99000 1793.20825224
100000 1793.20825224
101000 1793.20825224
102000 2434.76620825
103000 2434.76620825
104000 884.988423154
105000 884.988423154
106000 884.988423154
107000 884.988423154
108000 884.988423154
109000 884.988423154
110000 653.943495809
111000 653.943495809
112000 653.943495809
113000 653.943495809
114000 653.943495809
115000 653.943495809
116000 2345.85294118
117000 2345.85294118
118000 2345.85294118
119000 1742.350942
120000 1742.350942
121000 1742.350942
122000 2173.85381526
123000 2173.85381526
124000 2173.85381526
125000 2598.9689637
126000 2598.9689637
127000 873.375438596
128000 873.375438596
129000 873.375438596
130000 873.375438596
131000 873.375438596
132000 873.375438596
133000 873.375438596
134000 962.93214769
135000 962.93214769
136000 962.93214769
137000 962.93214769
138000 962.93214769
139000 1117.51072961
140000 1117.51072961
141000 1117.51072961
142000 1117.51072961
143000 1501.82028986
144000 1501.82028986
145000 1501.82028986
146000 1501.82028986
147000 1735.73760488
148000 1735.73760488
149000 1629.88132417
150000 1629.88132417
151000 1629.88132417
152000 1629.88132417
153000 842.916857361
154000 842.916857361
155000 842.916857361
156000 842.916857361
157000 842.916857361
158000 842.916857361
159000 628.945454545
160000 628.945454545
161000 628.945454545
162000 628.945454545
163000 628.945454545
164000 628.945454545
165000 628.945454545
166000 628.945454545
167000 628.945454545
168000 1788.03889304
169000 1788.03889304
170000 1788.03889304
171000 931.778425656
172000 931.778425656
173000 931.778425656
174000 931.778425656
175000 931.778425656
176000 2385.61745455
177000 803.823220974
178000 803.823220974
179000 803.823220974
180000 2961.86503067
181000 1333.18559557
182000 3419.95635169
183000 3419.95635169
184000 3419.95635169
185000 3419.95635169
186000 2974.63270337
187000 2974.63270337
188000 2974.63270337
189000 3576.07184363
190000 3576.07184363
191000 2788.96507937
192000 2788.96507937
193000 2788.96507937
194000 3032.49793341
195000 3032.49793341
196000 3032.49793341
197000 3032.49793341
198000 3032.49793341
199000 3032.49793341
200000 3032.49793341
201000 3032.49793341
202000 3276.03078745
203000 3276.03078745
204000 2924.3904331
205000 2924.3904331
206000 2915.77358491
207000 2915.77358491
208000 2342.6342103
209000 2342.6342103
210000 2342.6342103
211000 2342.6342103
212000 2342.6342103
213000 2342.6342103
214000 2342.6342103
215000 1769.49483568
216000 1769.49483568
217000 2449.47572816
218000 3061.44162437
219000 2174.09858996
220000 2174.09858996
221000 1286.75555556
222000 1286.75555556
223000 1286.75555556
224000 3209.27291886
225000 2440.06237099
226000 2440.06237099
227000 1670.85182312
228000 1670.85182312
229000 1670.85182312
230000 1821.96697775
231000 1821.96697775
232000 1821.96697775
233000 1821.96697775
234000 3022.96955504
235000 3022.96955504
236000 1572.00921659
237000 1572.00921659
238000 1572.00921659
239000 1572.00921659
240000 1925.83122707
241000 1925.83122707
242000 2279.11410526
243000 2279.11410526
244000 2279.11410526
245000 2172.06378132
246000 2172.06378132
247000 2172.06378132
248000 2399.18758815
249000 2399.18758815
250000 2431.64408493
251000 2431.64408493
252000 2431.64408493
253000 3755.66986564
254000 810.161499148
255000 810.161499148
256000 810.161499148
257000 810.161499148
258000 810.161499148
259000 810.161499148
260000 1198.31839258
261000 1198.31839258
262000 1198.31839258
263000 1198.31839258
264000 1198.31839258
265000 3311.25277984
266000 3311.25277984
267000 1584.16378397
268000 1584.16378397
269000 1584.16378397
270000 1527.10361446
271000 1527.10361446
272000 1527.10361446
273000 1614.25678412
274000 1614.25678412
275000 1614.25678412
276000 2395.50465002
277000 2395.50465002
278000 1736.31241283
279000 1736.31241283
280000 1736.31241283
281000 1793.20825224
282000 1793.20825224
283000 1793.20825224
284000 2434.76620825
285000 2434.76620825
286000 884.988423154
287000 884.988423154
288000 884.988423154
289000 884.988423154
290000 884.988423154
291000 884.988423154
292000 653.943495809
293000 653.943495809
294000 653.943495809
295000 653.943495809
296000 653.943495809
297000 653.943495809
298000 2345.85294118
299000 2345.85294118
300000 2345.85294118
301000 1742.350942
302000 1742.350942
303000 1742.350942
304000 2173.85381526
305000 2173.85381526
306000 2173.85381526
307000 2598.9689637
308000 2598.9689637
309000 873.375438596
310000 873.375438596
311000 873.375438596
312000 873.375438596
313000 873.375438596
314000 873.375438596
315000 873.375438596
316000 962.93214769
317000 962.93214769
318000 962.93214769
319000 962.93214769
320000 962.93214769
321000 1117.51072961
322000 1117.51072961
323000 1117.51072961
324000 1117.51072961
325000 1501.82028986
326000 1501.82028986
327000 1501.82028986
328000 1735.73760488
329000 1735.73760488
330000 1735.73760488
331000 1629.88132417
332000 1629.88132417
333000 1629.88132417
334000 1629.88132417
335000 842.916857361
336000 842.916857361
337000 842.916857361
338000 842.916857361
339000 842.916857361
340000 842.916857361
341000 628.945454545
342000 628.945454545
343000 628.945454545
344000 628.945454545
345000 628.945454545
346000 628.945454545
347000 628.945454545
348000 628.945454545
349000 628.945454545
350000 1788.03889304
351000 1788.03889304
352000 1788.03889304
353000 931.778425656
354000 931.778425656
355000 931.778425656
356000 931.778425656
357000 931.778425656
358000 2385.61745455
359000 803.823220974
360000 803.823220974
361000 803.823220974
362000 2961.86503067
363000 1333.18559557
