0 7579.3383915
1000 7579.3383915
2000 7579.3383915
3000 7579.3383915
4000 7579.3383915
5000 4146.10466761
6000 4146.10466761
7000 6267.67134269
8000 4670.56586361
9000 4670.56586361
10000 4670.56586361
11000 3073.46038453
12000 3073.46038453
13000 3073.46038453
14000 3073.46038453
15000 3073.46038453
16000 2706.4988345
17000 2706.4988345
18000 2706.4988345
19000 2706.4988345
20000 4080.09949124
21000 4080.09949124
22000 4080.09949124
23000 4080.09949124
24000 7973.38702461
25000 7973.38702461
26000 7029.80165289
27000 7029.80165289
28000 11463.9103494
29000 11463.9103494
30000 8353.88682834
31000 8353.88682834
32000 8249.85521472
33000 8249.85521472
34000 4342.19354839
35000 4342.19354839
36000 4342.19354839
37000 4342.19354839
38000 3891.32971954
39000 3891.32971954
40000 3891.32971954
41000 3891.32971954
42000 3359.64176913
43000 3359.64176913
44000 3359.64176913
45000 3359.64176913
46000 3359.64176913
47000 3359.64176913
48000 2955.56761816
49000 2955.56761816
50000 2955.56761816
51000 2955.56761816
52000 3121.03176861
53000 3121.03176861
54000 3121.03176861
55000 3121.03176861
56000 3121.03176861
57000 3057.86012716
58000 3057.86012716
59000 3057.86012716
60000 3057.86012716
61000 4752.12812813
62000 4752.12812813
63000 4752.12812813
64000 4752.12812813
65000 4752.12812813
66000 3313.82214411
67000 3313.82214411
68000 3313.82214411
69000 3313.82214411
70000 3313.82214411
71000 3313.82214411
72000 7175.97825243
73000 7175.97825243
74000 8752.38208955
75000 8752.38208955
76000 9863.1793161
77000 8288.62665824
78000 8288.62665824
79000 8431.84706418
80000 8431.84706418
81000 8299.85185185
82000 8299.85185185
83000 5962.46701442
84000 5962.46701442
85000 5962.46701442
86000 4060.16806723
87000 4060.16806723
88000 4060.16806723
89000 4060.16806723
90000 4060.16806723
91000 2981.03739116
92000 2981.03739116
93000 2981.03739116
94000 2981.03739116
95000 2981.03739116
96000 2981.03739116
97000 3430.51342341
98000 3430.51342341
99000 3430.51342341
100000 3430.51342341
101000 3430.51342341
102000 3430.51342341
103000 7490.35125448
104000 7490.35125448
105000 7490.35125448
106000 4370.66989586
107000 4370.66989586
108000 4370.66989586
109000 4370.66989586
110000 2653.70970329
111000 2653.70970329
112000 2653.70970329
113000 2653.70970329
114000 2653.70970329
115000 3286.21452766
116000 3286.21452766
117000 3286.21452766
118000 3286.21452766
119000 3286.21452766
120000 3286.21452766
121000 4623.39272536
122000 4623.39272536
123000 4623.39272536
124000 4623.39272536
125000 3432.36807512
126000 3432.36807512
127000 3432.36807512
128000 3432.36807512
129000 3612.47582276
130000 3612.47582276
131000 3612.47582276
132000 3612.47582276
133000 3612.47582276
134000 3612.47582276
135000 3439.28984948
136000 3439.28984948
137000 3439.28984948
138000 3439.28984948
139000 3439.28984948
140000 4188.54560669
141000 4188.54560669
142000 4188.54560669
143000 4188.54560669
144000 3345.47578486
145000 3345.47578486
146000 3345.47578486
147000 3345.47578486
148000 6371.78494624
149000 6371.78494624
150000 6371.78494624
151000 6371.78494624
152000 7147.12374289
153000 7147.12374289
154000 7357.90812721
155000 7357.90812721
156000 9231.84330794
157000 9231.84330794
158000 8279.82169391
159000 8279.82169391
160000 3501.45233266
161000 3501.45233266
162000 3501.45233266
163000 3501.45233266
164000 3547.73588669
165000 3547.73588669
166000 3547.73588669
167000 3547.73588669
168000 3547.73588669
169000 3491.29308895
170000 3491.29308895
171000 3491.29308895
172000 3491.29308895
173000 3491.29308895
174000 3491.29308895
175000 5188.41485275
176000 5188.41485275
177000 5188.41485275
178000 4291.29849678
179000 4291.29849678
180000 4291.29849678
181000 4291.29849678
182000 4291.29849678
183000 3213.84921978
184000 3213.84921978
185000 3213.84921978
186000 3213.84921978
187000 3213.84921978
188000 4450.69296515
189000 4450.69296515
190000 4450.69296515
191000 4450.69296515
192000 4450.69296515
193000 5457.63161249
194000 5457.63161249
195000 5457.63161249
196000 5048.4461738
197000 6386.98666667
198000 6983.16252909
199000 6983.16252909
200000 7579.3383915
201000 7579.3383915
202000 4146.10466761
203000 4146.10466761
204000 6267.67134269
205000 4670.56586361
206000 4670.56586361
207000 4670.56586361
208000 3073.46038453
209000 3073.46038453
210000 3073.46038453
211000 3073.46038453
212000 3073.46038453
213000 2706.4988345
214000 2706.4988345
215000 2706.4988345
216000 2706.4988345
217000 4080.09949124
218000 4080.09949124
219000 4080.09949124
220000 4080.09949124
221000 7973.38702461
222000 7973.38702461
223000 7029.80165289
224000 7029.80165289
225000 7029.80165289
226000 11463.9103494
227000 8353.88682834
228000 8353.88682834
229000 8249.85521472
230000 8249.85521472
231000 4342.19354839
232000 4342.19354839
233000 4342.19354839
234000 4342.19354839
235000 3891.32971954
236000 3891.32971954
237000 3891.32971954
238000 3891.32971954
239000 3891.32971954
240000 3359.64176913
241000 3359.64176913
242000 3359.64176913
243000 3359.64176913
244000 3359.64176913
245000 2955.56761816
246000 2955.56761816
247000 2955.56761816
248000 2955.56761816
249000 3121.03176861
250000 3121.03176861
251000 3121.03176861
252000 3121.03176861
253000 3121.03176861
254000 3057.86012716
255000 3057.86012716
256000 3057.86012716
257000 3057.86012716
258000 4752.12812813
259000 4752.12812813
260000 4752.12812813
261000 4752.12812813
262000 4752.12812813
263000 3313.82214411
264000 3313.82214411
265000 3313.82214411
266000 3313.82214411
267000 3313.82214411
268000 3313.82214411
269000 7175.97825243
270000 7175.97825243
271000 8752.38208955
272000 8752.38208955
273000 9863.1793161
274000 8288.62665824
275000 8288.62665824
276000 8431.84706418
277000 8431.84706418
278000 8299.85185185
279000 8299.85185185
280000 5962.46701442
281000 5962.46701442
282000 5962.46701442
283000 5962.46701442
284000 4060.16806723
285000 4060.16806723
286000 4060.16806723
287000 4060.16806723
288000 2981.03739116
289000 2981.03739116
290000 2981.03739116
291000 2981.03739116
292000 2981.03739116
293000 2981.03739116
294000 3430.51342341
295000 3430.51342341
296000 3430.51342341
297000 3430.51342341
298000 3430.51342341
299000 3430.51342341
300000 7490.35125448
301000 7490.35125448
302000 7490.35125448
303000 4370.66989586
304000 4370.66989586
305000 4370.66989586
306000 4370.66989586
307000 2653.70970329
308000 2653.70970329
309000 2653.70970329
310000 2653.70970329
311000 2653.70970329
312000 3286.21452766
313000 3286.21452766
314000 3286.21452766
315000 3286.21452766
316000 3286.21452766
317000 3286.21452766
318000 4623.39272536
319000 4623.39272536
320000 4623.39272536
321000 4623.39272536
322000 3432.36807512
323000 3432.36807512
324000 3432.36807512
325000 3432.36807512
326000 3612.47582276
327000 3612.47582276
328000 3612.47582276
329000 3612.47582276
330000 3612.47582276
331000 3612.47582276
332000 3439.28984948
333000 3439.28984948
334000 3439.28984948
335000 3439.28984948
336000 3439.28984948
337000 4188.54560669
338000 4188.54560669
339000 4188.54560669
340000 4188.54560669
341000 3345.47578486
342000 3345.47578486
343000 3345.47578486
344000 3345.47578486
345000 6371.78494624
346000 6371.78494624
347000 6371.78494624
348000 6371.78494624
349000 7147.12374289
350000 7147.12374289
351000 7357.90812721
352000 7357.90812721
353000 7357.90812721
354000 9231.84330794
355000 8279.82169391
356000 8279.82169391
357000 3501.45233266
358000 3501.45233266
359000 3501.45233266
360000 3501.45233266
361000 3547.73588669
362000 3547.73588669
363000 3547.73588669
364000 3547.73588669
365000 3547.73588669
366000 3491.29308895
367000 3491.29308895
368000 3491.29308895
369000 3491.29308895
370000 3491.29308895
371000 3491.29308895
372000 5188.41485275
373000 5188.41485275
374000 5188.41485275
375000 4291.29849678
376000 4291.29849678
377000 4291.29849678
378000 4291.29849678
379000 4291.29849678
380000 3213.84921978
381000 3213.84921978
382000 3213.84921978
383000 3213.84921978
384000 3213.84921978
385000 4450.69296515
386000 4450.69296515
387000 4450.69296515
388000 4450.69296515
389000 4450.69296515
390000 5457.63161249
391000 5457.63161249
392000 5457.63161249
393000 5048.4461738
394000 6386.98666667
