0 3627.64961157
1000 3627.64961157
2000 3627.64961157
3000 3627.64961157
4000 3627.64961157
5000 3627.64961157
6000 3627.64961157
7000 3627.64961157
8000 3627.64961157
9000 3627.64961157
10000 3627.64961157
11000 3290.82789812
12000 3290.82789812
13000 3290.82789812
14000 3290.82789812
15000 3290.82789812
16000 4129.51173975
17000 4129.51173975
18000 4129.51173975
19000 4129.51173975
20000 5578.38411494
21000 5578.38411494
22000 5578.38411494
23000 5578.38411494
24000 5578.38411494
25000 5578.38411494
26000 5578.38411494
27000 7027.25649013
28000 7027.25649013
29000 7027.25649013
30000 7027.25649013
31000 7027.25649013
32000 5120.82277943
33000 5120.82277943
34000 5120.82277943
35000 5120.82277943
36000 5120.82277943
37000 4791.16657853
38000 4791.16657853
39000 4791.16657853
40000 4791.16657853
41000 4791.16657853
42000 4791.16657853
43000 4624.0693753
44000 4624.0693753
45000 4624.0693753
46000 4624.0693753
47000 4624.0693753
48000 4624.0693753
49000 4624.0693753
50000 4676.84108671
51000 4676.84108671
52000 4676.84108671
53000 4676.84108671
54000 4676.84108671
55000 3903.93071594
56000 3903.93071594
57000 3903.93071594
58000 3903.93071594
59000 3903.93071594
60000 3903.93071594
61000 3903.93071594
62000 3903.93071594
63000 5348.9788118
64000 5348.9788118
65000 5348.9788118
66000 5348.9788118
67000 5348.9788118
68000 5383.2195122
69000 5383.2195122
70000 5383.2195122
71000 5383.2195122
72000 5383.2195122
73000 3298.09774534
74000 3298.09774534
75000 3298.09774534
76000 3298.09774534
77000 3298.09774534
78000 3298.09774534
79000 3298.09774534
80000 3298.09774534
81000 3407.62493958
82000 3407.62493958
83000 3407.62493958
84000 3407.62493958
85000 3407.62493958
86000 3407.62493958
87000 3407.62493958
88000 3407.62493958
89000 3407.62493958
90000 6104.12364475
91000 6104.12364475
92000 6104.12364475
93000 6104.12364475
94000 6104.12364475
95000 3550.30865015
96000 3550.30865015
97000 3550.30865015
98000 3550.30865015
99000 3550.30865015
100000 3550.30865015
101000 3550.30865015
102000 7041.14619262
103000 7041.14619262
104000 7041.14619262
105000 7041.14619262
106000 7041.14619262
107000 5902.0
108000 5902.0
109000 5902.0
110000 5902.0
111000 5902.0
112000 3196.33094707
113000 3196.33094707
114000 3196.33094707
115000 3196.33094707
116000 3196.33094707
117000 3196.33094707
118000 3196.33094707
119000 3196.33094707
120000 5167.83751295
121000 5167.83751295
122000 5167.83751295
123000 5167.83751295
124000 5167.83751295
125000 5167.83751295
126000 2082.97614234
127000 2082.97614234
128000 2082.97614234
129000 2082.97614234
130000 2082.97614234
131000 2082.97614234
132000 2082.97614234
133000 2082.97614234
134000 2082.97614234
135000 2082.97614234
136000 2082.97614234
137000 2082.97614234
138000 2082.97614234
139000 1991.42585522
140000 1991.42585522
141000 1991.42585522
142000 1991.42585522
143000 1991.42585522
144000 1991.42585522
145000 1991.42585522
146000 1991.42585522
147000 1991.42585522
148000 1991.42585522
149000 1991.42585522
150000 1991.42585522
151000 1991.42585522
152000 1632.48334778
153000 1632.48334778
154000 1632.48334778
155000 1632.48334778
156000 1632.48334778
157000 1632.48334778
158000 1632.48334778
159000 1632.48334778
160000 1632.48334778
161000 1632.48334778
162000 1632.48334778
163000 1632.48334778
164000 1632.48334778
165000 1632.48334778
166000 1632.48334778
167000 1632.48334778
168000 1632.48334778
169000 1462.71566054
170000 1462.71566054
171000 1462.71566054
172000 1462.71566054
173000 1462.71566054
174000 1462.71566054
175000 1462.71566054
176000 1462.71566054
177000 1462.71566054
178000 1462.71566054
179000 1462.71566054
180000 1462.71566054
181000 1462.71566054
182000 1462.71566054
183000 1462.71566054
184000 1462.71566054
185000 1462.71566054
186000 1462.71566054
187000 1462.71566054
188000 1427.37723285
189000 1427.37723285
190000 1427.37723285
191000 1427.37723285
192000 1427.37723285
193000 1427.37723285
194000 1427.37723285
195000 1427.37723285
196000 1427.37723285
197000 1427.37723285
198000 1427.37723285
199000 1427.37723285
200000 1427.37723285
201000 1427.37723285
202000 1427.37723285
203000 1427.37723285
204000 1427.37723285
205000 1427.37723285
206000 1427.37723285
207000 1388.78890815
208000 1388.78890815
209000 1388.78890815
210000 1388.78890815
211000 1388.78890815
212000 1388.78890815
213000 1388.78890815
214000 1388.78890815
215000 1388.78890815
216000 1388.78890815
217000 1388.78890815
218000 1388.78890815
219000 1388.78890815
220000 1388.78890815
221000 1388.78890815
222000 1388.78890815
223000 1388.78890815
224000 1388.78890815
225000 1388.78890815
226000 1915.99520282
227000 1915.99520282
228000 1915.99520282
229000 1915.99520282
230000 1915.99520282
231000 1915.99520282
232000 1915.99520282
233000 1915.99520282
234000 1915.99520282
235000 1915.99520282
236000 1915.99520282
237000 1915.99520282
238000 1915.99520282
239000 1915.99520282
240000 2087.46063643
241000 2087.46063643
242000 2087.46063643
243000 2087.46063643
244000 2087.46063643
245000 2087.46063643
246000 2258.92607004
247000 2258.92607004
248000 2258.92607004
249000 2258.92607004
250000 1058.45528455
251000 1058.45528455
252000 1058.45528455
253000 1058.45528455
254000 1058.45528455
255000 1076.78905796
256000 1076.78905796
257000 1076.78905796
258000 1076.78905796
259000 1076.78905796
260000 1095.12283137
261000 1095.12283137
262000 1095.12283137
263000 1095.12283137
264000 1095.12283137
265000 1095.12283137
266000 1095.12283137
267000 1095.12283137
268000 1656.21736424
269000 1656.21736424
270000 1656.21736424
271000 1656.21736424
272000 1656.21736424
273000 1656.21736424
274000 1656.21736424
275000 1656.21736424
276000 1656.21736424
277000 1656.21736424
278000 1656.21736424
279000 2217.31189711
280000 2217.31189711
281000 2922.48075434
282000 2922.48075434
283000 2922.48075434
284000 2922.48075434
285000 2922.48075434
286000 2922.48075434
287000 3627.64961157
288000 3627.64961157
289000 3627.64961157
290000 3627.64961157
291000 3627.64961157
292000 3290.82789812
293000 3290.82789812
294000 3290.82789812
295000 3290.82789812
296000 4129.51173975
297000 4129.51173975
298000 4129.51173975
299000 4129.51173975
300000 5578.38411494
301000 5578.38411494
302000 5578.38411494
303000 5578.38411494
304000 5578.38411494
305000 5578.38411494
306000 5578.38411494
307000 5578.38411494
308000 7027.25649013
309000 7027.25649013
310000 7027.25649013
311000 7027.25649013
312000 5120.82277943
313000 5120.82277943
314000 5120.82277943
315000 5120.82277943
316000 5120.82277943
317000 4791.16657853
318000 4791.16657853
319000 4791.16657853
320000 4791.16657853
321000 4791.16657853
322000 4791.16657853
323000 4624.0693753
324000 4624.0693753
325000 4624.0693753
326000 4624.0693753
327000 4624.0693753
328000 4624.0693753
329000 4624.0693753
330000 4676.84108671
331000 4676.84108671
332000 4676.84108671
333000 4676.84108671
334000 4676.84108671
335000 4676.84108671
336000 3903.93071594
337000 3903.93071594
338000 3903.93071594
339000 3903.93071594
340000 3903.93071594
341000 3903.93071594
342000 3903.93071594
343000 5348.9788118
344000 5348.9788118
345000 5348.9788118
346000 5348.9788118
347000 5348.9788118
348000 5383.2195122
349000 5383.2195122
350000 5383.2195122
351000 5383.2195122
352000 5383.2195122
353000 5383.2195122
354000 3298.09774534
355000 3298.09774534
356000 3298.09774534
357000 3298.09774534
358000 3298.09774534
359000 3298.09774534
360000 3298.09774534
361000 3298.09774534
362000 3407.62493958
363000 3407.62493958
364000 3407.62493958
365000 3407.62493958
366000 3407.62493958
367000 3407.62493958
368000 3407.62493958
369000 3407.62493958
370000 6104.12364475
371000 6104.12364475
372000 6104.12364475
373000 6104.12364475
374000 6104.12364475
375000 3550.30865015
376000 3550.30865015
377000 3550.30865015
378000 3550.30865015
379000 3550.30865015
380000 3550.30865015
381000 3550.30865015
382000 3550.30865015
383000 7041.14619262
384000 7041.14619262
385000 7041.14619262
386000 7041.14619262
387000 5902.0
388000 5902.0
389000 5902.0
390000 5902.0
391000 5902.0
392000 3196.33094707
393000 3196.33094707
394000 3196.33094707
395000 3196.33094707
396000 3196.33094707
397000 3196.33094707
398000 3196.33094707
399000 3196.33094707
400000 3196.33094707
401000 5167.83751295
402000 5167.83751295
403000 5167.83751295
404000 5167.83751295
405000 5167.83751295
406000 2082.97614234
407000 2082.97614234
408000 2082.97614234
409000 2082.97614234
410000 2082.97614234
411000 2082.97614234
412000 2082.97614234
413000 2082.97614234
414000 2082.97614234
415000 2082.97614234
416000 2082.97614234
417000 2082.97614234
418000 2082.97614234
419000 1991.42585522
420000 1991.42585522
421000 1991.42585522
422000 1991.42585522
423000 1991.42585522
424000 1991.42585522
425000 1991.42585522
426000 1991.42585522
427000 1991.42585522
428000 1991.42585522
429000 1991.42585522
430000 1991.42585522
431000 1991.42585522
432000 1632.48334778
433000 1632.48334778
434000 1632.48334778
435000 1632.48334778
436000 1632.48334778
437000 1632.48334778
438000 1632.48334778
439000 1632.48334778
440000 1632.48334778
441000 1632.48334778
442000 1632.48334778
443000 1632.48334778
444000 1632.48334778
445000 1632.48334778
446000 1632.48334778
447000 1632.48334778
448000 1632.48334778
449000 1462.71566054
450000 1462.71566054
451000 1462.71566054
452000 1462.71566054
453000 1462.71566054
454000 1462.71566054
455000 1462.71566054
456000 1462.71566054
457000 1462.71566054
458000 1462.71566054
459000 1462.71566054
460000 1462.71566054
461000 1462.71566054
462000 1462.71566054
463000 1462.71566054
464000 1462.71566054
465000 1462.71566054
466000 1462.71566054
467000 1462.71566054
468000 1427.37723285
469000 1427.37723285
470000 1427.37723285
471000 1427.37723285
472000 1427.37723285
473000 1427.37723285
474000 1427.37723285
475000 1427.37723285
476000 1427.37723285
477000 1427.37723285
478000 1427.37723285
479000 1427.37723285
480000 1427.37723285
481000 1427.37723285
482000 1427.37723285
483000 1427.37723285
484000 1427.37723285
485000 1427.37723285
486000 1427.37723285
487000 1427.37723285
488000 1388.78890815
489000 1388.78890815
490000 1388.78890815
491000 1388.78890815
492000 1388.78890815
493000 1388.78890815
494000 1388.78890815
495000 1388.78890815
496000 1388.78890815
497000 1388.78890815
498000 1388.78890815
499000 1388.78890815
500000 1388.78890815
501000 1388.78890815
502000 1388.78890815
503000 1388.78890815
504000 1388.78890815
505000 1388.78890815
506000 1915.99520282
507000 1915.99520282
508000 1915.99520282
509000 1915.99520282
510000 1915.99520282
511000 1915.99520282
512000 1915.99520282
513000 1915.99520282
514000 1915.99520282
515000 1915.99520282
516000 1915.99520282
517000 1915.99520282
518000 1915.99520282
519000 1915.99520282
520000 1915.99520282
521000 2087.46063643
522000 2087.46063643
523000 2087.46063643
524000 2087.46063643
525000 2087.46063643
526000 2087.46063643
527000 2258.92607004
528000 2258.92607004
529000 2258.92607004
530000 2258.92607004
531000 1058.45528455
532000 1058.45528455
533000 1058.45528455
534000 1058.45528455
535000 1076.78905796
536000 1076.78905796
537000 1076.78905796
538000 1076.78905796
539000 1076.78905796
540000 1076.78905796
541000 1095.12283137
542000 1095.12283137
543000 1095.12283137
544000 1095.12283137
545000 1095.12283137
546000 1095.12283137
547000 1095.12283137
548000 1656.21736424
549000 1656.21736424
550000 1656.21736424
551000 1656.21736424
552000 1656.21736424
553000 1656.21736424
554000 1656.21736424
555000 1656.21736424
556000 1656.21736424
557000 1656.21736424
558000 1656.21736424
559000 2217.31189711
560000 2217.31189711
