0 11669.2990354
1000 11669.2990354
2000 11669.2990354
3000 11669.2990354
4000 9962.90378492
5000 9962.90378492
6000 8256.50853443
7000 8256.50853443
8000 4405.51596483
9000 4405.51596483
10000 10145.5348416
11000 10571.4311522
12000 10571.4311522
13000 10571.4311522
14000 10997.3274629
15000 10997.3274629
16000 10998.2721482
17000 10998.2721482
18000 9486.08654603
19000 9486.08654603
20000 9377.43375227
21000 9377.43375227
22000 9377.43375227
23000 9268.78095851
24000 9268.78095851
25000 9268.78095851
26000 9268.78095851
27000 8991.57622421
28000 8991.57622421
29000 8991.57622421
30000 8842.95814597
31000 8842.95814597
32000 8842.95814597
33000 7866.04259795
34000 7866.04259795
35000 7866.04259795
36000 7866.04259795
37000 8639.6592724
38000 8639.6592724
39000 8639.6592724
40000 8639.6592724
41000 7346.6296362
42000 7346.6296362
43000 7346.6296362
44000 7346.6296362
45000 7346.6296362
46000 7346.6296362
47000 7346.6296362
48000 7346.6296362
49000 7346.6296362
50000 7346.6296362
51000 7346.6296362
52000 7346.6296362
53000 3393.90733778
54000 3393.90733778
55000 3393.90733778
56000 3393.90733778
57000 3393.90733778
58000 3393.90733778
59000 3393.90733778
60000 3393.90733778
61000 3393.90733778
62000 3393.90733778
63000 734.214675561
64000 734.214675561
65000 734.214675561
66000 827.656988521
67000 827.656988521
68000 827.656988521
69000 2105.6
70000 2105.6
71000 2105.6
72000 2105.6
73000 99.0614193973
74000 99.0614193973
75000 99.0614193973
76000 99.0614193973
77000 99.0614193973
78000 99.0614193973
79000 99.0614193973
80000 99.0614193973
81000 99.0614193973
82000 99.0614193973
83000 99.0614193973
84000 99.0614193973
85000 99.0614193973
86000 99.0614193973
87000 99.0614193973
88000 610.777485534
89000 610.777485534
90000 9094.5
91000 9691.09677419
92000 10074.2068966
93000 1927.83252818
94000 1927.83252818
95000 4495.47252747
96000 6382.05291005
97000 2387.05394191
98000 12173.0
99000 12032.0
100000 3298.27359491
101000 3298.27359491
102000 6222.37006237
103000 6959.10152388
104000 7695.83298539
105000 1663.05009276
106000 1663.05009276
107000 1663.05009276
108000 913.935103245
109000 913.935103245
110000 913.935103245
111000 913.935103245
112000 3336.02171946
113000 2900.11814346
114000 2900.11814346
115000 12049.7637795
116000 7452.18037135
117000 3497.6744186
118000 3497.6744186
119000 1423.17974058
120000 2706.99581089
121000 3990.81188119
122000 3990.81188119
123000 11177.9279778
124000 7307.81742739
125000 4885.23931254
126000 2462.6611977
127000 2462.6611977
128000 2462.6611977
129000 3146.30884905
130000 3146.30884905
131000 576.216709785
132000 576.216709785
133000 576.216709785
134000 576.216709785
135000 576.216709785
136000 576.216709785
137000 576.216709785
138000 576.216709785
139000 576.216709785
140000 576.216709785
141000 576.216709785
142000 576.216709785
143000 576.216709785
144000 576.216709785
145000 9243.9880597
146000 1314.08737283
147000 1314.08737283
148000 1314.08737283
149000 1314.08737283
150000 1706.75693026
151000 1706.75693026
152000 1706.75693026
153000 1084.70473694
154000 1084.70473694
155000 1084.70473694
156000 1084.70473694
157000 1084.70473694
158000 1084.70473694
159000 1084.70473694
160000 1084.70473694
161000 5877.14674441
162000 4168.42659645
163000 4168.42659645
164000 5375.82156134
165000 5375.82156134
166000 3398.13802951
167000 3398.13802951
168000 2849.18411552
169000 2849.18411552
170000 2849.18411552
171000 2849.18411552
172000 5334.86910995
173000 1763.08791994
174000 1763.08791994
175000 1763.08791994
176000 1763.08791994
177000 1763.08791994
178000 5196.86643599
179000 5196.86643599
180000 919.121014579
181000 919.121014579
182000 919.121014579
183000 919.121014579
184000 919.121014579
185000 919.121014579
186000 919.121014579
187000 919.121014579
188000 4948.44686649
189000 4948.44686649
190000 7277.71428571
191000 5559.84175824
192000 5559.84175824
193000 2342.48613377
194000 2342.48613377
195000 2342.48613377
196000 3116.09582964
197000 3116.09582964
198000 7335.76837416
199000 3366.92898719
200000 8811.93320965
201000 5493.37451737
202000 2445.99763872
203000 2445.99763872
204000 1253.33333333
205000 1253.33333333
206000 1253.33333333
207000 1253.33333333
208000 6695.0296496
209000 8112.48484848
210000 9890.89194194
211000 9890.89194194
212000 11669.2990354
213000 9962.90378492
214000 9962.90378492
215000 8256.50853443
216000 8256.50853443
217000 4405.51596483
218000 4405.51596483
219000 10145.5348416
220000 10571.4311522
221000 10571.4311522
222000 10571.4311522
223000 10997.3274629
224000 10997.3274629
225000 10998.2721482
226000 10998.2721482
227000 9486.08654603
228000 9486.08654603
229000 9486.08654603
230000 9377.43375227
231000 9377.43375227
232000 9377.43375227
233000 9268.78095851
234000 9268.78095851
235000 9268.78095851
236000 8991.57622421
237000 8991.57622421
238000 8991.57622421
239000 8842.95814597
240000 8842.95814597
241000 8842.95814597
242000 7866.04259795
243000 7866.04259795
244000 7866.04259795
245000 7866.04259795
246000 8639.6592724
247000 8639.6592724
248000 8639.6592724
249000 8639.6592724
250000 7346.6296362
251000 7346.6296362
252000 7346.6296362
253000 7346.6296362
254000 7346.6296362
255000 7346.6296362
256000 7346.6296362
257000 7346.6296362
258000 7346.6296362
259000 7346.6296362
260000 7346.6296362
261000 7346.6296362
262000 3393.90733778
263000 3393.90733778
264000 3393.90733778
265000 3393.90733778
266000 3393.90733778
267000 3393.90733778
268000 3393.90733778
269000 3393.90733778
270000 3393.90733778
271000 3393.90733778
272000 734.214675561
273000 734.214675561
274000 734.214675561
275000 734.214675561
276000 827.656988521
277000 827.656988521
278000 2105.6
279000 2105.6
280000 2105.6
281000 2105.6
282000 2105.6
283000 99.0614193973
284000 99.0614193973
285000 99.0614193973
286000 99.0614193973
287000 99.0614193973
288000 99.0614193973
289000 99.0614193973
290000 99.0614193973
291000 99.0614193973
292000 99.0614193973
293000 99.0614193973
294000 99.0614193973
295000 99.0614193973
296000 99.0614193973
297000 610.777485534
298000 610.777485534
299000 9094.5
300000 9691.09677419
301000 1719.54140127
302000 1927.83252818
303000 1927.83252818
304000 1927.83252818
305000 6382.05291005
306000 2387.05394191
307000 13745.4177215
308000 12032.0
309000 7665.13679746
310000 3298.27359491
311000 6222.37006237
312000 6959.10152388
313000 6959.10152388
314000 1663.05009276
315000 1663.05009276
316000 1663.05009276
317000 913.935103245
318000 913.935103245
319000 913.935103245
320000 913.935103245
321000 3336.02171946
322000 3336.02171946
323000 2900.11814346
324000 13351.1864407
325000 7452.18037135
326000 8889.64764268
327000 3497.6744186
328000 1423.17974058
329000 1423.17974058
330000 3990.81188119
331000 3990.81188119
332000 11177.9279778
333000 7307.81742739
334000 4885.23931254
335000 2462.6611977
336000 2462.6611977
337000 2462.6611977
338000 3146.30884905
339000 3146.30884905
340000 576.216709785
341000 576.216709785
342000 576.216709785
343000 576.216709785
344000 576.216709785
345000 576.216709785
346000 576.216709785
347000 576.216709785
348000 576.216709785
349000 576.216709785
350000 576.216709785
351000 576.216709785
352000 576.216709785
353000 576.216709785
354000 9243.9880597
355000 1314.08737283
356000 1314.08737283
357000 1314.08737283
358000 1314.08737283
359000 1706.75693026
360000 1706.75693026
361000 1706.75693026
362000 1706.75693026
363000 1084.70473694
364000 1084.70473694
365000 1084.70473694
366000 1084.70473694
367000 1084.70473694
368000 1084.70473694
369000 1084.70473694
370000 5877.14674441
371000 4168.42659645
372000 4168.42659645
373000 4168.42659645
374000 5375.82156134
375000 3398.13802951
376000 3398.13802951
377000 3398.13802951
378000 2849.18411552
379000 2849.18411552
380000 2849.18411552
381000 5334.86910995
382000 5334.86910995
383000 1763.08791994
384000 1763.08791994
385000 1763.08791994
386000 1763.08791994
387000 5196.86643599
388000 5196.86643599
389000 919.121014579
390000 919.121014579
391000 919.121014579
392000 919.121014579
393000 919.121014579
394000 919.121014579
395000 919.121014579
396000 919.121014579
397000 4948.44686649
398000 4948.44686649
399000 7277.71428571
400000 5559.84175824
401000 5559.84175824
402000 2342.48613377
403000 2342.48613377
404000 2342.48613377
405000 3116.09582964
406000 3116.09582964
407000 7335.76837416
408000 3366.92898719
409000 8811.93320965
410000 5493.37451737
411000 2445.99763872
412000 2445.99763872
413000 1253.33333333
414000 1253.33333333
415000 1253.33333333
416000 1253.33333333
417000 6695.0296496
418000 8112.48484848
