0 4309.40095087
1000 4309.40095087
2000 4309.40095087
3000 4309.40095087
4000 4309.40095087
5000 6069.60167715
6000 5909.56897175
7000 5749.53626635
8000 5863.4965035
9000 5548.00100707
10000 5548.00100707
11000 5232.50551065
12000 5490.2754491
13000 5490.2754491
14000 5140.55421687
15000 5233.66275118
16000 5233.66275118
17000 5233.66275118
18000 5326.77128548
19000 5326.77128548
20000 5326.77128548
21000 5270.84447962
22000 5270.84447962
23000 5244.21052632
24000 5244.21052632
25000 5244.21052632
26000 5309.15763136
27000 5309.15763136
28000 5312.24851659
29000 5312.24851659
30000 5312.24851659
31000 5312.24851659
32000 5315.33940182
33000 5315.33940182
34000 5315.33940182
35000 5308.42290215
36000 5308.42290215
37000 5308.42290215
38000 5308.42290215
39000 5254.77714628
40000 5254.77714628
41000 5254.77714628
42000 5362.77966102
43000 5362.77966102
44000 5362.77966102
45000 5362.77966102
46000 5251.51521859
47000 5251.51521859
48000 5251.51521859
49000 5276.13686249
50000 5276.13686249
51000 5276.13686249
52000 5276.13686249
53000 5251.19900959
54000 5251.19900959
55000 5251.19900959
56000 5354.39952858
57000 5354.39952858
58000 5354.39952858
59000 5269.85974026
60000 5269.85974026
61000 5269.85974026
62000 5269.85974026
63000 5326.45064243
64000 5326.45064243
65000 5326.45064243
66000 5289.39973467
67000 5289.39973467
68000 5289.39973467
69000 5289.39973467
70000 5289.39973467
71000 5252.34882691
72000 5252.34882691
73000 5252.34882691
74000 5252.34882691
75000 5252.34882691
76000 5244.69018479
77000 5244.69018479
78000 5244.69018479
79000 5244.69018479
80000 5303.88014269
81000 5303.88014269
82000 5303.88014269
83000 5303.88014269
84000 5242.77419355
85000 5242.77419355
86000 5242.77419355
87000 5242.77419355
88000 5306.13793103
89000 5306.13793103
90000 5306.13793103
91000 5306.13793103
92000 5306.13793103
93000 5288.52352812
94000 5288.52352812
95000 5288.52352812
96000 5288.52352812
97000 5242.02897127
98000 5242.02897127
99000 5242.02897127
100000 5242.02897127
101000 5242.02897127
102000 5291.30821607
103000 5291.30821607
104000 5291.30821607
105000 5291.30821607
106000 5253.17277487
107000 5253.17277487
108000 5253.17277487
109000 5253.17277487
110000 5253.17277487
111000 5240.36114394
112000 5240.36114394
113000 5240.36114394
114000 5240.36114394
115000 5113.94535017
116000 5113.94535017
117000 5113.94535017
118000 5113.94535017
119000 5113.94535017
120000 6665.32561626
121000 6665.32561626
122000 6665.32561626
123000 6665.32561626
124000 6665.32561626
125000 6665.32561626
126000 6665.32561626
127000 6665.32561626
128000 8216.70588235
129000 5558.67703041
130000 5558.67703041
131000 5558.67703041
132000 5558.67703041
133000 5270.25245654
134000 5198.37482117
135000 5198.37482117
136000 5294.60465116
137000 5550.53651361
138000 5550.53651361
139000 5550.53651361
140000 5806.46837607
141000 5806.46837607
142000 5806.46837607
143000 5286.51155741
144000 5286.51155741
145000 5596.99133449
146000 5596.99133449
147000 5596.99133449
148000 5795.65425178
149000 5795.65425178
150000 5994.31716907
151000 5994.31716907
152000 5994.31716907
153000 5466.17923691
154000 5466.17923691
155000 5466.17923691
156000 6572.90044139
157000 6572.90044139
158000 5570.95821022
159000 5570.95821022
160000 5570.95821022
161000 4541.62573867
162000 4541.62573867
163000 4541.62573867
164000 4648.72727273
165000 4648.72727273
166000 4648.72727273
167000 4648.72727273
168000 4740.35602094
169000 4740.35602094
170000 5300.22231371
171000 5300.22231371
172000 5300.22231371
173000 5242.36668098
174000 5242.36668098
175000 693.693836978
176000 2501.54739392
177000 2501.54739392
178000 4309.40095087
179000 4309.40095087
180000 6069.60167715
181000 5909.56897175
182000 5909.56897175
183000 5749.53626635
184000 5863.4965035
185000 5548.00100707
186000 5232.50551065
187000 5232.50551065
188000 5490.2754491
189000 5140.55421687
190000 5140.55421687
191000 5233.66275118
192000 5233.66275118
193000 5326.77128548
194000 5326.77128548
195000 5326.77128548
196000 5270.84447962
197000 5270.84447962
198000 5270.84447962
199000 5244.21052632
200000 5244.21052632
201000 5309.15763136
202000 5309.15763136
203000 5309.15763136
204000 5312.24851659
205000 5312.24851659
206000 5312.24851659
207000 5315.33940182
208000 5315.33940182
209000 5315.33940182
210000 5315.33940182
211000 5308.42290215
212000 5308.42290215
213000 5308.42290215
214000 5254.77714628
215000 5254.77714628
216000 5254.77714628
217000 5362.77966102
218000 5362.77966102
219000 5362.77966102
220000 5362.77966102
221000 5251.51521859
222000 5251.51521859
223000 5251.51521859
224000 5251.51521859
225000 5276.13686249
226000 5276.13686249
227000 5276.13686249
228000 5251.19900959
229000 5251.19900959
230000 5251.19900959
231000 5354.39952858
232000 5354.39952858
233000 5354.39952858
234000 5354.39952858
235000 5269.85974026
236000 5269.85974026
237000 5269.85974026
238000 5326.45064243
239000 5326.45064243
240000 5326.45064243
241000 5326.45064243
242000 5289.39973467
243000 5289.39973467
244000 5289.39973467
245000 5289.39973467
246000 5252.34882691
247000 5252.34882691
248000 5252.34882691
249000 5252.34882691
250000 5252.34882691
251000 5244.69018479
252000 5244.69018479
253000 5244.69018479
254000 5244.69018479
255000 5303.88014269
256000 5303.88014269
257000 5303.88014269
258000 5303.88014269
259000 5303.88014269
260000 5242.77419355
261000 5242.77419355
262000 5242.77419355
263000 5242.77419355
264000 5306.13793103
265000 5306.13793103
266000 5306.13793103
267000 5306.13793103
268000 5288.52352812
269000 5288.52352812
270000 5288.52352812
271000 5288.52352812
272000 5288.52352812
273000 5242.02897127
274000 5242.02897127
275000 5242.02897127
276000 5242.02897127
277000 5291.30821607
278000 5291.30821607
279000 5291.30821607
280000 5291.30821607
281000 5253.17277487
282000 5253.17277487
283000 5253.17277487
284000 5253.17277487
285000 5253.17277487
286000 5240.36114394
287000 5240.36114394
288000 5240.36114394
289000 5240.36114394
290000 5113.94535017
291000 5113.94535017
292000 5113.94535017
293000 5113.94535017
294000 5113.94535017
295000 6665.32561626
296000 6665.32561626
297000 6665.32561626
298000 6665.32561626
299000 6665.32561626
300000 6665.32561626
301000 6665.32561626
302000 6665.32561626
303000 8216.70588235
304000 5558.67703041
305000 5558.67703041
306000 5558.67703041
307000 5558.67703041
308000 5270.25245654
309000 5270.25245654
310000 5198.37482117
311000 5294.60465116
312000 5294.60465116
313000 5550.53651361
314000 5550.53651361
315000 5806.46837607
316000 5806.46837607
317000 5806.46837607
318000 5286.51155741
319000 5286.51155741
320000 5286.51155741
321000 5596.99133449
322000 5596.99133449
323000 5795.65425178
324000 5795.65425178
325000 5795.65425178
326000 5994.31716907
327000 5994.31716907
328000 5994.31716907
329000 5466.17923691
330000 5466.17923691
331000 6572.90044139
332000 6572.90044139
333000 6572.90044139
334000 5570.95821022
335000 5570.95821022
336000 4541.62573867
337000 4541.62573867
338000 4541.62573867
339000 4541.62573867
340000 4648.72727273
341000 4648.72727273
342000 4648.72727273
343000 4740.35602094
344000 4740.35602094
345000 4740.35602094
346000 5300.22231371
347000 5300.22231371
348000 5242.36668098
349000 5242.36668098
350000 5242.36668098
