0 3992.58249833
1000 3992.58249833
2000 3992.58249833
3000 3992.58249833
4000 3992.58249833
5000 3992.58249833
6000 3628.48430493
7000 3628.48430493
8000 4047.68372093
9000 4043.9020925
10000 4043.9020925
11000 4043.9020925
12000 4043.9020925
13000 4043.9020925
14000 4040.12046408
15000 4040.12046408
16000 4040.12046408
17000 4040.12046408
18000 4040.12046408
19000 3397.37415579
20000 3397.37415579
21000 3397.37415579
22000 3397.37415579
23000 3220.70676125
24000 3220.70676125
25000 3220.70676125
26000 3220.70676125
27000 3220.70676125
28000 3220.70676125
29000 3220.70676125
30000 3220.70676125
31000 3220.70676125
32000 3044.03936671
33000 3044.03936671
34000 3044.03936671
35000 2463.71918094
36000 2463.71918094
37000 2560.56254226
38000 2560.56254226
39000 3955.94971429
40000 3955.94971429
41000 3626.48246087
42000 3626.48246087
43000 4259.52128514
44000 3846.67398463
45000 3846.67398463
46000 3796.75675676
47000 3796.75675676
48000 3942.91891892
49000 3942.91891892
50000 4193.70743405
51000 4193.70743405
52000 3286.88241206
53000 3286.88241206
54000 4142.38318513
55000 4264.65782493
56000 4264.65782493
57000 4047.09469923
58000 4047.09469923
59000 2779.54423839
60000 2779.54423839
61000 2779.54423839
62000 2779.54423839
63000 2779.54423839
64000 2779.54423839
65000 2779.54423839
66000 2779.54423839
67000 2779.54423839
68000 1511.99377755
69000 1511.99377755
70000 1511.99377755
71000 1511.99377755
72000 1511.99377755
73000 1511.99377755
74000 1511.99377755
75000 1511.99377755
76000 2183.67022901
77000 2183.67022901
78000 2183.67022901
79000 2183.67022901
80000 2183.67022901
81000 2270.98868738
82000 2270.98868738
83000 2270.98868738
84000 2270.98868738
85000 2270.98868738
86000 2270.98868738
87000 1406.84590619
88000 1406.84590619
89000 1406.84590619
90000 1406.84590619
91000 1406.84590619
92000 1406.84590619
93000 1406.84590619
94000 1406.84590619
95000 1406.84590619
96000 1406.84590619
97000 1406.84590619
98000 1406.84590619
99000 1406.84590619
100000 1406.84590619
101000 1406.84590619
102000 542.703125
103000 542.703125
104000 542.703125
105000 875.7746891
106000 875.7746891
107000 2049.62406015
108000 2882.16142766
109000 3714.69879518
110000 4364.54901961
111000 4034.78625915
112000 3705.02349869
113000 3561.25279335
114000 3417.48208802
115000 3417.48208802
116000 4294.44025157
117000 4282.9781206
118000 4271.51598963
119000 4122.51268591
120000 4122.51268591
121000 3406.23933975
122000 2952.97560976
123000 2952.97560976
124000 3079.13513514
125000 4172.90573372
126000 4172.90573372
127000 4180.90447977
128000 4188.90322581
129000 4188.90322581
130000 2225.58142807
131000 2225.58142807
132000 2225.58142807
133000 4029.51134154
134000 4029.51134154
135000 3754.24783274
136000 3754.24783274
137000 3146.79330815
138000 3146.79330815
139000 3014.95009242
140000 3014.95009242
141000 2031.80638064
142000 2031.80638064
143000 2031.80638064
144000 2031.80638064
145000 1129.6506967
146000 1129.6506967
147000 1129.6506967
148000 1129.6506967
149000 1129.6506967
150000 1129.6506967
151000 1720.63882064
152000 1720.63882064
153000 1720.63882064
154000 1720.63882064
155000 2663.4662553
156000 2663.4662553
157000 984.704998555
158000 984.704998555
159000 984.704998555
160000 984.704998555
161000 984.704998555
162000 984.704998555
163000 984.704998555
164000 984.704998555
165000 2712.39984968
166000 2712.39984968
167000 2712.39984968
168000 1775.04897765
169000 1775.04897765
170000 1775.04897765
171000 1288.75
172000 1288.75
173000 1288.75
174000 1288.75
175000 1288.75
176000 1288.75
177000 2246.54703078
178000 2246.54703078
179000 2246.54703078
180000 1772.64146023
181000 1772.64146023
182000 1772.64146023
183000 1772.64146023
184000 1772.64146023
185000 2647.84035477
186000 2647.84035477
187000 2647.84035477
188000 2836.39875389
189000 2836.39875389
190000 2836.39875389
191000 613.583693638
192000 613.583693638
193000 613.583693638
194000 613.583693638
195000 613.583693638
196000 613.583693638
197000 613.583693638
198000 613.583693638
199000 613.583693638
200000 613.583693638
201000 613.583693638
202000 2130.11695906
203000 2130.11695906
204000 2130.11695906
205000 2283.95368678
206000 2283.95368678
207000 2283.95368678
208000 2283.95368678
209000 1535.32600047
210000 1535.32600047
211000 1535.32600047
212000 1535.32600047
213000 1535.32600047
214000 1421.70019268
215000 1421.70019268
216000 1421.70019268
217000 1421.70019268
218000 1421.70019268
219000 3887.06482465
220000 4841.40634006
221000 3850.23184322
222000 3850.23184322
223000 3850.23184322
224000 3992.58249833
225000 3992.58249833
226000 3628.48430493
227000 3628.48430493
228000 4047.68372093
229000 4047.68372093
230000 4043.9020925
231000 4043.9020925
232000 4043.9020925
233000 4043.9020925
234000 4043.9020925
235000 4040.12046408
236000 4040.12046408
237000 4040.12046408
238000 4040.12046408
239000 3397.37415579
240000 3397.37415579
241000 3397.37415579
242000 3397.37415579
243000 3397.37415579
244000 3220.70676125
245000 3220.70676125
246000 3220.70676125
247000 3220.70676125
248000 3220.70676125
249000 3220.70676125
250000 3220.70676125
251000 3220.70676125
252000 3044.03936671
253000 3044.03936671
254000 3044.03936671
255000 2463.71918094
256000 2463.71918094
257000 2463.71918094
258000 2560.56254226
259000 3955.94971429
260000 3955.94971429
261000 3626.48246087
262000 3626.48246087
263000 4259.52128514
264000 4259.52128514
265000 3846.67398463
266000 3846.67398463
267000 3796.75675676
268000 3942.91891892
269000 3942.91891892
270000 4193.70743405
271000 4193.70743405
272000 3286.88241206
273000 3286.88241206
274000 4142.38318513
275000 4142.38318513
276000 4264.65782493
277000 4047.09469923
278000 4047.09469923
279000 2779.54423839
280000 2779.54423839
281000 2779.54423839
282000 2779.54423839
283000 2779.54423839
284000 2779.54423839
285000 2779.54423839
286000 2779.54423839
287000 2779.54423839
288000 2779.54423839
289000 1511.99377755
290000 1511.99377755
291000 1511.99377755
292000 1511.99377755
293000 1511.99377755
294000 1511.99377755
295000 1511.99377755
296000 1511.99377755
297000 2183.67022901
298000 2183.67022901
299000 2183.67022901
300000 2183.67022901
301000 2183.67022901
302000 2270.98868738
303000 2270.98868738
304000 2270.98868738
305000 2270.98868738
306000 2270.98868738
307000 1406.84590619
308000 1406.84590619
309000 1406.84590619
310000 1406.84590619
311000 1406.84590619
312000 1406.84590619
313000 1406.84590619
314000 1406.84590619
315000 1406.84590619
316000 1406.84590619
317000 1406.84590619
318000 1406.84590619
319000 1406.84590619
320000 1406.84590619
321000 1406.84590619
322000 1406.84590619
323000 542.703125
324000 542.703125
325000 542.703125
326000 875.7746891
327000 2165.21801802
328000 2049.62406015
329000 2882.16142766
330000 3714.69879518
331000 4364.54901961
332000 4034.78625915
333000 3705.02349869
334000 3561.25279335
335000 3417.48208802
336000 4294.44025157
337000 4282.9781206
338000 4271.51598963
339000 4271.51598963
340000 4122.51268591
341000 3406.23933975
342000 3406.23933975
343000 2952.97560976
344000 3079.13513514
345000 3079.13513514
346000 4172.90573372
347000 4180.90447977
348000 4180.90447977
349000 4188.90322581
350000 4188.90322581
351000 2225.58142807
352000 2225.58142807
353000 2225.58142807
354000 4029.51134154
355000 3754.24783274
356000 3754.24783274
357000 3146.79330815
358000 3146.79330815
359000 3014.95009242
360000 3014.95009242
361000 3014.95009242
362000 2031.80638064
363000 2031.80638064
364000 2031.80638064
365000 2031.80638064
366000 1129.6506967
367000 1129.6506967
368000 1129.6506967
369000 1129.6506967
370000 1129.6506967
371000 1720.63882064
372000 1720.63882064
373000 1720.63882064
374000 1720.63882064
375000 2663.4662553
376000 2663.4662553
377000 2663.4662553
378000 984.704998555
379000 984.704998555
380000 984.704998555
381000 984.704998555
382000 984.704998555
383000 984.704998555
384000 984.704998555
385000 2712.39984968
386000 2712.39984968
387000 2712.39984968
388000 2712.39984968
389000 1775.04897765
390000 1775.04897765
391000 1288.75
392000 1288.75
393000 1288.75
394000 1288.75
395000 1288.75
396000 1288.75
397000 1288.75
398000 2246.54703078
399000 2246.54703078
400000 2246.54703078
401000 1772.64146023
402000 1772.64146023
403000 1772.64146023
404000 1772.64146023
405000 1772.64146023
406000 2647.84035477
407000 2647.84035477
408000 2836.39875389
409000 2836.39875389
410000 2836.39875389
411000 2836.39875389
412000 613.583693638
413000 613.583693638
414000 613.583693638
415000 613.583693638
416000 613.583693638
417000 613.583693638
418000 613.583693638
419000 613.583693638
420000 613.583693638
421000 613.583693638
422000 2130.11695906
423000 2130.11695906
424000 2130.11695906
425000 2283.95368678
426000 2283.95368678
427000 2283.95368678
428000 2283.95368678
429000 2283.95368678
430000 1535.32600047
431000 1535.32600047
432000 1535.32600047
433000 1535.32600047
434000 1421.70019268
435000 1421.70019268
436000 1421.70019268
437000 1421.70019268
438000 1421.70019268
439000 1421.70019268
440000 3887.06482465
441000 3707.88118812
