0 6466.50046512
1000 6466.50046512
2000 6466.50046512
3000 6466.50046512
4000 6466.50046512
5000 6466.50046512
6000 6466.50046512
7000 6466.50046512
8000 6466.50046512
9000 5585.01752592
10000 5585.01752592
11000 5585.01752592
12000 5585.01752592
13000 5585.01752592
14000 5585.01752592
15000 4703.53458673
16000 4703.53458673
17000 4703.53458673
18000 4703.53458673
19000 4703.53458673
20000 4703.53458673
21000 6909.02307315
22000 6909.02307315
23000 6909.02307315
24000 6909.02307315
25000 6909.02307315
26000 7202.69167126
27000 7202.69167126
28000 7202.69167126
29000 7202.69167126
30000 4988.69244669
31000 4988.69244669
32000 4988.69244669
33000 4988.69244669
34000 4988.69244669
35000 3522.97770866
36000 3522.97770866
37000 3522.97770866
38000 3522.97770866
39000 3522.97770866
40000 3522.97770866
41000 3522.97770866
42000 3522.97770866
43000 5520.98120999
44000 5520.98120999
45000 5520.98120999
46000 5520.98120999
47000 5520.98120999
48000 4415.75003357
49000 4415.75003357
50000 4415.75003357
51000 4415.75003357
52000 4415.75003357
53000 4415.75003357
54000 4415.75003357
55000 4415.75003357
56000 4415.75003357
57000 4415.75003357
58000 4415.75003357
59000 4415.75003357
60000 4415.75003357
61000 4415.75003357
62000 4415.75003357
63000 4415.75003357
64000 4415.75003357
65000 4415.75003357
66000 4415.75003357
67000 4415.75003357
68000 4415.75003357
69000 3310.51885714
70000 3310.51885714
71000 4977.76293823
72000 5173.36480245
73000 5173.36480245
74000 5368.96666667
75000 5368.96666667
76000 5368.96666667
77000 5863.25
78000 5863.25
79000 3941.14104133
80000 3941.14104133
81000 3941.14104133
82000 3941.14104133
83000 3941.14104133
84000 3941.14104133
85000 3941.14104133
86000 3941.14104133
87000 2019.03208265
88000 2019.03208265
89000 2019.03208265
90000 2019.03208265
91000 2019.03208265
92000 2019.03208265
93000 2019.03208265
94000 5135.05475504
95000 5135.05475504
96000 5135.05475504
97000 5777.85210995
98000 5777.85210995
99000 5777.85210995
100000 2388.89390224
101000 2388.89390224
102000 2388.89390224
103000 2388.89390224
104000 2388.89390224
105000 2388.89390224
106000 2388.89390224
107000 2666.98464318
108000 2666.98464318
109000 2666.98464318
110000 2666.98464318
111000 2666.98464318
112000 2548.56941756
113000 2548.56941756
114000 2548.56941756
115000 2548.56941756
116000 2548.56941756
117000 2548.56941756
118000 5568.78678448
119000 5568.78678448
120000 5568.78678448
121000 4420.01223242
122000 4420.01223242
123000 4420.01223242
124000 4420.01223242
125000 6336.04093817
126000 6336.04093817
127000 5555.34628571
128000 5555.34628571
129000 5555.34628571
130000 4952.05162268
131000 4952.05162268
132000 4952.05162268
133000 4952.05162268
134000 4952.05162268
135000 4952.05162268
136000 4952.05162268
137000 4952.05162268
138000 4952.05162268
139000 4348.75695965
140000 4348.75695965
141000 4348.75695965
142000 5526.24739195
143000 5526.24739195
144000 5526.24739195
145000 5206.28378884
146000 5206.28378884
147000 5206.28378884
148000 5897.41031016
149000 5897.41031016
150000 5897.41031016
151000 5897.41031016
152000 5897.41031016
153000 5897.41031016
154000 5897.41031016
155000 5897.41031016
156000 5897.41031016
157000 6588.53683148
158000 6588.53683148
159000 6588.53683148
160000 6588.53683148
161000 4952.00430493
162000 4952.00430493
163000 4952.00430493
164000 4952.00430493
165000 4952.00430493
166000 4952.00430493
167000 2397.32745392
168000 2397.32745392
169000 2397.32745392
170000 2397.32745392
171000 2397.32745392
172000 2397.32745392
173000 2397.32745392
174000 2397.32745392
175000 2397.32745392
176000 2397.32745392
177000 2397.32745392
178000 3830.38806714
179000 3830.38806714
180000 3830.38806714
181000 3830.38806714
182000 3830.38806714
183000 5263.44868035
184000 5263.44868035
185000 5263.44868035
186000 4369.59852444
187000 4369.59852444
188000 4369.59852444
189000 4369.59852444
190000 2365.968583
191000 2365.968583
192000 2365.968583
193000 2365.968583
194000 2365.968583
195000 2365.968583
196000 3311.48272018
197000 3311.48272018
198000 3311.48272018
199000 3311.48272018
200000 3311.48272018
201000 11313.4222222
202000 11313.4222222
203000 7417.75838383
204000 7417.75838383
205000 7417.75838383
206000 3522.09454545
207000 3522.09454545
208000 6278.72803347
209000 6278.72803347
210000 3399.54804892
211000 3399.54804892
212000 4933.02425702
213000 4933.02425702
214000 4933.02425702
215000 4933.02425702
216000 4933.02425702
217000 6466.50046512
218000 6466.50046512
219000 6466.50046512
220000 5585.01752592
221000 5585.01752592
222000 5585.01752592
223000 5585.01752592
224000 5585.01752592
225000 5585.01752592
226000 4703.53458673
227000 4703.53458673
228000 4703.53458673
229000 4703.53458673
230000 4703.53458673
231000 4703.53458673
232000 4703.53458673
233000 6909.02307315
234000 6909.02307315
235000 6909.02307315
236000 6909.02307315
237000 7202.69167126
238000 7202.69167126
239000 7202.69167126
240000 7202.69167126
241000 4988.69244669
242000 4988.69244669
243000 4988.69244669
244000 4988.69244669
245000 4988.69244669
246000 4988.69244669
247000 3522.97770866
248000 3522.97770866
249000 3522.97770866
250000 3522.97770866
251000 3522.97770866
252000 3522.97770866
253000 3522.97770866
254000 3522.97770866
255000 5520.98120999
256000 5520.98120999
257000 5520.98120999
258000 5520.98120999
259000 5520.98120999
260000 4415.75003357
261000 4415.75003357
262000 4415.75003357
263000 4415.75003357
264000 4415.75003357
265000 4415.75003357
266000 4415.75003357
267000 4415.75003357
268000 4415.75003357
269000 4415.75003357
270000 4415.75003357
271000 4415.75003357
272000 4415.75003357
273000 4415.75003357
274000 4415.75003357
275000 4415.75003357
276000 4415.75003357
277000 4415.75003357
278000 4415.75003357
279000 4415.75003357
280000 3310.51885714
281000 3310.51885714
282000 4977.76293823
283000 5173.36480245
284000 5173.36480245
285000 5368.96666667
286000 5368.96666667
287000 5368.96666667
288000 5863.25
289000 5863.25
290000 3941.14104133
291000 3941.14104133
292000 3941.14104133
293000 3941.14104133
294000 3941.14104133
295000 3941.14104133
296000 3941.14104133
297000 3941.14104133
298000 2019.03208265
299000 2019.03208265
300000 2019.03208265
301000 2019.03208265
302000 2019.03208265
303000 2019.03208265
304000 2019.03208265
305000 5135.05475504
306000 5135.05475504
307000 5135.05475504
308000 5777.85210995
309000 5777.85210995
310000 5777.85210995
311000 2388.89390224
312000 2388.89390224
313000 2388.89390224
314000 2388.89390224
315000 2388.89390224
316000 2388.89390224
317000 2388.89390224
318000 2666.98464318
319000 2666.98464318
320000 2666.98464318
321000 2666.98464318
322000 2666.98464318
323000 2666.98464318
324000 2548.56941756
325000 2548.56941756
326000 2548.56941756
327000 2548.56941756
328000 2548.56941756
329000 2548.56941756
330000 5568.78678448
331000 5568.78678448
332000 5568.78678448
333000 4420.01223242
334000 4420.01223242
335000 4420.01223242
336000 6336.04093817
337000 6336.04093817
338000 6336.04093817
339000 5555.34628571
340000 5555.34628571
341000 5555.34628571
342000 4952.05162268
343000 4952.05162268
344000 4952.05162268
345000 4952.05162268
346000 4952.05162268
347000 4952.05162268
348000 4952.05162268
349000 4952.05162268
350000 4348.75695965
351000 4348.75695965
352000 4348.75695965
353000 5526.24739195
354000 5526.24739195
355000 5526.24739195
356000 5206.28378884
357000 5206.28378884
358000 5206.28378884
359000 5897.41031016
360000 5897.41031016
361000 5897.41031016
362000 5897.41031016
363000 5897.41031016
364000 5897.41031016
365000 5897.41031016
366000 5897.41031016
367000 5897.41031016
368000 6588.53683148
369000 6588.53683148
370000 6588.53683148
371000 6588.53683148
372000 4952.00430493
373000 4952.00430493
374000 4952.00430493
375000 4952.00430493
376000 4952.00430493
377000 4952.00430493
378000 2397.32745392
379000 2397.32745392
380000 2397.32745392
381000 2397.32745392
382000 2397.32745392
383000 2397.32745392
384000 2397.32745392
385000 2397.32745392
386000 2397.32745392
387000 2397.32745392
388000 2397.32745392
389000 3830.38806714
390000 3830.38806714
391000 3830.38806714
392000 3830.38806714
393000 3830.38806714
394000 5263.44868035
395000 5263.44868035
396000 5263.44868035
397000 4369.59852444
398000 4369.59852444
399000 4369.59852444
400000 4369.59852444
401000 2365.968583
402000 2365.968583
403000 2365.968583
404000 2365.968583
405000 2365.968583
406000 2365.968583
407000 3311.48272018
408000 3311.48272018
409000 3311.48272018
410000 3311.48272018
411000 3311.48272018
412000 11313.4222222
413000 11313.4222222
414000 11313.4222222
415000 7417.75838383
416000 7417.75838383
417000 3522.09454545
418000 3522.09454545
419000 3522.09454545
420000 6278.72803347
421000 3399.54804892
422000 3399.54804892
