0 2047.92517537
1000 2047.92517537
2000 2047.92517537
3000 2047.92517537
4000 2047.92517537
5000 1731.26670916
6000 1731.26670916
7000 1414.60824295
8000 1414.60824295
9000 1414.60824295
10000 1808.37170883
11000 1808.37170883
12000 1581.41176471
13000 1581.41176471
14000 1594.87400468
15000 1594.87400468
16000 1549.43700234
17000 1549.43700234
18000 1549.43700234
19000 1504.0
20000 1504.0
21000 1504.0
22000 1511.89501312
23000 1511.89501312
24000 1511.89501312
25000 1535.72208437
26000 1535.72208437
27000 1535.72208437
28000 1535.72208437
29000 1544.90799194
30000 1544.90799194
31000 1544.90799194
32000 1523.29383018
33000 1523.29383018
34000 1523.29383018
35000 1550.35278689
36000 1550.35278689
37000 1550.35278689
38000 1533.92104445
39000 1533.92104445
40000 1533.92104445
41000 1533.92104445
42000 1553.76292965
43000 1553.76292965
44000 1553.76292965
45000 1514.61755678
46000 1514.61755678
47000 1514.61755678
48000 1514.61755678
49000 1493.85741811
50000 1493.85741811
51000 1493.85741811
52000 1534.41500586
53000 1534.41500586
54000 1534.41500586
55000 1534.41500586
56000 1605.14072229
57000 1605.14072229
58000 1605.14072229
59000 1503.07045735
60000 1503.07045735
61000 1503.07045735
62000 1503.07045735
63000 1653.1917569
64000 1653.1917569
65000 1653.1917569
66000 1504.0
67000 1504.0
68000 1504.0
69000 1623.93620415
70000 1623.93620415
71000 1623.93620415
72000 1502.66271488
73000 1502.66271488
74000 1502.66271488
75000 1502.66271488
76000 1624.80910569
77000 1624.80910569
78000 1624.80910569
79000 1722.92669239
80000 1722.92669239
81000 1722.92669239
82000 1722.92669239
83000 1634.00677966
84000 1634.00677966
85000 1634.00677966
86000 1606.5802511
87000 1606.5802511
88000 1606.5802511
89000 1475.91966054
90000 1475.91966054
91000 1475.91966054
92000 1475.91966054
93000 1620.66542056
94000 1620.66542056
95000 1620.66542056
96000 1630.9440778
97000 1630.9440778
98000 1630.9440778
99000 1630.9440778
100000 1550.39588689
101000 1550.39588689
102000 1550.39588689
103000 1627.52439863
104000 1627.52439863
105000 1627.52439863
106000 1493.96169472
107000 1493.96169472
108000 1493.96169472
109000 1493.96169472
110000 1516.05266171
111000 1516.05266171
112000 1516.05266171
113000 1516.05266171
114000 1562.97169811
115000 1562.97169811
116000 1562.97169811
117000 1521.10141364
118000 1521.10141364
119000 1521.10141364
120000 1521.10141364
121000 1621.43561644
122000 1621.43561644
123000 1621.43561644
124000 1549.32197838
125000 1549.32197838
126000 1549.32197838
127000 1623.2309613
128000 1623.2309613
129000 1623.2309613
130000 1623.2309613
131000 1563.0733945
132000 1563.0733945
133000 1563.0733945
134000 1563.0733945
135000 1679.68558952
136000 1679.68558952
137000 1679.68558952
138000 1598.22222222
139000 1598.22222222
140000 1598.22222222
141000 1598.22222222
142000 2061.46955456
143000 2061.46955456
144000 2061.46955456
145000 1690.25213834
146000 1690.25213834
147000 1690.25213834
148000 1605.44141862
149000 1605.44141862
150000 1605.44141862
151000 1605.44141862
152000 1558.63615561
153000 1558.63615561
154000 1558.63615561
155000 1558.63615561
156000 1763.15076923
157000 1905.5379723
158000 1905.5379723
159000 1905.5379723
160000 2047.92517537
161000 2047.92517537
162000 1731.26670916
163000 1731.26670916
164000 1414.60824295
165000 1414.60824295
166000 1414.60824295
167000 1808.37170883
168000 1808.37170883
169000 1581.41176471
170000 1581.41176471
171000 1594.87400468
172000 1594.87400468
173000 1549.43700234
174000 1549.43700234
175000 1549.43700234
176000 1504.0
177000 1504.0
178000 1504.0
179000 1511.89501312
180000 1511.89501312
181000 1511.89501312
182000 1535.72208437
183000 1535.72208437
184000 1535.72208437
185000 1544.90799194
186000 1544.90799194
187000 1544.90799194
188000 1544.90799194
189000 1523.29383018
190000 1523.29383018
191000 1523.29383018
192000 1550.35278689
193000 1550.35278689
194000 1550.35278689
195000 1533.92104445
196000 1533.92104445
197000 1533.92104445
198000 1533.92104445
199000 1553.76292965
200000 1553.76292965
201000 1553.76292965
202000 1514.61755678
203000 1514.61755678
204000 1514.61755678
205000 1514.61755678
206000 1493.85741811
207000 1493.85741811
208000 1493.85741811
209000 1534.41500586
210000 1534.41500586
211000 1534.41500586
212000 1605.14072229
213000 1605.14072229
214000 1605.14072229
215000 1605.14072229
216000 1503.07045735
217000 1503.07045735
218000 1503.07045735
219000 1653.1917569
220000 1653.1917569
221000 1653.1917569
222000 1653.1917569
223000 1504.0
224000 1504.0
225000 1623.93620415
226000 1623.93620415
227000 1623.93620415
228000 1623.93620415
229000 1502.66271488
230000 1502.66271488
231000 1502.66271488
232000 1502.66271488
233000 1624.80910569
234000 1624.80910569
235000 1624.80910569
236000 1722.92669239
237000 1722.92669239
238000 1722.92669239
239000 1634.00677966
240000 1634.00677966
241000 1634.00677966
242000 1634.00677966
243000 1606.5802511
244000 1606.5802511
245000 1606.5802511
246000 1475.91966054
247000 1475.91966054
248000 1475.91966054
249000 1475.91966054
250000 1620.66542056
251000 1620.66542056
252000 1620.66542056
253000 1630.9440778
254000 1630.9440778
255000 1630.9440778
256000 1630.9440778
257000 1550.39588689
258000 1550.39588689
259000 1550.39588689
260000 1627.52439863
261000 1627.52439863
262000 1627.52439863
263000 1493.96169472
264000 1493.96169472
265000 1493.96169472
266000 1493.96169472
267000 1516.05266171
268000 1516.05266171
269000 1516.05266171
270000 1516.05266171
271000 1562.97169811
272000 1562.97169811
273000 1562.97169811
274000 1521.10141364
275000 1521.10141364
276000 1521.10141364
277000 1521.10141364
278000 1621.43561644
279000 1621.43561644
280000 1621.43561644
281000 1549.32197838
282000 1549.32197838
283000 1549.32197838
284000 1623.2309613
285000 1623.2309613
286000 1623.2309613
287000 1623.2309613
288000 1563.0733945
289000 1563.0733945
290000 1563.0733945
291000 1563.0733945
292000 1679.68558952
293000 1679.68558952
294000 1679.68558952
295000 1598.22222222
296000 1598.22222222
297000 1598.22222222
298000 1598.22222222
299000 2061.46955456
300000 2061.46955456
301000 2061.46955456
302000 1690.25213834
303000 1690.25213834
304000 1690.25213834
305000 1605.44141862
306000 1605.44141862
307000 1605.44141862
308000 1605.44141862
309000 1558.63615561
310000 1558.63615561
311000 1558.63615561
312000 1558.63615561
313000 1763.15076923
