0 4585.84615385
1000 4585.84615385
2000 4585.84615385
3000 4585.84615385
4000 4585.84615385
5000 4585.84615385
6000 4672.68823573
7000 4672.68823573
8000 4759.53031761
9000 4759.53031761
10000 5062.95510204
11000 5062.95510204
12000 4684.01173021
13000 4570.13590411
14000 4570.13590411
15000 4570.13590411
16000 4570.13590411
17000 4570.13590411
18000 4456.26007802
19000 4456.26007802
20000 4456.26007802
21000 2350.47509025
22000 2350.47509025
23000 2350.47509025
24000 4112.65631929
25000 4112.65631929
26000 4790.92728486
27000 4099.69359705
28000 4099.69359705
29000 4099.69359705
30000 4099.69359705
31000 3408.45990923
32000 3408.45990923
33000 3408.45990923
34000 3408.45990923
35000 3408.45990923
36000 3408.45990923
37000 4031.12302071
38000 4031.12302071
39000 4031.12302071
40000 4031.12302071
41000 4483.90885319
42000 4483.90885319
43000 4483.90885319
44000 4617.17080627
45000 4617.17080627
46000 4617.17080627
47000 4753.02910528
48000 4753.02910528
49000 4753.02910528
50000 4388.68990417
51000 4024.35070306
52000 4024.35070306
53000 4024.35070306
54000 4360.36067971
55000 4360.36067971
56000 4360.36067971
57000 4360.36067971
58000 4360.36067971
59000 4360.36067971
60000 4696.37065637
61000 4188.04258804
62000 4485.54432925
63000 4485.54432925
64000 4783.04607046
65000 4783.04607046
66000 4783.04607046
67000 5102.74744724
68000 5102.74744724
69000 4898.53725222
70000 4898.53725222
71000 4890.08888889
72000 4890.08888889
73000 4415.70406265
74000 4415.70406265
75000 4415.70406265
76000 4415.70406265
77000 3941.31923642
78000 3941.31923642
79000 3941.31923642
80000 3941.31923642
81000 4867.44268078
82000 4867.44268078
83000 4867.44268078
84000 4858.12293853
85000 4858.12293853
86000 4858.12293853
87000 3538.2377931
88000 3538.2377931
89000 3538.2377931
90000 3538.2377931
91000 6944.76787463
92000 6944.76787463
93000 6944.76787463
94000 6944.76787463
95000 3768.88595768
96000 3768.88595768
97000 3768.88595768
98000 4373.12933609
99000 4373.12933609
100000 4373.12933609
101000 4977.37271449
102000 4977.37271449
103000 4977.37271449
104000 4977.37271449
105000 4569.74333452
106000 4569.74333452
107000 4569.74333452
108000 4840.8488746
109000 4840.8488746
110000 4840.8488746
111000 5857.58534555
112000 5857.58534555
113000 5857.58534555
114000 5797.7498933
115000 5797.7498933
116000 5797.7498933
117000 4778.94824592
118000 4778.94824592
119000 4778.94824592
120000 4778.94824592
121000 5089.33906669
122000 5089.33906669
123000 5089.33906669
124000 5089.33906669
125000 5089.33906669
126000 5089.33906669
127000 5089.33906669
128000 5089.33906669
129000 5089.33906669
130000 5089.33906669
131000 5089.33906669
132000 5399.72988745
133000 5399.72988745
134000 5399.72988745
135000 5399.72988745
136000 5399.72988745
137000 4351.2150212
138000 4351.2150212
139000 4351.2150212
140000 4351.2150212
141000 4431.6075106
142000 4431.6075106
143000 4431.6075106
144000 4431.6075106
145000 4431.6075106
146000 4431.6075106
147000 4431.6075106
148000 4431.6075106
149000 4431.6075106
150000 4431.6075106
151000 4431.6075106
152000 4431.6075106
153000 4431.6075106
154000 4431.6075106
155000 4512.0
156000 4512.0
157000 4512.0
158000 4640.73385013
159000 4640.73385013
160000 4640.73385013
161000 4640.73385013
162000 4642.22473565
163000 4642.22473565
164000 4642.22473565
165000 4643.71562116
166000 4643.71562116
167000 4643.71562116
168000 4643.71562116
169000 4643.71562116
170000 4643.71562116
171000 4781.45606386
172000 4781.45606386
173000 4781.45606386
174000 4781.45606386
175000 4781.45606386
176000 4919.19650655
177000 4351.11029252
178000 4746.27692308
179000 4746.27692308
180000 4746.27692308
181000 5211.92668024
182000 4120.20168067
183000 4120.20168067
184000 4196.58074138
185000 4196.58074138
186000 4272.9598021
187000 4272.9598021
188000 4272.9598021
189000 4850.99001427
190000 4850.99001427
191000 4474.86419753
192000 4474.86419753
193000 5052.9122807
194000 5052.9122807
195000 4763.29360591
196000 4763.29360591
197000 4763.29360591
198000 4473.67493113
199000 4473.67493113
200000 4473.67493113
201000 4473.67493113
202000 4875.89918573
203000 4875.89918573
204000 4875.89918573
205000 4875.89918573
206000 5022.93972056
207000 5022.93972056
208000 5022.93972056
209000 4606.46003263
210000 4606.46003263
211000 4606.46003263
212000 25331.3706667
213000 25331.3706667
214000 25331.3706667
215000 1711.43136616
216000 1711.43136616
217000 1711.43136616
218000 1711.43136616
219000 3148.63876
220000 3148.63876
221000 3148.63876
222000 3148.63876
223000 4585.84615385
224000 4585.84615385
225000 4672.68823573
226000 4759.53031761
227000 4759.53031761
228000 4759.53031761
229000 5062.95510204
230000 4684.01173021
231000 4684.01173021
232000 4570.13590411
233000 4570.13590411
234000 4570.13590411
235000 4570.13590411
236000 4456.26007802
237000 4456.26007802
238000 4456.26007802
239000 2350.47509025
240000 2350.47509025
241000 2350.47509025
242000 4112.65631929
243000 4112.65631929
244000 4790.92728486
245000 4790.92728486
246000 4099.69359705
247000 4099.69359705
248000 4099.69359705
249000 4099.69359705
250000 3408.45990923
251000 3408.45990923
252000 3408.45990923
253000 3408.45990923
254000 3408.45990923
255000 4031.12302071
256000 4031.12302071
257000 4031.12302071
258000 4031.12302071
259000 4483.90885319
260000 4483.90885319
261000 4483.90885319
262000 4483.90885319
263000 4617.17080627
264000 4617.17080627
265000 4753.02910528
266000 4753.02910528
267000 4753.02910528
268000 4388.68990417
269000 4388.68990417
270000 4024.35070306
271000 4024.35070306
272000 4024.35070306
273000 4360.36067971
274000 4360.36067971
275000 4360.36067971
276000 4360.36067971
277000 4360.36067971
278000 4696.37065637
279000 4696.37065637
280000 4188.04258804
281000 4485.54432925
282000 4485.54432925
283000 4783.04607046
284000 4783.04607046
285000 5102.74744724
286000 5102.74744724
287000 5102.74744724
288000 4898.53725222
289000 4898.53725222
290000 4890.08888889
291000 4890.08888889
292000 4415.70406265
293000 4415.70406265
294000 4415.70406265
295000 4415.70406265
296000 3941.31923642
297000 3941.31923642
298000 3941.31923642
299000 3941.31923642
300000 4867.44268078
301000 4867.44268078
302000 4867.44268078
303000 4858.12293853
304000 4858.12293853
305000 4858.12293853
306000 3538.2377931
307000 3538.2377931
308000 3538.2377931
309000 6944.76787463
310000 6944.76787463
311000 6944.76787463
312000 6944.76787463
313000 3768.88595768
314000 3768.88595768
315000 3768.88595768
316000 3768.88595768
317000 4373.12933609
318000 4373.12933609
319000 4373.12933609
320000 4977.37271449
321000 4977.37271449
322000 4977.37271449
323000 4569.74333452
324000 4569.74333452
325000 4569.74333452
326000 4840.8488746
327000 4840.8488746
328000 4840.8488746
329000 4840.8488746
330000 5857.58534555
331000 5857.58534555
332000 5857.58534555
333000 5797.7498933
334000 5797.7498933
335000 5797.7498933
336000 4778.94824592
337000 4778.94824592
338000 4778.94824592
339000 5089.33906669
340000 5089.33906669
341000 5089.33906669
342000 5089.33906669
343000 5089.33906669
344000 5089.33906669
345000 5089.33906669
346000 5089.33906669
347000 5089.33906669
348000 5089.33906669
349000 5089.33906669
350000 5399.72988745
351000 5399.72988745
352000 5399.72988745
353000 5399.72988745
354000 5399.72988745
355000 4351.2150212
356000 4351.2150212
357000 4351.2150212
358000 4351.2150212
359000 4431.6075106
360000 4431.6075106
361000 4431.6075106
362000 4431.6075106
363000 4431.6075106
364000 4431.6075106
365000 4431.6075106
366000 4431.6075106
367000 4431.6075106
368000 4431.6075106
369000 4431.6075106
370000 4431.6075106
371000 4431.6075106
372000 4431.6075106
373000 4431.6075106
374000 4512.0
375000 4512.0
376000 4512.0
377000 4640.73385013
378000 4640.73385013
379000 4640.73385013
380000 4642.22473565
381000 4642.22473565
382000 4642.22473565
383000 4642.22473565
384000 4643.71562116
385000 4643.71562116
386000 4643.71562116
387000 4643.71562116
388000 4643.71562116
389000 4781.45606386
390000 4781.45606386
391000 4781.45606386
392000 4781.45606386
393000 4781.45606386
394000 4919.19650655
395000 3955.94366197
396000 4351.11029252
397000 4746.27692308
398000 4746.27692308
399000 5211.92668024
400000 5211.92668024
401000 4120.20168067
402000 4120.20168067
403000 4196.58074138
404000 4272.9598021
405000 4272.9598021
406000 4272.9598021
407000 4272.9598021
408000 4850.99001427
409000 4850.99001427
410000 4474.86419753
411000 4474.86419753
412000 5052.9122807
413000 5052.9122807
414000 4763.29360591
415000 4763.29360591
416000 4763.29360591
417000 4473.67493113
418000 4473.67493113
419000 4473.67493113
420000 4473.67493113
421000 4875.89918573
422000 4875.89918573
423000 4875.89918573
424000 5022.93972056
425000 5022.93972056
426000 5022.93972056
427000 5022.93972056
428000 4606.46003263
429000 4606.46003263
430000 4606.46003263
431000 25331.3706667
432000 25331.3706667
433000 25331.3706667
434000 1711.43136616
435000 1711.43136616
436000 1711.43136616
437000 1711.43136616
