0 9256.92589509
1000 9256.92589509
2000 9256.92589509
3000 9256.92589509
4000 9256.92589509
5000 9256.92589509
6000 7429.36807818
7000 7429.36807818
8000 6301.73326553
9000 6301.73326553
10000 6301.73326553
11000 5174.09845288
12000 5174.09845288
13000 5174.09845288
14000 5174.09845288
15000 5174.09845288
16000 5109.65109821
17000 5109.65109821
18000 5109.65109821
19000 5109.65109821
20000 5544.78258473
21000 5544.78258473
22000 5544.78258473
23000 5544.78258473
24000 5892.84949311
25000 5892.84949311
26000 5892.84949311
27000 5892.84949311
28000 7823.65487489
29000 7823.65487489
30000 5423.00257069
31000 5423.00257069
32000 5423.00257069
33000 6354.01404646
34000 6354.01404646
35000 6354.01404646
36000 6354.01404646
37000 5998.1116194
38000 5998.1116194
39000 5998.1116194
40000 5998.1116194
41000 7123.41126214
42000 7123.41126214
43000 7256.31168831
44000 7256.31168831
45000 7256.31168831
46000 5554.27157717
47000 5554.27157717
48000 5554.27157717
49000 5554.27157717
50000 5413.51724138
51000 5413.51724138
52000 5413.51724138
53000 5413.51724138
54000 7845.75355779
55000 7845.75355779
56000 7845.75355779
57000 7886.91936144
58000 7886.91936144
59000 7886.91936144
60000 5276.46909858
61000 5276.46909858
62000 5276.46909858
63000 6307.9580908
64000 6307.9580908
65000 6307.9580908
66000 6307.9580908
67000 6195.59455707
68000 6195.59455707
69000 6195.59455707
70000 6195.59455707
71000 6943.71149512
72000 6943.71149512
73000 5784.14758656
74000 5784.14758656
75000 5784.14758656
76000 5784.14758656
77000 5784.14758656
78000 4796.39753738
79000 4796.39753738
80000 4796.39753738
81000 6282.47706422
82000 6282.47706422
83000 6282.47706422
84000 6282.47706422
85000 5736.88219473
86000 5736.88219473
87000 5736.88219473
88000 5736.88219473
89000 7076.16148625
90000 7076.16148625
91000 6729.88235294
92000 6729.88235294
93000 6729.88235294
94000 6729.88235294
95000 6546.31507776
96000 6546.31507776
97000 6546.31507776
98000 4515.17970402
99000 4515.17970402
100000 4515.17970402
101000 4515.17970402
102000 6738.89032258
103000 6738.89032258
104000 6738.89032258
105000 6738.89032258
106000 7768.85211996
107000 7768.85211996
108000 7768.85211996
109000 5144.86922864
110000 5144.86922864
111000 5144.86922864
112000 7716.62385321
113000 7716.62385321
114000 7716.62385321
115000 7051.22077922
116000 7051.22077922
117000 7051.22077922
118000 6677.46694502
119000 6677.46694502
120000 6677.46694502
121000 4469.40884956
122000 4469.40884956
123000 4469.40884956
124000 4469.40884956
125000 4469.40884956
126000 9054.23115578
127000 9054.23115578
128000 6460.48273678
129000 6460.48273678
130000 6460.48273678
131000 6460.48273678
132000 6948.28604924
133000 6948.28604924
134000 6948.28604924
135000 3973.75582479
136000 3973.75582479
137000 3973.75582479
138000 7016.45082873
139000 7016.45082873
140000 7016.45082873
141000 7016.45082873
142000 7058.74520804
143000 7058.74520804
144000 6816.07195631
145000 6816.07195631
146000 6816.07195631
147000 6816.07195631
148000 4874.533459
149000 4874.533459
150000 4874.533459
151000 4874.533459
152000 9036.80495356
153000 9036.80495356
154000 9036.80495356
155000 6874.43302443
156000 6874.43302443
157000 6686.67259259
158000 6686.67259259
159000 6686.67259259
160000 6762.36095383
161000 6762.36095383
162000 6762.36095383
163000 6762.36095383
164000 6762.36095383
165000 6762.36095383
166000 6762.36095383
167000 6762.36095383
168000 6762.36095383
169000 6762.36095383
170000 6838.04931507
171000 6838.04931507
172000 6838.04931507
173000 6838.04931507
174000 5474.34287187
175000 5474.34287187
176000 5474.34287187
177000 5474.34287187
178000 7438.99377335
179000 7438.99377335
180000 7438.99377335
181000 7603.18793212
182000 7603.18793212
183000 6055.63109354
184000 7524.77977923
185000 7524.77977923
186000 7524.77977923
187000 7524.77977923
188000 9256.92589509
189000 9256.92589509
190000 7429.36807818
191000 7429.36807818
192000 6301.73326553
193000 6301.73326553
194000 6301.73326553
195000 5174.09845288
196000 5174.09845288
197000 5174.09845288
198000 5174.09845288
199000 5109.65109821
200000 5109.65109821
201000 5109.65109821
202000 5109.65109821
203000 5544.78258473
204000 5544.78258473
205000 5544.78258473
206000 5544.78258473
207000 5892.84949311
208000 5892.84949311
209000 5892.84949311
210000 5892.84949311
211000 7823.65487489
212000 7823.65487489
213000 7823.65487489
214000 5423.00257069
215000 5423.00257069
216000 5423.00257069
217000 6354.01404646
218000 6354.01404646
219000 6354.01404646
220000 6354.01404646
221000 5998.1116194
222000 5998.1116194
223000 5998.1116194
224000 7123.41126214
225000 7123.41126214
226000 7123.41126214
227000 7256.31168831
228000 7256.31168831
229000 7256.31168831
230000 5554.27157717
231000 5554.27157717
232000 5554.27157717
233000 5554.27157717
234000 5413.51724138
235000 5413.51724138
236000 5413.51724138
237000 5413.51724138
238000 7845.75355779
239000 7845.75355779
240000 7845.75355779
241000 7886.91936144
242000 7886.91936144
243000 5276.46909858
244000 5276.46909858
245000 5276.46909858
246000 5276.46909858
247000 6307.9580908
248000 6307.9580908
249000 6307.9580908
250000 6195.59455707
251000 6195.59455707
252000 6195.59455707
253000 6195.59455707
254000 6943.71149512
255000 6943.71149512
256000 6943.71149512
257000 5784.14758656
258000 5784.14758656
259000 5784.14758656
260000 5784.14758656
261000 4796.39753738
262000 4796.39753738
263000 4796.39753738
264000 4796.39753738
265000 6282.47706422
266000 6282.47706422
267000 6282.47706422
268000 5736.88219473
269000 5736.88219473
270000 5736.88219473
271000 5736.88219473
272000 7076.16148625
273000 7076.16148625
274000 7076.16148625
275000 6729.88235294
276000 6729.88235294
277000 6729.88235294
278000 6546.31507776
279000 6546.31507776
280000 6546.31507776
281000 4515.17970402
282000 4515.17970402
283000 4515.17970402
284000 4515.17970402
285000 4515.17970402
286000 6738.89032258
287000 6738.89032258
288000 6738.89032258
289000 7768.85211996
290000 7768.85211996
291000 7768.85211996
292000 5144.86922864
293000 5144.86922864
294000 5144.86922864
295000 5144.86922864
296000 7716.62385321
297000 7716.62385321
298000 7716.62385321
299000 7051.22077922
300000 7051.22077922
301000 7051.22077922
302000 6677.46694502
303000 6677.46694502
304000 6677.46694502
305000 4469.40884956
306000 4469.40884956
307000 4469.40884956
308000 4469.40884956
309000 9054.23115578
310000 9054.23115578
311000 9054.23115578
312000 6460.48273678
313000 6460.48273678
314000 6460.48273678
315000 6948.28604924
316000 6948.28604924
317000 6948.28604924
318000 6948.28604924
319000 3973.75582479
320000 3973.75582479
321000 3973.75582479
322000 7016.45082873
323000 7016.45082873
324000 7016.45082873
325000 7016.45082873
326000 7058.74520804
327000 7058.74520804
328000 6816.07195631
329000 6816.07195631
330000 6816.07195631
331000 4874.533459
332000 4874.533459
333000 4874.533459
334000 4874.533459
335000 9036.80495356
336000 9036.80495356
337000 9036.80495356
338000 6874.43302443
339000 6874.43302443
340000 6874.43302443
341000 6686.67259259
342000 6686.67259259
343000 6686.67259259
344000 6762.36095383
345000 6762.36095383
346000 6762.36095383
347000 6762.36095383
348000 6762.36095383
349000 6762.36095383
350000 6762.36095383
351000 6762.36095383
352000 6762.36095383
353000 6838.04931507
354000 6838.04931507
355000 6838.04931507
356000 6838.04931507
357000 5474.34287187
358000 5474.34287187
359000 5474.34287187
360000 5474.34287187
361000 5474.34287187
362000 7438.99377335
363000 7438.99377335
364000 7438.99377335
365000 7603.18793212
366000 7603.18793212
367000 5792.63366337
