0 2741.60198183
1000 2741.60198183
2000 2741.60198183
3000 2741.60198183
4000 2741.60198183
5000 2741.60198183
6000 2741.60198183
7000 2741.60198183
8000 2741.60198183
9000 2741.60198183
10000 2741.60198183
11000 2741.60198183
12000 2741.60198183
13000 2741.60198183
14000 1655.71929825
15000 1655.71929825
16000 1655.71929825
17000 1655.71929825
18000 1655.71929825
19000 1769.6276742
20000 1769.6276742
21000 1769.6276742
22000 1769.6276742
23000 1769.6276742
24000 1769.6276742
25000 1769.6276742
26000 1769.6276742
27000 1769.6276742
28000 1769.6276742
29000 1769.6276742
30000 1769.6276742
31000 1769.6276742
32000 1769.6276742
33000 1883.53605016
34000 1883.53605016
35000 1883.53605016
36000 1883.53605016
37000 1351.30381679
38000 1351.30381679
39000 1351.30381679
40000 1637.89928058
41000 1637.89928058
42000 1637.89928058
43000 1475.76530224
44000 1475.76530224
45000 1475.76530224
46000 1475.76530224
47000 1475.76530224
48000 1313.6313239
49000 1313.6313239
50000 1313.6313239
51000 1313.6313239
52000 1313.6313239
53000 1313.6313239
54000 1313.6313239
55000 1343.55446849
56000 1343.55446849
57000 1343.55446849
58000 1343.55446849
59000 1343.55446849
60000 2474.57831325
61000 2474.57831325
62000 2474.57831325
63000 2474.57831325
64000 2063.77096115
65000 2063.77096115
66000 2063.77096115
67000 1721.81754002
68000 1721.81754002
69000 1721.81754002
70000 1721.81754002
71000 1721.81754002
72000 1721.81754002
73000 1721.81754002
74000 1721.81754002
75000 1721.81754002
76000 1379.8641189
77000 1379.8641189
78000 1379.8641189
79000 1379.8641189
80000 1379.8641189
81000 1379.8641189
82000 1379.8641189
83000 1379.8641189
84000 1379.8641189
85000 1710.86988848
86000 1710.86988848
87000 1710.86988848
88000 1710.86988848
89000 1710.86988848
90000 1710.86988848
91000 1710.86988848
92000 1813.33489045
93000 1813.33489045
94000 1813.33489045
95000 1813.33489045
96000 1813.33489045
97000 1813.33489045
98000 1813.33489045
99000 1813.33489045
100000 1813.33489045
101000 1813.33489045
102000 1813.33489045
103000 1915.79989242
104000 1915.79989242
105000 1915.79989242
106000 1915.79989242
107000 2903.9872814
108000 2903.9872814
109000 2612.43778786
110000 2612.43778786
111000 2320.88829431
112000 2320.88829431
113000 2320.88829431
114000 2320.88829431
115000 1312.13992395
116000 1312.13992395
117000 1312.13992395
118000 1312.13992395
119000 1312.13992395
120000 1312.13992395
121000 2427.6550052
122000 2427.6550052
123000 2427.6550052
124000 1967.86682463
125000 1967.86682463
126000 1967.86682463
127000 1967.86682463
128000 1967.86682463
129000 1967.86682463
130000 1967.86682463
131000 1967.86682463
132000 1967.86682463
133000 1967.86682463
134000 1967.86682463
135000 1967.86682463
136000 1967.86682463
137000 1967.86682463
138000 1967.86682463
139000 1967.86682463
140000 1508.07864407
141000 1508.07864407
142000 1508.07864407
143000 1550.51546392
144000 1550.51546392
145000 2271.33552775
146000 2992.15559157
147000 2992.15559157
148000 2992.15559157
149000 1258.85227273
150000 1258.85227273
151000 1258.85227273
152000 1258.85227273
153000 2533.71428571
154000 2533.71428571
155000 2231.15757953
156000 2231.15757953
157000 2231.15757953
158000 2231.15757953
159000 2231.15757953
160000 2231.15757953
161000 1928.60087336
162000 1928.60087336
163000 1928.60087336
164000 1928.60087336
165000 1928.60087336
166000 1928.60087336
167000 2637.60041089
168000 2637.60041089
169000 2637.60041089
170000 2637.60041089
171000 3858.73492981
172000 3858.73492981
173000 3858.73492981
174000 3858.73492981
175000 4435.01279707
176000 4435.01279707
177000 3301.41336971
178000 3301.41336971
179000 2779.02027951
180000 2779.02027951
181000 2779.02027951
182000 2779.02027951
183000 2779.02027951
184000 2256.62718932
185000 2256.62718932
186000 2499.11458558
187000 2499.11458558
188000 2499.11458558
189000 2499.11458558
190000 2499.11458558
191000 2499.11458558
192000 2499.11458558
193000 2499.11458558
194000 2499.11458558
195000 2499.11458558
196000 2499.11458558
197000 2741.60198183
198000 2741.60198183
199000 2741.60198183
200000 1655.71929825
201000 1655.71929825
202000 1655.71929825
203000 1655.71929825
204000 1655.71929825
205000 1769.6276742
206000 1769.6276742
207000 1769.6276742
208000 1769.6276742
209000 1769.6276742
210000 1769.6276742
211000 1769.6276742
212000 1769.6276742
213000 1769.6276742
214000 1769.6276742
215000 1769.6276742
216000 1769.6276742
217000 1769.6276742
218000 1769.6276742
219000 1883.53605016
220000 1883.53605016
221000 1883.53605016
222000 1883.53605016
223000 1351.30381679
224000 1351.30381679
225000 1351.30381679
226000 1637.89928058
227000 1637.89928058
228000 1637.89928058
229000 1475.76530224
230000 1475.76530224
231000 1475.76530224
232000 1475.76530224
233000 1475.76530224
234000 1313.6313239
235000 1313.6313239
236000 1313.6313239
237000 1313.6313239
238000 1313.6313239
239000 1313.6313239
240000 1343.55446849
241000 1343.55446849
242000 1343.55446849
243000 1343.55446849
244000 1343.55446849
245000 1343.55446849
246000 2474.57831325
247000 2474.57831325
248000 2474.57831325
249000 2063.77096115
250000 2063.77096115
251000 2063.77096115
252000 2063.77096115
253000 1721.81754002
254000 1721.81754002
255000 1721.81754002
256000 1721.81754002
257000 1721.81754002
258000 1721.81754002
259000 1721.81754002
260000 1721.81754002
261000 1721.81754002
262000 1379.8641189
263000 1379.8641189
264000 1379.8641189
265000 1379.8641189
266000 1379.8641189
267000 1379.8641189
268000 1379.8641189
269000 1379.8641189
270000 1379.8641189
271000 1710.86988848
272000 1710.86988848
273000 1710.86988848
274000 1710.86988848
275000 1710.86988848
276000 1710.86988848
277000 1813.33489045
278000 1813.33489045
279000 1813.33489045
280000 1813.33489045
281000 1813.33489045
282000 1813.33489045
283000 1813.33489045
284000 1813.33489045
285000 1813.33489045
286000 1813.33489045
287000 1813.33489045
288000 1813.33489045
289000 1915.79989242
290000 1915.79989242
291000 1915.79989242
292000 1915.79989242
293000 2903.9872814
294000 2903.9872814
295000 2612.43778786
296000 2612.43778786
297000 2320.88829431
298000 2320.88829431
299000 2320.88829431
300000 2320.88829431
301000 1312.13992395
302000 1312.13992395
303000 1312.13992395
304000 1312.13992395
305000 1312.13992395
306000 1312.13992395
307000 2427.6550052
308000 2427.6550052
309000 2427.6550052
310000 1967.86682463
311000 1967.86682463
312000 1967.86682463
313000 1967.86682463
314000 1967.86682463
315000 1967.86682463
316000 1967.86682463
317000 1967.86682463
318000 1967.86682463
319000 1967.86682463
320000 1967.86682463
321000 1967.86682463
322000 1967.86682463
323000 1967.86682463
324000 1967.86682463
325000 1967.86682463
326000 1508.07864407
327000 1508.07864407
328000 1508.07864407
329000 1550.51546392
330000 1550.51546392
331000 2271.33552775
332000 2992.15559157
333000 2992.15559157
334000 2992.15559157
335000 1258.85227273
336000 1258.85227273
337000 1258.85227273
338000 2533.71428571
339000 2533.71428571
340000 2533.71428571
341000 2231.15757953
342000 2231.15757953
343000 2231.15757953
344000 2231.15757953
345000 2231.15757953
346000 2231.15757953
347000 1928.60087336
348000 1928.60087336
349000 1928.60087336
350000 1928.60087336
351000 1928.60087336
352000 1928.60087336
353000 2637.60041089
354000 2637.60041089
355000 2637.60041089
356000 2637.60041089
357000 3858.73492981
358000 3858.73492981
359000 3858.73492981
360000 4435.01279707
361000 4435.01279707
362000 4435.01279707
363000 3301.41336971
364000 3301.41336971
365000 2779.02027951
366000 2779.02027951
367000 2779.02027951
368000 2779.02027951
369000 2779.02027951
370000 2256.62718932
371000 2256.62718932
