0 8971.69804919
1000 8971.69804919
2000 8971.69804919
3000 8971.69804919
4000 8971.69804919
5000 6662.63185935
6000 7756.38511747
7000 7756.38511747
8000 7756.38511747
9000 8850.13837559
10000 8850.13837559
11000 5629.06218308
12000 5629.06218308
13000 5629.06218308
14000 5629.06218308
15000 7061.46957983
16000 7061.46957983
17000 7061.46957983
18000 4422.72324915
19000 4422.72324915
20000 4422.72324915
21000 4422.72324915
22000 5653.69064958
23000 5653.69064958
24000 5653.69064958
25000 5653.69064958
26000 4820.80484639
27000 4820.80484639
28000 4820.80484639
29000 4820.80484639
30000 4820.80484639
31000 5715.53064029
32000 5715.53064029
33000 5715.53064029
34000 5715.53064029
35000 5387.47756906
36000 5387.47756906
37000 5387.47756906
38000 5387.47756906
39000 8226.14204063
40000 8226.14204063
41000 8226.14204063
42000 8226.14204063
43000 8226.14204063
44000 8226.14204063
45000 8226.14204063
46000 8226.14204063
47000 11064.8065122
48000 11064.8065122
49000 8829.77715618
50000 8829.77715618
51000 7050.32054582
52000 7050.32054582
53000 5270.86393547
54000 5270.86393547
55000 5270.86393547
56000 5270.86393547
57000 5270.86393547
58000 6365.40564719
59000 6365.40564719
60000 6365.40564719
61000 6365.40564719
62000 7461.34686113
63000 7461.34686113
64000 7461.34686113
65000 5324.59887767
66000 5324.59887767
67000 5324.59887767
68000 5324.59887767
69000 5324.59887767
70000 6444.30999066
71000 6444.30999066
72000 6444.30999066
73000 4339.95571956
74000 4339.95571956
75000 4339.95571956
76000 4339.95571956
77000 8072.99163498
78000 8072.99163498
79000 8072.99163498
80000 5364.22058824
81000 5364.22058824
82000 5364.22058824
83000 5364.22058824
84000 5364.22058824
85000 6983.77345616
86000 6983.77345616
87000 6983.77345616
88000 5126.3270952
89000 5126.3270952
90000 5126.3270952
91000 5126.3270952
92000 8154.68536372
93000 8154.68536372
94000 2990.83105023
95000 2990.83105023
96000 2990.83105023
97000 2990.83105023
98000 2990.83105023
99000 11464.4794007
100000 11464.4794007
101000 11464.4794007
102000 11464.4794007
103000 11464.4794007
104000 11464.4794007
105000 11464.4794007
106000 11464.4794007
107000 11464.4794007
108000 11464.4794007
109000 4746.38961039
110000 4746.38961039
111000 4746.38961039
112000 4746.38961039
113000 4746.38961039
114000 9459.10496672
115000 9459.10496672
116000 3951.62462253
117000 3951.62462253
118000 3951.62462253
119000 3951.62462253
120000 5489.68673587
121000 5489.68673587
122000 5489.68673587
123000 5489.68673587
124000 5489.68673587
125000 4848.12397094
126000 4848.12397094
127000 4848.12397094
128000 4848.12397094
129000 5379.21827663
130000 5379.21827663
131000 5379.21827663
132000 5379.21827663
133000 7169.77369629
134000 7169.77369629
135000 7169.77369629
136000 3133.82055668
137000 3133.82055668
138000 3133.82055668
139000 3133.82055668
140000 3133.82055668
141000 3133.82055668
142000 3133.82055668
143000 6719.28193992
144000 6719.28193992
145000 6719.28193992
146000 3509.42840888
147000 3509.42840888
148000 3509.42840888
149000 3509.42840888
150000 3509.42840888
151000 1538.96319256
152000 1538.96319256
153000 1538.96319256
154000 1538.96319256
155000 1538.96319256
156000 1538.96319256
157000 1538.96319256
158000 1538.96319256
159000 1538.96319256
160000 1538.96319256
161000 1538.96319256
162000 8560.23798627
163000 8560.23798627
164000 3301.40030965
165000 3301.40030965
166000 3301.40030965
167000 3301.40030965
168000 3301.40030965
169000 3301.40030965
170000 6037.92795883
171000 6037.92795883
172000 4066.06639382
173000 4066.06639382
174000 4066.06639382
175000 6518.8822215
176000 6518.8822215
177000 8971.69804919
178000 8971.69804919
179000 6662.63185935
180000 6662.63185935
181000 7756.38511747
182000 7756.38511747
183000 8850.13837559
184000 8850.13837559
185000 8850.13837559
186000 5629.06218308
187000 5629.06218308
188000 5629.06218308
189000 5629.06218308
190000 7061.46957983
191000 7061.46957983
192000 7061.46957983
193000 4422.72324915
194000 4422.72324915
195000 4422.72324915
196000 4422.72324915
197000 5653.69064958
198000 5653.69064958
199000 5653.69064958
200000 4820.80484639
201000 4820.80484639
202000 4820.80484639
203000 4820.80484639
204000 4820.80484639
205000 5715.53064029
206000 5715.53064029
207000 5715.53064029
208000 5715.53064029
209000 5387.47756906
210000 5387.47756906
211000 5387.47756906
212000 5387.47756906
213000 5387.47756906
214000 8226.14204063
215000 8226.14204063
216000 8226.14204063
217000 8226.14204063
218000 8226.14204063
219000 8226.14204063
220000 8226.14204063
221000 8226.14204063
222000 11064.8065122
223000 11064.8065122
224000 8829.77715618
225000 8829.77715618
226000 7050.32054582
227000 7050.32054582
228000 5270.86393547
229000 5270.86393547
230000 5270.86393547
231000 5270.86393547
232000 5270.86393547
233000 6365.40564719
234000 6365.40564719
235000 6365.40564719
236000 7461.34686113
237000 7461.34686113
238000 7461.34686113
239000 7461.34686113
240000 5324.59887767
241000 5324.59887767
242000 5324.59887767
243000 5324.59887767
244000 6444.30999066
245000 6444.30999066
246000 6444.30999066
247000 6444.30999066
248000 4339.95571956
249000 4339.95571956
250000 4339.95571956
251000 4339.95571956
252000 8072.99163498
253000 8072.99163498
254000 8072.99163498
255000 5364.22058824
256000 5364.22058824
257000 5364.22058824
258000 5364.22058824
259000 6983.77345616
260000 6983.77345616
261000 6983.77345616
262000 5126.3270952
263000 5126.3270952
264000 5126.3270952
265000 5126.3270952
266000 8154.68536372
267000 8154.68536372
268000 2990.83105023
269000 2990.83105023
270000 2990.83105023
271000 2990.83105023
272000 2990.83105023
273000 11464.4794007
274000 11464.4794007
275000 11464.4794007
276000 11464.4794007
277000 11464.4794007
278000 11464.4794007
279000 11464.4794007
280000 11464.4794007
281000 11464.4794007
282000 11464.4794007
283000 11464.4794007
284000 4746.38961039
285000 4746.38961039
286000 4746.38961039
287000 4746.38961039
288000 9459.10496672
289000 9459.10496672
290000 3951.62462253
291000 3951.62462253
292000 3951.62462253
293000 3951.62462253
294000 5489.68673587
295000 5489.68673587
296000 5489.68673587
297000 5489.68673587
298000 5489.68673587
299000 4848.12397094
300000 4848.12397094
301000 4848.12397094
302000 4848.12397094
303000 5379.21827663
304000 5379.21827663
305000 5379.21827663
306000 5379.21827663
307000 7169.77369629
308000 7169.77369629
309000 7169.77369629
310000 7169.77369629
311000 3133.82055668
312000 3133.82055668
313000 3133.82055668
314000 3133.82055668
315000 3133.82055668
316000 3133.82055668
317000 6719.28193992
318000 6719.28193992
319000 6719.28193992
320000 3509.42840888
321000 3509.42840888
322000 3509.42840888
323000 3509.42840888
324000 3509.42840888
325000 3509.42840888
326000 1538.96319256
327000 1538.96319256
328000 1538.96319256
329000 1538.96319256
330000 1538.96319256
331000 1538.96319256
332000 1538.96319256
333000 1538.96319256
334000 1538.96319256
335000 1538.96319256
336000 8560.23798627
337000 8560.23798627
338000 3301.40030965
339000 3301.40030965
340000 3301.40030965
341000 3301.40030965
342000 3301.40030965
343000 3301.40030965
344000 6037.92795883
345000 6037.92795883
346000 6037.92795883
347000 4066.06639382
348000 4066.06639382
