0 1488.26961069
1000 1488.26961069
2000 1488.26961069
3000 1488.26961069
4000 1488.26961069
5000 1488.26961069
6000 1488.26961069
7000 1488.26961069
8000 1488.26961069
9000 1488.26961069
10000 1488.26961069
11000 1488.26961069
12000 1488.26961069
13000 1488.26961069
14000 1502.63788679
15000 1502.63788679
16000 1502.63788679
17000 1502.63788679
18000 1502.63788679
19000 1502.63788679
20000 1502.63788679
21000 1504.24475183
22000 1504.24475183
23000 1504.24475183
24000 1504.24475183
25000 1504.24475183
26000 1504.24475183
27000 1504.24475183
28000 1493.70935594
29000 1493.70935594
30000 1493.70935594
31000 1493.70935594
32000 1493.70935594
33000 1493.70935594
34000 1493.70935594
35000 1471.36794853
36000 1471.36794853
37000 1471.36794853
38000 1471.36794853
39000 1471.36794853
40000 1471.36794853
41000 1471.36794853
42000 1452.32779499
43000 1452.32779499
44000 1452.32779499
45000 1452.32779499
46000 1452.32779499
47000 1452.32779499
48000 1452.32779499
49000 1518.23063276
50000 1518.23063276
51000 1518.23063276
52000 1518.23063276
53000 1518.23063276
54000 1518.23063276
55000 1518.23063276
56000 1455.22654948
57000 1455.22654948
58000 1455.22654948
59000 1455.22654948
60000 1455.22654948
61000 1455.22654948
62000 1455.22654948
63000 1534.85751212
64000 1534.85751212
65000 1534.85751212
66000 1534.85751212
67000 1534.85751212
68000 1534.85751212
69000 1513.07895155
70000 1513.07895155
71000 1513.07895155
72000 1513.07895155
73000 1513.07895155
74000 1513.07895155
75000 1513.07895155
76000 1457.1767183
77000 1457.1767183
78000 1457.1767183
79000 1457.1767183
80000 1457.1767183
81000 1457.1767183
82000 1457.1767183
83000 1511.10901034
84000 1511.10901034
85000 1511.10901034
86000 1511.10901034
87000 1511.10901034
88000 1511.10901034
89000 1511.10901034
90000 1475.98547751
91000 1475.98547751
92000 1475.98547751
93000 1475.98547751
94000 1475.98547751
95000 1475.98547751
96000 1494.47498417
97000 1494.47498417
98000 1494.47498417
99000 1494.47498417
100000 1494.47498417
101000 1494.47498417
102000 1494.47498417
103000 1456.5009529
104000 1456.5009529
105000 1456.5009529
106000 1456.5009529
107000 1456.5009529
108000 1456.5009529
109000 1456.5009529
110000 1479.78378378
111000 1479.78378378
112000 1479.78378378
113000 1479.78378378
114000 1479.78378378
115000 1479.78378378
116000 1479.78378378
117000 1496.34727302
118000 1496.34727302
119000 1496.34727302
120000 1496.34727302
121000 1496.34727302
122000 1496.34727302
123000 1496.34727302
124000 1507.71014493
125000 1507.71014493
126000 1507.71014493
127000 1507.71014493
128000 1507.71014493
129000 1507.71014493
130000 1507.71014493
131000 1516.455
132000 1516.455
133000 1516.455
134000 1516.455
135000 1516.455
136000 1516.455
137000 1470.34241002
138000 1470.34241002
139000 1470.34241002
140000 1470.34241002
141000 1470.34241002
142000 1470.34241002
143000 1470.34241002
144000 1247.93580313
145000 1247.93580313
146000 1247.93580313
147000 1247.93580313
148000 1247.93580313
149000 1247.93580313
150000 1247.93580313
151000 1247.93580313
152000 1624.71092378
153000 1624.71092378
154000 1624.71092378
155000 1624.71092378
156000 1624.71092378
157000 1624.71092378
158000 1428.83458531
159000 1428.83458531
160000 1428.83458531
161000 1428.83458531
162000 1428.83458531
163000 1428.83458531
164000 1542.93221162
165000 1542.93221162
166000 1542.93221162
167000 1542.93221162
168000 1542.93221162
169000 1542.93221162
170000 1542.93221162
171000 1478.63079831
172000 1478.63079831
173000 1478.63079831
174000 1478.63079831
175000 1478.63079831
176000 1478.63079831
177000 1478.63079831
178000 1481.74114916
179000 1481.74114916
180000 1481.74114916
181000 1481.74114916
182000 1481.74114916
183000 1481.74114916
184000 1481.74114916
185000 1483.64847584
186000 1483.64847584
187000 1483.64847584
188000 1483.64847584
189000 1483.64847584
190000 1483.64847584
191000 1483.64847584
192000 1488.02207506
193000 1488.02207506
194000 1488.02207506
195000 1488.02207506
196000 1488.02207506
197000 1488.02207506
198000 1488.02207506
199000 1173.16808066
200000 1173.16808066
201000 1173.16808066
202000 1173.16808066
203000 1173.16808066
204000 1173.16808066
205000 1173.16808066
206000 1173.16808066
207000 1173.16808066
208000 1330.71884568
209000 1330.71884568
210000 1330.71884568
211000 1330.71884568
212000 1330.71884568
213000 1330.71884568
214000 1488.26961069
215000 1488.26961069
216000 1488.26961069
217000 1488.26961069
218000 1488.26961069
219000 1488.26961069
220000 1488.26961069
221000 1488.26961069
222000 1502.63788679
223000 1502.63788679
224000 1502.63788679
225000 1502.63788679
226000 1502.63788679
227000 1502.63788679
228000 1502.63788679
229000 1504.24475183
230000 1504.24475183
231000 1504.24475183
232000 1504.24475183
233000 1504.24475183
234000 1504.24475183
235000 1493.70935594
236000 1493.70935594
237000 1493.70935594
238000 1493.70935594
239000 1493.70935594
240000 1493.70935594
241000 1493.70935594
242000 1471.36794853
243000 1471.36794853
244000 1471.36794853
245000 1471.36794853
246000 1471.36794853
247000 1471.36794853
248000 1471.36794853
249000 1452.32779499
250000 1452.32779499
251000 1452.32779499
252000 1452.32779499
253000 1452.32779499
254000 1452.32779499
255000 1452.32779499
256000 1518.23063276
257000 1518.23063276
258000 1518.23063276
259000 1518.23063276
260000 1518.23063276
261000 1518.23063276
262000 1518.23063276
263000 1455.22654948
264000 1455.22654948
265000 1455.22654948
266000 1455.22654948
267000 1455.22654948
268000 1455.22654948
269000 1455.22654948
270000 1534.85751212
271000 1534.85751212
272000 1534.85751212
273000 1534.85751212
274000 1534.85751212
275000 1534.85751212
276000 1513.07895155
277000 1513.07895155
278000 1513.07895155
279000 1513.07895155
280000 1513.07895155
281000 1513.07895155
282000 1513.07895155
283000 1457.1767183
284000 1457.1767183
285000 1457.1767183
286000 1457.1767183
287000 1457.1767183
288000 1457.1767183
289000 1457.1767183
290000 1511.10901034
291000 1511.10901034
292000 1511.10901034
293000 1511.10901034
294000 1511.10901034
295000 1511.10901034
296000 1511.10901034
297000 1475.98547751
298000 1475.98547751
299000 1475.98547751
300000 1475.98547751
301000 1475.98547751
302000 1475.98547751
303000 1494.47498417
304000 1494.47498417
305000 1494.47498417
306000 1494.47498417
307000 1494.47498417
308000 1494.47498417
309000 1494.47498417
310000 1456.5009529
311000 1456.5009529
312000 1456.5009529
313000 1456.5009529
314000 1456.5009529
315000 1456.5009529
316000 1456.5009529
317000 1479.78378378
318000 1479.78378378
319000 1479.78378378
320000 1479.78378378
321000 1479.78378378
322000 1479.78378378
323000 1479.78378378
324000 1479.78378378
325000 1496.34727302
326000 1496.34727302
327000 1496.34727302
328000 1496.34727302
329000 1496.34727302
330000 1496.34727302
331000 1507.71014493
332000 1507.71014493
333000 1507.71014493
334000 1507.71014493
335000 1507.71014493
336000 1507.71014493
337000 1507.71014493
338000 1516.455
339000 1516.455
340000 1516.455
341000 1516.455
342000 1516.455
343000 1516.455
344000 1516.455
345000 1470.34241002
346000 1470.34241002
347000 1470.34241002
348000 1470.34241002
349000 1470.34241002
350000 1470.34241002
351000 1247.93580313
352000 1247.93580313
353000 1247.93580313
354000 1247.93580313
355000 1247.93580313
356000 1247.93580313
357000 1247.93580313
358000 1247.93580313
359000 1624.71092378
360000 1624.71092378
361000 1624.71092378
362000 1624.71092378
363000 1624.71092378
364000 1624.71092378
365000 1428.83458531
366000 1428.83458531
367000 1428.83458531
368000 1428.83458531
369000 1428.83458531
370000 1428.83458531
371000 1428.83458531
372000 1542.93221162
373000 1542.93221162
374000 1542.93221162
375000 1542.93221162
376000 1542.93221162
377000 1542.93221162
378000 1478.63079831
379000 1478.63079831
380000 1478.63079831
381000 1478.63079831
382000 1478.63079831
383000 1478.63079831
384000 1478.63079831
385000 1481.74114916
386000 1481.74114916
387000 1481.74114916
388000 1481.74114916
389000 1481.74114916
390000 1481.74114916
391000 1481.74114916
392000 1483.64847584
393000 1483.64847584
394000 1483.64847584
395000 1483.64847584
396000 1483.64847584
397000 1483.64847584
398000 1483.64847584
399000 1488.02207506
400000 1488.02207506
401000 1488.02207506
402000 1488.02207506
403000 1488.02207506
404000 1488.02207506
405000 1488.02207506
406000 1488.02207506
407000 1173.16808066
408000 1173.16808066
409000 1173.16808066
410000 1173.16808066
411000 1173.16808066
412000 1173.16808066
413000 1173.16808066
414000 1173.16808066
