0 3122.17801047
1000 3122.17801047
2000 3122.17801047
3000 3122.17801047
4000 3122.17801047
5000 3122.17801047
6000 3122.17801047
7000 1767.87831624
8000 1767.87831624
9000 1767.87831624
10000 4664.6226601
11000 4638.89662825
12000 4638.89662825
13000 4613.17059639
14000 4463.00283286
15000 4463.00283286
16000 4000.90767519
17000 4000.90767519
18000 3999.11520737
19000 4001.96404216
20000 4001.96404216
21000 4076.97068963
22000 4076.97068963
23000 4076.97068963
24000 4076.97068963
25000 4076.97068963
26000 4076.97068963
27000 4076.97068963
28000 4076.97068963
29000 4151.97733711
30000 4151.97733711
31000 4151.97733711
32000 4272.57535354
33000 4272.57535354
34000 4272.57535354
35000 4289.18518519
36000 4289.18518519
37000 4697.25460317
38000 4697.25460317
39000 4380.99952404
40000 4380.99952404
41000 4533.87893008
42000 4533.87893008
43000 4555.5850483
44000 4555.5850483
45000 4555.5850483
46000 4549.25406936
47000 4549.25406936
48000 4549.25406936
49000 3213.1221968
50000 3213.1221968
51000 3213.1221968
52000 3213.1221968
53000 4458.11388356
54000 4458.11388356
55000 4458.11388356
56000 4458.11388356
57000 4510.98720539
58000 4510.98720539
59000 4510.98720539
60000 4325.97538277
61000 4325.97538277
62000 4325.97538277
63000 4452.12738854
64000 4452.12738854
65000 4452.12738854
66000 4868.6185567
67000 4868.6185567
68000 4868.6185567
69000 4280.65954198
70000 4280.65954198
71000 4342.39701771
72000 4342.39701771
73000 4342.39701771
74000 4299.95348837
75000 4299.95348837
76000 4299.95348837
77000 4618.0815047
78000 4618.0815047
79000 3820.10136452
80000 3820.10136452
81000 3820.10136452
82000 4417.61407625
83000 4417.61407625
84000 4417.61407625
85000 4107.48688873
86000 4107.48688873
87000 4107.48688873
88000 4678.68857986
89000 4678.68857986
90000 4678.68857986
91000 4491.02179897
92000 4491.02179897
93000 4491.02179897
94000 4303.35501807
95000 4303.35501807
96000 4303.35501807
97000 4303.35501807
98000 4406.24322767
99000 4406.24322767
100000 4406.24322767
101000 4564.81713062
102000 4564.81713062
103000 4564.81713062
104000 4544.48010912
105000 4544.48010912
106000 4544.48010912
107000 4544.48010912
108000 4537.49152542
109000 4537.49152542
110000 4537.49152542
111000 4537.49152542
112000 4497.78969826
113000 4497.78969826
114000 4497.78969826
115000 4411.89442277
116000 4411.89442277
117000 4411.89442277
118000 4411.89442277
119000 4411.89442277
120000 4657.04072398
121000 4657.04072398
122000 4657.04072398
123000 4613.94176611
124000 4613.94176611
125000 4613.94176611
126000 4613.94176611
127000 4613.94176611
128000 4237.90654206
129000 4237.90654206
130000 4237.90654206
131000 4237.90654206
132000 4559.4758785
133000 4559.4758785
134000 4559.4758785
135000 4648.29337094
136000 4648.29337094
137000 4648.29337094
138000 4413.99869024
139000 4413.99869024
140000 4413.99869024
141000 4413.99869024
142000 4650.64746129
143000 4650.64746129
144000 4650.64746129
145000 4149.20305344
146000 4149.20305344
147000 4149.20305344
148000 4149.20305344
149000 4305.47638411
150000 4305.47638411
151000 4305.47638411
152000 4698.39316239
153000 4698.39316239
154000 4698.39316239
155000 4698.39316239
156000 4464.86609687
157000 4464.86609687
158000 4464.86609687
159000 4464.86609687
160000 3793.52205367
161000 3793.52205367
162000 3793.52205367
163000 3793.52205367
164000 3122.17801047
165000 3122.17801047
166000 1767.87831624
167000 1767.87831624
168000 1767.87831624
169000 4664.6226601
170000 4638.89662825
171000 4638.89662825
172000 4613.17059639
173000 4613.17059639
174000 4463.00283286
175000 4000.90767519
176000 4000.90767519
177000 3999.11520737
178000 3999.11520737
179000 4001.96404216
180000 4001.96404216
181000 4076.97068963
182000 4076.97068963
183000 4076.97068963
184000 4076.97068963
185000 4076.97068963
186000 4076.97068963
187000 4076.97068963
188000 4076.97068963
189000 4151.97733711
190000 4151.97733711
191000 4151.97733711
192000 4272.57535354
193000 4272.57535354
194000 4272.57535354
195000 4289.18518519
196000 4289.18518519
197000 4697.25460317
198000 4380.99952404
199000 4380.99952404
200000 4380.99952404
201000 4533.87893008
202000 4533.87893008
203000 4555.5850483
204000 4555.5850483
205000 4555.5850483
206000 4549.25406936
207000 4549.25406936
208000 3213.1221968
209000 3213.1221968
210000 3213.1221968
211000 3213.1221968
212000 3213.1221968
213000 4458.11388356
214000 4458.11388356
215000 4458.11388356
216000 4510.98720539
217000 4510.98720539
218000 4510.98720539
219000 4510.98720539
220000 4325.97538277
221000 4325.97538277
222000 4325.97538277
223000 4452.12738854
224000 4452.12738854
225000 4452.12738854
226000 4868.6185567
227000 4868.6185567
228000 4280.65954198
229000 4280.65954198
230000 4280.65954198
231000 4342.39701771
232000 4342.39701771
233000 4299.95348837
234000 4299.95348837
235000 4299.95348837
236000 4618.0815047
237000 4618.0815047
238000 4618.0815047
239000 3820.10136452
240000 3820.10136452
241000 4417.61407625
242000 4417.61407625
243000 4417.61407625
244000 4417.61407625
245000 4107.48688873
246000 4107.48688873
247000 4107.48688873
248000 4678.68857986
249000 4678.68857986
250000 4491.02179897
251000 4491.02179897
252000 4491.02179897
253000 4303.35501807
254000 4303.35501807
255000 4303.35501807
256000 4303.35501807
257000 4406.24322767
258000 4406.24322767
259000 4406.24322767
260000 4406.24322767
261000 4564.81713062
262000 4564.81713062
263000 4544.48010912
264000 4544.48010912
265000 4544.48010912
266000 4544.48010912
267000 4544.48010912
268000 4537.49152542
269000 4537.49152542
270000 4537.49152542
271000 4497.78969826
272000 4497.78969826
273000 4497.78969826
274000 4497.78969826
275000 4411.89442277
276000 4411.89442277
277000 4411.89442277
278000 4411.89442277
279000 4657.04072398
280000 4657.04072398
281000 4657.04072398
282000 4657.04072398
283000 4613.94176611
284000 4613.94176611
285000 4613.94176611
286000 4613.94176611
287000 4237.90654206
288000 4237.90654206
289000 4237.90654206
290000 4237.90654206
291000 4237.90654206
292000 4559.4758785
293000 4559.4758785
294000 4559.4758785
295000 4648.29337094
296000 4648.29337094
297000 4648.29337094
298000 4413.99869024
299000 4413.99869024
300000 4413.99869024
301000 4650.64746129
302000 4650.64746129
303000 4650.64746129
304000 4149.20305344
305000 4149.20305344
306000 4149.20305344
307000 4149.20305344
308000 4305.47638411
309000 4305.47638411
310000 4305.47638411
311000 4305.47638411
312000 4698.39316239
313000 4698.39316239
314000 4698.39316239
315000 4698.39316239
316000 4464.86609687
317000 4464.86609687
318000 4464.86609687
319000 4464.86609687
