0 3971.6017316
1000 3971.6017316
2000 3971.6017316
3000 3971.6017316
4000 3971.6017316
5000 3971.6017316
6000 2857.6
7000 2857.6
8000 3150.7192399
9000 3443.83847981
10000 3443.83847981
11000 3515.11084451
12000 3586.38320921
13000 3586.38320921
14000 3597.71654321
15000 3597.71654321
16000 3554.02269044
17000 3554.02269044
18000 3587.40314704
19000 3587.40314704
20000 3554.51788269
21000 3554.51788269
22000 3725.07466196
23000 3725.07466196
24000 3563.18384872
25000 3563.18384872
26000 3563.18384872
27000 3563.18384872
28000 3563.18384872
29000 3563.18384872
30000 3563.18384872
31000 3563.18384872
32000 3563.18384872
33000 3563.18384872
34000 3563.18384872
35000 3563.18384872
36000 3563.18384872
37000 3401.29303548
38000 3401.29303548
39000 3377.42274052
40000 3377.42274052
41000 3392.50086957
42000 3064.20146223
43000 3064.20146223
44000 3368.41503602
45000 3368.41503602
46000 3672.62860981
47000 3672.62860981
48000 3655.47647377
49000 3655.47647377
50000 3541.2572593
51000 3541.2572593
52000 3781.29847495
53000 3781.29847495
54000 3513.55331089
55000 3513.55331089
56000 3518.95380242
57000 3587.64880274
58000 3587.64880274
59000 3717.57563655
60000 3717.57563655
61000 3592.07086247
62000 3592.07086247
63000 3710.48369231
64000 3710.48369231
65000 3562.19905213
66000 3562.19905213
67000 3539.65973535
68000 3539.65973535
69000 3614.33023588
70000 3682.99106529
71000 3682.99106529
72000 3689.28334358
73000 3678.04206501
74000 3678.04206501
75000 3534.48478016
76000 3534.48478016
77000 3592.44206774
78000 3592.44206774
79000 3606.20021529
80000 3606.20021529
81000 3572.39915074
82000 3572.39915074
83000 3663.52196837
84000 3663.52196837
85000 3639.53198469
86000 3639.53198469
87000 3639.53198469
88000 3644.07905138
89000 3644.07905138
90000 3673.24861197
91000 2467.65466512
92000 2467.65466512
93000 2467.65466512
94000 2010.63844797
95000 2010.63844797
96000 2010.63844797
97000 2010.63844797
98000 2464.17174291
99000 2464.17174291
100000 2464.17174291
101000 2464.17174291
102000 2917.70503785
103000 2917.70503785
104000 2917.70503785
105000 2917.70503785
106000 3541.21001927
107000 3541.21001927
108000 3541.21001927
109000 3541.21001927
110000 3581.43886592
111000 3581.43886592
112000 3581.43886592
113000 3582.83942963
114000 3582.83942963
115000 3582.83942963
116000 3582.83942963
117000 3576.02446483
118000 3576.02446483
119000 3576.02446483
120000 3576.02446483
121000 3158.55806621
122000 3158.55806621
123000 3158.55806621
124000 3158.55806621
125000 3371.71528588
126000 3371.71528588
127000 3371.71528588
128000 3499.33393775
129000 3499.33393775
130000 3499.33393775
131000 3499.33393775
132000 3606.83035714
133000 3606.83035714
134000 3606.83035714
135000 3606.83035714
136000 3590.13943112
137000 3590.13943112
138000 3590.13943112
139000 3590.13943112
140000 2744.08847383
141000 2744.08847383
142000 2744.08847383
143000 2744.08847383
144000 2609.88235294
145000 2609.88235294
146000 2609.88235294
147000 2609.88235294
148000 2609.88235294
149000 2357.27901668
150000 2357.27901668
151000 2357.27901668
152000 2357.27901668
153000 2357.27901668
154000 2357.27901668
155000 3342.50470901
156000 3342.50470901
157000 3342.50470901
158000 3342.50470901
159000 3342.50470901
160000 3573.26931733
161000 3573.26931733
162000 3486.69788183
163000 3486.69788183
164000 3486.69788183
165000 3486.69788183
166000 3546.26033174
167000 3546.26033174
168000 3546.26033174
169000 3546.26033174
170000 3438.97321429
171000 3438.97321429
172000 3438.97321429
173000 3438.97321429
174000 3524.20558813
175000 3524.20558813
176000 3524.20558813
177000 3512.0653951
178000 3512.0653951
179000 3512.0653951
180000 3512.0653951
181000 3465.05327077
182000 3465.05327077
183000 3465.05327077
184000 3627.12781955
185000 3627.12781955
186000 3627.12781955
187000 3627.12781955
188000 3478.88630061
189000 3478.88630061
190000 3478.88630061
191000 3478.88630061
192000 3490.88572169
193000 3490.88572169
194000 3490.88572169
195000 3490.88572169
196000 3560.55834729
197000 3560.55834729
198000 3560.55834729
199000 3560.55834729
200000 3025.04154632
201000 3025.04154632
202000 3025.04154632
203000 3025.04154632
204000 3553.60381862
205000 3553.60381862
206000 3553.60381862
207000 3553.60381862
208000 3553.60381862
209000 3510.94675249
210000 3510.94675249
211000 3510.94675249
212000 3325.84785894
213000 3325.84785894
214000 3325.84785894
215000 3325.84785894
216000 3325.84785894
217000 3194.93532042
218000 3194.93532042
219000 3194.93532042
220000 3539.91947972
221000 3539.91947972
222000 3539.91947972
223000 3539.91947972
224000 3542.21008902
225000 3542.21008902
226000 3542.21008902
227000 2470.21844743
228000 2470.21844743
229000 2470.21844743
230000 2470.21844743
231000 2470.21844743
232000 2470.21844743
233000 2176.96096096
234000 2176.96096096
235000 2176.96096096
236000 2176.96096096
237000 2176.96096096
238000 2176.96096096
239000 3506.40233856
240000 3506.40233856
241000 3506.40233856
242000 3506.40233856
243000 3506.40233856
244000 3493.4284216
245000 3493.4284216
246000 3493.4284216
247000 3493.4284216
248000 3471.91138936
249000 3471.91138936
250000 3471.91138936
251000 3471.91138936
252000 3357.00048193
253000 3357.00048193
254000 3357.00048193
255000 3357.00048193
256000 3357.00048193
257000 3600.96300387
258000 3600.96300387
259000 3600.96300387
260000 2730.68340526
261000 2730.68340526
262000 2730.68340526
263000 2730.68340526
264000 2730.68340526
265000 2086.26759369
266000 2086.26759369
267000 2086.26759369
268000 2086.26759369
269000 2086.26759369
270000 2086.26759369
271000 2236.44125561
272000 2236.44125561
273000 2236.44125561
274000 2236.44125561
275000 2236.44125561
276000 2236.44125561
277000 2368.74616486
278000 2368.74616486
279000 2368.74616486
280000 2368.74616486
281000 2368.74616486
282000 2625.96791444
283000 2625.96791444
284000 1663.83610755
285000 4621.5988456
286000 4621.5988456
287000 4621.5988456
288000 4621.5988456
289000 4621.5988456
290000 3971.6017316
291000 2857.6
292000 3150.7192399
293000 3150.7192399
294000 3443.83847981
295000 3515.11084451
296000 3515.11084451
297000 3586.38320921
298000 3586.38320921
299000 3597.71654321
300000 3597.71654321
301000 3554.02269044
302000 3554.02269044
303000 3587.40314704
304000 3587.40314704
305000 3554.51788269
306000 3554.51788269
307000 3725.07466196
308000 3725.07466196
309000 3563.18384872
310000 3563.18384872
311000 3563.18384872
312000 3563.18384872
313000 3563.18384872
314000 3563.18384872
315000 3563.18384872
316000 3563.18384872
317000 3563.18384872
318000 3563.18384872
319000 3563.18384872
320000 3563.18384872
321000 3563.18384872
322000 3401.29303548
323000 3401.29303548
324000 3377.42274052
325000 3377.42274052
326000 3392.50086957
327000 3064.20146223
328000 3368.41503602
329000 3368.41503602
330000 3368.41503602
331000 3672.62860981
332000 3655.47647377
333000 3655.47647377
334000 3655.47647377
335000 3541.2572593
336000 3541.2572593
337000 3781.29847495
338000 3781.29847495
339000 3513.55331089
340000 3518.95380242
341000 3518.95380242
342000 3587.64880274
343000 3587.64880274
344000 3717.57563655
345000 3717.57563655
346000 3592.07086247
347000 3592.07086247
348000 3710.48369231
349000 3710.48369231
350000 3562.19905213
351000 3562.19905213
352000 3539.65973535
353000 3614.33023588
354000 3614.33023588
355000 3682.99106529
356000 3682.99106529
357000 3689.28334358
358000 3678.04206501
359000 3678.04206501
360000 3534.48478016
361000 3534.48478016
362000 3592.44206774
363000 3592.44206774
364000 3606.20021529
365000 3606.20021529
366000 3572.39915074
367000 3572.39915074
368000 3663.52196837
369000 3663.52196837
370000 3639.53198469
371000 3639.53198469
372000 3644.07905138
373000 3644.07905138
374000 3673.24861197
375000 3673.24861197
376000 2467.65466512
377000 2467.65466512
378000 2467.65466512
379000 2010.63844797
380000 2010.63844797
381000 2010.63844797
382000 2010.63844797
383000 2464.17174291
384000 2464.17174291
385000 2464.17174291
386000 2464.17174291
387000 2917.70503785
388000 2917.70503785
389000 2917.70503785
390000 2917.70503785
391000 3541.21001927
392000 3541.21001927
393000 3541.21001927
394000 3541.21001927
395000 3581.43886592
396000 3581.43886592
397000 3581.43886592
398000 3582.83942963
399000 3582.83942963
400000 3582.83942963
401000 3582.83942963
402000 3576.02446483
403000 3576.02446483
404000 3576.02446483
405000 3158.55806621
406000 3158.55806621
407000 3158.55806621
408000 3158.55806621
409000 3371.71528588
410000 3371.71528588
411000 3371.71528588
412000 3371.71528588
413000 3499.33393775
414000 3499.33393775
415000 3499.33393775
416000 3499.33393775
417000 3606.83035714
418000 3606.83035714
419000 3606.83035714
420000 3606.83035714
421000 3590.13943112
422000 3590.13943112
423000 3590.13943112
424000 2744.08847383
425000 2744.08847383
426000 2744.08847383
427000 2744.08847383
428000 2744.08847383
429000 2609.88235294
430000 2609.88235294
431000 2609.88235294
432000 2609.88235294
433000 2609.88235294
434000 2357.27901668
435000 2357.27901668
436000 2357.27901668
437000 2357.27901668
438000 2357.27901668
439000 2357.27901668
440000 3342.50470901
441000 3342.50470901
442000 3342.50470901
443000 3342.50470901
444000 3573.26931733
445000 3573.26931733
446000 3573.26931733
447000 3486.69788183
448000 3486.69788183
449000 3486.69788183
450000 3486.69788183
451000 3546.26033174
452000 3546.26033174
453000 3546.26033174
454000 3546.26033174
455000 3438.97321429
456000 3438.97321429
457000 3438.97321429
458000 3438.97321429
459000 3524.20558813
460000 3524.20558813
461000 3524.20558813
462000 3512.0653951
463000 3512.0653951
464000 3512.0653951
465000 3512.0653951
466000 3465.05327077
467000 3465.05327077
468000 3465.05327077
469000 3627.12781955
470000 3627.12781955
471000 3627.12781955
472000 3627.12781955
473000 3478.88630061
474000 3478.88630061
475000 3478.88630061
476000 3478.88630061
477000 3490.88572169
478000 3490.88572169
479000 3490.88572169
480000 3490.88572169
481000 3560.55834729
482000 3560.55834729
483000 3560.55834729
484000 3560.55834729
485000 3025.04154632
486000 3025.04154632
487000 3025.04154632
488000 3025.04154632
489000 3553.60381862
490000 3553.60381862
491000 3553.60381862
492000 3553.60381862
493000 3553.60381862
494000 3510.94675249
495000 3510.94675249
496000 3510.94675249
497000 3325.84785894
498000 3325.84785894
499000 3325.84785894
500000 3325.84785894
501000 3194.93532042
502000 3194.93532042
503000 3194.93532042
504000 3194.93532042
505000 3539.91947972
506000 3539.91947972
507000 3539.91947972
508000 3542.21008902
509000 3542.21008902
510000 3542.21008902
511000 3542.21008902
512000 2470.21844743
513000 2470.21844743
514000 2470.21844743
515000 2470.21844743
516000 2470.21844743
517000 2470.21844743
518000 2176.96096096
519000 2176.96096096
520000 2176.96096096
521000 2176.96096096
522000 2176.96096096
523000 2176.96096096
524000 3506.40233856
525000 3506.40233856
526000 3506.40233856
527000 3506.40233856
528000 3506.40233856
529000 3493.4284216
530000 3493.4284216
531000 3493.4284216
532000 3493.4284216
533000 3471.91138936
534000 3471.91138936
535000 3471.91138936
536000 3471.91138936
537000 3357.00048193
538000 3357.00048193
539000 3357.00048193
540000 3357.00048193
541000 3600.96300387
542000 3600.96300387
543000 3600.96300387
544000 3600.96300387
545000 2730.68340526
546000 2730.68340526
547000 2730.68340526
548000 2730.68340526
549000 2730.68340526
550000 2086.26759369
551000 2086.26759369
552000 2086.26759369
553000 2086.26759369
554000 2086.26759369
555000 2086.26759369
556000 2236.44125561
557000 2236.44125561
558000 2236.44125561
559000 2236.44125561
560000 2236.44125561
561000 2236.44125561
562000 2368.74616486
563000 2368.74616486
564000 2368.74616486
565000 2368.74616486
566000 2368.74616486
567000 2625.96791444
568000 2625.96791444
569000 1663.83610755
