0 1677.75403727
1000 1677.75403727
2000 1677.75403727
3000 1677.75403727
4000 1677.75403727
5000 1677.75403727
6000 1677.75403727
7000 1677.75403727
8000 1677.75403727
9000 2261.58692422
10000 2261.58692422
11000 2308.82256814
12000 2308.82256814
13000 2356.05821206
14000 2356.05821206
15000 1548.52631579
16000 1548.52631579
17000 1548.52631579
18000 2096.46177215
19000 2096.46177215
20000 2041.57085942
21000 2041.57085942
22000 2310.75466048
23000 2310.75466048
24000 2579.93846154
25000 2579.93846154
26000 1505.85221675
27000 1505.85221675
28000 1505.85221675
29000 1505.85221675
30000 1505.85221675
31000 1827.87089365
32000 1827.87089365
33000 1827.87089365
34000 1827.87089365
35000 1827.87089365
36000 1827.87089365
37000 2149.88957055
38000 1548.55404323
39000 1548.55404323
40000 2616.51764706
41000 1698.36292356
42000 1698.36292356
43000 1698.36292356
44000 780.208200058
45000 780.208200058
46000 780.208200058
47000 780.208200058
48000 780.208200058
49000 1007.62160254
50000 1007.62160254
51000 1007.62160254
52000 1953.14508783
53000 1953.14508783
54000 1953.14508783
55000 1537.78125
56000 1537.78125
57000 1886.55813953
58000 1886.55813953
59000 1699.38428069
60000 1699.38428069
61000 1512.21042184
62000 1512.21042184
63000 2205.6802974
64000 2205.6802974
65000 1126.7815943
66000 1126.7815943
67000 1126.7815943
68000 2111.30623306
69000 2111.30623306
70000 1883.86742857
71000 1883.86742857
72000 3425.86638388
73000 1569.56948229
74000 1569.56948229
75000 2388.70588235
76000 2388.70588235
77000 1781.7950938
78000 1781.7950938
79000 762.171641791
80000 762.171641791
81000 762.171641791
82000 762.171641791
83000 762.171641791
84000 1325.81761496
85000 1325.81761496
86000 612.24139587
87000 612.24139587
88000 612.24139587
89000 612.24139587
90000 612.24139587
91000 612.24139587
92000 612.24139587
93000 998.537067545
94000 998.537067545
95000 998.537067545
96000 1154.34744526
97000 1154.34744526
98000 1154.34744526
99000 1929.32600157
100000 1929.32600157
101000 1650.88899476
102000 1650.88899476
103000 2933.90492653
104000 2224.58311111
105000 2224.58311111
106000 3530.65701357
107000 2867.0
108000 3391.93248945
109000 2581.03291139
110000 1770.13333333
111000 1770.13333333
112000 1770.13333333
113000 2865.13752914
114000 2865.13752914
115000 2865.13752914
116000 2022.62068966
117000 2022.62068966
118000 2271.96155386
119000 2271.96155386
120000 2271.96155386
121000 1201.54269972
122000 1201.54269972
123000 1201.54269972
124000 1201.54269972
125000 1458.94826021
126000 1458.94826021
127000 1458.94826021
128000 1458.94826021
129000 1458.94826021
130000 834.241788959
131000 834.241788959
132000 834.241788959
133000 834.241788959
134000 834.241788959
135000 834.241788959
136000 1434.31219142
137000 1434.31219142
138000 1434.31219142
139000 1120.96632817
140000 1120.96632817
141000 1120.96632817
142000 1120.96632817
143000 1058.30389817
144000 1058.30389817
145000 1058.30389817
146000 1058.30389817
147000 1058.30389817
148000 1058.30389817
149000 1105.36027205
150000 1105.36027205
151000 1105.36027205
152000 1105.36027205
153000 1105.36027205
154000 1105.36027205
155000 1672.79569892
156000 1672.79569892
157000 1672.79569892
158000 1672.79569892
159000 1343.60345475
160000 1343.60345475
161000 1343.60345475
162000 1107.79314541
163000 1107.79314541
164000 1107.79314541
165000 1107.79314541
166000 1107.79314541
167000 1324.21149425
168000 1324.21149425
169000 1324.21149425
170000 1324.21149425
171000 1324.21149425
172000 1162.54023251
173000 1162.54023251
174000 1162.54023251
175000 1162.54023251
176000 1162.54023251
177000 1517.94258373
178000 1517.94258373
179000 1517.94258373
180000 1517.94258373
181000 1325.37107692
182000 1325.37107692
183000 1325.37107692
184000 1325.37107692
185000 2029.97150997
186000 2029.97150997
187000 2058.52519894
188000 2058.52519894
189000 1346.08
190000 1511.91701863
191000 1511.91701863
192000 1511.91701863
193000 1511.91701863
194000 1511.91701863
195000 1511.91701863
196000 1677.75403727
197000 1677.75403727
198000 2261.58692422
199000 2261.58692422
200000 2308.82256814
201000 2308.82256814
202000 2356.05821206
203000 2356.05821206
204000 1548.52631579
205000 1548.52631579
206000 1548.52631579
207000 2096.46177215
208000 2096.46177215
209000 2041.57085942
210000 2041.57085942
211000 2310.75466048
212000 2310.75466048
213000 2310.75466048
214000 2579.93846154
215000 2579.93846154
216000 1505.85221675
217000 1505.85221675
218000 1505.85221675
219000 1505.85221675
220000 1827.87089365
221000 1827.87089365
222000 1827.87089365
223000 1827.87089365
224000 1827.87089365
225000 1827.87089365
226000 1827.87089365
227000 2149.88957055
228000 1548.55404323
229000 1548.55404323
230000 2616.51764706
231000 1698.36292356
232000 1698.36292356
233000 1698.36292356
234000 780.208200058
235000 780.208200058
236000 780.208200058
237000 780.208200058
238000 1007.62160254
239000 1007.62160254
240000 1007.62160254
241000 1007.62160254
242000 1953.14508783
243000 1953.14508783
244000 1537.78125
245000 1537.78125
246000 1537.78125
247000 1886.55813953
248000 1699.38428069
249000 1699.38428069
250000 1512.21042184
251000 1512.21042184
252000 1512.21042184
253000 2205.6802974
254000 1126.7815943
255000 1126.7815943
256000 1126.7815943
257000 1126.7815943
258000 2111.30623306
259000 1883.86742857
260000 1883.86742857
261000 3425.86638388
262000 1569.56948229
263000 1569.56948229
264000 1569.56948229
265000 2388.70588235
266000 1781.7950938
267000 1781.7950938
268000 1781.7950938
269000 762.171641791
270000 762.171641791
271000 762.171641791
272000 762.171641791
273000 1325.81761496
274000 1325.81761496
275000 1325.81761496
276000 612.24139587
277000 612.24139587
278000 612.24139587
279000 612.24139587
280000 612.24139587
281000 612.24139587
282000 998.537067545
283000 998.537067545
284000 998.537067545
285000 998.537067545
286000 1154.34744526
287000 1154.34744526
288000 1154.34744526
289000 1929.32600157
290000 1650.88899476
291000 1650.88899476
292000 2933.90492653
293000 2933.90492653
294000 2224.58311111
295000 3530.65701357
296000 2867.0
297000 3391.93248945
298000 2581.03291139
299000 2581.03291139
300000 1770.13333333
301000 1770.13333333
302000 1770.13333333
303000 2865.13752914
304000 2865.13752914
305000 2022.62068966
306000 2022.62068966
307000 2022.62068966
308000 2271.96155386
309000 2271.96155386
310000 2271.96155386
311000 1201.54269972
312000 1201.54269972
313000 1201.54269972
314000 1201.54269972
315000 1458.94826021
316000 1458.94826021
317000 1458.94826021
318000 1458.94826021
319000 834.241788959
320000 834.241788959
321000 834.241788959
322000 834.241788959
323000 834.241788959
324000 834.241788959
325000 1434.31219142
326000 1434.31219142
327000 1434.31219142
328000 1120.96632817
329000 1120.96632817
330000 1120.96632817
331000 1120.96632817
332000 1120.96632817
333000 1058.30389817
334000 1058.30389817
335000 1058.30389817
336000 1058.30389817
337000 1058.30389817
338000 1058.30389817
339000 1105.36027205
340000 1105.36027205
341000 1105.36027205
342000 1105.36027205
343000 1105.36027205
344000 1672.79569892
345000 1672.79569892
346000 1672.79569892
347000 1672.79569892
348000 1343.60345475
349000 1343.60345475
350000 1343.60345475
351000 1107.79314541
352000 1107.79314541
353000 1107.79314541
354000 1107.79314541
355000 1107.79314541
356000 1107.79314541
357000 1324.21149425
358000 1324.21149425
359000 1324.21149425
360000 1324.21149425
361000 1162.54023251
362000 1162.54023251
363000 1162.54023251
364000 1162.54023251
365000 1162.54023251
366000 1162.54023251
367000 1517.94258373
368000 1517.94258373
369000 1517.94258373
370000 1517.94258373
371000 1325.37107692
372000 1325.37107692
373000 1325.37107692
374000 1325.37107692
375000 2029.97150997
376000 2029.97150997
377000 2058.52519894
378000 2058.52519894
