0 4035.40037951
1000 4035.40037951
2000 4035.40037951
3000 4035.40037951
4000 4035.40037951
5000 4035.40037951
6000 4035.40037951
7000 4035.40037951
8000 4035.40037951
9000 4035.40037951
10000 4035.40037951
11000 4035.40037951
12000 4035.40037951
13000 4035.40037951
14000 4035.40037951
15000 4035.40037951
16000 4035.40037951
17000 4035.40037951
18000 4035.40037951
19000 2031.30434783
20000 1778.80493827
21000 1778.80493827
22000 1873.98146588
23000 1802.15410156
24000 1802.15410156
25000 1730.32673723
26000 1730.32673723
27000 1730.32673723
28000 1626.76336861
29000 1626.76336861
30000 1626.76336861
31000 1626.76336861
32000 1523.2
33000 1523.2
34000 1523.2
35000 1523.2
36000 1523.2
37000 1523.2
38000 1580.14505972
39000 1580.14505972
40000 1580.14505972
41000 1580.14505972
42000 1580.14505972
43000 1580.14505972
44000 1580.14505972
45000 1580.14505972
46000 1580.14505972
47000 1580.14505972
48000 1580.14505972
49000 1580.14505972
50000 1580.14505972
51000 1580.14505972
52000 1580.14505972
53000 1580.14505972
54000 1580.14505972
55000 1580.14505972
56000 1580.14505972
57000 1580.14505972
58000 1580.14505972
59000 1580.14505972
60000 1637.09011944
61000 1637.09011944
62000 1637.09011944
63000 1637.09011944
64000 1637.09011944
65000 1576.86406384
66000 1576.86406384
67000 1576.86406384
68000 1576.86406384
69000 1557.32473811
70000 1557.32473811
71000 1557.32473811
72000 1557.32473811
73000 1529.70257326
74000 1529.70257326
75000 1529.70257326
76000 1529.70257326
77000 1502.08040842
78000 1502.08040842
79000 1502.08040842
80000 1502.08040842
81000 1502.08040842
82000 1695.17679697
83000 1695.17679697
84000 1695.17679697
85000 1695.17679697
86000 1695.17679697
87000 1548.64627238
88000 1548.64627238
89000 1548.64627238
90000 1548.64627238
91000 1548.64627238
92000 1518.76813211
93000 1518.76813211
94000 1518.76813211
95000 1518.76813211
96000 1525.51106497
97000 1525.51106497
98000 1525.51106497
99000 1525.51106497
100000 1525.51106497
101000 1525.51106497
102000 1525.51106497
103000 1532.25399783
104000 1532.25399783
105000 1532.25399783
106000 1532.25399783
107000 1532.25399783
108000 1532.25399783
109000 1532.25399783
110000 1516.54973822
111000 1516.54973822
112000 1516.54973822
113000 1516.54973822
114000 1516.54973822
115000 1516.54973822
116000 1516.54973822
117000 1507.15634837
118000 1507.15634837
119000 1507.15634837
120000 1507.15634837
121000 1507.15634837
122000 1507.15634837
123000 1507.15634837
124000 1540.0239521
125000 1540.0239521
126000 1540.0239521
127000 1540.0239521
128000 1540.0239521
129000 1540.0239521
130000 1540.0239521
131000 1503.5565384
132000 1503.5565384
133000 1503.5565384
134000 1503.5565384
135000 1503.5565384
136000 1503.5565384
137000 1503.5565384
138000 1477.67838187
139000 1477.67838187
140000 1477.67838187
141000 1477.67838187
142000 1477.67838187
143000 1477.67838187
144000 1477.67838187
145000 1533.45835904
146000 1533.45835904
147000 1533.45835904
148000 1533.45835904
149000 1533.45835904
150000 1533.45835904
151000 1533.45835904
152000 1505.05086641
153000 1505.05086641
154000 1505.05086641
155000 1505.05086641
156000 1505.05086641
157000 1505.05086641
158000 1505.05086641
159000 1544.03650745
160000 1544.03650745
161000 1544.03650745
162000 1544.03650745
163000 1544.03650745
164000 1544.03650745
165000 1544.03650745
166000 1502.6565431
167000 1502.6565431
168000 1502.6565431
169000 1502.6565431
170000 1502.6565431
171000 1502.6565431
172000 1502.6565431
173000 1517.50493864
174000 1517.50493864
175000 1517.50493864
176000 1517.50493864
177000 1517.50493864
178000 1517.50493864
179000 1517.50493864
180000 1524.53016292
181000 1524.53016292
182000 1524.53016292
183000 1524.53016292
184000 1524.53016292
185000 1524.53016292
186000 1524.53016292
187000 1524.53016292
188000 1493.56018313
189000 1493.56018313
190000 1493.56018313
191000 1493.56018313
192000 1493.56018313
193000 1493.56018313
194000 1493.56018313
195000 1525.8102719
196000 1525.8102719
197000 1525.8102719
198000 1525.8102719
199000 1525.8102719
200000 1525.8102719
201000 1525.8102719
202000 1526.21292308
203000 1526.21292308
204000 1526.21292308
205000 1526.21292308
206000 1526.21292308
207000 1526.21292308
208000 1526.21292308
209000 1618.36512619
210000 1618.36512619
211000 1618.36512619
212000 1894.38935108
213000 2964.8948653
214000 2964.8948653
215000 2964.8948653
216000 2964.8948653
217000 2964.8948653
218000 2964.8948653
219000 2964.8948653
220000 2964.8948653
221000 2964.8948653
222000 2964.8948653
223000 2964.8948653
224000 2964.8948653
225000 2964.8948653
226000 2964.8948653
227000 2964.8948653
228000 2964.8948653
229000 2964.8948653
230000 4035.40037951
231000 2031.30434783
232000 2031.30434783
233000 1778.80493827
234000 1873.98146588
235000 1873.98146588
236000 1802.15410156
237000 1802.15410156
238000 1730.32673723
239000 1730.32673723
240000 1730.32673723
241000 1626.76336861
242000 1626.76336861
243000 1626.76336861
244000 1626.76336861
245000 1523.2
246000 1523.2
247000 1523.2
248000 1523.2
249000 1523.2
250000 1580.14505972
251000 1580.14505972
252000 1580.14505972
253000 1580.14505972
254000 1580.14505972
255000 1580.14505972
256000 1580.14505972
257000 1580.14505972
258000 1580.14505972
259000 1580.14505972
260000 1580.14505972
261000 1580.14505972
262000 1580.14505972
263000 1580.14505972
264000 1580.14505972
265000 1580.14505972
266000 1580.14505972
267000 1580.14505972
268000 1580.14505972
269000 1580.14505972
270000 1580.14505972
271000 1580.14505972
272000 1580.14505972
273000 1637.09011944
274000 1637.09011944
275000 1637.09011944
276000 1637.09011944
277000 1576.86406384
278000 1576.86406384
279000 1576.86406384
280000 1576.86406384
281000 1557.32473811
282000 1557.32473811
283000 1557.32473811
284000 1557.32473811
285000 1529.70257326
286000 1529.70257326
287000 1529.70257326
288000 1529.70257326
289000 1529.70257326
290000 1502.08040842
291000 1502.08040842
292000 1502.08040842
293000 1502.08040842
294000 1502.08040842
295000 1695.17679697
296000 1695.17679697
297000 1695.17679697
298000 1695.17679697
299000 1548.64627238
300000 1548.64627238
301000 1548.64627238
302000 1548.64627238
303000 1548.64627238
304000 1518.76813211
305000 1518.76813211
306000 1518.76813211
307000 1518.76813211
308000 1518.76813211
309000 1525.51106497
310000 1525.51106497
311000 1525.51106497
312000 1525.51106497
313000 1525.51106497
314000 1525.51106497
315000 1532.25399783
316000 1532.25399783
317000 1532.25399783
318000 1532.25399783
319000 1532.25399783
320000 1532.25399783
321000 1532.25399783
322000 1532.25399783
323000 1516.54973822
324000 1516.54973822
325000 1516.54973822
326000 1516.54973822
327000 1516.54973822
328000 1516.54973822
329000 1507.15634837
330000 1507.15634837
331000 1507.15634837
332000 1507.15634837
333000 1507.15634837
334000 1507.15634837
335000 1507.15634837
336000 1540.0239521
337000 1540.0239521
338000 1540.0239521
339000 1540.0239521
340000 1540.0239521
341000 1540.0239521
342000 1540.0239521
343000 1503.5565384
344000 1503.5565384
345000 1503.5565384
346000 1503.5565384
347000 1503.5565384
348000 1503.5565384
349000 1503.5565384
350000 1477.67838187
351000 1477.67838187
352000 1477.67838187
353000 1477.67838187
354000 1477.67838187
355000 1477.67838187
356000 1477.67838187
357000 1477.67838187
358000 1533.45835904
359000 1533.45835904
360000 1533.45835904
361000 1533.45835904
362000 1533.45835904
363000 1533.45835904
364000 1505.05086641
365000 1505.05086641
366000 1505.05086641
367000 1505.05086641
368000 1505.05086641
369000 1505.05086641
370000 1505.05086641
371000 1505.05086641
372000 1544.03650745
373000 1544.03650745
374000 1544.03650745
375000 1544.03650745
376000 1544.03650745
377000 1544.03650745
378000 1544.03650745
379000 1502.6565431
380000 1502.6565431
381000 1502.6565431
382000 1502.6565431
383000 1502.6565431
384000 1502.6565431
385000 1502.6565431
386000 1517.50493864
387000 1517.50493864
388000 1517.50493864
389000 1517.50493864
390000 1517.50493864
391000 1517.50493864
392000 1517.50493864
393000 1524.53016292
394000 1524.53016292
395000 1524.53016292
396000 1524.53016292
397000 1524.53016292
398000 1524.53016292
399000 1524.53016292
400000 1493.56018313
401000 1493.56018313
402000 1493.56018313
403000 1493.56018313
404000 1493.56018313
405000 1493.56018313
406000 1493.56018313
407000 1525.8102719
408000 1525.8102719
409000 1525.8102719
410000 1525.8102719
411000 1525.8102719
412000 1525.8102719
413000 1525.8102719
414000 1526.21292308
415000 1526.21292308
416000 1526.21292308
417000 1526.21292308
418000 1526.21292308
419000 1526.21292308
420000 1526.21292308
421000 1618.36512619
422000 1618.36512619
423000 1618.36512619
424000 1618.36512619
