0 4865.11304348
1000 4865.11304348
2000 4865.11304348
3000 4865.11304348
4000 4996.02985075
5000 4889.40173465
6000 4889.40173465
7000 4782.77361854
8000 4782.77361854
9000 4782.77361854
10000 4840.97265852
11000 4840.97265852
12000 4840.97265852
13000 4805.9655078
14000 4805.9655078
15000 4805.9655078
16000 4805.9655078
17000 4799.21622656
18000 4799.21622656
19000 4799.21622656
20000 4846.84704283
21000 4846.84704283
22000 4846.84704283
23000 4867.57640838
24000 4867.57640838
25000 4867.57640838
26000 4867.57640838
27000 4888.30577392
28000 4888.30577392
29000 4888.30577392
30000 4888.30577392
31000 4874.04946996
32000 4874.04946996
33000 4874.04946996
34000 4874.04946996
35000 4800.04377565
36000 4800.04377565
37000 4800.04377565
38000 4800.04377565
39000 4770.10839525
40000 4770.10839525
41000 4770.10839525
42000 4770.10839525
43000 4770.10839525
44000 4770.10839525
45000 4740.17301485
46000 4740.17301485
47000 4909.36071184
48000 4909.36071184
49000 4814.53984576
50000 4814.53984576
51000 4852.05983884
52000 4852.05983884
53000 4852.05983884
54000 4889.57983193
55000 4889.57983193
56000 4889.57983193
57000 4889.57983193
58000 4889.57983193
59000 4831.22280887
60000 4831.22280887
61000 4831.22280887
62000 4861.85587863
63000 4861.85587863
64000 4861.85587863
65000 4861.85587863
66000 4907.96460177
67000 4907.96460177
68000 4907.96460177
69000 4952.81660313
70000 4952.81660313
71000 4772.56140351
72000 4772.56140351
73000 4772.56140351
74000 4772.56140351
75000 4772.56140351
76000 4832.0399376
77000 4832.0399376
78000 4832.0399376
79000 4869.57310652
80000 4869.57310652
81000 4849.83575454
82000 4849.83575454
83000 4849.83575454
84000 4849.83575454
85000 4849.83575454
86000 4830.09840256
87000 4830.09840256
88000 4830.09840256
89000 4805.44277558
90000 4805.44277558
91000 4805.44277558
92000 4805.44277558
93000 4805.44277558
94000 4805.44277558
95000 4805.44277558
96000 4780.78714859
97000 4780.78714859
98000 4780.78714859
99000 4780.78714859
100000 4851.28619529
101000 4851.28619529
102000 3994.5083404
103000 3994.5083404
104000 3994.5083404
105000 3994.5083404
106000 4920.16519174
107000 4920.16519174
108000 4890.62175974
109000 4890.62175974
110000 4890.62175974
111000 4890.62175974
112000 4861.07832773
113000 4861.07832773
114000 4871.02599179
115000 4871.02599179
116000 4871.02599179
117000 4756.62165059
118000 4756.62165059
119000 4756.62165059
120000 4756.62165059
121000 4808.11968881
122000 4808.11968881
123000 4808.11968881
124000 4778.94372294
125000 4778.94372294
126000 4778.94372294
127000 4778.94372294
128000 4831.25345622
129000 4831.25345622
130000 4831.25345622
131000 4831.25345622
132000 4876.69653999
133000 4876.69653999
134000 4876.69653999
135000 4876.69653999
136000 4803.09677419
137000 4803.09677419
138000 4803.09677419
139000 4786.88250653
140000 4786.88250653
141000 4786.88250653
142000 4786.88250653
143000 4773.35654192
144000 4773.35654192
145000 4773.35654192
146000 4781.56409504
147000 4781.56409504
148000 4781.56409504
149000 4781.56409504
150000 4884.24489796
151000 4884.24489796
152000 4850.85532186
153000 4850.85532186
154000 4850.85532186
155000 4799.91744066
156000 4799.91744066
157000 4799.91744066
158000 4799.91744066
159000 4884.992
160000 4884.992
161000 4884.992
162000 4810.0475817
163000 4810.0475817
164000 4810.0475817
165000 4810.0475817
166000 4808.08243203
167000 4808.08243203
168000 4808.08243203
169000 4808.08243203
170000 4808.08243203
171000 4808.08243203
172000 4808.08243203
173000 4808.08243203
174000 4808.08243203
175000 4808.08243203
176000 4808.08243203
177000 4808.08243203
178000 4808.08243203
179000 4806.11728236
180000 4806.11728236
181000 4806.11728236
182000 4806.11728236
183000 4903.82267909
184000 4903.82267909
185000 4903.82267909
186000 4811.30543933
187000 4811.30543933
188000 4811.30543933
189000 4811.30543933
190000 4814.22462788
191000 4814.22462788
192000 4814.22462788
193000 4877.44397516
194000 4877.44397516
195000 4877.44397516
196000 4877.44397516
197000 4806.64800861
198000 4806.64800861
199000 4806.64800861
200000 4071.53832218
201000 4071.53832218
202000 4071.53832218
203000 4071.53832218
204000 4071.53832218
205000 4071.53832218
206000 4071.53832218
207000 3336.42863575
208000 3336.42863575
209000 3336.42863575
210000 4868.77272727
211000 4868.77272727
212000 3754.81928988
213000 3754.81928988
214000 4614.18815331
215000 4046.82616388
216000 4046.82616388
217000 4046.82616388
218000 3479.46417445
219000 3479.46417445
220000 3479.46417445
221000 4562.24650113
222000 4562.24650113
223000 4537.62282092
224000 4537.62282092
225000 4537.62282092
226000 4732.27370948
227000 4732.27370948
228000 4031.32084894
229000 4448.21694621
230000 4448.21694621
231000 4865.11304348
232000 4996.02985075
233000 4889.40173465
234000 4889.40173465
235000 4782.77361854
236000 4782.77361854
237000 4782.77361854
238000 4840.97265852
239000 4840.97265852
240000 4840.97265852
241000 4840.97265852
242000 4805.9655078
243000 4805.9655078
244000 4805.9655078
245000 4799.21622656
246000 4799.21622656
247000 4799.21622656
248000 4846.84704283
249000 4846.84704283
250000 4846.84704283
251000 4867.57640838
252000 4867.57640838
253000 4867.57640838
254000 4867.57640838
255000 4888.30577392
256000 4888.30577392
257000 4888.30577392
258000 4888.30577392
259000 4874.04946996
260000 4874.04946996
261000 4874.04946996
262000 4874.04946996
263000 4874.04946996
264000 4800.04377565
265000 4800.04377565
266000 4800.04377565
267000 4800.04377565
268000 4770.10839525
269000 4770.10839525
270000 4770.10839525
271000 4770.10839525
272000 4770.10839525
273000 4770.10839525
274000 4740.17301485
275000 4740.17301485
276000 4909.36071184
277000 4909.36071184
278000 4814.53984576
279000 4852.05983884
280000 4852.05983884
281000 4852.05983884
282000 4852.05983884
283000 4889.57983193
284000 4889.57983193
285000 4889.57983193
286000 4889.57983193
287000 4831.22280887
288000 4831.22280887
289000 4831.22280887
290000 4831.22280887
291000 4861.85587863
292000 4861.85587863
293000 4861.85587863
294000 4907.96460177
295000 4907.96460177
296000 4907.96460177
297000 4952.81660313
298000 4952.81660313
299000 4952.81660313
300000 4772.56140351
301000 4772.56140351
302000 4772.56140351
303000 4772.56140351
304000 4832.0399376
305000 4832.0399376
306000 4832.0399376
307000 4869.57310652
308000 4869.57310652
309000 4869.57310652
310000 4849.83575454
311000 4849.83575454
312000 4849.83575454
313000 4849.83575454
314000 4830.09840256
315000 4830.09840256
316000 4830.09840256
317000 4830.09840256
318000 4805.44277558
319000 4805.44277558
320000 4805.44277558
321000 4805.44277558
322000 4805.44277558
323000 4805.44277558
324000 4805.44277558
325000 4780.78714859
326000 4780.78714859
327000 4780.78714859
328000 4851.28619529
329000 4851.28619529
330000 4851.28619529
331000 3994.5083404
332000 3994.5083404
333000 3994.5083404
334000 3994.5083404
335000 4920.16519174
336000 4890.62175974
337000 4890.62175974
338000 4890.62175974
339000 4890.62175974
340000 4861.07832773
341000 4861.07832773
342000 4861.07832773
343000 4871.02599179
344000 4871.02599179
345000 4871.02599179
346000 4756.62165059
347000 4756.62165059
348000 4756.62165059
349000 4808.11968881
350000 4808.11968881
351000 4808.11968881
352000 4808.11968881
353000 4778.94372294
354000 4778.94372294
355000 4778.94372294
356000 4778.94372294
357000 4831.25345622
358000 4831.25345622
359000 4831.25345622
360000 4876.69653999
361000 4876.69653999
362000 4876.69653999
363000 4876.69653999
364000 4803.09677419
365000 4803.09677419
366000 4803.09677419
367000 4803.09677419
368000 4786.88250653
369000 4786.88250653
370000 4786.88250653
371000 4773.35654192
372000 4773.35654192
373000 4773.35654192
374000 4773.35654192
375000 4781.56409504
376000 4781.56409504
377000 4781.56409504
378000 4884.24489796
379000 4884.24489796
380000 4850.85532186
381000 4850.85532186
382000 4850.85532186
383000 4850.85532186
384000 4799.91744066
385000 4799.91744066
386000 4799.91744066
387000 4799.91744066
388000 4884.992
389000 4884.992
390000 4884.992
391000 4810.0475817
392000 4810.0475817
393000 4810.0475817
394000 4810.0475817
395000 4808.08243203
396000 4808.08243203
397000 4808.08243203
398000 4808.08243203
399000 4808.08243203
400000 4808.08243203
401000 4808.08243203
402000 4808.08243203
403000 4808.08243203
404000 4808.08243203
405000 4808.08243203
406000 4808.08243203
407000 4806.11728236
408000 4806.11728236
409000 4806.11728236
410000 4806.11728236
411000 4903.82267909
412000 4903.82267909
413000 4903.82267909
414000 4903.82267909
415000 4811.30543933
416000 4811.30543933
417000 4811.30543933
418000 4814.22462788
419000 4814.22462788
420000 4814.22462788
421000 4877.44397516
422000 4877.44397516
423000 4877.44397516
424000 4877.44397516
425000 4877.44397516
426000 4806.64800861
427000 4806.64800861
428000 4806.64800861
429000 4071.53832218
430000 4071.53832218
431000 4071.53832218
432000 4071.53832218
433000 4071.53832218
434000 4071.53832218
435000 4071.53832218
436000 3336.42863575
437000 3336.42863575
438000 4868.77272727
439000 4868.77272727
440000 3754.81928988
441000 3754.81928988
442000 4614.18815331
443000 4614.18815331
444000 4046.82616388
445000 4046.82616388
446000 3479.46417445
447000 3479.46417445
448000 3479.46417445
449000 4562.24650113
450000 4562.24650113
451000 4562.24650113
452000 4537.62282092
453000 4537.62282092
454000 4537.62282092
455000 4732.27370948
456000 4031.32084894
457000 4031.32084894
