0 2355.89958159
1000 2355.89958159
2000 2355.89958159
3000 2355.89958159
4000 2355.89958159
5000 2355.89958159
6000 2355.89958159
7000 2355.89958159
8000 2355.89958159
9000 2355.89958159
10000 2355.89958159
11000 2355.89958159
12000 2355.89958159
13000 3189.13076923
14000 3189.13076923
15000 3189.13076923
16000 3189.13076923
17000 3097.27096205
18000 3097.27096205
19000 3097.27096205
20000 3097.27096205
21000 3097.27096205
22000 2158.03831418
23000 2158.03831418
24000 2158.03831418
25000 2158.03831418
26000 2158.03831418
27000 2158.03831418
28000 2158.03831418
29000 3320.17170732
30000 3320.17170732
31000 3320.17170732
32000 3320.17170732
33000 2825.06872086
34000 2825.06872086
35000 2825.06872086
36000 2825.06872086
37000 2825.06872086
38000 2825.06872086
39000 3037.88290002
40000 3037.88290002
41000 3037.88290002
42000 3037.88290002
43000 3037.88290002
44000 2170.75023041
45000 2170.75023041
46000 2170.75023041
47000 2170.75023041
48000 2170.75023041
49000 2170.75023041
50000 2170.75023041
51000 2304.92590734
52000 2304.92590734
53000 2304.92590734
54000 2304.92590734
55000 2304.92590734
56000 2304.92590734
57000 2304.92590734
58000 1664.52604859
59000 1664.52604859
60000 1664.52604859
61000 1664.52604859
62000 1664.52604859
63000 1664.52604859
64000 1664.52604859
65000 1664.52604859
66000 1886.62510165
67000 1886.62510165
68000 1886.62510165
69000 1886.62510165
70000 1886.62510165
71000 1886.62510165
72000 1886.62510165
73000 1886.62510165
74000 1921.51144596
75000 1921.51144596
76000 1921.51144596
77000 1921.51144596
78000 1921.51144596
79000 1921.51144596
80000 1921.51144596
81000 1107.04985337
82000 1107.04985337
83000 1107.04985337
84000 1107.04985337
85000 1107.04985337
86000 1107.04985337
87000 1107.04985337
88000 1107.04985337
89000 1107.04985337
90000 1107.04985337
91000 1107.04985337
92000 1107.04985337
93000 1107.04985337
94000 2033.82340361
95000 2033.82340361
96000 2033.82340361
97000 2033.82340361
98000 2033.82340361
99000 2033.82340361
100000 2033.82340361
101000 1235.21989122
102000 1235.21989122
103000 1235.21989122
104000 1235.21989122
105000 1235.21989122
106000 1235.21989122
107000 1235.21989122
108000 1235.21989122
109000 1235.21989122
110000 1235.21989122
111000 1235.21989122
112000 1235.21989122
113000 1235.21989122
114000 2705.71710277
115000 2705.71710277
116000 2705.71710277
117000 2705.71710277
118000 2705.71710277
119000 4341.94141732
120000 4341.94141732
121000 4341.94141732
122000 4341.94141732
123000 3929.10580607
124000 3929.10580607
125000 3929.10580607
126000 3929.10580607
127000 5576.24913495
128000 5576.24913495
129000 3553.60761502
130000 3553.60761502
131000 3553.60761502
132000 3553.60761502
133000 5110.53619498
134000 5110.53619498
135000 5110.53619498
136000 5110.53619498
137000 2933.15923567
138000 2933.15923567
139000 2933.15923567
140000 2933.15923567
141000 2933.15923567
142000 6222.07082631
143000 6222.07082631
144000 6222.07082631
145000 3605.3701247
146000 3605.3701247
147000 3605.3701247
148000 3605.3701247
149000 2671.16367799
150000 2671.16367799
151000 2671.16367799
152000 2671.16367799
153000 2671.16367799
154000 2671.16367799
155000 6246.42131557
156000 4301.16044858
157000 4301.16044858
158000 4301.16044858
159000 4301.16044858
160000 4301.16044858
161000 4301.16044858
162000 2355.89958159
163000 2355.89958159
164000 2355.89958159
165000 2355.89958159
166000 2355.89958159
167000 2355.89958159
168000 3189.13076923
169000 3189.13076923
170000 3189.13076923
171000 3189.13076923
172000 3189.13076923
173000 3097.27096205
174000 3097.27096205
175000 3097.27096205
176000 3097.27096205
177000 3097.27096205
178000 2158.03831418
179000 2158.03831418
180000 2158.03831418
181000 2158.03831418
182000 2158.03831418
183000 2158.03831418
184000 2158.03831418
185000 3320.17170732
186000 3320.17170732
187000 3320.17170732
188000 3320.17170732
189000 2825.06872086
190000 2825.06872086
191000 2825.06872086
192000 2825.06872086
193000 2825.06872086
194000 3037.88290002
195000 3037.88290002
196000 3037.88290002
197000 3037.88290002
198000 3037.88290002
199000 2170.75023041
200000 2170.75023041
201000 2170.75023041
202000 2170.75023041
203000 2170.75023041
204000 2170.75023041
205000 2170.75023041
206000 2304.92590734
207000 2304.92590734
208000 2304.92590734
209000 2304.92590734
210000 2304.92590734
211000 2304.92590734
212000 2304.92590734
213000 1664.52604859
214000 1664.52604859
215000 1664.52604859
216000 1664.52604859
217000 1664.52604859
218000 1664.52604859
219000 1664.52604859
220000 1664.52604859
221000 1664.52604859
222000 1886.62510165
223000 1886.62510165
224000 1886.62510165
225000 1886.62510165
226000 1886.62510165
227000 1886.62510165
228000 1886.62510165
229000 1921.51144596
230000 1921.51144596
231000 1921.51144596
232000 1921.51144596
233000 1921.51144596
234000 1921.51144596
235000 1921.51144596
236000 1921.51144596
237000 1107.04985337
238000 1107.04985337
239000 1107.04985337
240000 1107.04985337
241000 1107.04985337
242000 1107.04985337
243000 1107.04985337
244000 1107.04985337
245000 1107.04985337
246000 1107.04985337
247000 1107.04985337
248000 1107.04985337
249000 1107.04985337
250000 2033.82340361
251000 2033.82340361
252000 2033.82340361
253000 2033.82340361
254000 2033.82340361
255000 2033.82340361
256000 2033.82340361
257000 1235.21989122
258000 1235.21989122
259000 1235.21989122
260000 1235.21989122
261000 1235.21989122
262000 1235.21989122
263000 1235.21989122
264000 1235.21989122
265000 1235.21989122
266000 1235.21989122
267000 1235.21989122
268000 1235.21989122
269000 2705.71710277
270000 2705.71710277
271000 2705.71710277
272000 2705.71710277
273000 2705.71710277
274000 2705.71710277
275000 4341.94141732
276000 4341.94141732
277000 4341.94141732
278000 4341.94141732
279000 3929.10580607
280000 3929.10580607
281000 3929.10580607
282000 5576.24913495
283000 5576.24913495
284000 5576.24913495
285000 3553.60761502
286000 3553.60761502
287000 3553.60761502
288000 3553.60761502
289000 5110.53619498
290000 5110.53619498
291000 5110.53619498
292000 2933.15923567
293000 2933.15923567
294000 2933.15923567
295000 2933.15923567
296000 2933.15923567
297000 6222.07082631
298000 6222.07082631
299000 6222.07082631
300000 3605.3701247
301000 3605.3701247
302000 3605.3701247
303000 3605.3701247
304000 2671.16367799
305000 2671.16367799
306000 2671.16367799
307000 2671.16367799
308000 2671.16367799
309000 2671.16367799
310000 6246.42131557
