0 5395.03924647
1000 5395.03924647
2000 5395.03924647
3000 5395.03924647
4000 5395.03924647
5000 5395.03924647
6000 5395.03924647
7000 5395.03924647
8000 5395.03924647
9000 5395.03924647
10000 5395.03924647
11000 5395.03924647
12000 1602.95660289
13000 1602.95660289
14000 24053.6275862
15000 24053.6275862
16000 24053.6275862
17000 1117.48338269
18000 1117.48338269
19000 1117.48338269
20000 991.027801662
21000 991.027801662
22000 991.027801662
23000 991.027801662
24000 776.900138902
25000 776.900138902
26000 776.900138902
27000 776.900138902
28000 776.900138902
29000 776.900138902
30000 562.772476143
31000 562.772476143
32000 562.772476143
33000 605.743250689
34000 605.743250689
35000 493.114754098
36000 493.114754098
37000 624.452685308
38000 624.452685308
39000 624.452685308
40000 755.790616518
41000 755.790616518
42000 755.790616518
43000 1243.63340122
44000 1243.63340122
45000 808.408058294
46000 808.408058294
47000 808.408058294
48000 522.460637987
49000 522.460637987
50000 522.460637987
51000 522.460637987
52000 421.247758377
53000 421.247758377
54000 421.247758377
55000 421.247758377
56000 421.247758377
57000 312.859677949
58000 312.859677949
59000 312.859677949
60000 312.859677949
61000 312.859677949
62000 312.859677949
63000 939.123716524
64000 1565.3877551
65000 1565.3877551
66000 1565.3877551
67000 1229.03964758
68000 1300.67140584
69000 1300.67140584
70000 1372.30316409
71000 1372.30316409
72000 2070.99143207
73000 1650.17711921
74000 1650.17711921
75000 1229.36280634
76000 1229.36280634
77000 1229.36280634
78000 1220.51139436
79000 1220.51139436
80000 1220.51139436
81000 1473.9524838
82000 1473.9524838
83000 1267.59765182
84000 1267.59765182
85000 1267.59765182
86000 1267.59765182
87000 1061.24281984
88000 1061.24281984
89000 1061.24281984
90000 1061.24281984
91000 1671.57083906
92000 1671.57083906
93000 1671.57083906
94000 1975.77358491
95000 1975.77358491
96000 1653.72623196
97000 1653.72623196
98000 1735.11278195
99000 1735.11278195
100000 1735.11278195
101000 1515.20420684
102000 1515.20420684
103000 1515.20420684
104000 1080.00734619
105000 1080.00734619
106000 1080.00734619
107000 492.986030761
108000 492.986030761
109000 492.986030761
110000 492.986030761
111000 492.986030761
112000 492.986030761
113000 492.986030761
114000 492.986030761
115000 581.005497251
116000 581.005497251
117000 581.005497251
118000 581.005497251
119000 581.005497251
120000 581.005497251
121000 1910.4
122000 1910.4
123000 1910.4
124000 1634.32141058
125000 1634.32141058
126000 1755.75180375
127000 1755.75180375
128000 1755.75180375
129000 1592.14902317
130000 1592.14902317
131000 2179.01622971
132000 2179.01622971
133000 1688.32131823
134000 1688.32131823
135000 1688.32131823
136000 1698.13435701
137000 1698.13435701
138000 1486.75365757
139000 1486.75365757
140000 1486.75365757
141000 1686.79841897
142000 1686.79841897
143000 1345.09104534
144000 1345.09104534
145000 1345.09104534
146000 1858.89482289
147000 1858.89482289
148000 1433.93011647
149000 1433.93011647
150000 1707.9083684
151000 1707.9083684
152000 1707.9083684
153000 1573.39485359
154000 1573.39485359
155000 1534.36426117
156000 1534.36426117
157000 1534.36426117
158000 1504.675348
159000 1504.675348
160000 1467.66574257
161000 1467.66574257
162000 1467.66574257
163000 1660.17322835
164000 1660.17322835
165000 1816.88378766
166000 3605.96151706
167000 3605.96151706
168000 3605.96151706
169000 3605.96151706
170000 3605.96151706
171000 5395.03924647
172000 5395.03924647
173000 5395.03924647
174000 5395.03924647
175000 5395.03924647
176000 5395.03924647
177000 5395.03924647
178000 1602.95660289
179000 1602.95660289
180000 24053.6275862
181000 24053.6275862
182000 1117.48338269
183000 1117.48338269
184000 1117.48338269
185000 1117.48338269
186000 991.027801662
187000 991.027801662
188000 991.027801662
189000 776.900138902
190000 776.900138902
191000 776.900138902
192000 776.900138902
193000 776.900138902
194000 776.900138902
195000 776.900138902
196000 562.772476143
197000 562.772476143
198000 605.743250689
199000 605.743250689
200000 493.114754098
201000 493.114754098
202000 493.114754098
203000 624.452685308
204000 624.452685308
205000 755.790616518
206000 755.790616518
207000 755.790616518
208000 755.790616518
209000 1243.63340122
210000 808.408058294
211000 808.408058294
212000 808.408058294
213000 522.460637987
214000 522.460637987
215000 522.460637987
216000 522.460637987
217000 421.247758377
218000 421.247758377
219000 421.247758377
220000 421.247758377
221000 421.247758377
222000 312.859677949
223000 312.859677949
224000 312.859677949
225000 312.859677949
226000 312.859677949
227000 312.859677949
228000 312.859677949
229000 939.123716524
230000 1565.3877551
231000 1565.3877551
232000 1229.03964758
233000 1229.03964758
234000 1300.67140584
235000 1372.30316409
236000 1372.30316409
237000 2070.99143207
238000 1650.17711921
239000 1650.17711921
240000 1229.36280634
241000 1229.36280634
242000 1229.36280634
243000 1220.51139436
244000 1220.51139436
245000 1220.51139436
246000 1473.9524838
247000 1473.9524838
248000 1473.9524838
249000 1267.59765182
250000 1267.59765182
251000 1267.59765182
252000 1061.24281984
253000 1061.24281984
254000 1061.24281984
255000 1061.24281984
256000 1671.57083906
257000 1671.57083906
258000 1671.57083906
259000 1975.77358491
260000 1975.77358491
261000 1653.72623196
262000 1653.72623196
263000 1653.72623196
264000 1735.11278195
265000 1735.11278195
266000 1515.20420684
267000 1515.20420684
268000 1515.20420684
269000 1080.00734619
270000 1080.00734619
271000 1080.00734619
272000 1080.00734619
273000 492.986030761
274000 492.986030761
275000 492.986030761
276000 492.986030761
277000 492.986030761
278000 492.986030761
279000 492.986030761
280000 581.005497251
281000 581.005497251
282000 581.005497251
283000 581.005497251
284000 581.005497251
285000 581.005497251
286000 581.005497251
287000 1910.4
288000 1910.4
289000 1634.32141058
290000 1634.32141058
291000 1634.32141058
292000 1755.75180375
293000 1755.75180375
294000 1592.14902317
295000 1592.14902317
296000 1592.14902317
297000 2179.01622971
298000 2179.01622971
299000 1688.32131823
300000 1688.32131823
301000 1698.13435701
302000 1698.13435701
303000 1486.75365757
304000 1486.75365757
305000 1486.75365757
306000 1686.79841897
307000 1686.79841897
308000 1345.09104534
309000 1345.09104534
310000 1345.09104534
311000 1858.89482289
312000 1858.89482289
313000 1433.93011647
314000 1433.93011647
315000 1433.93011647
316000 1707.9083684
317000 1707.9083684
318000 1573.39485359
319000 1573.39485359
320000 1573.39485359
321000 1534.36426117
322000 1534.36426117
323000 1504.675348
324000 1504.675348
325000 1467.66574257
326000 1467.66574257
327000 1467.66574257
328000 1660.17322835
329000 1660.17322835
330000 1816.88378766
