0 5583.79789474
1000 5583.79789474
2000 5583.79789474
3000 5583.79789474
4000 5439.51799499
5000 5295.23809524
6000 5295.23809524
7000 3808.29357798
8000 3808.29357798
9000 3808.29357798
10000 5431.6324447
11000 5431.6324447
12000 5437.09090909
13000 5437.09090909
14000 5199.49631776
15000 5199.49631776
16000 5199.49631776
17000 4961.90172643
18000 4961.90172643
19000 4961.90172643
20000 5141.85822436
21000 5141.85822436
22000 5141.85822436
23000 5253.71346292
24000 5253.71346292
25000 5253.71346292
26000 5248.71544715
27000 5248.71544715
28000 5248.71544715
29000 5248.71544715
30000 4555.89427313
31000 4555.89427313
32000 4555.89427313
33000 5397.52804514
34000 5397.52804514
35000 5397.52804514
36000 5261.82728732
37000 5261.82728732
38000 5261.82728732
39000 5261.82728732
40000 5254.9768803
41000 5254.9768803
42000 5254.9768803
43000 5214.27056059
44000 5214.27056059
45000 5214.27056059
46000 5302.65719966
47000 5302.65719966
48000 5302.65719966
49000 5302.65719966
50000 5088.43998854
51000 5088.43998854
52000 5088.43998854
53000 5091.45336236
54000 5091.45336236
55000 5091.45336236
56000 5091.45336236
57000 5091.45336236
58000 5094.46673618
59000 5094.46673618
60000 5094.46673618
61000 5094.46673618
62000 5094.46673618
63000 5244.08749712
64000 5244.08749712
65000 5244.08749712
66000 5244.08749712
67000 5146.46279122
68000 5146.46279122
69000 5146.46279122
70000 5146.46279122
71000 5146.46279122
72000 5230.37956204
73000 5230.37956204
74000 5230.37956204
75000 5230.37956204
76000 5116.04972139
77000 5116.04972139
78000 5116.04972139
79000 5116.04972139
80000 5116.04972139
81000 5302.70413641
82000 5302.70413641
83000 5302.70413641
84000 5292.83775811
85000 5292.83775811
86000 5292.83775811
87000 5278.23628085
88000 5278.23628085
89000 5278.23628085
90000 5278.23628085
91000 5278.23628085
92000 5261.41834232
93000 5261.41834232
94000 5261.41834232
95000 5261.41834232
96000 5220.61183403
97000 5220.61183403
98000 5220.61183403
99000 5220.61183403
100000 5272.92529672
101000 5272.92529672
102000 5272.92529672
103000 5272.92529672
104000 5256.13480535
105000 5256.13480535
106000 5256.13480535
107000 5256.13480535
108000 5208.376561
109000 5208.376561
110000 5208.376561
111000 5236.4504749
112000 5236.4504749
113000 4730.93026405
114000 4730.93026405
115000 4730.93026405
116000 4730.93026405
117000 4730.93026405
118000 5306.36619718
119000 5306.36619718
120000 5306.36619718
121000 5306.36619718
122000 5175.82411726
123000 5175.82411726
124000 5175.82411726
125000 5247.13379737
126000 5247.13379737
127000 5247.13379737
128000 5247.13379737
129000 4984.13548121
130000 4984.13548121
131000 4984.13548121
132000 4984.13548121
133000 4984.13548121
134000 5200.36426117
135000 5200.36426117
136000 5200.36426117
137000 5200.36426117
138000 5063.09643788
139000 5063.09643788
140000 5063.09643788
141000 5063.09643788
142000 5063.09643788
143000 5245.26547013
144000 5245.26547013
145000 5245.26547013
146000 5245.26547013
147000 5221.90810359
148000 5221.90810359
149000 5221.90810359
150000 5221.90810359
151000 4997.79814934
152000 4997.79814934
153000 4997.79814934
154000 4997.79814934
155000 5134.17883577
156000 5134.17883577
157000 5134.17883577
158000 5134.17883577
159000 5134.17883577
160000 5243.70333409
161000 5243.70333409
162000 5243.70333409
163000 5243.70333409
164000 5243.70333409
165000 4832.48176028
166000 4832.48176028
167000 4832.48176028
168000 4832.48176028
169000 5299.27901235
170000 5299.27901235
171000 5299.27901235
172000 5299.27901235
173000 5299.27901235
174000 5073.86922406
175000 5073.86922406
176000 5073.86922406
177000 5073.86922406
178000 5238.86703535
179000 5238.86703535
180000 5238.86703535
181000 5238.86703535
182000 5238.86703535
183000 5008.60985011
184000 5008.60985011
185000 5008.60985011
186000 5008.60985011
187000 5008.60985011
188000 5269.45256798
189000 5269.45256798
190000 5269.45256798
191000 5208.51316277
192000 5208.51316277
193000 5208.51316277
194000 5500.30377444
195000 5500.30377444
196000 5500.30377444
197000 3690.53894737
198000 3690.53894737
199000 5583.79789474
200000 5583.79789474
201000 5439.51799499
202000 5295.23809524
203000 5295.23809524
204000 3808.29357798
205000 3808.29357798
206000 3808.29357798
207000 5431.6324447
208000 5431.6324447
209000 5437.09090909
210000 5437.09090909
211000 5199.49631776
212000 5199.49631776
213000 5199.49631776
214000 4961.90172643
215000 4961.90172643
216000 4961.90172643
217000 5141.85822436
218000 5141.85822436
219000 5141.85822436
220000 5253.71346292
221000 5253.71346292
222000 5253.71346292
223000 5248.71544715
224000 5248.71544715
225000 5248.71544715
226000 4555.89427313
227000 4555.89427313
228000 4555.89427313
229000 4555.89427313
230000 5397.52804514
231000 5397.52804514
232000 5397.52804514
233000 5261.82728732
234000 5261.82728732
235000 5261.82728732
236000 5254.9768803
237000 5254.9768803
238000 5254.9768803
239000 5254.9768803
240000 5214.27056059
241000 5214.27056059
242000 5214.27056059
243000 5302.65719966
244000 5302.65719966
245000 5302.65719966
246000 5088.43998854
247000 5088.43998854
248000 5088.43998854
249000 5088.43998854
250000 5091.45336236
251000 5091.45336236
252000 5091.45336236
253000 5091.45336236
254000 5094.46673618
255000 5094.46673618
256000 5094.46673618
257000 5094.46673618
258000 5094.46673618
259000 5244.08749712
260000 5244.08749712
261000 5244.08749712
262000 5244.08749712
263000 5244.08749712
264000 5146.46279122
265000 5146.46279122
266000 5146.46279122
267000 5146.46279122
268000 5230.37956204
269000 5230.37956204
270000 5230.37956204
271000 5230.37956204
272000 5230.37956204
273000 5116.04972139
274000 5116.04972139
275000 5116.04972139
276000 5116.04972139
277000 5116.04972139
278000 5302.70413641
279000 5302.70413641
280000 5302.70413641
281000 5292.83775811
282000 5292.83775811
283000 5292.83775811
284000 5278.23628085
285000 5278.23628085
286000 5278.23628085
287000 5278.23628085
288000 5261.41834232
289000 5261.41834232
290000 5261.41834232
291000 5261.41834232
292000 5261.41834232
293000 5220.61183403
294000 5220.61183403
295000 5220.61183403
296000 5220.61183403
297000 5272.92529672
298000 5272.92529672
299000 5272.92529672
300000 5272.92529672
301000 5256.13480535
302000 5256.13480535
303000 5256.13480535
304000 5256.13480535
305000 5208.376561
306000 5208.376561
307000 5208.376561
308000 5236.4504749
309000 5236.4504749
310000 4730.93026405
311000 4730.93026405
312000 4730.93026405
313000 4730.93026405
314000 4730.93026405
315000 5306.36619718
316000 5306.36619718
317000 5306.36619718
318000 5175.82411726
319000 5175.82411726
320000 5175.82411726
321000 5247.13379737
322000 5247.13379737
323000 5247.13379737
324000 5247.13379737
325000 4984.13548121
326000 4984.13548121
327000 4984.13548121
328000 4984.13548121
329000 4984.13548121
330000 5200.36426117
331000 5200.36426117
332000 5200.36426117
333000 5200.36426117
334000 5200.36426117
335000 5063.09643788
336000 5063.09643788
337000 5063.09643788
338000 5063.09643788
339000 5063.09643788
340000 5245.26547013
341000 5245.26547013
342000 5245.26547013
343000 5245.26547013
344000 5221.90810359
345000 5221.90810359
346000 5221.90810359
347000 4997.79814934
348000 4997.79814934
349000 4997.79814934
350000 4997.79814934
351000 4997.79814934
352000 5134.17883577
353000 5134.17883577
354000 5134.17883577
355000 5134.17883577
356000 5134.17883577
357000 5243.70333409
358000 5243.70333409
359000 5243.70333409
360000 5243.70333409
361000 5243.70333409
362000 4832.48176028
363000 4832.48176028
364000 4832.48176028
365000 5299.27901235
366000 5299.27901235
367000 5299.27901235
368000 5299.27901235
369000 5299.27901235
370000 5073.86922406
371000 5073.86922406
372000 5073.86922406
373000 5073.86922406
374000 5073.86922406
375000 5238.86703535
376000 5238.86703535
377000 5238.86703535
378000 5238.86703535
379000 5238.86703535
380000 5008.60985011
381000 5008.60985011
382000 5008.60985011
383000 5008.60985011
384000 5269.45256798
385000 5269.45256798
386000 5269.45256798
387000 5269.45256798
388000 5208.51316277
389000 5208.51316277
390000 5208.51316277
391000 5500.30377444
392000 5500.30377444
393000 1797.28
