0 5988.71179344
1000 5988.71179344
2000 5988.71179344
3000 5988.71179344
4000 5988.71179344
5000 5988.71179344
6000 7979.00597964
7000 7979.00597964
8000 9969.30016584
9000 9969.30016584
10000 4430.45783133
11000 4430.45783133
12000 4430.45783133
13000 7635.61693811
14000 6262.15755096
15000 6262.15755096
16000 6262.15755096
17000 6262.15755096
18000 6262.15755096
19000 6262.15755096
20000 4888.69816381
21000 4888.69816381
22000 4888.69816381
23000 4888.69816381
24000 4888.69816381
25000 4275.00292448
26000 4275.00292448
27000 4275.00292448
28000 4275.00292448
29000 4275.00292448
30000 4275.00292448
31000 4196.69264994
32000 4196.69264994
33000 4196.69264994
34000 4196.69264994
35000 4196.69264994
36000 4196.69264994
37000 2302.06078632
38000 2302.06078632
39000 2302.06078632
40000 2302.06078632
41000 2302.06078632
42000 2302.06078632
43000 2302.06078632
44000 2302.06078632
45000 2302.06078632
46000 2302.06078632
47000 2302.06078632
48000 3369.92725356
49000 3369.92725356
50000 3369.92725356
51000 3369.92725356
52000 3369.92725356
53000 3369.92725356
54000 3369.92725356
55000 3369.92725356
56000 6253.61764037
57000 6253.61764037
58000 6253.61764037
59000 6253.61764037
60000 7586.67127231
61000 7586.67127231
62000 7586.67127231
63000 7586.67127231
64000 8659.73110325
65000 8659.73110325
66000 8659.73110325
67000 7805.20918684
68000 7805.20918684
69000 7805.20918684
70000 7805.20918684
71000 6319.88783175
72000 6319.88783175
73000 6319.88783175
74000 6319.88783175
75000 4694.77385424
76000 4694.77385424
77000 4694.77385424
78000 4694.77385424
79000 4694.77385424
80000 3781.40637021
81000 3781.40637021
82000 3781.40637021
83000 3781.40637021
84000 3781.40637021
85000 3781.40637021
86000 3781.40637021
87000 8132.61968333
88000 8132.61968333
89000 8132.61968333
90000 4604.16713092
91000 4604.16713092
92000 4604.16713092
93000 4604.16713092
94000 4604.16713092
95000 8614.9929025
96000 8614.9929025
97000 8614.9929025
98000 5481.73637961
99000 5481.73637961
100000 5481.73637961
101000 5481.73637961
102000 5481.73637961
103000 8209.63432597
104000 8209.63432597
105000 8209.63432597
106000 3470.46815505
107000 3470.46815505
108000 3470.46815505
109000 3470.46815505
110000 3470.46815505
111000 3470.46815505
112000 3470.46815505
113000 3470.46815505
114000 9411.92389006
115000 9411.92389006
116000 9411.92389006
117000 5863.62903226
118000 5863.62903226
119000 5863.62903226
120000 5863.62903226
121000 6280.65236052
122000 6280.65236052
123000 6280.65236052
124000 5280.94529197
125000 5280.94529197
126000 5280.94529197
127000 5280.94529197
128000 5280.94529197
129000 5280.94529197
130000 5280.94529197
131000 5280.94529197
132000 5280.94529197
133000 5280.94529197
134000 4281.23822342
135000 4281.23822342
136000 4281.23822342
137000 4281.23822342
138000 4281.23822342
139000 10303.5598166
140000 10303.5598166
141000 10303.5598166
142000 6926.43437453
143000 6926.43437453
144000 6926.43437453
145000 6926.43437453
146000 6926.43437453
147000 6926.43437453
148000 6926.43437453
149000 6926.43437453
150000 6926.43437453
151000 6926.43437453
152000 3549.30893246
153000 3549.30893246
154000 3549.30893246
155000 3549.30893246
156000 3549.30893246
157000 3549.30893246
158000 3549.30893246
159000 3949.76171352
160000 3949.76171352
161000 3949.76171352
162000 3949.76171352
163000 3949.76171352
164000 3949.76171352
165000 4177.31868132
166000 4177.31868132
167000 4177.31868132
168000 4177.31868132
169000 4177.31868132
170000 4177.31868132
171000 4177.31868132
172000 4177.31868132
173000 3287.79368299
174000 3287.79368299
175000 3287.79368299
176000 3287.79368299
177000 3287.79368299
178000 3287.79368299
179000 3287.79368299
180000 6910.43096115
181000 6910.43096115
182000 6910.43096115
183000 6910.43096115
184000 6910.43096115
185000 6910.43096115
186000 6910.43096115
187000 6910.43096115
188000 6910.43096115
189000 6910.43096115
190000 10533.0682393
191000 10533.0682393
192000 10533.0682393
193000 6150.31069767
194000 6150.31069767
195000 6150.31069767
196000 6150.31069767
197000 8855.09274013
198000 8855.09274013
199000 8855.09274013
200000 8855.09274013
201000 8855.09274013
202000 8855.09274013
203000 8855.09274013
204000 8855.09274013
205000 8855.09274013
206000 8855.09274013
207000 11559.8747826
208000 11559.8747826
209000 11559.8747826
210000 8774.29328802
211000 8774.29328802
212000 8774.29328802
213000 8774.29328802
214000 5988.71179344
215000 5988.71179344
216000 7979.00597964
217000 7979.00597964
218000 9969.30016584
219000 4430.45783133
220000 4430.45783133
221000 4430.45783133
222000 7635.61693811
223000 7635.61693811
224000 6262.15755096
225000 6262.15755096
226000 6262.15755096
227000 6262.15755096
228000 6262.15755096
229000 6262.15755096
230000 4888.69816381
231000 4888.69816381
232000 4888.69816381
233000 4888.69816381
234000 4888.69816381
235000 4275.00292448
236000 4275.00292448
237000 4275.00292448
238000 4275.00292448
239000 4275.00292448
240000 4275.00292448
241000 4196.69264994
242000 4196.69264994
243000 4196.69264994
244000 4196.69264994
245000 4196.69264994
246000 4196.69264994
247000 2302.06078632
248000 2302.06078632
249000 2302.06078632
250000 2302.06078632
251000 2302.06078632
252000 2302.06078632
253000 2302.06078632
254000 2302.06078632
255000 2302.06078632
256000 2302.06078632
257000 3369.92725356
258000 3369.92725356
259000 3369.92725356
260000 3369.92725356
261000 3369.92725356
262000 3369.92725356
263000 3369.92725356
264000 3369.92725356
265000 6253.61764037
266000 6253.61764037
267000 6253.61764037
268000 6253.61764037
269000 6253.61764037
270000 7586.67127231
271000 7586.67127231
272000 7586.67127231
273000 7586.67127231
274000 8659.73110325
275000 8659.73110325
276000 8659.73110325
277000 7805.20918684
278000 7805.20918684
279000 7805.20918684
280000 6319.88783175
281000 6319.88783175
282000 6319.88783175
283000 6319.88783175
284000 4694.77385424
285000 4694.77385424
286000 4694.77385424
287000 4694.77385424
288000 4694.77385424
289000 4694.77385424
290000 3781.40637021
291000 3781.40637021
292000 3781.40637021
293000 3781.40637021
294000 3781.40637021
295000 3781.40637021
296000 8132.61968333
297000 8132.61968333
298000 8132.61968333
299000 8132.61968333
300000 4604.16713092
301000 4604.16713092
302000 4604.16713092
303000 4604.16713092
304000 4604.16713092
305000 8614.9929025
306000 8614.9929025
307000 8614.9929025
308000 5481.73637961
309000 5481.73637961
310000 5481.73637961
311000 5481.73637961
312000 5481.73637961
313000 8209.63432597
314000 8209.63432597
315000 8209.63432597
316000 3470.46815505
317000 3470.46815505
318000 3470.46815505
319000 3470.46815505
320000 3470.46815505
321000 3470.46815505
322000 3470.46815505
323000 9411.92389006
324000 9411.92389006
325000 9411.92389006
326000 5863.62903226
327000 5863.62903226
328000 5863.62903226
329000 5863.62903226
330000 6280.65236052
331000 6280.65236052
332000 6280.65236052
333000 6280.65236052
334000 5280.94529197
335000 5280.94529197
336000 5280.94529197
337000 5280.94529197
338000 5280.94529197
339000 5280.94529197
340000 5280.94529197
341000 5280.94529197
342000 5280.94529197
343000 5280.94529197
344000 4281.23822342
345000 4281.23822342
346000 4281.23822342
347000 4281.23822342
348000 4281.23822342
349000 10303.5598166
350000 10303.5598166
351000 6926.43437453
352000 6926.43437453
353000 6926.43437453
354000 6926.43437453
355000 6926.43437453
356000 6926.43437453
357000 6926.43437453
358000 6926.43437453
359000 6926.43437453
360000 6926.43437453
361000 3549.30893246
362000 3549.30893246
363000 3549.30893246
364000 3549.30893246
365000 3549.30893246
366000 3549.30893246
367000 3549.30893246
368000 3949.76171352
369000 3949.76171352
370000 3949.76171352
371000 3949.76171352
372000 3949.76171352
373000 3949.76171352
374000 3949.76171352
375000 4177.31868132
376000 4177.31868132
377000 4177.31868132
378000 4177.31868132
379000 4177.31868132
380000 4177.31868132
381000 4177.31868132
382000 3287.79368299
383000 3287.79368299
384000 3287.79368299
385000 3287.79368299
386000 3287.79368299
387000 3287.79368299
388000 3287.79368299
389000 3287.79368299
390000 6910.43096115
391000 6910.43096115
392000 6910.43096115
393000 6910.43096115
394000 6910.43096115
395000 6910.43096115
396000 6910.43096115
397000 6910.43096115
398000 6910.43096115
399000 10533.0682393
400000 10533.0682393
401000 10533.0682393
402000 10533.0682393
403000 6150.31069767
404000 6150.31069767
405000 6150.31069767
406000 6150.31069767
407000 8855.09274013
408000 8855.09274013
409000 8855.09274013
410000 8855.09274013
411000 8855.09274013
412000 8855.09274013
413000 8855.09274013
414000 8855.09274013
415000 8855.09274013
416000 8855.09274013
417000 11559.8747826
418000 11559.8747826
419000 11559.8747826
