0 4000.44840764
1000 4000.44840764
2000 4000.44840764
3000 4000.44840764
4000 4000.44840764
5000 4000.44840764
6000 3750.27967098
7000 3750.27967098
8000 4647.21438451
9000 4788.02025224
10000 4788.02025224
11000 4788.02025224
12000 4788.02025224
13000 4928.82611997
14000 4928.82611997
15000 5605.06756757
16000 5605.06756757
17000 5605.06756757
18000 5345.16825397
19000 5345.16825397
20000 5345.16825397
21000 5719.12230216
22000 5719.12230216
23000 8310.34433113
24000 8310.34433113
25000 11085.4108874
26000 11085.4108874
27000 8925.93479707
28000 5314.40685892
29000 5314.40685892
30000 5314.40685892
31000 4243.15311355
32000 4243.15311355
33000 4243.15311355
34000 4156.05955335
35000 4156.05955335
36000 4156.05955335
37000 4156.05955335
38000 6358.03759743
39000 6358.03759743
40000 5636.05791313
41000 5636.05791313
42000 8806.04990403
43000 8806.04990403
44000 3574.38395753
45000 3574.38395753
46000 3574.38395753
47000 3811.90704128
48000 3811.90704128
49000 3811.90704128
50000 3813.44162437
51000 3813.44162437
52000 3813.44162437
53000 3813.44162437
54000 4043.74152734
55000 4043.74152734
56000 5286.88695652
57000 5286.88695652
58000 5286.88695652
59000 3795.48625359
60000 3795.48625359
61000 4631.34831461
62000 4631.34831461
63000 4631.34831461
64000 4631.34831461
65000 4289.34758665
66000 4289.34758665
67000 4289.34758665
68000 3048.06982085
69000 3048.06982085
70000 3048.06982085
71000 3048.06982085
72000 3989.17869524
73000 3989.17869524
74000 3989.17869524
75000 3989.17869524
76000 3501.63708935
77000 3501.63708935
78000 3501.63708935
79000 3388.98013245
80000 3388.98013245
81000 3388.98013245
82000 3388.98013245
83000 3528.84376763
84000 3528.84376763
85000 3528.84376763
86000 3070.53492175
87000 3070.53492175
88000 3070.53492175
89000 3070.53492175
90000 3070.53492175
91000 3653.11076247
92000 3653.11076247
93000 3653.11076247
94000 3621.98365808
95000 3621.98365808
96000 3621.98365808
97000 3621.98365808
98000 2908.25897772
99000 2908.25897772
100000 2908.25897772
101000 2908.25897772
102000 2917.3103623
103000 2917.3103623
104000 2917.3103623
105000 2917.3103623
106000 2874.4372327
107000 2874.4372327
108000 2874.4372327
109000 2874.4372327
110000 2668.15727144
111000 2668.15727144
112000 2668.15727144
113000 2668.15727144
114000 2668.15727144
115000 2201.40683082
116000 2201.40683082
117000 2201.40683082
118000 2201.40683082
119000 2201.40683082
120000 2201.40683082
121000 2172.88645381
122000 2172.88645381
123000 2172.88645381
124000 2172.88645381
125000 2172.88645381
126000 2172.88645381
127000 2888.42973786
128000 2888.42973786
129000 2888.42973786
130000 2888.42973786
131000 2888.42973786
132000 2194.27080936
133000 2194.27080936
134000 2194.27080936
135000 2194.27080936
136000 2194.27080936
137000 1697.64907364
138000 1697.64907364
139000 1697.64907364
140000 1697.64907364
141000 1697.64907364
142000 1697.64907364
143000 1697.64907364
144000 1585.69434187
145000 1585.69434187
146000 1585.69434187
147000 1585.69434187
148000 1585.69434187
149000 1585.69434187
150000 1585.69434187
151000 1585.69434187
152000 2327.67840862
153000 2327.67840862
154000 2327.67840862
155000 2327.67840862
156000 2327.67840862
157000 3493.30669331
158000 3493.30669331
159000 3746.87755048
160000 3746.87755048
161000 3746.87755048
162000 4000.44840764
163000 4000.44840764
164000 3750.27967098
165000 3750.27967098
166000 4647.21438451
167000 4788.02025224
168000 4788.02025224
169000 4788.02025224
170000 4788.02025224
171000 4928.82611997
172000 4928.82611997
173000 4928.82611997
174000 5605.06756757
175000 5605.06756757
176000 5345.16825397
177000 5345.16825397
178000 5345.16825397
179000 5719.12230216
180000 5719.12230216
181000 8310.34433113
182000 8310.34433113
183000 11085.4108874
184000 11085.4108874
185000 8925.93479707
186000 8925.93479707
187000 5314.40685892
188000 5314.40685892
189000 4243.15311355
190000 4243.15311355
191000 4243.15311355
192000 4156.05955335
193000 4156.05955335
194000 4156.05955335
195000 4156.05955335
196000 6358.03759743
197000 6358.03759743
198000 5636.05791313
199000 5636.05791313
200000 5636.05791313
201000 8806.04990403
202000 3574.38395753
203000 3574.38395753
204000 3574.38395753
205000 3811.90704128
206000 3811.90704128
207000 3811.90704128
208000 3813.44162437
209000 3813.44162437
210000 3813.44162437
211000 3813.44162437
212000 4043.74152734
213000 4043.74152734
214000 5286.88695652
215000 5286.88695652
216000 5286.88695652
217000 3795.48625359
218000 3795.48625359
219000 3795.48625359
220000 4631.34831461
221000 4631.34831461
222000 4631.34831461
223000 4289.34758665
224000 4289.34758665
225000 4289.34758665
226000 3048.06982085
227000 3048.06982085
228000 3048.06982085
229000 3048.06982085
230000 3048.06982085
231000 3989.17869524
232000 3989.17869524
233000 3989.17869524
234000 3501.63708935
235000 3501.63708935
236000 3501.63708935
237000 3388.98013245
238000 3388.98013245
239000 3388.98013245
240000 3388.98013245
241000 3528.84376763
242000 3528.84376763
243000 3528.84376763
244000 3070.53492175
245000 3070.53492175
246000 3070.53492175
247000 3070.53492175
248000 3070.53492175
249000 3653.11076247
250000 3653.11076247
251000 3653.11076247
252000 3621.98365808
253000 3621.98365808
254000 3621.98365808
255000 3621.98365808
256000 2908.25897772
257000 2908.25897772
258000 2908.25897772
259000 2908.25897772
260000 2917.3103623
261000 2917.3103623
262000 2917.3103623
263000 2917.3103623
264000 2874.4372327
265000 2874.4372327
266000 2874.4372327
267000 2874.4372327
268000 2668.15727144
269000 2668.15727144
270000 2668.15727144
271000 2668.15727144
272000 2668.15727144
273000 2201.40683082
274000 2201.40683082
275000 2201.40683082
276000 2201.40683082
277000 2201.40683082
278000 2201.40683082
279000 2172.88645381
280000 2172.88645381
281000 2172.88645381
282000 2172.88645381
283000 2172.88645381
284000 2172.88645381
285000 2888.42973786
286000 2888.42973786
287000 2888.42973786
288000 2888.42973786
289000 2888.42973786
290000 2194.27080936
291000 2194.27080936
292000 2194.27080936
293000 2194.27080936
294000 2194.27080936
295000 1697.64907364
296000 1697.64907364
297000 1697.64907364
298000 1697.64907364
299000 1697.64907364
300000 1697.64907364
301000 1697.64907364
302000 1585.69434187
303000 1585.69434187
304000 1585.69434187
305000 1585.69434187
306000 1585.69434187
307000 1585.69434187
308000 1585.69434187
309000 1585.69434187
310000 1585.69434187
311000 2327.67840862
312000 2327.67840862
313000 2327.67840862
314000 2327.67840862
315000 2327.67840862
316000 3493.30669331
