0 2637.04536741
1000 2637.04536741
2000 2637.04536741
3000 2637.04536741
4000 2637.04536741
5000 2637.04536741
6000 2973.1054384
7000 3347.74655647
8000 3347.74655647
9000 3218.20782369
10000 3218.20782369
11000 3218.20782369
12000 3088.66909091
13000 3088.66909091
14000 1061.2551466
15000 1061.2551466
16000 2249.72017604
17000 2249.72017604
18000 3438.18520548
19000 3438.18520548
20000 3381.18422366
21000 3381.18422366
22000 3365.85964912
23000 3365.85964912
24000 3212.58947368
25000 3212.58947368
26000 3445.70846075
27000 3445.70846075
28000 3453.13853904
29000 3453.13853904
30000 3394.76607239
31000 3394.76607239
32000 3446.69785963
33000 3446.69785963
34000 3547.72225827
35000 3547.72225827
36000 3315.66887417
37000 3383.70006513
38000 3451.73125609
39000 3451.73125609
40000 3451.73125609
41000 3505.17534648
42000 3505.17534648
43000 3505.17534648
44000 3505.17534648
45000 3558.61943688
46000 3478.34994036
47000 3478.34994036
48000 3398.08044383
49000 3398.08044383
50000 3398.08044383
51000 3398.08044383
52000 3427.49666043
53000 3427.49666043
54000 3427.49666043
55000 3427.49666043
56000 3932.68
57000 3621.71250492
58000 3621.71250492
59000 3310.74500984
60000 3310.74500984
61000 3310.74500984
62000 3310.74500984
63000 3730.05865613
64000 3730.05865613
65000 3730.05865613
66000 3730.05865613
67000 2228.35731225
68000 2228.35731225
69000 2228.35731225
70000 2228.35731225
71000 2228.35731225
72000 3221.30769231
73000 3221.30769231
74000 3221.30769231
75000 3221.30769231
76000 3534.78062678
77000 3445.02996354
78000 3445.02996354
79000 3355.27930029
80000 3355.27930029
81000 3355.27930029
82000 3355.27930029
83000 3259.38526316
84000 3259.38526316
85000 3259.38526316
86000 3259.38526316
87000 3353.42065184
88000 3353.42065184
89000 3353.42065184
90000 3142.9216
91000 3142.9216
92000 3142.9216
93000 3239.8656583
94000 3336.8097166
95000 3336.8097166
96000 3336.8097166
97000 3336.8097166
98000 3418.92896175
99000 3418.92896175
100000 3418.92896175
101000 2638.49219888
102000 2638.49219888
103000 2638.49219888
104000 2638.49219888
105000 2638.49219888
106000 3781.72715895
107000 3590.18170028
108000 3590.18170028
109000 3590.18170028
110000 3590.18170028
111000 3398.63624161
112000 3398.63624161
113000 3398.63624161
114000 3398.63624161
115000 3517.95369044
116000 3517.95369044
117000 3517.95369044
118000 3517.95369044
119000 3445.57074722
120000 3445.57074722
121000 3445.57074722
122000 3381.38888889
123000 3381.38888889
124000 3381.38888889
125000 3381.38888889
126000 3356.17007874
127000 3356.17007874
128000 3356.17007874
129000 3356.17007874
130000 3237.39119336
131000 3237.39119336
132000 3237.39119336
133000 3237.39119336
134000 3440.50249822
135000 3440.50249822
136000 3440.50249822
137000 3449.21807027
138000 3449.21807027
139000 3449.21807027
140000 3449.21807027
141000 3414.02841744
142000 3414.02841744
143000 3414.02841744
144000 3414.02841744
145000 3672.7
146000 3320.6525
147000 3320.6525
148000 2968.605
149000 2968.605
150000 3186.08284682
151000 3186.08284682
152000 3403.56069364
153000 3403.56069364
154000 3403.56069364
155000 3453.48287542
156000 3453.48287542
157000 3453.48287542
158000 1559.45472254
159000 1559.45472254
160000 1559.45472254
161000 1559.45472254
162000 2637.04536741
163000 2973.1054384
164000 3160.42599743
165000 3347.74655647
166000 3347.74655647
167000 3218.20782369
168000 3218.20782369
169000 3088.66909091
170000 3088.66909091
171000 1061.2551466
172000 1061.2551466
173000 2249.72017604
174000 2249.72017604
175000 3438.18520548
176000 3438.18520548
177000 3381.18422366
178000 3381.18422366
179000 3365.85964912
180000 3365.85964912
181000 3212.58947368
182000 3212.58947368
183000 3329.14896722
184000 3445.70846075
185000 3445.70846075
186000 3453.13853904
187000 3453.13853904
188000 3394.76607239
189000 3394.76607239
190000 3446.69785963
191000 3446.69785963
192000 3547.72225827
193000 3315.66887417
194000 3383.70006513
195000 3383.70006513
196000 3451.73125609
197000 3451.73125609
198000 3505.17534648
199000 3505.17534648
200000 3505.17534648
201000 3505.17534648
202000 3558.61943688
203000 3558.61943688
204000 3478.34994036
205000 3398.08044383
206000 3398.08044383
207000 3398.08044383
208000 3398.08044383
209000 3398.08044383
210000 3427.49666043
211000 3427.49666043
212000 3427.49666043
213000 3427.49666043
214000 3621.71250492
215000 3621.71250492
216000 3621.71250492
217000 3310.74500984
218000 3310.74500984
219000 3310.74500984
220000 3310.74500984
221000 3730.05865613
222000 3730.05865613
223000 3730.05865613
224000 2228.35731225
225000 2228.35731225
226000 2228.35731225
227000 2228.35731225
228000 2228.35731225
229000 3221.30769231
230000 3221.30769231
231000 3221.30769231
232000 3221.30769231
233000 3534.78062678
234000 3445.02996354
235000 3445.02996354
236000 3445.02996354
237000 3355.27930029
238000 3355.27930029
239000 3355.27930029
240000 3355.27930029
241000 3259.38526316
242000 3259.38526316
243000 3259.38526316
244000 3259.38526316
245000 3353.42065184
246000 3353.42065184
247000 3353.42065184
248000 3142.9216
249000 3142.9216
250000 3142.9216
251000 3239.8656583
252000 3336.8097166
253000 3336.8097166
254000 3336.8097166
255000 3418.92896175
256000 3418.92896175
257000 3418.92896175
258000 3418.92896175
259000 2638.49219888
260000 2638.49219888
261000 2638.49219888
262000 2638.49219888
263000 2638.49219888
264000 3781.72715895
265000 3590.18170028
266000 3590.18170028
267000 3590.18170028
268000 3590.18170028
269000 3398.63624161
270000 3398.63624161
271000 3398.63624161
272000 3517.95369044
273000 3517.95369044
274000 3517.95369044
275000 3517.95369044
276000 3517.95369044
277000 3445.57074722
278000 3445.57074722
279000 3445.57074722
280000 3381.38888889
281000 3381.38888889
282000 3381.38888889
283000 3381.38888889
284000 3356.17007874
285000 3356.17007874
286000 3356.17007874
287000 3356.17007874
288000 3237.39119336
289000 3237.39119336
290000 3237.39119336
291000 3440.50249822
292000 3440.50249822
293000 3440.50249822
294000 3449.21807027
295000 3449.21807027
296000 3449.21807027
297000 3449.21807027
298000 3414.02841744
299000 3414.02841744
300000 3414.02841744
301000 3414.02841744
302000 3414.02841744
303000 3320.6525
304000 3320.6525
305000 3320.6525
306000 2968.605
307000 2968.605
308000 3186.08284682
309000 3403.56069364
310000 3403.56069364
311000 3403.56069364
312000 3453.48287542
313000 3453.48287542
314000 3453.48287542
315000 481.86407767
