0 1745.31343284
1000 1745.31343284
2000 1745.31343284
3000 1745.31343284
4000 1745.31343284
5000 1745.31343284
6000 1745.31343284
7000 1745.31343284
8000 933.847272727
9000 933.847272727
10000 968.515894641
11000 968.515894641
12000 954.193958213
13000 954.193958213
14000 954.193958213
15000 939.872021784
16000 939.872021784
17000 939.872021784
18000 939.872021784
19000 2917.91014975
20000 2917.91014975
21000 1033.7015873
22000 1033.7015873
23000 1033.7015873
24000 1221.64348925
25000 1221.64348925
26000 1221.64348925
27000 944.620037807
28000 944.620037807
29000 944.620037807
30000 650.214141414
31000 650.214141414
32000 650.214141414
33000 650.214141414
34000 1097.27454439
35000 1097.27454439
36000 1097.27454439
37000 889.720930233
38000 889.720930233
39000 889.720930233
40000 1042.89769016
41000 1042.89769016
42000 1042.89769016
43000 1042.89769016
44000 1042.89769016
45000 1042.89769016
46000 1042.89769016
47000 1042.89769016
48000 1042.89769016
49000 1042.89769016
50000 1042.89769016
51000 1042.89769016
52000 1042.89769016
53000 1196.07445008
54000 1196.07445008
55000 1196.07445008
56000 1196.07445008
57000 1561.38496583
58000 1561.38496583
59000 1561.38496583
60000 1376.93174224
61000 1376.93174224
62000 1376.93174224
63000 1278.55765199
64000 1278.55765199
65000 1278.55765199
66000 1037.30899609
67000 1037.30899609
68000 1037.30899609
69000 1037.30899609
70000 2155.1090435
71000 2155.1090435
72000 2155.1090435
73000 2155.1090435
74000 2155.1090435
75000 2155.1090435
76000 3272.90909091
77000 3272.90909091
78000 3272.90909091
79000 779.741765481
80000 779.741765481
81000 727.59051186
82000 727.59051186
83000 727.59051186
84000 719.102895872
85000 719.102895872
86000 719.102895872
87000 3587.56687898
88000 2308.68953956
89000 2308.68953956
90000 1029.81220014
91000 1029.81220014
92000 1029.81220014
93000 1029.81220014
94000 1080.04287245
95000 1080.04287245
96000 1080.04287245
97000 831.175477566
98000 831.175477566
99000 831.175477566
100000 10682.0240964
101000 987.075603217
102000 987.075603217
103000 987.075603217
104000 1057.36782902
105000 1057.36782902
106000 1057.36782902
107000 1159.77411059
108000 1159.77411059
109000 1262.18039216
110000 1262.18039216
111000 1262.18039216
112000 1262.18039216
113000 1262.18039216
114000 1705.59155673
115000 1705.59155673
116000 1705.59155673
117000 8653.57863501
118000 1164.94135567
119000 1164.94135567
120000 1164.94135567
121000 1164.94135567
122000 1270.8029462
123000 1270.8029462
124000 1376.66453674
125000 1376.66453674
126000 1376.66453674
127000 1376.66453674
128000 1376.66453674
129000 1593.73107747
130000 1593.73107747
131000 1593.73107747
132000 1565.16438356
133000 1565.16438356
134000 1565.16438356
135000 1565.16438356
136000 5487.75460123
137000 1312.89673704
138000 1312.89673704
139000 1312.89673704
140000 1312.89673704
141000 1823.2195122
142000 1823.2195122
143000 1823.2195122
144000 1674.6611399
145000 1674.6611399
146000 1674.6611399
147000 1674.6611399
148000 1448.2509165
149000 1448.2509165
150000 1448.2509165
151000 1186.5704065
152000 1186.5704065
153000 1186.5704065
154000 1186.5704065
155000 1186.5704065
156000 1327.66501713
157000 1327.66501713
158000 1327.66501713
159000 643.140079222
160000 643.140079222
161000 643.140079222
162000 643.140079222
163000 643.140079222
164000 643.140079222
165000 643.140079222
166000 1348.19077404
167000 1348.19077404
168000 1348.19077404
169000 1516.03706824
170000 1516.03706824
171000 1516.03706824
172000 1516.03706824
173000 1516.03706824
174000 1218.63071358
175000 1218.63071358
176000 1218.63071358
177000 1218.63071358
178000 1467.41268462
179000 1467.41268462
180000 1467.41268462
181000 1498.45927139
182000 1498.45927139
183000 1498.45927139
184000 1498.45927139
185000 1436.05002017
186000 1436.05002017
187000 1436.05002017
188000 1234.46199045
189000 1234.46199045
190000 1234.46199045
191000 1234.46199045
192000 1746.3572744
193000 1746.3572744
194000 1746.3572744
195000 1262.06497065
196000 1262.06497065
197000 1262.06497065
198000 1262.06497065
199000 1262.06497065
200000 1262.06497065
201000 1262.06497065
202000 1262.06497065
203000 1262.06497065
204000 1262.06497065
205000 1262.06497065
206000 1303.76331361
207000 1303.76331361
208000 1303.76331361
209000 1410.0
210000 1410.0
211000 1410.0
212000 1266.52631579
213000 1266.52631579
214000 1266.52631579
215000 883.880597015
216000 883.880597015
217000 392.711111111
218000 392.711111111
219000 1069.01227198
220000 1069.01227198
221000 1069.01227198
222000 1069.01227198
223000 1745.31343284
224000 1745.31343284
225000 1745.31343284
226000 1745.31343284
227000 933.847272727
228000 933.847272727
229000 968.515894641
230000 968.515894641
231000 954.193958213
232000 954.193958213
233000 954.193958213
234000 939.872021784
235000 939.872021784
236000 939.872021784
237000 939.872021784
238000 2917.91014975
239000 1033.7015873
240000 1033.7015873
241000 1033.7015873
242000 1221.64348925
243000 1221.64348925
244000 1221.64348925
245000 944.620037807
246000 944.620037807
247000 944.620037807
248000 650.214141414
249000 650.214141414
250000 650.214141414
251000 650.214141414
252000 1097.27454439
253000 1097.27454439
254000 1097.27454439
255000 889.720930233
256000 889.720930233
257000 889.720930233
258000 1042.89769016
259000 1042.89769016
260000 1042.89769016
261000 1042.89769016
262000 1042.89769016
263000 1042.89769016
264000 1042.89769016
265000 1042.89769016
266000 1042.89769016
267000 1042.89769016
268000 1042.89769016
269000 1042.89769016
270000 1042.89769016
271000 1196.07445008
272000 1196.07445008
273000 1196.07445008
274000 1196.07445008
275000 1196.07445008
276000 1561.38496583
277000 1561.38496583
278000 1376.93174224
279000 1376.93174224
280000 1376.93174224
281000 1278.55765199
282000 1278.55765199
283000 1278.55765199
284000 1037.30899609
285000 1037.30899609
286000 1037.30899609
287000 1037.30899609
288000 2155.1090435
289000 2155.1090435
290000 2155.1090435
291000 2155.1090435
292000 2155.1090435
293000 2155.1090435
294000 3272.90909091
295000 3272.90909091
296000 3272.90909091
297000 779.741765481
298000 779.741765481
299000 779.741765481
300000 727.59051186
301000 727.59051186
302000 727.59051186
303000 719.102895872
304000 719.102895872
305000 3587.56687898
306000 3587.56687898
307000 2308.68953956
308000 2308.68953956
309000 1029.81220014
310000 1029.81220014
311000 1029.81220014
312000 1080.04287245
313000 1080.04287245
314000 1080.04287245
315000 831.175477566
316000 831.175477566
317000 831.175477566
318000 10682.0240964
319000 987.075603217
320000 987.075603217
321000 987.075603217
322000 1057.36782902
323000 1057.36782902
324000 1057.36782902
325000 1159.77411059
326000 1159.77411059
327000 1159.77411059
328000 1262.18039216
329000 1262.18039216
330000 1262.18039216
331000 1262.18039216
332000 1705.59155673
333000 1705.59155673
334000 1705.59155673
335000 8653.57863501
336000 1164.94135567
337000 1164.94135567
338000 1164.94135567
339000 1164.94135567
340000 1270.8029462
341000 1270.8029462
342000 1270.8029462
343000 1376.66453674
344000 1376.66453674
345000 1376.66453674
346000 1376.66453674
347000 1593.73107747
348000 1593.73107747
349000 1593.73107747
350000 1593.73107747
351000 1565.16438356
352000 1565.16438356
353000 1565.16438356
354000 5487.75460123
355000 5487.75460123
356000 1312.89673704
357000 1312.89673704
358000 1312.89673704
359000 1823.2195122
360000 1823.2195122
361000 1823.2195122
362000 1674.6611399
363000 1674.6611399
364000 1674.6611399
365000 1674.6611399
366000 1448.2509165
367000 1448.2509165
368000 1448.2509165
369000 1186.5704065
370000 1186.5704065
371000 1186.5704065
372000 1186.5704065
373000 1186.5704065
374000 1327.66501713
375000 1327.66501713
376000 1327.66501713
377000 1327.66501713
378000 643.140079222
379000 643.140079222
380000 643.140079222
381000 643.140079222
382000 643.140079222
383000 643.140079222
384000 1348.19077404
385000 1348.19077404
386000 1348.19077404
387000 1348.19077404
388000 1516.03706824
389000 1516.03706824
390000 1516.03706824
391000 1516.03706824
392000 1218.63071358
393000 1218.63071358
394000 1218.63071358
395000 1218.63071358
396000 1467.41268462
397000 1467.41268462
398000 1467.41268462
399000 1467.41268462
400000 1498.45927139
401000 1498.45927139
402000 1498.45927139
403000 1436.05002017
404000 1436.05002017
405000 1436.05002017
406000 1436.05002017
407000 1234.46199045
408000 1234.46199045
409000 1234.46199045
410000 1746.3572744
411000 1746.3572744
412000 1746.3572744
413000 1746.3572744
414000 1262.06497065
415000 1262.06497065
416000 1262.06497065
417000 1262.06497065
418000 1262.06497065
419000 1262.06497065
420000 1262.06497065
421000 1262.06497065
422000 1262.06497065
423000 1262.06497065
424000 1303.76331361
425000 1303.76331361
426000 1303.76331361
427000 1410.0
428000 1410.0
429000 1410.0
430000 1266.52631579
431000 1266.52631579
432000 1266.52631579
433000 883.880597015
434000 883.880597015
435000 392.711111111
436000 392.711111111
