0 1535.95467422
1000 1535.95467422
2000 1535.95467422
3000 1535.95467422
4000 1535.95467422
5000 1535.95467422
6000 1535.95467422
7000 1729.3832777
8000 1922.81188119
9000 1922.81188119
10000 2019.35664336
11000 1955.45609946
12000 1955.45609946
13000 1891.55555556
14000 1891.55555556
15000 1843.51054852
16000 1843.51054852
17000 1811.58660844
18000 1811.58660844
19000 1828.99902143
20000 1846.41143441
21000 1846.41143441
22000 1846.41143441
23000 1846.41143441
24000 1723.52231604
25000 1723.52231604
26000 1723.52231604
27000 1709.75588328
28000 1709.75588328
29000 1709.75588328
30000 1725.44170553
31000 1725.44170553
32000 1725.44170553
33000 1725.44170553
34000 1700.92808684
35000 1700.92808684
36000 1700.92808684
37000 1703.79157285
38000 1703.79157285
39000 1703.79157285
40000 1703.79157285
41000 1706.47101212
42000 1706.47101212
43000 1706.47101212
44000 1738.02489627
45000 1738.02489627
46000 1738.02489627
47000 1738.02489627
48000 1717.60842717
49000 1717.60842717
50000 1717.60842717
51000 1766.69866667
52000 1766.69866667
53000 1766.69866667
54000 1756.8806019
55000 1756.8806019
56000 1756.8806019
57000 1736.98068585
58000 1736.98068585
59000 1736.98068585
60000 1716.22680412
61000 1716.22680412
62000 1716.22680412
63000 1704.03480423
64000 1704.03480423
65000 1704.03480423
66000 1704.03480423
67000 1699.5148987
68000 1699.5148987
69000 1699.5148987
70000 1699.5148987
71000 1699.5148987
72000 1694.99499317
73000 1694.99499317
74000 1694.99499317
75000 1694.99499317
76000 1679.7964201
77000 1679.7964201
78000 1679.7964201
79000 1679.7964201
80000 1679.7964201
81000 1705.16045225
82000 1705.16045225
83000 1705.16045225
84000 1705.16045225
85000 1682.94088425
86000 1682.94088425
87000 1682.94088425
88000 1682.94088425
89000 1705.01771337
90000 1705.01771337
91000 1705.01771337
92000 1705.01771337
93000 1705.01771337
94000 1707.02664298
95000 1707.02664298
96000 1707.02664298
97000 1707.02664298
98000 1693.56365963
99000 1693.56365963
100000 1693.56365963
101000 1710.48696199
102000 1710.48696199
103000 1710.48696199
104000 1734.11268896
105000 1734.11268896
106000 1734.11268896
107000 1693.31468531
108000 1693.31468531
109000 1693.31468531
110000 1724.63931736
111000 1724.63931736
112000 1724.63931736
113000 1718.71959027
114000 1718.71959027
115000 1718.71959027
116000 1718.96231033
117000 1718.96231033
118000 1718.96231033
119000 1718.96231033
120000 1718.96231033
121000 1729.42470862
122000 1729.42470862
123000 1729.42470862
124000 1729.42470862
125000 1729.42470862
126000 1565.30348469
127000 1565.30348469
128000 1565.30348469
129000 1565.30348469
130000 1565.30348469
131000 1741.85385935
132000 1741.85385935
133000 1741.85385935
134000 1729.02242704
135000 1729.02242704
136000 1729.02242704
137000 1729.02242704
138000 1729.02242704
139000 1737.23806472
140000 1737.23806472
141000 1737.23806472
142000 1749.78842315
143000 1749.78842315
144000 1749.78842315
145000 1749.78842315
146000 1749.78842315
147000 1714.62582057
148000 1714.62582057
149000 1714.62582057
150000 1714.62582057
151000 1707.14122747
152000 1707.14122747
153000 1707.14122747
154000 1707.14122747
155000 1707.14122747
156000 1725.48565919
157000 1725.48565919
158000 1725.48565919
159000 1725.48565919
160000 1758.72973867
161000 1758.72973867
162000 1758.72973867
163000 1758.72973867
164000 1748.96817331
165000 1748.96817331
166000 1748.96817331
167000 1748.96817331
168000 1678.77081988
169000 1678.77081988
170000 1678.77081988
171000 1678.77081988
172000 1678.77081988
173000 1722.42323651
174000 1722.42323651
175000 1722.42323651
176000 1722.42323651
177000 1486.37137569
178000 1486.37137569
179000 1486.37137569
180000 1486.37137569
181000 1486.37137569
182000 1204.2961736
183000 1204.2961736
184000 1204.2961736
185000 1204.2961736
186000 1204.2961736
187000 1204.2961736
188000 1204.2961736
189000 4696.06888069
190000 4696.06888069
191000 4696.06888069
192000 4696.06888069
193000 4696.06888069
194000 1657.13965437
195000 1657.13965437
196000 1657.13965437
197000 1657.13965437
198000 1657.13965437
199000 1174.8198033
200000 1174.8198033
201000 1174.8198033
202000 1174.8198033
203000 1174.8198033
204000 1174.8198033
205000 1659.05154639
206000 1597.50311031
207000 1597.50311031
208000 1597.50311031
209000 1597.50311031
210000 1535.95467422
211000 1535.95467422
212000 1729.3832777
213000 1922.81188119
214000 1922.81188119
215000 2019.35664336
216000 2019.35664336
217000 1955.45609946
218000 1891.55555556
219000 1891.55555556
220000 1891.55555556
221000 1843.51054852
222000 1811.58660844
223000 1811.58660844
224000 1828.99902143
225000 1828.99902143
226000 1846.41143441
227000 1846.41143441
228000 1846.41143441
229000 1723.52231604
230000 1723.52231604
231000 1723.52231604
232000 1709.75588328
233000 1709.75588328
234000 1709.75588328
235000 1709.75588328
236000 1725.44170553
237000 1725.44170553
238000 1725.44170553
239000 1700.92808684
240000 1700.92808684
241000 1700.92808684
242000 1700.92808684
243000 1703.79157285
244000 1703.79157285
245000 1703.79157285
246000 1706.47101212
247000 1706.47101212
248000 1706.47101212
249000 1706.47101212
250000 1738.02489627
251000 1738.02489627
252000 1738.02489627
253000 1717.60842717
254000 1717.60842717
255000 1717.60842717
256000 1717.60842717
257000 1766.69866667
258000 1766.69866667
259000 1756.8806019
260000 1756.8806019
261000 1756.8806019
262000 1756.8806019
263000 1736.98068585
264000 1736.98068585
265000 1736.98068585
266000 1716.22680412
267000 1716.22680412
268000 1716.22680412
269000 1704.03480423
270000 1704.03480423
271000 1704.03480423
272000 1699.5148987
273000 1699.5148987
274000 1699.5148987
275000 1699.5148987
276000 1699.5148987
277000 1694.99499317
278000 1694.99499317
279000 1694.99499317
280000 1694.99499317
281000 1694.99499317
282000 1679.7964201
283000 1679.7964201
284000 1679.7964201
285000 1679.7964201
286000 1679.7964201
287000 1705.16045225
288000 1705.16045225
289000 1705.16045225
290000 1705.16045225
291000 1682.94088425
292000 1682.94088425
293000 1682.94088425
294000 1682.94088425
295000 1705.01771337
296000 1705.01771337
297000 1705.01771337
298000 1705.01771337
299000 1705.01771337
300000 1707.02664298
301000 1707.02664298
302000 1707.02664298
303000 1693.56365963
304000 1693.56365963
305000 1693.56365963
306000 1710.48696199
307000 1710.48696199
308000 1710.48696199
309000 1710.48696199
310000 1734.11268896
311000 1734.11268896
312000 1693.31468531
313000 1693.31468531
314000 1693.31468531
315000 1724.63931736
316000 1724.63931736
317000 1724.63931736
318000 1724.63931736
319000 1718.71959027
320000 1718.71959027
321000 1718.71959027
322000 1718.96231033
323000 1718.96231033
324000 1718.96231033
325000 1718.96231033
326000 1718.96231033
327000 1729.42470862
328000 1729.42470862
329000 1729.42470862
330000 1729.42470862
331000 1565.30348469
332000 1565.30348469
333000 1565.30348469
334000 1565.30348469
335000 1565.30348469
336000 1565.30348469
337000 1741.85385935
338000 1741.85385935
339000 1741.85385935
340000 1729.02242704
341000 1729.02242704
342000 1729.02242704
343000 1729.02242704
344000 1737.23806472
345000 1737.23806472
346000 1737.23806472
347000 1737.23806472
348000 1749.78842315
349000 1749.78842315
350000 1749.78842315
351000 1749.78842315
352000 1714.62582057
353000 1714.62582057
354000 1714.62582057
355000 1714.62582057
356000 1707.14122747
357000 1707.14122747
358000 1707.14122747
359000 1707.14122747
360000 1707.14122747
361000 1725.48565919
362000 1725.48565919
363000 1725.48565919
364000 1725.48565919
365000 1725.48565919
366000 1758.72973867
367000 1758.72973867
368000 1758.72973867
369000 1748.96817331
370000 1748.96817331
371000 1748.96817331
372000 1748.96817331
373000 1678.77081988
374000 1678.77081988
375000 1678.77081988
376000 1678.77081988
377000 1678.77081988
378000 1678.77081988
379000 1722.42323651
380000 1722.42323651
381000 1722.42323651
382000 1722.42323651
383000 1486.37137569
384000 1486.37137569
385000 1486.37137569
386000 1486.37137569
387000 1486.37137569
388000 1204.2961736
389000 1204.2961736
390000 1204.2961736
391000 1204.2961736
392000 1204.2961736
393000 1204.2961736
394000 1204.2961736
395000 4696.06888069
396000 4696.06888069
397000 4696.06888069
398000 4696.06888069
399000 4696.06888069
400000 1657.13965437
401000 1657.13965437
402000 1657.13965437
403000 1657.13965437
404000 1657.13965437
405000 1174.8198033
406000 1174.8198033
407000 1174.8198033
408000 1174.8198033
409000 1174.8198033
410000 1174.8198033
411000 1659.05154639
