0 3910.55890122
1000 3910.55890122
2000 3910.55890122
3000 3910.55890122
4000 3910.55890122
5000 3910.55890122
6000 3910.55890122
7000 2210.34371988
8000 2210.34371988
9000 2210.34371988
10000 6222.3065199
11000 6222.3065199
12000 3421.63452709
13000 3421.63452709
14000 5506.56197075
15000 5506.56197075
16000 3945.72996707
17000 3945.72996707
18000 4992.27733333
19000 5400.56980439
20000 5400.56980439
21000 5400.56980439
22000 5808.86227545
23000 5808.86227545
24000 5808.86227545
25000 5747.1207929
26000 5747.1207929
27000 5747.1207929
28000 5747.1207929
29000 5747.1207929
30000 5747.1207929
31000 5747.1207929
32000 5685.37931034
33000 5685.37931034
34000 5460.09977324
35000 5300.36020585
36000 5140.62063846
37000 5140.62063846
38000 6538.29818182
39000 1976.12944984
40000 1976.12944984
41000 1976.12944984
42000 1976.12944984
43000 3172.65177528
44000 3172.65177528
45000 3172.65177528
46000 3172.65177528
47000 3172.65177528
48000 3172.65177528
49000 3172.65177528
50000 4369.17410072
51000 774.253265796
52000 774.253265796
53000 774.253265796
54000 774.253265796
55000 4044.08888889
56000 4104.02791552
57000 4163.96694215
58000 5435.00874636
59000 5515.29747663
60000 5595.5862069
61000 5595.5862069
62000 5190.62068966
63000 5190.62068966
64000 4882.13694915
65000 4882.13694915
66000 4053.4739255
67000 4053.4739255
68000 6599.6034188
69000 6573.75645756
70000 6573.75645756
71000 4488.76143387
72000 3563.61783439
73000 3563.61783439
74000 3563.61783439
75000 4231.60775371
76000 4231.60775371
77000 5202.30834512
78000 5202.30834512
79000 5203.86206897
80000 1314.54614195
81000 1314.54614195
82000 1314.54614195
83000 1314.54614195
84000 1314.54614195
85000 1314.54614195
86000 5360.38066002
87000 5360.38066002
88000 2952.6345351
89000 2952.6345351
90000 2952.6345351
91000 4437.36683417
92000 4437.36683417
93000 4311.09113608
94000 4940.06153846
95000 4940.06153846
96000 4128.68126521
97000 4128.68126521
98000 6658.9739777
99000 1111.53408578
100000 1111.53408578
101000 1111.53408578
102000 1111.53408578
103000 1111.53408578
104000 1111.53408578
105000 1111.53408578
106000 6483.73190349
107000 6483.73190349
108000 4913.19973457
109000 5171.25705795
110000 5171.25705795
111000 5017.3704246
112000 1146.75007377
113000 1146.75007377
114000 1146.75007377
115000 1146.75007377
116000 1146.75007377
117000 1146.75007377
118000 1146.75007377
119000 801.696679369
120000 801.696679369
121000 801.696679369
122000 801.696679369
123000 801.696679369
124000 801.696679369
125000 801.696679369
126000 801.696679369
127000 801.696679369
128000 801.696679369
129000 5168.17278618
130000 5168.17278618
131000 5303.29172714
132000 6726.61859583
133000 5783.15323855
134000 5783.15323855
135000 4546.0679547
136000 4546.0679547
137000 6405.08748824
138000 2334.8711811
139000 2334.8711811
140000 2334.8711811
141000 5118.83889695
142000 5118.83889695
143000 4630.89328063
144000 4630.89328063
145000 5775.03405573
146000 5783.0848249
147000 5783.0848249
148000 5467.66666667
149000 6821.7641597
150000 6821.7641597
151000 5447.40103781
152000 3797.05385812
153000 3797.05385812
154000 3797.05385812
155000 3797.05385812
156000 3797.05385812
157000 3797.05385812
158000 3797.05385812
159000 3797.05385812
160000 3797.05385812
161000 3797.05385812
162000 3797.05385812
163000 3797.05385812
164000 3797.05385812
165000 3797.05385812
166000 3797.05385812
167000 3797.05385812
168000 2146.70667843
169000 2146.70667843
170000 2146.70667843
171000 2146.70667843
172000 2146.70667843
173000 2146.70667843
174000 2146.70667843
175000 2146.70667843
176000 5731.82838284
177000 5731.82838284
178000 5731.82838284
179000 5154.14457831
180000 5154.14457831
181000 2854.29277487
182000 2854.29277487
183000 2854.29277487
184000 2854.29277487
185000 2854.29277487
186000 6081.24656928
187000 6081.24656928
188000 6081.24656928
189000 5069.27037319
190000 5069.27037319
191000 5069.27037319
192000 3992.1843318
193000 3992.1843318
194000 3992.1843318
195000 4601.72727273
196000 4601.72727273
197000 4601.72727273
198000 2097.15838185
199000 2097.15838185
200000 2097.15838185
201000 2097.15838185
202000 2097.15838185
203000 2097.15838185
204000 2097.15838185
205000 5688.27027027
206000 5688.27027027
207000 5688.27027027
208000 5406.55629139
209000 5406.55629139
210000 5406.55629139
211000 5085.44045911
212000 5085.44045911
213000 5085.44045911
214000 6723.08285164
215000 6723.08285164
216000 5119.36153232
217000 5119.36153232
218000 5119.36153232
219000 5348.26584235
220000 5348.26584235
221000 5348.26584235
222000 4793.51662667
223000 4793.51662667
224000 4793.51662667
225000 5396.70588235
226000 5396.70588235
227000 5396.70588235
228000 5462.52238806
229000 5462.52238806
230000 6552.07920792
231000 5231.31905457
232000 5231.31905457
233000 5231.31905457
234000 5231.31905457
235000 3910.55890122
236000 3910.55890122
237000 2210.34371988
238000 2210.34371988
239000 2210.34371988
240000 6222.3065199
241000 6222.3065199
242000 3421.63452709
243000 3421.63452709
244000 5506.56197075
245000 5506.56197075
246000 3945.72996707
247000 3945.72996707
248000 4992.27733333
249000 5400.56980439
250000 5400.56980439
251000 5400.56980439
252000 5808.86227545
253000 5808.86227545
254000 5808.86227545
255000 5747.1207929
256000 5747.1207929
257000 5747.1207929
258000 5747.1207929
259000 5747.1207929
260000 5747.1207929
261000 5747.1207929
262000 5685.37931034
263000 5685.37931034
264000 5460.09977324
265000 5300.36020585
266000 5140.62063846
267000 5140.62063846
268000 6538.29818182
269000 1976.12944984
270000 1976.12944984
271000 1976.12944984
272000 1976.12944984
273000 3172.65177528
274000 3172.65177528
275000 3172.65177528
276000 3172.65177528
277000 3172.65177528
278000 3172.65177528
279000 3172.65177528
280000 4369.17410072
281000 774.253265796
282000 774.253265796
283000 774.253265796
284000 774.253265796
285000 4044.08888889
286000 4104.02791552
287000 4163.96694215
288000 5435.00874636
289000 5515.29747663
290000 5515.29747663
291000 5595.5862069
292000 5190.62068966
293000 5190.62068966
294000 4882.13694915
295000 4882.13694915
296000 4053.4739255
297000 4053.4739255
298000 6599.6034188
299000 6573.75645756
300000 6573.75645756
301000 4488.76143387
302000 3563.61783439
303000 3563.61783439
304000 3563.61783439
305000 4231.60775371
306000 4231.60775371
307000 5202.30834512
308000 5202.30834512
309000 5203.86206897
310000 1314.54614195
311000 1314.54614195
312000 1314.54614195
313000 1314.54614195
314000 1314.54614195
315000 1314.54614195
316000 5360.38066002
317000 5360.38066002
318000 2952.6345351
319000 2952.6345351
320000 2952.6345351
321000 4437.36683417
322000 4437.36683417
323000 4311.09113608
324000 4940.06153846
325000 4940.06153846
326000 4128.68126521
327000 4128.68126521
328000 6658.9739777
329000 1111.53408578
330000 1111.53408578
331000 1111.53408578
332000 1111.53408578
333000 1111.53408578
334000 1111.53408578
335000 1111.53408578
336000 6483.73190349
337000 6483.73190349
338000 4913.19973457
339000 5171.25705795
340000 5171.25705795
341000 5017.3704246
342000 1146.75007377
343000 1146.75007377
344000 1146.75007377
345000 1146.75007377
346000 1146.75007377
347000 1146.75007377
348000 1146.75007377
349000 801.696679369
350000 801.696679369
351000 801.696679369
352000 801.696679369
353000 801.696679369
354000 801.696679369
355000 801.696679369
356000 801.696679369
357000 801.696679369
358000 801.696679369
359000 5168.17278618
360000 5168.17278618
361000 5303.29172714
362000 6726.61859583
363000 6726.61859583
364000 5783.15323855
365000 4546.0679547
366000 4546.0679547
367000 6405.08748824
368000 2334.8711811
369000 2334.8711811
370000 2334.8711811
371000 5118.83889695
372000 5118.83889695
373000 4630.89328063
374000 4630.89328063
375000 5775.03405573
376000 5783.0848249
377000 5783.0848249
378000 5467.66666667
379000 6821.7641597
380000 6821.7641597
381000 5447.40103781
382000 3797.05385812
383000 3797.05385812
384000 3797.05385812
385000 3797.05385812
386000 3797.05385812
387000 3797.05385812
388000 3797.05385812
389000 3797.05385812
390000 3797.05385812
391000 3797.05385812
392000 3797.05385812
393000 3797.05385812
394000 3797.05385812
395000 3797.05385812
396000 3797.05385812
397000 3797.05385812
398000 2146.70667843
399000 2146.70667843
400000 2146.70667843
401000 2146.70667843
402000 2146.70667843
403000 2146.70667843
404000 2146.70667843
405000 2146.70667843
406000 5731.82838284
407000 5731.82838284
408000 5731.82838284
409000 5154.14457831
410000 5154.14457831
411000 5154.14457831
412000 2854.29277487
413000 2854.29277487
414000 2854.29277487
415000 2854.29277487
416000 6081.24656928
417000 6081.24656928
418000 6081.24656928
419000 5069.27037319
420000 5069.27037319
421000 5069.27037319
422000 3992.1843318
423000 3992.1843318
424000 3992.1843318
425000 4601.72727273
426000 4601.72727273
427000 4601.72727273
428000 2097.15838185
429000 2097.15838185
430000 2097.15838185
431000 2097.15838185
432000 2097.15838185
433000 2097.15838185
434000 2097.15838185
435000 5688.27027027
436000 5688.27027027
437000 5688.27027027
438000 5406.55629139
439000 5406.55629139
440000 5406.55629139
441000 5085.44045911
442000 5085.44045911
443000 5085.44045911
444000 6723.08285164
445000 6723.08285164
446000 5119.36153232
447000 5119.36153232
448000 5119.36153232
449000 5348.26584235
450000 5348.26584235
451000 5348.26584235
452000 4793.51662667
453000 4793.51662667
454000 4793.51662667
455000 5396.70588235
456000 5396.70588235
457000 5396.70588235
458000 5462.52238806
459000 5462.52238806
460000 6552.07920792
