0 4520.49117855
1000 4520.49117855
2000 4520.49117855
3000 4520.49117855
4000 6362.96798493
5000 6362.96798493
6000 4166.45810056
7000 4403.99808254
8000 4403.99808254
9000 4403.99808254
10000 4641.53806452
11000 4641.53806452
12000 4641.53806452
13000 6447.24966503
14000 6447.24966503
15000 6447.24966503
16000 6743.75875217
17000 6743.75875217
18000 6743.75875217
19000 4472.19589414
20000 4472.19589414
21000 4472.19589414
22000 4472.19589414
23000 6736.14979938
24000 6736.14979938
25000 5626.11692308
26000 5626.11692308
27000 5626.11692308
28000 4751.48757857
29000 4751.48757857
30000 4751.48757857
31000 5757.76061185
32000 5757.76061185
33000 5757.76061185
34000 6826.32400184
35000 6826.32400184
36000 4927.23176362
37000 4927.23176362
38000 4927.23176362
39000 5762.35129461
40000 5762.35129461
41000 5762.35129461
42000 6885.07152875
43000 6885.07152875
44000 6885.07152875
45000 6763.0132626
46000 6798.51992687
47000 6798.51992687
48000 6798.51992687
49000 6473.83203119
50000 6473.83203119
51000 6473.83203119
52000 6149.14413551
53000 6149.14413551
54000 6149.14413551
55000 6149.14413551
56000 6031.63705104
57000 6031.63705104
58000 6031.63705104
59000 2193.51092422
60000 2193.51092422
61000 2193.51092422
62000 2193.51092422
63000 2193.51092422
64000 2193.51092422
65000 2193.51092422
66000 2193.51092422
67000 2193.51092422
68000 2193.51092422
69000 2193.51092422
70000 5993.4267216
71000 5993.4267216
72000 5993.4267216
73000 5993.4267216
74000 5989.23389831
75000 5989.23389831
76000 5989.23389831
77000 5989.23389831
78000 5866.58189043
79000 5866.58189043
80000 5866.58189043
81000 5866.58189043
82000 2490.87867837
83000 2490.87867837
84000 2490.87867837
85000 2490.87867837
86000 2490.87867837
87000 2490.87867837
88000 2490.87867837
89000 2490.87867837
90000 2490.87867837
91000 2490.87867837
92000 6616.35958763
93000 6616.35958763
94000 6616.35958763
95000 6901.63951034
96000 6901.63951034
97000 6901.63951034
98000 6903.37893412
99000 6903.37893412
100000 5559.6137931
101000 5559.6137931
102000 5559.6137931
103000 5559.6137931
104000 6803.91726213
105000 6803.91726213
106000 6803.91726213
107000 6887.82659637
108000 6887.82659637
109000 6887.82659637
110000 6887.82659637
111000 6789.72678822
112000 6789.72678822
113000 6789.72678822
114000 6892.42221576
115000 6892.42221576
116000 6892.42221576
117000 6892.42221576
118000 6685.64350453
119000 6685.64350453
120000 6685.64350453
121000 6695.31524888
122000 6695.31524888
123000 6695.31524888
124000 5780.53411079
125000 5780.53411079
126000 5780.53411079
127000 5780.53411079
128000 6856.68588544
129000 6856.68588544
130000 6856.68588544
131000 6213.27177335
132000 6213.27177335
133000 6213.27177335
134000 6213.27177335
135000 6100.50814332
136000 6100.50814332
137000 6100.50814332
138000 6100.50814332
139000 5924.11760214
140000 5924.11760214
141000 5924.11760214
142000 5700.83819629
143000 5700.83819629
144000 5700.83819629
145000 5700.83819629
146000 6097.49541284
147000 6097.49541284
148000 6097.49541284
149000 6830.43878788
150000 6830.43878788
151000 6830.43878788
152000 6830.43878788
153000 6830.43878788
154000 5566.45432807
155000 5566.45432807
156000 5996.86642116
157000 5996.86642116
158000 5996.86642116
159000 6141.62412993
160000 6141.62412993
161000 6141.62412993
162000 6141.62412993
163000 6670.83981543
164000 6670.83981543
165000 6670.83981543
166000 6670.83981543
167000 6329.78730803
168000 6329.78730803
169000 6329.78730803
170000 6329.78730803
171000 6255.57883311
172000 6255.57883311
173000 6255.57883311
174000 6255.57883311
175000 6325.22832261
176000 6325.22832261
177000 6325.22832261
178000 6391.79374657
179000 6391.79374657
180000 6391.79374657
181000 6391.79374657
182000 5717.0230303
183000 5717.0230303
184000 5717.0230303
185000 5894.51851852
186000 5894.51851852
187000 5894.51851852
188000 6485.70471204
189000 6485.70471204
190000 6485.70471204
191000 6485.70471204
192000 6414.61822513
193000 6414.61822513
194000 6414.61822513
195000 6414.61822513
196000 5899.34745278
197000 5899.34745278
198000 5899.34745278
199000 5899.34745278
200000 6557.0827803
201000 6557.0827803
202000 6557.0827803
203000 6557.0827803
204000 5796.80717489
205000 5796.80717489
206000 5796.80717489
207000 5922.06596491
208000 5922.06596491
209000 5922.06596491
210000 6252.95318254
211000 6252.95318254
212000 6252.95318254
213000 6252.95318254
214000 5762.83499446
215000 5762.83499446
216000 5762.83499446
217000 5762.83499446
218000 5813.42479457
219000 5813.42479457
220000 5813.42479457
221000 5166.95798656
222000 5166.95798656
223000 4520.49117855
224000 4520.49117855
225000 6362.96798493
226000 4166.45810056
227000 4166.45810056
228000 4403.99808254
229000 4403.99808254
230000 4403.99808254
231000 4641.53806452
232000 4641.53806452
233000 4641.53806452
234000 6447.24966503
235000 6447.24966503
236000 6743.75875217
237000 6743.75875217
238000 6743.75875217
239000 4472.19589414
240000 4472.19589414
241000 4472.19589414
242000 4472.19589414
243000 6736.14979938
244000 6736.14979938
245000 6736.14979938
246000 5626.11692308
247000 5626.11692308
248000 4751.48757857
249000 4751.48757857
250000 4751.48757857
251000 4751.48757857
252000 5757.76061185
253000 5757.76061185
254000 5757.76061185
255000 6826.32400184
256000 6826.32400184
257000 4927.23176362
258000 4927.23176362
259000 4927.23176362
260000 5762.35129461
261000 5762.35129461
262000 5762.35129461
263000 6885.07152875
264000 6885.07152875
265000 6763.0132626
266000 6763.0132626
267000 6798.51992687
268000 6798.51992687
269000 6798.51992687
270000 6473.83203119
271000 6473.83203119
272000 6473.83203119
273000 6149.14413551
274000 6149.14413551
275000 6149.14413551
276000 6149.14413551
277000 6031.63705104
278000 6031.63705104
279000 6031.63705104
280000 2193.51092422
281000 2193.51092422
282000 2193.51092422
283000 2193.51092422
284000 2193.51092422
285000 2193.51092422
286000 2193.51092422
287000 2193.51092422
288000 2193.51092422
289000 2193.51092422
290000 2193.51092422
291000 5993.4267216
292000 5993.4267216
293000 5993.4267216
294000 5993.4267216
295000 5989.23389831
296000 5989.23389831
297000 5989.23389831
298000 5989.23389831
299000 5866.58189043
300000 5866.58189043
301000 5866.58189043
302000 5866.58189043
303000 2490.87867837
304000 2490.87867837
305000 2490.87867837
306000 2490.87867837
307000 2490.87867837
308000 2490.87867837
309000 2490.87867837
310000 2490.87867837
311000 2490.87867837
312000 2490.87867837
313000 6616.35958763
314000 6616.35958763
315000 6616.35958763
316000 6901.63951034
317000 6901.63951034
318000 6903.37893412
319000 6903.37893412
320000 6903.37893412
321000 5559.6137931
322000 5559.6137931
323000 5559.6137931
324000 6803.91726213
325000 6803.91726213
326000 6803.91726213
327000 6803.91726213
328000 6887.82659637
329000 6887.82659637
330000 6887.82659637
331000 6789.72678822
332000 6789.72678822
333000 6789.72678822
334000 6789.72678822
335000 6892.42221576
336000 6892.42221576
337000 6892.42221576
338000 6892.42221576
339000 6685.64350453
340000 6685.64350453
341000 6695.31524888
342000 6695.31524888
343000 6695.31524888
344000 6695.31524888
345000 5780.53411079
346000 5780.53411079
347000 5780.53411079
348000 5780.53411079
349000 6856.68588544
350000 6856.68588544
351000 6856.68588544
352000 6213.27177335
353000 6213.27177335
354000 6213.27177335
355000 6213.27177335
356000 6100.50814332
357000 6100.50814332
358000 6100.50814332
359000 6100.50814332
360000 5924.11760214
361000 5924.11760214
362000 5700.83819629
363000 5700.83819629
364000 5700.83819629
365000 5700.83819629
366000 6097.49541284
367000 6097.49541284
368000 6097.49541284
369000 6097.49541284
370000 6830.43878788
371000 6830.43878788
372000 6830.43878788
373000 6830.43878788
374000 5566.45432807
375000 5566.45432807
376000 5566.45432807
377000 5996.86642116
378000 5996.86642116
379000 5996.86642116
380000 6141.62412993
381000 6141.62412993
382000 6141.62412993
383000 6141.62412993
384000 6670.83981543
385000 6670.83981543
386000 6670.83981543
387000 6670.83981543
388000 6329.78730803
389000 6329.78730803
390000 6329.78730803
391000 6255.57883311
392000 6255.57883311
393000 6255.57883311
394000 6255.57883311
395000 6255.57883311
396000 6325.22832261
397000 6325.22832261
398000 6325.22832261
399000 6391.79374657
400000 6391.79374657
401000 6391.79374657
402000 6391.79374657
403000 5717.0230303
404000 5717.0230303
405000 5894.51851852
406000 5894.51851852
407000 5894.51851852
408000 6485.70471204
409000 6485.70471204
410000 6485.70471204
411000 6485.70471204
412000 6485.70471204
413000 6414.61822513
414000 6414.61822513
415000 6414.61822513
416000 6414.61822513
417000 5899.34745278
418000 5899.34745278
419000 5899.34745278
420000 5899.34745278
421000 6557.0827803
422000 6557.0827803
423000 6557.0827803
424000 6557.0827803
425000 5796.80717489
426000 5796.80717489
427000 5796.80717489
428000 5922.06596491
429000 5922.06596491
430000 5922.06596491
431000 6252.95318254
432000 6252.95318254
433000 6252.95318254
434000 6252.95318254
435000 5762.83499446
436000 5762.83499446
437000 5762.83499446
438000 5762.83499446
439000 5813.42479457
440000 5813.42479457
441000 5813.42479457
