0 1156.30107527
1000 1156.30107527
2000 1156.30107527
3000 1156.30107527
4000 1156.30107527
5000 1156.30107527
6000 1156.30107527
7000 1156.30107527
8000 1156.30107527
9000 1156.30107527
10000 1156.30107527
11000 1156.30107527
12000 1156.30107527
13000 1156.30107527
14000 1156.30107527
15000 1156.30107527
16000 1156.30107527
17000 1156.30107527
18000 1156.30107527
19000 1156.30107527
20000 955.6004091
21000 955.6004091
22000 754.899742931
23000 754.899742931
24000 754.899742931
25000 754.899742931
26000 754.899742931
27000 693.024747299
28000 693.024747299
29000 693.024747299
30000 1052.8
31000 1052.8
32000 1052.8
33000 1122.3574352
34000 1122.3574352
35000 1001.59829802
36000 1001.59829802
37000 1001.59829802
38000 1001.59829802
39000 1001.59829802
40000 1001.59829802
41000 1001.59829802
42000 880.839160839
43000 880.839160839
44000 880.839160839
45000 880.839160839
46000 880.839160839
47000 880.839160839
48000 880.839160839
49000 828.100108814
50000 828.100108814
51000 828.100108814
52000 828.100108814
53000 828.100108814
54000 828.100108814
55000 828.100108814
56000 1111.22902704
57000 1111.22902704
58000 1111.22902704
59000 1111.22902704
60000 1111.22902704
61000 589.486576437
62000 589.486576437
63000 589.486576437
64000 589.486576437
65000 589.486576437
66000 589.486576437
67000 589.486576437
68000 589.486576437
69000 589.486576437
70000 974.696471458
71000 974.696471458
72000 974.696471458
73000 974.696471458
74000 974.696471458
75000 974.696471458
76000 904.088357777
77000 904.088357777
78000 904.088357777
79000 904.088357777
80000 904.088357777
81000 904.088357777
82000 562.321428571
83000 562.321428571
84000 562.321428571
85000 562.321428571
86000 562.321428571
87000 562.321428571
88000 562.321428571
89000 562.321428571
90000 562.321428571
91000 1080.77024442
92000 1080.77024442
93000 1080.77024442
94000 1080.77024442
95000 1080.77024442
96000 900.914234396
97000 900.914234396
98000 900.914234396
99000 900.914234396
100000 900.914234396
101000 900.914234396
102000 900.914234396
103000 900.914234396
104000 900.914234396
105000 1176.60527454
106000 1176.60527454
107000 1176.60527454
108000 1176.60527454
109000 1176.60527454
110000 1176.60527454
111000 690.249487635
112000 690.249487635
113000 690.249487635
114000 690.249487635
115000 690.249487635
116000 690.249487635
117000 690.249487635
118000 564.0
119000 564.0
120000 564.0
121000 564.0
122000 564.0
123000 564.0
124000 564.0
125000 564.0
126000 564.0
127000 564.0
128000 859.464273845
129000 859.464273845
130000 859.464273845
131000 859.464273845
132000 859.464273845
133000 859.464273845
134000 673.526899162
135000 673.526899162
136000 673.526899162
137000 673.526899162
138000 673.526899162
139000 673.526899162
140000 673.526899162
141000 673.526899162
142000 918.977848662
143000 918.977848662
144000 918.977848662
145000 918.977848662
146000 918.977848662
147000 918.977848662
148000 760.289102832
149000 760.289102832
150000 760.289102832
151000 760.289102832
152000 760.289102832
153000 760.289102832
154000 760.289102832
155000 760.289102832
156000 552.543417943
157000 552.543417943
158000 552.543417943
159000 552.543417943
160000 552.543417943
161000 552.543417943
162000 552.543417943
163000 552.543417943
164000 552.543417943
165000 552.543417943
166000 379.11262273
167000 379.11262273
168000 379.11262273
169000 379.11262273
170000 379.11262273
171000 379.11262273
172000 379.11262273
173000 379.11262273
174000 379.11262273
175000 379.11262273
176000 379.11262273
177000 379.11262273
178000 379.11262273
179000 379.11262273
180000 379.11262273
181000 379.11262273
182000 490.122272317
183000 490.122272317
184000 490.122272317
185000 490.122272317
186000 490.122272317
187000 490.122272317
188000 490.122272317
189000 490.122272317
190000 490.122272317
191000 490.122272317
192000 490.122272317
193000 490.122272317
194000 328.293568043
195000 328.293568043
196000 328.293568043
197000 328.293568043
198000 328.293568043
199000 328.293568043
200000 328.293568043
201000 328.293568043
202000 328.293568043
203000 328.293568043
204000 328.293568043
205000 328.293568043
206000 328.293568043
207000 328.293568043
208000 328.293568043
209000 328.293568043
210000 784.929192547
211000 784.929192547
212000 784.929192547
213000 784.929192547
214000 784.929192547
215000 784.929192547
216000 784.929192547
217000 1113.81905385
218000 1113.81905385
219000 1113.81905385
220000 1113.81905385
221000 1113.81905385
222000 381.861200085
223000 381.861200085
224000 381.861200085
225000 381.861200085
226000 381.861200085
227000 381.861200085
228000 381.861200085
229000 381.861200085
230000 381.861200085
231000 381.861200085
232000 381.861200085
233000 381.861200085
234000 381.861200085
235000 381.861200085
236000 381.861200085
237000 709.85620915
238000 709.85620915
239000 709.85620915
240000 709.85620915
241000 709.85620915
242000 709.85620915
243000 709.85620915
244000 709.85620915
245000 2348.74666667
246000 1752.52387097
247000 1752.52387097
248000 1752.52387097
249000 1752.52387097
250000 1752.52387097
251000 1752.52387097
252000 1752.52387097
253000 1752.52387097
254000 1752.52387097
255000 1752.52387097
256000 1752.52387097
257000 1752.52387097
258000 1752.52387097
259000 1752.52387097
260000 1752.52387097
261000 1752.52387097
262000 1752.52387097
263000 1156.30107527
264000 1156.30107527
265000 955.6004091
266000 955.6004091
267000 754.899742931
268000 754.899742931
269000 754.899742931
270000 754.899742931
271000 754.899742931
272000 693.024747299
273000 693.024747299
274000 693.024747299
275000 693.024747299
276000 1052.8
277000 1052.8
278000 1122.3574352
279000 1122.3574352
280000 1122.3574352
281000 1001.59829802
282000 1001.59829802
283000 1001.59829802
284000 1001.59829802
285000 1001.59829802
286000 1001.59829802
287000 880.839160839
288000 880.839160839
289000 880.839160839
290000 880.839160839
291000 880.839160839
292000 880.839160839
293000 880.839160839
294000 828.100108814
295000 828.100108814
296000 828.100108814
297000 828.100108814
298000 828.100108814
299000 828.100108814
300000 828.100108814
301000 1111.22902704
302000 1111.22902704
303000 1111.22902704
304000 1111.22902704
305000 1111.22902704
306000 589.486576437
307000 589.486576437
308000 589.486576437
309000 589.486576437
310000 589.486576437
311000 589.486576437
312000 589.486576437
313000 589.486576437
314000 589.486576437
315000 974.696471458
316000 974.696471458
317000 974.696471458
318000 974.696471458
319000 974.696471458
320000 974.696471458
321000 904.088357777
322000 904.088357777
323000 904.088357777
324000 904.088357777
325000 904.088357777
326000 904.088357777
327000 562.321428571
328000 562.321428571
329000 562.321428571
330000 562.321428571
331000 562.321428571
332000 562.321428571
333000 562.321428571
334000 562.321428571
335000 562.321428571
336000 1080.77024442
337000 1080.77024442
338000 1080.77024442
339000 1080.77024442
340000 1080.77024442
341000 900.914234396
342000 900.914234396
343000 900.914234396
344000 900.914234396
345000 900.914234396
346000 900.914234396
347000 900.914234396
348000 900.914234396
349000 900.914234396
350000 1176.60527454
351000 1176.60527454
352000 1176.60527454
353000 1176.60527454
354000 1176.60527454
355000 1176.60527454
356000 690.249487635
357000 690.249487635
358000 690.249487635
359000 690.249487635
360000 690.249487635
361000 690.249487635
362000 690.249487635
363000 690.249487635
364000 564.0
365000 564.0
366000 564.0
367000 564.0
368000 564.0
369000 564.0
370000 564.0
371000 564.0
372000 564.0
373000 859.464273845
374000 859.464273845
375000 859.464273845
376000 859.464273845
377000 859.464273845
378000 859.464273845
379000 673.526899162
380000 673.526899162
381000 673.526899162
382000 673.526899162
383000 673.526899162
384000 673.526899162
385000 673.526899162
386000 673.526899162
387000 918.977848662
388000 918.977848662
389000 918.977848662
390000 918.977848662
391000 918.977848662
392000 918.977848662
393000 760.289102832
394000 760.289102832
395000 760.289102832
396000 760.289102832
397000 760.289102832
398000 760.289102832
399000 760.289102832
400000 760.289102832
401000 552.543417943
402000 552.543417943
403000 552.543417943
404000 552.543417943
405000 552.543417943
406000 552.543417943
407000 552.543417943
408000 552.543417943
409000 552.543417943
410000 552.543417943
411000 379.11262273
412000 379.11262273
413000 379.11262273
414000 379.11262273
415000 379.11262273
416000 379.11262273
417000 379.11262273
418000 379.11262273
419000 379.11262273
420000 379.11262273
421000 379.11262273
422000 379.11262273
423000 379.11262273
424000 379.11262273
425000 379.11262273
426000 379.11262273
427000 490.122272317
428000 490.122272317
429000 490.122272317
430000 490.122272317
431000 490.122272317
432000 490.122272317
433000 490.122272317
434000 490.122272317
435000 490.122272317
436000 490.122272317
437000 490.122272317
438000 490.122272317
439000 328.293568043
440000 328.293568043
441000 328.293568043
442000 328.293568043
443000 328.293568043
444000 328.293568043
445000 328.293568043
446000 328.293568043
447000 328.293568043
448000 328.293568043
449000 328.293568043
450000 328.293568043
451000 328.293568043
452000 328.293568043
453000 328.293568043
454000 328.293568043
455000 784.929192547
456000 784.929192547
457000 784.929192547
458000 784.929192547
459000 784.929192547
460000 784.929192547
461000 784.929192547
462000 1113.81905385
463000 1113.81905385
464000 1113.81905385
465000 1113.81905385
466000 1113.81905385
467000 381.861200085
468000 381.861200085
469000 381.861200085
470000 381.861200085
471000 381.861200085
472000 381.861200085
473000 381.861200085
474000 381.861200085
475000 381.861200085
476000 381.861200085
477000 381.861200085
478000 381.861200085
479000 381.861200085
480000 381.861200085
481000 381.861200085
482000 709.85620915
483000 709.85620915
484000 709.85620915
485000 709.85620915
486000 709.85620915
487000 709.85620915
488000 709.85620915
489000 709.85620915
490000 2348.74666667
