0 2359.31474639
1000 2359.31474639
2000 2359.31474639
3000 2359.31474639
4000 2359.31474639
5000 2359.31474639
6000 2359.31474639
7000 2359.31474639
8000 2359.31474639
9000 2359.31474639
10000 2359.31474639
11000 2359.31474639
12000 2359.31474639
13000 2359.31474639
14000 2359.31474639
15000 2359.31474639
16000 2359.31474639
17000 2359.31474639
18000 1745.92248062
19000 1745.92248062
20000 1745.92248062
21000 1745.92248062
22000 1745.92248062
23000 1058.21084661
24000 1058.21084661
25000 1058.21084661
26000 1058.21084661
27000 1058.21084661
28000 1058.21084661
29000 1253.75699531
30000 1253.75699531
31000 1253.75699531
32000 1253.75699531
33000 1253.75699531
34000 1253.75699531
35000 1768.8452508
36000 1768.8452508
37000 1768.8452508
38000 1768.8452508
39000 1768.8452508
40000 901.977824561
41000 901.977824561
42000 901.977824561
43000 901.977824561
44000 901.977824561
45000 901.977824561
46000 901.977824561
47000 1015.2
48000 1015.2
49000 1015.2
50000 1015.2
51000 1015.2
52000 1015.2
53000 1015.2
54000 682.322489641
55000 682.322489641
56000 682.322489641
57000 682.322489641
58000 682.322489641
59000 682.322489641
60000 682.322489641
61000 682.322489641
62000 682.322489641
63000 682.322489641
64000 682.322489641
65000 682.322489641
66000 1115.05133203
67000 1115.05133203
68000 1115.05133203
69000 1115.05133203
70000 1115.05133203
71000 1115.05133203
72000 1115.05133203
73000 662.972292191
74000 662.972292191
75000 662.972292191
76000 662.972292191
77000 662.972292191
78000 662.972292191
79000 662.972292191
80000 662.972292191
81000 662.972292191
82000 662.972292191
83000 662.972292191
84000 662.972292191
85000 1030.00823747
86000 1030.00823747
87000 1030.00823747
88000 1030.00823747
89000 1030.00823747
90000 1030.00823747
91000 1030.00823747
92000 1030.00823747
93000 706.007073019
94000 706.007073019
95000 706.007073019
96000 706.007073019
97000 706.007073019
98000 706.007073019
99000 706.007073019
100000 706.007073019
101000 706.007073019
102000 706.007073019
103000 1453.56757869
104000 1453.56757869
105000 1453.56757869
106000 1453.56757869
107000 1453.56757869
108000 1453.56757869
109000 2644.31234257
110000 2644.31234257
111000 2644.31234257
112000 4959.24210526
113000 4959.24210526
114000 1033.43147957
115000 1033.43147957
116000 1033.43147957
117000 1033.43147957
118000 1033.43147957
119000 1033.43147957
120000 1033.43147957
121000 1033.43147957
122000 2001.2356257
123000 2001.2356257
124000 2001.2356257
125000 2001.2356257
126000 2001.2356257
127000 1460.7852349
128000 1460.7852349
129000 1460.7852349
130000 1460.7852349
131000 1460.7852349
132000 1460.7852349
133000 2679.08891411
134000 2679.08891411
135000 2679.08891411
136000 1992.3497633
137000 1992.3497633
138000 1992.3497633
139000 1992.3497633
140000 1003.70893971
141000 1003.70893971
142000 1003.70893971
143000 1003.70893971
144000 1003.70893971
145000 1003.70893971
146000 1003.70893971
147000 1003.70893971
148000 1717.99599198
149000 1717.99599198
150000 1717.99599198
151000 1717.99599198
152000 1472.04079898
153000 1472.04079898
154000 1472.04079898
155000 1472.04079898
156000 1472.04079898
157000 1472.04079898
158000 1825.22797273
159000 1825.22797273
160000 1825.22797273
161000 1825.22797273
162000 1938.20920502
163000 1938.20920502
164000 1938.20920502
165000 1938.20920502
166000 1938.20920502
167000 1142.48216833
168000 1142.48216833
169000 1142.48216833
170000 1750.89845736
171000 1750.89845736
172000 1750.89845736
173000 1750.89845736
174000 1750.89845736
175000 1750.89845736
176000 1750.89845736
177000 1750.89845736
178000 1750.89845736
179000 1750.89845736
180000 1750.89845736
181000 1750.89845736
182000 1750.89845736
183000 2359.31474639
184000 2359.31474639
185000 2359.31474639
186000 2359.31474639
187000 2359.31474639
188000 1745.92248062
189000 1745.92248062
190000 1745.92248062
191000 1745.92248062
192000 1745.92248062
193000 1058.21084661
194000 1058.21084661
195000 1058.21084661
196000 1058.21084661
197000 1058.21084661
198000 1058.21084661
199000 1253.75699531
200000 1253.75699531
201000 1253.75699531
202000 1253.75699531
203000 1253.75699531
204000 1253.75699531
205000 1768.8452508
206000 1768.8452508
207000 1768.8452508
208000 1768.8452508
209000 901.977824561
210000 901.977824561
211000 901.977824561
212000 901.977824561
213000 901.977824561
214000 901.977824561
215000 901.977824561
216000 901.977824561
217000 1015.2
218000 1015.2
219000 1015.2
220000 1015.2
221000 1015.2
222000 1015.2
223000 1015.2
224000 682.322489641
225000 682.322489641
226000 682.322489641
227000 682.322489641
228000 682.322489641
229000 682.322489641
230000 682.322489641
231000 682.322489641
232000 682.322489641
233000 682.322489641
234000 682.322489641
235000 682.322489641
236000 1115.05133203
237000 1115.05133203
238000 1115.05133203
239000 1115.05133203
240000 1115.05133203
241000 1115.05133203
242000 1115.05133203
243000 662.972292191
244000 662.972292191
245000 662.972292191
246000 662.972292191
247000 662.972292191
248000 662.972292191
249000 662.972292191
250000 662.972292191
251000 662.972292191
252000 662.972292191
253000 662.972292191
254000 662.972292191
255000 1030.00823747
256000 1030.00823747
257000 1030.00823747
258000 1030.00823747
259000 1030.00823747
260000 1030.00823747
261000 1030.00823747
262000 706.007073019
263000 706.007073019
264000 706.007073019
265000 706.007073019
266000 706.007073019
267000 706.007073019
268000 706.007073019
269000 706.007073019
270000 706.007073019
271000 706.007073019
272000 706.007073019
273000 1453.56757869
274000 1453.56757869
275000 1453.56757869
276000 1453.56757869
277000 1453.56757869
278000 2644.31234257
279000 2644.31234257
280000 2644.31234257
281000 2644.31234257
282000 4959.24210526
283000 4959.24210526
284000 1033.43147957
285000 1033.43147957
286000 1033.43147957
287000 1033.43147957
288000 1033.43147957
289000 1033.43147957
290000 1033.43147957
291000 2001.2356257
292000 2001.2356257
293000 2001.2356257
294000 2001.2356257
295000 2001.2356257
296000 2001.2356257
297000 1460.7852349
298000 1460.7852349
299000 1460.7852349
300000 1460.7852349
301000 1460.7852349
302000 2679.08891411
303000 2679.08891411
304000 2679.08891411
305000 1992.3497633
306000 1992.3497633
307000 1992.3497633
308000 1992.3497633
309000 1003.70893971
310000 1003.70893971
311000 1003.70893971
312000 1003.70893971
313000 1003.70893971
314000 1003.70893971
315000 1003.70893971
316000 1003.70893971
317000 1717.99599198
318000 1717.99599198
319000 1717.99599198
320000 1717.99599198
321000 1717.99599198
322000 1472.04079898
323000 1472.04079898
324000 1472.04079898
325000 1472.04079898
326000 1472.04079898
327000 1825.22797273
328000 1825.22797273
329000 1825.22797273
330000 1825.22797273
331000 1825.22797273
332000 1938.20920502
333000 1938.20920502
334000 1938.20920502
335000 1938.20920502
336000 1142.48216833
337000 1142.48216833
338000 1142.48216833
