0 3936.76494024
1000 3936.76494024
2000 3936.76494024
3000 3936.76494024
4000 3936.76494024
5000 3936.76494024
6000 3794.10970464
7000 3794.10970464
8000 3373.30891566
9000 3373.30891566
10000 3584.53975274
11000 3584.53975274
12000 3584.53975274
13000 3584.53975274
14000 3795.77058983
15000 3795.77058983
16000 3795.77058983
17000 3795.77058983
18000 3772.45242773
19000 3772.45242773
20000 3772.45242773
21000 3772.45242773
22000 3680.13365155
23000 3680.13365155
24000 3680.13365155
25000 3680.13365155
26000 3860.99118787
27000 3860.99118787
28000 3860.99118787
29000 3637.38916514
30000 3637.38916514
31000 3637.38916514
32000 3637.38916514
33000 3819.14095584
34000 3819.14095584
35000 3819.14095584
36000 3855.77222008
37000 3855.77222008
38000 3855.77222008
39000 3880.70676068
40000 3880.70676068
41000 3880.70676068
42000 3702.65558366
43000 3702.65558366
44000 3702.65558366
45000 3861.11228916
46000 3861.11228916
47000 3805.91940667
48000 3805.91940667
49000 3805.91940667
50000 3805.91940667
51000 3812.72670614
52000 3812.72670614
53000 3812.72670614
54000 3812.72670614
55000 3797.54574315
56000 3797.54574315
57000 3797.54574315
58000 3881.73200569
59000 3881.73200569
60000 3881.73200569
61000 3881.73200569
62000 3840.89081081
63000 3840.89081081
64000 3840.89081081
65000 3840.89081081
66000 3844.72867673
67000 3844.72867673
68000 3844.72867673
69000 3920.31772199
70000 3920.31772199
71000 3757.68931376
72000 3757.68931376
73000 3757.68931376
74000 3824.8039573
75000 3824.8039573
76000 3824.8039573
77000 3824.8039573
78000 3896.76777251
79000 3896.76777251
80000 3896.76777251
81000 3896.76777251
82000 3849.62593816
83000 3849.62593816
84000 3849.62593816
85000 3842.17447199
86000 3842.17447199
87000 3842.17447199
88000 3960.82040604
89000 3960.82040604
90000 3826.18934911
91000 3826.18934911
92000 3851.11470113
93000 3851.11470113
94000 3851.11470113
95000 3730.13084112
96000 3730.13084112
97000 3873.08022797
98000 3873.08022797
99000 3765.7677863
100000 3765.7677863
101000 3765.7677863
102000 3765.7677863
103000 3881.35295636
104000 3881.35295636
105000 3881.35295636
106000 3881.35295636
107000 3610.77697037
108000 3610.77697037
109000 3610.77697037
110000 3610.77697037
111000 3894.08400556
112000 3894.08400556
113000 3894.08400556
114000 3894.08400556
115000 3839.46451813
116000 3839.46451813
117000 3839.46451813
118000 3820.35103926
119000 3820.35103926
120000 3820.35103926
121000 3884.65143272
122000 3884.65143272
123000 3884.65143272
124000 3933.30146808
125000 3933.30146808
126000 3933.30146808
127000 3837.24406295
128000 3837.24406295
129000 3837.24406295
130000 3837.24406295
131000 3848.85182096
132000 3848.85182096
133000 3848.85182096
134000 3848.85182096
135000 3841.6124031
136000 3841.6124031
137000 3841.6124031
138000 3852.68552846
139000 3852.68552846
140000 3852.68552846
141000 3852.68552846
142000 3881.88135593
143000 3881.88135593
144000 3881.88135593
145000 3902.07095472
146000 3902.07095472
147000 3902.07095472
148000 3902.07095472
149000 3904.90963495
150000 3904.90963495
151000 3904.90963495
152000 3823.87888982
153000 3823.87888982
154000 3823.87888982
155000 3823.87888982
156000 3858.03231198
157000 3858.03231198
158000 3858.03231198
159000 3858.03231198
160000 3814.09614741
161000 3814.09614741
162000 3814.09614741
163000 3814.09614741
164000 3770.15998284
165000 3770.15998284
166000 3770.15998284
167000 3770.15998284
168000 3770.15998284
169000 3770.15998284
170000 3760.31294216
171000 3760.31294216
172000 3760.31294216
173000 3760.31294216
174000 3760.31294216
175000 3803.5251373
176000 3803.5251373
177000 3803.5251373
178000 3803.5251373
179000 3803.5251373
180000 3846.87091914
181000 3846.87091914
182000 3846.87091914
183000 3846.87091914
184000 3802.48424289
185000 3802.48424289
186000 3802.48424289
187000 3802.48424289
188000 3802.48424289
189000 3703.24231654
190000 3703.24231654
191000 3703.24231654
192000 3703.24231654
193000 3703.24231654
194000 3703.24231654
195000 3752.32819622
196000 3752.32819622
197000 3752.32819622
198000 3752.32819622
199000 3830.99418345
200000 3830.99418345
201000 3830.99418345
202000 3830.99418345
203000 3830.99418345
204000 3652.61357395
205000 3652.61357395
206000 3652.61357395
207000 3652.61357395
208000 3652.61357395
209000 3652.61357395
210000 3979.27728086
211000 3979.27728086
212000 3075.0045437
213000 3075.0045437
214000 3075.0045437
215000 3075.0045437
216000 3936.76494024
217000 3936.76494024
218000 3794.10970464
219000 3794.10970464
220000 3373.30891566
221000 3373.30891566
222000 3584.53975274
223000 3584.53975274
224000 3584.53975274
225000 3795.77058983
226000 3795.77058983
227000 3795.77058983
228000 3795.77058983
229000 3795.77058983
230000 3772.45242773
231000 3772.45242773
232000 3772.45242773
233000 3772.45242773
234000 3680.13365155
235000 3680.13365155
236000 3680.13365155
237000 3860.99118787
238000 3860.99118787
239000 3860.99118787
240000 3637.38916514
241000 3637.38916514
242000 3637.38916514
243000 3637.38916514
244000 3637.38916514
245000 3819.14095584
246000 3819.14095584
247000 3819.14095584
248000 3855.77222008
249000 3855.77222008
250000 3855.77222008
251000 3880.70676068
252000 3880.70676068
253000 3702.65558366
254000 3702.65558366
255000 3702.65558366
256000 3861.11228916
257000 3861.11228916
258000 3861.11228916
259000 3805.91940667
260000 3805.91940667
261000 3805.91940667
262000 3805.91940667
263000 3812.72670614
264000 3812.72670614
265000 3812.72670614
266000 3797.54574315
267000 3797.54574315
268000 3797.54574315
269000 3797.54574315
270000 3881.73200569
271000 3881.73200569
272000 3881.73200569
273000 3840.89081081
274000 3840.89081081
275000 3840.89081081
276000 3840.89081081
277000 3844.72867673
278000 3844.72867673
279000 3844.72867673
280000 3920.31772199
281000 3920.31772199
282000 3920.31772199
283000 3757.68931376
284000 3757.68931376
285000 3757.68931376
286000 3824.8039573
287000 3824.8039573
288000 3824.8039573
289000 3824.8039573
290000 3896.76777251
291000 3896.76777251
292000 3896.76777251
293000 3896.76777251
294000 3849.62593816
295000 3849.62593816
296000 3849.62593816
297000 3842.17447199
298000 3842.17447199
299000 3960.82040604
300000 3960.82040604
301000 3826.18934911
302000 3826.18934911
303000 3826.18934911
304000 3851.11470113
305000 3851.11470113
306000 3851.11470113
307000 3730.13084112
308000 3873.08022797
309000 3873.08022797
310000 3873.08022797
311000 3765.7677863
312000 3765.7677863
313000 3765.7677863
314000 3765.7677863
315000 3881.35295636
316000 3881.35295636
317000 3881.35295636
318000 3881.35295636
319000 3610.77697037
320000 3610.77697037
321000 3610.77697037
322000 3894.08400556
323000 3894.08400556
324000 3894.08400556
325000 3894.08400556
326000 3839.46451813
327000 3839.46451813
328000 3839.46451813
329000 3820.35103926
330000 3820.35103926
331000 3820.35103926
332000 3820.35103926
333000 3884.65143272
334000 3884.65143272
335000 3884.65143272
336000 3933.30146808
337000 3933.30146808
338000 3933.30146808
339000 3837.24406295
340000 3837.24406295
341000 3837.24406295
342000 3837.24406295
343000 3848.85182096
344000 3848.85182096
345000 3848.85182096
346000 3841.6124031
347000 3841.6124031
348000 3841.6124031
349000 3841.6124031
350000 3852.68552846
351000 3852.68552846
352000 3852.68552846
353000 3881.88135593
354000 3881.88135593
355000 3881.88135593
356000 3881.88135593
357000 3902.07095472
358000 3902.07095472
359000 3902.07095472
360000 3902.07095472
361000 3904.90963495
362000 3904.90963495
363000 3904.90963495
364000 3823.87888982
365000 3823.87888982
366000 3823.87888982
367000 3823.87888982
368000 3858.03231198
369000 3858.03231198
370000 3858.03231198
371000 3814.09614741
372000 3814.09614741
373000 3814.09614741
374000 3814.09614741
375000 3814.09614741
376000 3770.15998284
377000 3770.15998284
378000 3770.15998284
379000 3770.15998284
380000 3770.15998284
381000 3760.31294216
382000 3760.31294216
383000 3760.31294216
384000 3760.31294216
385000 3760.31294216
386000 3760.31294216
387000 3803.5251373
388000 3803.5251373
389000 3803.5251373
390000 3803.5251373
391000 3846.87091914
392000 3846.87091914
393000 3846.87091914
394000 3846.87091914
395000 3846.87091914
396000 3802.48424289
397000 3802.48424289
398000 3802.48424289
399000 3802.48424289
400000 3802.48424289
401000 3703.24231654
402000 3703.24231654
403000 3703.24231654
404000 3703.24231654
405000 3703.24231654
406000 3752.32819622
407000 3752.32819622
408000 3752.32819622
409000 3752.32819622
410000 3752.32819622
411000 3830.99418345
412000 3830.99418345
413000 3830.99418345
414000 3830.99418345
415000 3830.99418345
416000 3652.61357395
417000 3652.61357395
418000 3652.61357395
419000 3652.61357395
420000 3652.61357395
421000 3979.27728086
422000 3979.27728086
423000 2213.24414716
