0 1584.21333333
1000 1584.21333333
2000 1584.21333333
3000 1584.21333333
4000 1584.21333333
5000 1584.21333333
6000 1953.04703476
7000 1953.04703476
8000 6206.21318898
9000 5841.95633188
10000 5841.95633188
11000 5841.95633188
12000 5831.35362015
13000 4758.29965157
14000 4758.29965157
15000 5650.90687023
16000 5650.90687023
17000 5763.67014218
18000 5329.51515152
19000 5329.51515152
20000 4505.12156166
21000 4505.12156166
22000 3680.7279718
23000 3680.7279718
24000 3680.7279718
25000 3680.7279718
26000 3680.7279718
27000 5401.64632885
28000 5401.64632885
29000 5477.02837189
30000 5477.02837189
31000 5477.02837189
32000 5746.75244755
33000 5746.75244755
34000 5513.75804259
35000 5513.75804259
36000 5513.75804259
37000 5242.86727194
38000 5242.86727194
39000 5242.86727194
40000 3829.91689088
41000 3829.91689088
42000 3829.91689088
43000 3829.91689088
44000 5184.6469428
45000 5184.6469428
46000 5491.2111937
47000 5491.2111937
48000 5491.2111937
49000 5716.39840637
50000 5716.39840637
51000 4935.97626113
52000 4935.97626113
53000 4935.97626113
54000 4935.97626113
55000 5752.28959276
56000 5752.28959276
57000 4540.09114681
58000 4540.09114681
59000 4540.09114681
60000 5065.95063669
61000 5065.95063669
62000 5065.95063669
63000 5591.81012658
64000 5591.81012658
65000 5591.81012658
66000 5591.81012658
67000 5384.34699372
68000 5384.34699372
69000 5384.34699372
70000 5270.73782626
71000 5270.73782626
72000 5270.73782626
73000 5462.8045977
74000 5462.8045977
75000 5462.8045977
76000 5462.8045977
77000 5574.31082529
78000 5574.31082529
79000 5574.31082529
80000 5231.72721928
81000 5231.72721928
82000 5231.72721928
83000 5231.72721928
84000 5054.96222381
85000 5054.96222381
86000 5054.96222381
87000 5351.81316348
88000 5351.81316348
89000 5351.81316348
90000 5351.81316348
91000 4939.75245181
92000 4939.75245181
93000 4939.75245181
94000 3888.63157895
95000 3888.63157895
96000 3888.63157895
97000 3888.63157895
98000 3570.32455959
99000 3570.32455959
100000 3570.32455959
101000 3570.32455959
102000 3570.32455959
103000 4735.3146165
104000 4735.3146165
105000 4735.3146165
106000 4735.3146165
107000 3351.34491315
108000 3351.34491315
109000 3351.34491315
110000 3351.34491315
111000 3351.34491315
112000 3351.34491315
113000 5126.2254902
114000 5126.2254902
115000 5126.2254902
116000 5126.2254902
117000 4511.52882365
118000 4511.52882365
119000 4511.52882365
120000 4511.52882365
121000 4511.52882365
122000 4511.52882365
123000 4511.52882365
124000 4511.52882365
125000 4511.52882365
126000 4511.52882365
127000 4511.52882365
128000 4511.52882365
129000 4511.52882365
130000 4511.52882365
131000 4511.52882365
132000 4511.52882365
133000 3896.8321571
134000 3896.8321571
135000 3896.8321571
136000 3896.8321571
137000 3896.8321571
138000 4627.39858956
139000 4627.39858956
140000 4627.39858956
141000 4627.39858956
142000 5166.63093316
143000 5166.63093316
144000 5166.63093316
145000 4880.88746393
146000 4880.88746393
147000 4880.88746393
148000 4880.88746393
149000 3794.1394195
150000 3794.1394195
151000 3794.1394195
152000 3794.1394195
153000 5416.72352752
154000 5416.72352752
155000 5416.72352752
156000 5416.72352752
157000 4298.50443599
158000 4298.50443599
159000 4298.50443599
160000 4298.50443599
161000 4456.63338376
162000 4456.63338376
163000 4456.63338376
164000 4456.63338376
165000 4659.88952959
166000 4659.88952959
167000 4659.88952959
168000 4659.88952959
169000 3154.87032617
170000 3154.87032617
171000 3154.87032617
172000 3154.87032617
173000 3154.87032617
174000 3154.87032617
175000 4918.85009254
176000 4918.85009254
177000 4918.85009254
178000 2973.51177819
179000 2973.51177819
180000 2973.51177819
181000 2973.51177819
182000 2973.51177819
183000 2973.51177819
184000 5068.39592239
185000 5068.39592239
186000 5068.39592239
187000 4317.05477707
188000 4317.05477707
189000 4317.05477707
190000 4317.05477707
191000 5565.14872474
192000 5565.14872474
193000 5565.14872474
194000 5565.14872474
195000 5543.66169154
196000 5543.66169154
197000 5543.66169154
198000 4885.18447924
199000 4885.18447924
200000 4885.18447924
201000 4885.18447924
202000 5405.3323409
203000 5405.3323409
204000 5405.3323409
205000 5187.85728062
206000 5187.85728062
207000 5187.85728062
208000 4707.75203366
209000 4707.75203366
210000 4707.75203366
211000 4707.75203366
212000 4933.49075576
213000 4933.49075576
214000 4933.49075576
215000 4933.49075576
216000 5219.5721393
217000 5219.5721393
218000 5219.5721393
219000 4856.36352976
220000 4856.36352976
221000 4856.36352976
222000 4856.36352976
223000 4115.72105806
224000 4115.72105806
225000 4115.72105806
226000 4115.72105806
227000 5669.99724897
228000 5669.99724897
229000 5669.99724897
230000 5114.21585259
231000 5114.21585259
232000 5114.21585259
233000 5114.21585259
234000 4703.1305872
235000 4703.1305872
236000 4703.1305872
237000 4703.1305872
238000 1124.37274988
239000 1124.37274988
240000 1124.37274988
241000 1124.37274988
242000 1124.37274988
243000 1124.37274988
244000 1124.37274988
245000 1124.37274988
246000 1124.37274988
247000 1124.37274988
248000 5636.74660074
249000 5636.74660074
250000 2709.70666666
251000 2709.70666666
252000 2709.70666666
253000 1584.21333333
254000 1584.21333333
255000 1584.21333333
256000 1953.04703476
257000 1953.04703476
258000 6206.21318898
259000 5841.95633188
260000 5841.95633188
261000 5841.95633188
262000 5831.35362015
263000 4758.29965157
264000 4758.29965157
265000 5650.90687023
266000 5650.90687023
267000 5763.67014218
268000 5329.51515152
269000 4505.12156166
270000 4505.12156166
271000 4505.12156166
272000 3680.7279718
273000 3680.7279718
274000 3680.7279718
275000 3680.7279718
276000 3680.7279718
277000 5401.64632885
278000 5401.64632885
279000 5477.02837189
280000 5477.02837189
281000 5477.02837189
282000 5746.75244755
283000 5746.75244755
284000 5513.75804259
285000 5513.75804259
286000 5513.75804259
287000 5242.86727194
288000 5242.86727194
289000 5242.86727194
290000 3829.91689088
291000 3829.91689088
292000 3829.91689088
293000 5184.6469428
294000 5184.6469428
295000 5184.6469428
296000 5491.2111937
297000 5491.2111937
298000 5491.2111937
299000 5716.39840637
300000 5716.39840637
301000 4935.97626113
302000 4935.97626113
303000 4935.97626113
304000 4935.97626113
305000 5752.28959276
306000 5752.28959276
307000 4540.09114681
308000 4540.09114681
309000 4540.09114681
310000 5065.95063669
311000 5065.95063669
312000 5065.95063669
313000 5591.81012658
314000 5591.81012658
315000 5591.81012658
316000 5591.81012658
317000 5384.34699372
318000 5384.34699372
319000 5384.34699372
320000 5270.73782626
321000 5270.73782626
322000 5270.73782626
323000 5462.8045977
324000 5462.8045977
325000 5462.8045977
326000 5462.8045977
327000 5574.31082529
328000 5574.31082529
329000 5574.31082529
330000 5231.72721928
331000 5231.72721928
332000 5231.72721928
333000 5231.72721928
334000 5054.96222381
335000 5054.96222381
336000 5054.96222381
337000 5351.81316348
338000 5351.81316348
339000 5351.81316348
340000 5351.81316348
341000 4939.75245181
342000 4939.75245181
343000 4939.75245181
344000 3888.63157895
345000 3888.63157895
346000 3888.63157895
347000 3888.63157895
348000 3570.32455959
349000 3570.32455959
350000 3570.32455959
351000 3570.32455959
352000 3570.32455959
353000 4735.3146165
354000 4735.3146165
355000 4735.3146165
356000 4735.3146165
357000 3351.34491315
358000 3351.34491315
359000 3351.34491315
360000 3351.34491315
361000 3351.34491315
362000 3351.34491315
363000 5126.2254902
364000 5126.2254902
365000 5126.2254902
366000 5126.2254902
367000 4511.52882365
368000 4511.52882365
369000 4511.52882365
370000 4511.52882365
371000 4511.52882365
372000 4511.52882365
373000 4511.52882365
374000 4511.52882365
375000 4511.52882365
376000 4511.52882365
377000 4511.52882365
378000 4511.52882365
379000 4511.52882365
380000 4511.52882365
381000 4511.52882365
382000 4511.52882365
383000 3896.8321571
384000 3896.8321571
385000 3896.8321571
386000 3896.8321571
387000 4627.39858956
388000 4627.39858956
389000 4627.39858956
390000 4627.39858956
391000 5166.63093316
392000 5166.63093316
393000 5166.63093316
394000 5166.63093316
395000 4880.88746393
396000 4880.88746393
397000 4880.88746393
398000 4880.88746393
399000 3794.1394195
400000 3794.1394195
401000 3794.1394195
402000 3794.1394195
403000 5416.72352752
404000 5416.72352752
405000 5416.72352752
406000 5416.72352752
407000 4298.50443599
408000 4298.50443599
409000 4298.50443599
410000 4456.63338376
411000 4456.63338376
412000 4456.63338376
413000 4456.63338376
414000 4456.63338376
415000 4659.88952959
416000 4659.88952959
417000 4659.88952959
418000 4659.88952959
419000 3154.87032617
420000 3154.87032617
421000 3154.87032617
422000 3154.87032617
423000 3154.87032617
424000 4918.85009254
425000 4918.85009254
426000 4918.85009254
427000 4918.85009254
428000 2973.51177819
429000 2973.51177819
430000 2973.51177819
431000 2973.51177819
432000 2973.51177819
433000 2973.51177819
434000 5068.39592239
435000 5068.39592239
436000 5068.39592239
437000 4317.05477707
438000 4317.05477707
439000 4317.05477707
440000 4317.05477707
441000 5565.14872474
442000 5565.14872474
443000 5565.14872474
444000 5543.66169154
445000 5543.66169154
446000 5543.66169154
447000 5543.66169154
448000 4885.18447924
449000 4885.18447924
450000 4885.18447924
451000 4885.18447924
452000 5405.3323409
453000 5405.3323409
454000 5405.3323409
455000 5187.85728062
456000 5187.85728062
457000 5187.85728062
458000 4707.75203366
459000 4707.75203366
460000 4707.75203366
461000 4707.75203366
462000 4933.49075576
463000 4933.49075576
464000 4933.49075576
465000 4933.49075576
466000 5219.5721393
467000 5219.5721393
468000 5219.5721393
469000 4856.36352976
470000 4856.36352976
471000 4856.36352976
472000 4856.36352976
473000 4115.72105806
474000 4115.72105806
475000 4115.72105806
476000 4115.72105806
477000 5669.99724897
478000 5669.99724897
479000 5669.99724897
480000 5114.21585259
481000 5114.21585259
482000 5114.21585259
483000 5114.21585259
484000 4703.1305872
485000 4703.1305872
486000 4703.1305872
487000 4703.1305872
488000 1124.37274988
489000 1124.37274988
490000 1124.37274988
491000 1124.37274988
492000 1124.37274988
493000 1124.37274988
494000 1124.37274988
495000 1124.37274988
496000 1124.37274988
497000 1124.37274988
498000 5636.74660074
499000 5636.74660074
