0 5048.07920792
1000 5048.07920792
2000 5048.07920792
3000 5048.07920792
4000 5048.07920792
5000 5742.78659612
6000 5530.60382437
7000 5318.42105263
8000 5318.42105263
9000 4173.19490695
10000 4350.95221239
11000 4350.95221239
12000 3928.78557114
13000 2094.04534005
14000 2094.04534005
15000 1097.20761399
16000 1097.20761399
17000 1097.20761399
18000 1097.20761399
19000 1097.20761399
20000 719.538822231
21000 719.538822231
22000 719.538822231
23000 719.538822231
24000 719.538822231
25000 719.538822231
26000 719.538822231
27000 3599.46670841
28000 3599.46670841
29000 3599.46670841
30000 3599.46670841
31000 3599.46670841
32000 3599.46670841
33000 3599.46670841
34000 3599.46670841
35000 3599.46670841
36000 3599.46670841
37000 3599.46670841
38000 3599.46670841
39000 769.35003296
40000 769.35003296
41000 667.450810811
42000 667.450810811
43000 667.450810811
44000 2500.19784946
45000 2546.24561404
46000 2059.16395929
47000 2059.16395929
48000 2059.16395929
49000 1572.08230453
50000 1572.08230453
51000 1572.08230453
52000 3733.31931669
53000 4233.71751412
54000 4988.0194128
55000 2264.84705882
56000 2264.84705882
57000 6533.35338346
58000 4586.46310859
59000 2639.57283372
60000 2639.57283372
61000 2639.57283372
62000 3800.0
63000 3800.0
64000 4504.81070746
65000 4996.94096276
66000 6081.14140127
67000 3232.52877493
68000 3232.52877493
69000 1990.16057167
70000 1990.16057167
71000 1990.16057167
72000 1346.26444883
73000 1346.26444883
74000 1346.26444883
75000 1346.26444883
76000 2625.16363636
77000 2625.16363636
78000 2625.16363636
79000 3736.19846022
80000 4353.44578313
81000 4054.37264957
82000 4054.37264957
83000 4051.28853755
84000 4051.28853755
85000 3973.78926441
86000 3931.90052612
87000 3931.90052612
88000 3931.90052612
89000 3890.01178782
90000 3890.01178782
91000 4900.40339303
92000 4900.40339303
93000 5008.42954461
94000 5116.4556962
95000 5116.4556962
96000 5054.36773428
97000 5042.64205128
98000 5042.64205128
99000 865.165048544
100000 865.165048544
101000 865.165048544
102000 865.165048544
103000 3417.61973279
104000 3417.61973279
105000 4761.94428434
106000 2637.70273003
107000 2637.70273003
108000 2337.50929705
109000 2337.50929705
110000 2337.50929705
111000 3684.58452722
112000 4060.11324201
113000 4060.11324201
114000 3885.43432716
115000 3885.43432716
116000 2123.18484973
117000 2123.18484973
118000 3205.62457338
119000 3205.62457338
120000 662.269898027
121000 662.269898027
122000 662.269898027
123000 662.269898027
124000 662.269898027
125000 662.269898027
126000 662.269898027
127000 662.269898027
128000 662.269898027
129000 2125.40911141
130000 2125.40911141
131000 5922.10118407
132000 5922.10118407
133000 3289.93521709
134000 3289.93521709
135000 2887.06768448
136000 2887.06768448
137000 2887.06768448
138000 2738.34123771
139000 2738.34123771
140000 2738.34123771
141000 4360.91324201
142000 4360.91324201
143000 3190.80662983
144000 5026.02531646
145000 5026.02531646
146000 5346.52527744
147000 2443.90314271
148000 2443.90314271
149000 2443.90314271
150000 937.763952425
151000 937.763952425
152000 937.763952425
153000 937.763952425
154000 937.763952425
155000 2861.58339298
156000 766.572088889
157000 766.572088889
158000 766.572088889
159000 766.572088889
160000 766.572088889
161000 766.572088889
162000 1446.5914718
163000 1446.5914718
164000 1446.5914718
165000 1446.5914718
166000 4767.54345006
167000 2884.86
168000 2884.86
169000 3577.04988488
170000 3577.04988488
171000 4847.45437788
172000 4847.45437788
173000 4847.45437788
174000 2566.29537768
175000 2566.29537768
176000 3201.40082079
177000 3201.40082079
178000 3550.82767978
179000 5870.07503234
180000 5870.07503234
181000 4764.01288937
182000 3386.92460836
183000 3386.92460836
184000 3386.92460836
185000 3386.92460836
186000 3386.92460836
187000 3386.92460836
188000 3386.92460836
189000 2009.83632735
190000 2009.83632735
191000 3839.69171484
192000 2672.15533981
193000 1767.2342753
194000 1767.2342753
195000 2440.02981366
196000 2963.00854701
197000 2610.21662469
198000 3829.1479163
199000 3829.1479163
200000 3829.1479163
201000 3829.1479163
202000 5048.07920792
203000 5530.60382437
204000 5318.42105263
205000 5318.42105263
206000 4173.19490695
207000 4350.95221239
208000 4350.95221239
209000 3928.78557114
210000 2094.04534005
211000 2094.04534005
212000 1097.20761399
213000 1097.20761399
214000 1097.20761399
215000 1097.20761399
216000 1097.20761399
217000 719.538822231
218000 719.538822231
219000 719.538822231
220000 719.538822231
221000 719.538822231
222000 719.538822231
223000 719.538822231
224000 3599.46670841
225000 3599.46670841
226000 3599.46670841
227000 3599.46670841
228000 3599.46670841
229000 3599.46670841
230000 3599.46670841
231000 3599.46670841
232000 3599.46670841
233000 3599.46670841
234000 3599.46670841
235000 3599.46670841
236000 769.35003296
237000 769.35003296
238000 667.450810811
239000 667.450810811
240000 667.450810811
241000 2500.19784946
242000 2546.24561404
243000 2059.16395929
244000 2059.16395929
245000 2059.16395929
246000 1572.08230453
247000 1572.08230453
248000 1572.08230453
249000 3733.31931669
250000 4233.71751412
251000 4988.0194128
252000 5742.32131148
253000 2264.84705882
254000 2264.84705882
255000 4586.46310859
256000 2639.57283372
257000 2639.57283372
258000 2639.57283372
259000 3800.0
260000 3800.0
261000 4504.81070746
262000 4996.94096276
263000 4996.94096276
264000 6081.14140127
265000 3232.52877493
266000 3232.52877493
267000 1990.16057167
268000 1990.16057167
269000 1346.26444883
270000 1346.26444883
271000 1346.26444883
272000 1346.26444883
273000 2625.16363636
274000 2625.16363636
275000 2625.16363636
276000 3736.19846022
277000 4353.44578313
278000 4353.44578313
279000 4054.37264957
280000 4051.28853755
281000 4051.28853755
282000 3973.78926441
283000 3931.90052612
284000 3931.90052612
285000 3931.90052612
286000 3890.01178782
287000 3890.01178782
288000 4900.40339303
289000 4900.40339303
290000 5008.42954461
291000 5008.42954461
292000 5116.4556962
293000 5116.4556962
294000 5054.36773428
295000 5042.64205128
296000 865.165048544
297000 865.165048544
298000 865.165048544
299000 865.165048544
300000 865.165048544
301000 3417.61973279
302000 4761.94428434
303000 2637.70273003
304000 2637.70273003
305000 2337.50929705
306000 2337.50929705
307000 2337.50929705
308000 3684.58452722
309000 3684.58452722
310000 4060.11324201
311000 3885.43432716
312000 3885.43432716
313000 2123.18484973
314000 2123.18484973
315000 3205.62457338
316000 3205.62457338
317000 662.269898027
318000 662.269898027
319000 662.269898027
320000 662.269898027
321000 662.269898027
322000 662.269898027
323000 662.269898027
324000 662.269898027
325000 662.269898027
326000 2125.40911141
327000 2125.40911141
328000 2125.40911141
329000 5922.10118407
330000 5922.10118407
331000 3289.93521709
332000 2887.06768448
333000 2887.06768448
334000 2887.06768448
335000 2738.34123771
336000 2738.34123771
337000 2738.34123771
338000 4360.91324201
339000 4360.91324201
340000 3190.80662983
341000 3190.80662983
342000 5026.02531646
343000 5346.52527744
344000 5346.52527744
345000 2443.90314271
346000 2443.90314271
347000 937.763952425
348000 937.763952425
349000 937.763952425
350000 937.763952425
351000 937.763952425
352000 2861.58339298
353000 2861.58339298
354000 766.572088889
355000 766.572088889
356000 766.572088889
357000 766.572088889
358000 766.572088889
359000 766.572088889
360000 1446.5914718
361000 1446.5914718
362000 1446.5914718
363000 4767.54345006
364000 2884.86
365000 2884.86
366000 3577.04988488
367000 3577.04988488
368000 4847.45437788
369000 4847.45437788
370000 4847.45437788
371000 2566.29537768
372000 2566.29537768
373000 3201.40082079
374000 3201.40082079
375000 3550.82767978
376000 3550.82767978
377000 5870.07503234
378000 4764.01288937
379000 3386.92460836
380000 3386.92460836
381000 3386.92460836
382000 3386.92460836
383000 3386.92460836
384000 3386.92460836
385000 3386.92460836
386000 3386.92460836
387000 2009.83632735
388000 3839.69171484
389000 2672.15533981
390000 1767.2342753
391000 1767.2342753
392000 2440.02981366
393000 2963.00854701
394000 2610.21662469
