0 4257.7303217
1000 4257.7303217
2000 4257.7303217
3000 4257.7303217
4000 5974.85714286
5000 5974.85714286
6000 4015.42992874
7000 5294.5865967
8000 5294.5865967
9000 5294.5865967
10000 6573.74326466
11000 6573.74326466
12000 6448.91315136
13000 6448.91315136
14000 4418.48134601
15000 4418.48134601
16000 4418.48134601
17000 4418.48134601
18000 4418.48134601
19000 6879.28964059
20000 6879.28964059
21000 7014.16313331
22000 7014.16313331
23000 7014.16313331
24000 6281.9681835
25000 6281.9681835
26000 4888.8245614
27000 4888.8245614
28000 4888.8245614
29000 4888.8245614
30000 5792.14637579
31000 5792.14637579
32000 5792.14637579
33000 6431.36957315
34000 6431.36957315
35000 6431.36957315
36000 6735.69332452
37000 6735.69332452
38000 6735.69332452
39000 5049.75306428
40000 5049.75306428
41000 5049.75306428
42000 5049.75306428
43000 6134.97552324
44000 6134.97552324
45000 6134.97552324
46000 5539.05681818
47000 5539.05681818
48000 5539.05681818
49000 4955.19465158
50000 4955.19465158
51000 4955.19465158
52000 4955.19465158
53000 4938.94193548
54000 4938.94193548
55000 4938.94193548
56000 6274.7419462
57000 6274.7419462
58000 6274.7419462
59000 6511.31024735
60000 6511.31024735
61000 6511.31024735
62000 5342.03773585
63000 5342.03773585
64000 5342.03773585
65000 5342.03773585
66000 5941.58484731
67000 5941.58484731
68000 5884.5022313
69000 5884.5022313
70000 5884.5022313
71000 5884.5022313
72000 5827.41961529
73000 5827.41961529
74000 5827.41961529
75000 5827.41961529
76000 5827.41961529
77000 4002.16516873
78000 4002.16516873
79000 4002.16516873
80000 4002.16516873
81000 4002.16516873
82000 4002.16516873
83000 8188.58813414
84000 8188.58813414
85000 6663.43117338
86000 6663.43117338
87000 6663.43117338
88000 3792.91847969
89000 3792.91847969
90000 3792.91847969
91000 3792.91847969
92000 6904.27947598
93000 6904.27947598
94000 4330.92757306
95000 4330.92757306
96000 4330.92757306
97000 6668.0408998
98000 6668.0408998
99000 6668.0408998
100000 4788.98812573
101000 4788.98812573
102000 4788.98812573
103000 4788.98812573
104000 4788.98812573
105000 6644.16883794
106000 6644.16883794
107000 6644.16883794
108000 6644.16883794
109000 7509.72376769
110000 7509.72376769
111000 4826.58256471
112000 4826.58256471
113000 4826.58256471
114000 4826.58256471
115000 5640.62217319
116000 5640.62217319
117000 5640.62217319
118000 5640.62217319
119000 6813.17462978
120000 6813.17462978
121000 6813.17462978
122000 6813.17462978
123000 10535.6902849
124000 5431.83768116
125000 5431.83768116
126000 5431.83768116
127000 5406.32225064
128000 5406.32225064
129000 5406.32225064
130000 6921.62773421
131000 6921.62773421
132000 7374.2949408
133000 7374.2949408
134000 7374.2949408
135000 7803.26821371
136000 7803.26821371
137000 8100.30442478
138000 8100.30442478
139000 8100.30442478
140000 5530.75588938
141000 5530.75588938
142000 5530.75588938
143000 4340.30269568
144000 4340.30269568
145000 4340.30269568
146000 4340.30269568
147000 4340.30269568
148000 4340.30269568
149000 4457.11163154
150000 4457.11163154
151000 4457.11163154
152000 4457.11163154
153000 4457.11163154
154000 8749.41078838
155000 8749.41078838
156000 8749.41078838
157000 9710.69303525
158000 9710.69303525
159000 9710.69303525
160000 5588.68903803
161000 5588.68903803
162000 5588.68903803
163000 5588.68903803
164000 5467.74066123
165000 5467.74066123
166000 5467.74066123
167000 5467.74066123
168000 5467.74066123
169000 4547.64257964
170000 4547.64257964
171000 4547.64257964
172000 4547.64257964
173000 4547.64257964
174000 4547.64257964
175000 5339.45150502
176000 5339.45150502
177000 5339.45150502
178000 5339.45150502
179000 5147.16706392
180000 5147.16706392
181000 5147.16706392
182000 5147.16706392
183000 5147.16706392
184000 5024.16460905
185000 5024.16460905
186000 5024.16460905
187000 5024.16460905
188000 5024.16460905
189000 8245.79088472
190000 8245.79088472
191000 8245.79088472
192000 5593.50229008
193000 5593.50229008
194000 5593.50229008
195000 5593.50229008
196000 5593.50229008
197000 6945.54903186
198000 6945.54903186
199000 6945.54903186
200000 3165.42516195
201000 3165.42516195
202000 3165.42516195
203000 3711.57774182
204000 3711.57774182
205000 4257.7303217
206000 4257.7303217
207000 5974.85714286
208000 4015.42992874
209000 4015.42992874
210000 5294.5865967
211000 5294.5865967
212000 5294.5865967
213000 6573.74326466
214000 6573.74326466
215000 6448.91315136
216000 6448.91315136
217000 4418.48134601
218000 4418.48134601
219000 4418.48134601
220000 4418.48134601
221000 4418.48134601
222000 6879.28964059
223000 6879.28964059
224000 7014.16313331
225000 7014.16313331
226000 6281.9681835
227000 6281.9681835
228000 6281.9681835
229000 4888.8245614
230000 4888.8245614
231000 4888.8245614
232000 4888.8245614
233000 5792.14637579
234000 5792.14637579
235000 5792.14637579
236000 6431.36957315
237000 6431.36957315
238000 6431.36957315
239000 6735.69332452
240000 6735.69332452
241000 6735.69332452
242000 5049.75306428
243000 5049.75306428
244000 5049.75306428
245000 5049.75306428
246000 6134.97552324
247000 6134.97552324
248000 6134.97552324
249000 5539.05681818
250000 5539.05681818
251000 5539.05681818
252000 4955.19465158
253000 4955.19465158
254000 4955.19465158
255000 4955.19465158
256000 4938.94193548
257000 4938.94193548
258000 4938.94193548
259000 6274.7419462
260000 6274.7419462
261000 6274.7419462
262000 6511.31024735
263000 6511.31024735
264000 6511.31024735
265000 5342.03773585
266000 5342.03773585
267000 5342.03773585
268000 5941.58484731
269000 5941.58484731
270000 5941.58484731
271000 5884.5022313
272000 5884.5022313
273000 5884.5022313
274000 5884.5022313
275000 5827.41961529
276000 5827.41961529
277000 5827.41961529
278000 5827.41961529
279000 5827.41961529
280000 4002.16516873
281000 4002.16516873
282000 4002.16516873
283000 4002.16516873
284000 4002.16516873
285000 4002.16516873
286000 8188.58813414
287000 8188.58813414
288000 6663.43117338
289000 6663.43117338
290000 6663.43117338
291000 3792.91847969
292000 3792.91847969
293000 3792.91847969
294000 3792.91847969
295000 6904.27947598
296000 6904.27947598
297000 4330.92757306
298000 4330.92757306
299000 4330.92757306
300000 6668.0408998
301000 6668.0408998
302000 6668.0408998
303000 4788.98812573
304000 4788.98812573
305000 4788.98812573
306000 4788.98812573
307000 4788.98812573
308000 6644.16883794
309000 6644.16883794
310000 6644.16883794
311000 6644.16883794
312000 7509.72376769
313000 7509.72376769
314000 4826.58256471
315000 4826.58256471
316000 4826.58256471
317000 4826.58256471
318000 5640.62217319
319000 5640.62217319
320000 5640.62217319
321000 5640.62217319
322000 6813.17462978
323000 6813.17462978
324000 6813.17462978
325000 10535.6902849
326000 10535.6902849
327000 5431.83768116
328000 5431.83768116
329000 5431.83768116
330000 5406.32225064
331000 5406.32225064
332000 5406.32225064
333000 6921.62773421
334000 6921.62773421
335000 7374.2949408
336000 7374.2949408
337000 7803.26821371
338000 7803.26821371
339000 7803.26821371
340000 8100.30442478
341000 8100.30442478
342000 8100.30442478
343000 5530.75588938
344000 5530.75588938
345000 5530.75588938
346000 4340.30269568
347000 4340.30269568
348000 4340.30269568
349000 4340.30269568
350000 4340.30269568
351000 4340.30269568
352000 4457.11163154
353000 4457.11163154
354000 4457.11163154
355000 4457.11163154
356000 4457.11163154
357000 8749.41078838
358000 8749.41078838
359000 8749.41078838
360000 9710.69303525
361000 9710.69303525
362000 9710.69303525
363000 5588.68903803
364000 5588.68903803
365000 5588.68903803
366000 5588.68903803
367000 5467.74066123
368000 5467.74066123
369000 5467.74066123
370000 5467.74066123
371000 5467.74066123
372000 4547.64257964
373000 4547.64257964
374000 4547.64257964
375000 4547.64257964
376000 4547.64257964
377000 4547.64257964
378000 5339.45150502
379000 5339.45150502
380000 5339.45150502
381000 5339.45150502
382000 5147.16706392
383000 5147.16706392
384000 5147.16706392
385000 5147.16706392
386000 5147.16706392
387000 5024.16460905
388000 5024.16460905
389000 5024.16460905
390000 5024.16460905
391000 5024.16460905
392000 8245.79088472
393000 8245.79088472
394000 8245.79088472
395000 5593.50229008
396000 5593.50229008
397000 5593.50229008
398000 5593.50229008
399000 5593.50229008
400000 6945.54903186
401000 6945.54903186
402000 6945.54903186
403000 3165.42516195
404000 3165.42516195
405000 3165.42516195
