0 3888.67555556
1000 3888.67555556
2000 3888.67555556
3000 3888.67555556
4000 3888.67555556
5000 3888.67555556
6000 3888.67555556
7000 3888.67555556
8000 3888.67555556
9000 3888.67555556
10000 3888.67555556
11000 3888.67555556
12000 3888.67555556
13000 3888.67555556
14000 3888.67555556
15000 3695.82189239
16000 3695.82189239
17000 3695.82189239
18000 3851.04057124
19000 3851.04057124
20000 3851.04057124
21000 3851.04057124
22000 3814.70214517
23000 3814.70214517
24000 3814.70214517
25000 3814.70214517
26000 3814.70214517
27000 3814.70214517
28000 3814.70214517
29000 3778.3637191
30000 3778.3637191
31000 3778.3637191
32000 3778.3637191
33000 3778.3637191
34000 3778.3637191
35000 3778.3637191
36000 3824.74313226
37000 3824.74313226
38000 3824.74313226
39000 3824.74313226
40000 3824.74313226
41000 3824.74313226
42000 3824.74313226
43000 3309.99207398
44000 3309.99207398
45000 3309.99207398
46000 3309.99207398
47000 3309.99207398
48000 3309.99207398
49000 3309.99207398
50000 3309.99207398
51000 3201.72202291
52000 3201.72202291
53000 3201.72202291
54000 3201.72202291
55000 3201.72202291
56000 3201.72202291
57000 3201.72202291
58000 3201.72202291
59000 3856.86899358
60000 3856.86899358
61000 3856.86899358
62000 3856.86899358
63000 3856.86899358
64000 3856.86899358
65000 3856.86899358
66000 3808.85357809
67000 3808.85357809
68000 3808.85357809
69000 3808.85357809
70000 3808.85357809
71000 3808.85357809
72000 3808.85357809
73000 3814.35236868
74000 3814.35236868
75000 3814.35236868
76000 3814.35236868
77000 3814.35236868
78000 3814.35236868
79000 3814.35236868
80000 3705.44523471
81000 3705.44523471
82000 3705.44523471
83000 3705.44523471
84000 3705.44523471
85000 3705.44523471
86000 3705.44523471
87000 3805.44508161
88000 3805.44508161
89000 3805.44508161
90000 3805.44508161
91000 3805.44508161
92000 3805.44508161
93000 3805.44508161
94000 3763.81188398
95000 3763.81188398
96000 3763.81188398
97000 3763.81188398
98000 3763.81188398
99000 3763.81188398
100000 3763.81188398
101000 3763.81188398
102000 3742.68278641
103000 3742.68278641
104000 3742.68278641
105000 3742.68278641
106000 3742.68278641
107000 3742.68278641
108000 3742.68278641
109000 3834.31713479
110000 3834.31713479
111000 3834.31713479
112000 3834.31713479
113000 3834.31713479
114000 3834.31713479
115000 3834.31713479
116000 3792.03799413
117000 3792.03799413
118000 3792.03799413
119000 3792.03799413
120000 3792.03799413
121000 3792.03799413
122000 3792.03799413
123000 3826.68137463
124000 3826.68137463
125000 3826.68137463
126000 3826.68137463
127000 3826.68137463
128000 3826.68137463
129000 3826.68137463
130000 3885.33333333
131000 3885.33333333
132000 3885.33333333
133000 3885.33333333
134000 3885.33333333
135000 3885.33333333
136000 3885.33333333
137000 3795.26186697
138000 3795.26186697
139000 3795.26186697
140000 3795.26186697
141000 3795.26186697
142000 3795.26186697
143000 3795.26186697
144000 3737.57901014
145000 3737.57901014
146000 3737.57901014
147000 3737.57901014
148000 3737.57901014
149000 3737.57901014
150000 3737.57901014
151000 3751.93177442
152000 3751.93177442
153000 3751.93177442
154000 3751.93177442
155000 3751.93177442
156000 3751.93177442
157000 3751.93177442
158000 3751.93177442
159000 3850.04458881
160000 3850.04458881
161000 3850.04458881
162000 3850.04458881
163000 3850.04458881
164000 3850.04458881
165000 3850.04458881
166000 3807.86452555
167000 3807.86452555
168000 3807.86452555
169000 3807.86452555
170000 3807.86452555
171000 3807.86452555
172000 3807.86452555
173000 3837.48139668
174000 3837.48139668
175000 3837.48139668
176000 3837.48139668
177000 3837.48139668
178000 3837.48139668
179000 3837.48139668
180000 3726.37559179
181000 3726.37559179
182000 3807.52557367
183000 3807.52557367
184000 3807.52557367
185000 3807.52557367
186000 3807.52557367
187000 3807.52557367
188000 3807.52557367
189000 3807.52557367
190000 3807.52557367
191000 3807.52557367
192000 3888.67555556
193000 3888.67555556
194000 3888.67555556
195000 3888.67555556
196000 3695.82189239
197000 3695.82189239
198000 3695.82189239
199000 3695.82189239
200000 3851.04057124
201000 3851.04057124
202000 3851.04057124
203000 3814.70214517
204000 3814.70214517
205000 3814.70214517
206000 3814.70214517
207000 3814.70214517
208000 3814.70214517
209000 3814.70214517
210000 3778.3637191
211000 3778.3637191
212000 3778.3637191
213000 3778.3637191
214000 3778.3637191
215000 3778.3637191
216000 3778.3637191
217000 3824.74313226
218000 3824.74313226
219000 3824.74313226
220000 3824.74313226
221000 3824.74313226
222000 3824.74313226
223000 3824.74313226
224000 3309.99207398
225000 3309.99207398
226000 3309.99207398
227000 3309.99207398
228000 3309.99207398
229000 3309.99207398
230000 3309.99207398
231000 3309.99207398
232000 3201.72202291
233000 3201.72202291
234000 3201.72202291
235000 3201.72202291
236000 3201.72202291
237000 3201.72202291
238000 3201.72202291
239000 3201.72202291
240000 3201.72202291
241000 3856.86899358
242000 3856.86899358
243000 3856.86899358
244000 3856.86899358
245000 3856.86899358
246000 3856.86899358
247000 3808.85357809
248000 3808.85357809
249000 3808.85357809
250000 3808.85357809
251000 3808.85357809
252000 3808.85357809
253000 3808.85357809
254000 3814.35236868
255000 3814.35236868
256000 3814.35236868
257000 3814.35236868
258000 3814.35236868
259000 3814.35236868
260000 3814.35236868
261000 3705.44523471
262000 3705.44523471
263000 3705.44523471
264000 3705.44523471
265000 3705.44523471
266000 3705.44523471
267000 3705.44523471
268000 3705.44523471
269000 3805.44508161
270000 3805.44508161
271000 3805.44508161
272000 3805.44508161
273000 3805.44508161
274000 3805.44508161
275000 3805.44508161
276000 3763.81188398
277000 3763.81188398
278000 3763.81188398
279000 3763.81188398
280000 3763.81188398
281000 3763.81188398
282000 3763.81188398
283000 3742.68278641
284000 3742.68278641
285000 3742.68278641
286000 3742.68278641
287000 3742.68278641
288000 3742.68278641
289000 3742.68278641
290000 3834.31713479
291000 3834.31713479
292000 3834.31713479
293000 3834.31713479
294000 3834.31713479
295000 3834.31713479
296000 3834.31713479
297000 3792.03799413
298000 3792.03799413
299000 3792.03799413
300000 3792.03799413
301000 3792.03799413
302000 3792.03799413
303000 3792.03799413
304000 3826.68137463
305000 3826.68137463
306000 3826.68137463
307000 3826.68137463
308000 3826.68137463
309000 3826.68137463
310000 3826.68137463
311000 3885.33333333
312000 3885.33333333
313000 3885.33333333
314000 3885.33333333
315000 3885.33333333
316000 3885.33333333
317000 3885.33333333
318000 3885.33333333
319000 3795.26186697
320000 3795.26186697
321000 3795.26186697
322000 3795.26186697
323000 3795.26186697
324000 3795.26186697
325000 3795.26186697
326000 3737.57901014
327000 3737.57901014
328000 3737.57901014
329000 3737.57901014
330000 3737.57901014
331000 3737.57901014
332000 3737.57901014
333000 3751.93177442
334000 3751.93177442
335000 3751.93177442
336000 3751.93177442
337000 3751.93177442
338000 3751.93177442
339000 3751.93177442
340000 3850.04458881
341000 3850.04458881
342000 3850.04458881
343000 3850.04458881
344000 3850.04458881
345000 3850.04458881
346000 3850.04458881
347000 3807.86452555
348000 3807.86452555
349000 3807.86452555
350000 3807.86452555
351000 3807.86452555
352000 3807.86452555
353000 3807.86452555
354000 3837.48139668
355000 3837.48139668
356000 3837.48139668
357000 3837.48139668
358000 3837.48139668
359000 3837.48139668
360000 3837.48139668
361000 3726.37559179
362000 3726.37559179
