0 3053.46095718
1000 3053.46095718
2000 3053.46095718
3000 3053.46095718
4000 3053.46095718
5000 3053.46095718
6000 3053.46095718
7000 3053.46095718
8000 3053.46095718
9000 3053.46095718
10000 3053.46095718
11000 3908.45307443
12000 9205.64251208
13000 8255.12742888
14000 7304.61234568
15000 5528.26316208
16000 3751.91397849
17000 8632.88888889
18000 6077.73374431
19000 6077.73374431
20000 3522.57859974
21000 3522.57859974
22000 2653.61367167
23000 2653.61367167
24000 5640.93300248
25000 3582.87784921
26000 3582.87784921
27000 3582.87784921
28000 4096.4412666
29000 4096.4412666
30000 2925.60588716
31000 2925.60588716
32000 4076.65275548
33000 4076.65275548
34000 5859.01683502
35000 2123.4426413
36000 2123.4426413
37000 2123.4426413
38000 2123.4426413
39000 7504.47483871
40000 2469.70107613
41000 2469.70107613
42000 2469.70107613
43000 9818.1682243
44000 4743.45554874
45000 4743.45554874
46000 16246.7809524
47000 7069.46993318
48000 3346.23580786
49000 14201.1492958
50000 9365.91654676
51000 8956.9070632
52000 4234.73197279
53000 4234.73197279
54000 2750.68605646
55000 2750.68605646
56000 2750.68605646
57000 10010.1391941
58000 5134.75
59000 2906.04689093
60000 2906.04689093
61000 2906.04689093
62000 4520.70874349
63000 4520.70874349
64000 2710.84330053
65000 2710.84330053
66000 987.904201021
67000 987.904201021
68000 987.904201021
69000 987.904201021
70000 987.904201021
71000 987.904201021
72000 987.904201021
73000 987.904201021
74000 4851.70656371
75000 4851.70656371
76000 3553.82251656
77000 3553.82251656
78000 4512.0
79000 4512.0
80000 7173.96184063
81000 2830.78956522
82000 2830.78956522
83000 8113.72737186
84000 8113.72737186
85000 2736.90724747
86000 2736.90724747
87000 2736.90724747
88000 8332.79291251
89000 4236.93215339
90000 4236.93215339
91000 6107.11369295
92000 2051.22595597
93000 2051.22595597
94000 2051.22595597
95000 2051.22595597
96000 4645.75494071
97000 4645.75494071
98000 2755.77639752
99000 2755.77639752
100000 2755.77639752
101000 2728.89635854
102000 2728.89635854
103000 2728.89635854
104000 5522.11221122
105000 2818.38395415
106000 15443.2150829
107000 15443.2150829
108000 8394.79380215
109000 8394.79380215
110000 2708.25359019
111000 2708.25359019
112000 2708.25359019
113000 3823.58246347
114000 3823.58246347
115000 1997.49234278
116000 1997.49234278
117000 1997.49234278
118000 1997.49234278
119000 2996.11067194
120000 2996.11067194
121000 2037.29540259
122000 2037.29540259
123000 2037.29540259
124000 2037.29540259
125000 7846.52631579
126000 2446.77713552
127000 2446.77713552
128000 2446.77713552
129000 2446.77713552
130000 4619.80884956
131000 5176.79672578
132000 5176.79672578
133000 2575.71656333
134000 2575.71656333
135000 13441.3882863
136000 9450.17091454
137000 3371.05708061
138000 3371.05708061
139000 3371.05708061
140000 7607.1884058
141000 5955.33208255
142000 1454.97721519
143000 1454.97721519
144000 1454.97721519
145000 1454.97721519
146000 2232.68733392
147000 2232.68733392
148000 2232.68733392
149000 3914.19843656
150000 3914.19843656
151000 1289.216
152000 1289.216
153000 1289.216
154000 1289.216
155000 1289.216
156000 1289.216
157000 2791.89803013
158000 2791.89803013
159000 2791.89803013
160000 3612.91700522
161000 3612.91700522
162000 3612.91700522
163000 823.761239913
164000 823.761239913
165000 823.761239913
166000 823.761239913
167000 823.761239913
168000 823.761239913
169000 823.761239913
170000 823.761239913
171000 12744.7800454
172000 2544.47672253
173000 2544.47672253
174000 11591.675485
175000 4325.9969651
176000 4325.9969651
177000 2184.461108
178000 2184.461108
179000 2184.461108
180000 759.496076352
181000 759.496076352
182000 759.496076352
183000 759.496076352
184000 759.496076352
185000 759.496076352
186000 759.496076352
187000 759.496076352
188000 759.496076352
189000 759.496076352
190000 4113.6653951
191000 4113.6653951
192000 2965.40884956
193000 2965.40884956
194000 983.734555454
195000 983.734555454
196000 983.734555454
197000 983.734555454
198000 983.734555454
199000 983.734555454
200000 5184.10381184
201000 5184.10381184
202000 8798.4
203000 3746.36858006
204000 3746.36858006
205000 9552.27260813
206000 4670.70887647
207000 4670.70887647
208000 8448.94117647
209000 11699.6375199
210000 4419.99500624
211000 4419.99500624
212000 10739.6066566
213000 1382.84740951
214000 1382.84740951
215000 1382.84740951
216000 1382.84740951
217000 1382.84740951
218000 1382.84740951
219000 1979.10663984
220000 1979.10663984
221000 987.656686627
222000 2020.5588219
223000 2020.5588219
224000 2020.5588219
225000 2020.5588219
226000 2020.5588219
227000 2020.5588219
228000 2020.5588219
229000 2020.5588219
230000 2020.5588219
231000 3053.46095718
232000 3908.45307443
233000 6557.04779326
234000 9205.64251208
235000 7304.61234568
236000 5528.26316208
237000 3751.91397849
238000 3751.91397849
239000 6077.73374431
240000 6077.73374431
241000 3522.57859974
242000 3522.57859974
243000 2653.61367167
244000 2653.61367167
245000 5640.93300248
246000 4611.90542584
247000 3582.87784921
248000 3582.87784921
249000 12403.8981818
250000 4096.4412666
251000 4096.4412666
252000 2925.60588716
253000 4076.65275548
254000 4076.65275548
255000 5859.01683502
256000 5859.01683502
257000 2123.4426413
258000 2123.4426413
259000 2123.4426413
260000 2123.4426413
261000 7504.47483871
262000 2469.70107613
263000 2469.70107613
264000 2469.70107613
265000 9818.1682243
266000 4743.45554874
267000 16246.7809524
268000 7069.46993318
269000 3346.23580786
270000 3346.23580786
271000 9365.91654676
272000 16756.9557522
273000 8956.9070632
274000 4234.73197279
275000 2750.68605646
276000 2750.68605646
277000 2750.68605646
278000 12630.2202247
279000 5134.75
280000 5134.75
281000 2906.04689093
282000 2906.04689093
283000 4520.70874349
284000 4520.70874349
285000 2710.84330053
286000 2710.84330053
287000 2710.84330053
288000 987.904201021
289000 987.904201021
290000 987.904201021
291000 987.904201021
292000 987.904201021
293000 987.904201021
294000 987.904201021
295000 987.904201021
296000 4851.70656371
297000 3553.82251656
298000 3553.82251656
299000 4512.0
300000 4512.0
301000 7173.96184063
302000 2830.78956522
303000 2830.78956522
304000 2830.78956522
305000 8113.72737186
306000 2736.90724747
307000 2736.90724747
308000 2736.90724747
309000 8332.79291251
310000 4236.93215339
311000 4236.93215339
312000 6107.11369295
313000 2051.22595597
314000 2051.22595597
315000 2051.22595597
316000 2051.22595597
317000 4645.75494071
318000 4645.75494071
319000 2755.77639752
320000 2755.77639752
321000 2755.77639752
322000 2728.89635854
323000 2728.89635854
324000 2728.89635854
325000 5522.11221122
326000 2818.38395415
327000 15443.2150829
328000 15443.2150829
329000 8394.79380215
330000 8394.79380215
331000 2708.25359019
332000 2708.25359019
333000 2708.25359019
334000 2708.25359019
335000 3823.58246347
336000 3823.58246347
337000 1997.49234278
338000 1997.49234278
339000 1997.49234278
340000 2996.11067194
341000 2996.11067194
342000 2996.11067194
343000 2037.29540259
344000 2037.29540259
345000 2037.29540259
346000 2037.29540259
347000 7846.52631579
348000 2446.77713552
349000 2446.77713552
350000 2446.77713552
351000 4619.80884956
352000 5176.79672578
353000 5176.79672578
354000 2575.71656333
355000 2575.71656333
356000 2575.71656333
357000 9450.17091454
358000 3371.05708061
359000 3371.05708061
360000 3371.05708061
361000 7607.1884058
362000 5955.33208255
363000 5955.33208255
364000 1454.97721519
365000 1454.97721519
366000 1454.97721519
367000 2232.68733392
368000 2232.68733392
369000 2232.68733392
370000 3914.19843656
371000 3914.19843656
372000 3914.19843656
373000 1289.216
374000 1289.216
375000 1289.216
376000 1289.216
377000 1289.216
378000 1289.216
379000 2791.89803013
380000 2791.89803013
381000 3612.91700522
382000 3612.91700522
383000 3612.91700522
384000 823.761239913
385000 823.761239913
386000 823.761239913
387000 823.761239913
388000 823.761239913
389000 823.761239913
390000 823.761239913
391000 823.761239913
392000 12744.7800454
393000 2544.47672253
394000 2544.47672253
395000 2544.47672253
396000 4325.9969651
397000 4325.9969651
398000 2184.461108
399000 2184.461108
400000 2184.461108
401000 2184.461108
402000 759.496076352
403000 759.496076352
404000 759.496076352
405000 759.496076352
406000 759.496076352
407000 759.496076352
408000 759.496076352
409000 759.496076352
410000 759.496076352
411000 4113.6653951
412000 4113.6653951
413000 2965.40884956
414000 2965.40884956
415000 983.734555454
416000 983.734555454
417000 983.734555454
418000 983.734555454
419000 983.734555454
420000 983.734555454
421000 6989.51937984
422000 5184.10381184
423000 8798.4
424000 3746.36858006
425000 3746.36858006
426000 9552.27260813
427000 4670.70887647
428000 4670.70887647
429000 8448.94117647
430000 11699.6375199
431000 4419.99500624
432000 4419.99500624
433000 10701.4506829
434000 1382.84740951
435000 1382.84740951
436000 1382.84740951
437000 1382.84740951
438000 1382.84740951
439000 1382.84740951
440000 10233.6391437
441000 1979.10663984
442000 987.656686627
