0 3096.58067192
1000 3096.58067192
2000 3096.58067192
3000 3096.58067192
4000 3096.58067192
5000 3096.58067192
6000 3096.58067192
7000 3096.58067192
8000 3096.58067192
9000 3096.58067192
10000 3096.58067192
11000 3096.58067192
12000 4449.79983457
13000 4997.73924553
14000 4997.73924553
15000 4012.85192365
16000 4012.85192365
17000 4012.85192365
18000 4012.85192365
19000 3027.96460177
20000 3027.96460177
21000 3027.96460177
22000 3027.96460177
23000 2544.87010738
24000 2544.87010738
25000 2544.87010738
26000 3068.12916453
27000 3068.12916453
28000 2511.79048227
29000 2511.79048227
30000 2511.79048227
31000 715.984992275
32000 715.984992275
33000 715.984992275
34000 715.984992275
35000 715.984992275
36000 715.984992275
37000 715.984992275
38000 715.984992275
39000 715.984992275
40000 2913.56130675
41000 2913.56130675
42000 2913.56130675
43000 2799.83868011
44000 2799.83868011
45000 1247.63320392
46000 1247.63320392
47000 1247.63320392
48000 1247.63320392
49000 1247.63320392
50000 1940.84267837
51000 1940.84267837
52000 1940.84267837
53000 1940.84267837
54000 1940.84267837
55000 1940.84267837
56000 1940.84267837
57000 1940.84267837
58000 1940.84267837
59000 1940.84267837
60000 1940.84267837
61000 1940.84267837
62000 1940.84267837
63000 1940.84267837
64000 1940.84267837
65000 1940.84267837
66000 1940.84267837
67000 1940.84267837
68000 1940.84267837
69000 1940.84267837
70000 2634.05215282
71000 2634.05215282
72000 5298.1301059
73000 5298.1301059
74000 1447.18535899
75000 1447.18535899
76000 1447.18535899
77000 1447.18535899
78000 2340.31047228
79000 2340.31047228
80000 2340.31047228
81000 2986.33021807
82000 2986.33021807
83000 1472.94292343
84000 1472.94292343
85000 1472.94292343
86000 1472.94292343
87000 1472.94292343
88000 2712.69406393
89000 2712.69406393
90000 2826.44143426
91000 2826.44143426
92000 2826.44143426
93000 2178.35162791
94000 2178.35162791
95000 2178.35162791
96000 519.283035582
97000 519.283035582
98000 519.283035582
99000 519.283035582
100000 519.283035582
101000 519.283035582
102000 519.283035582
103000 519.283035582
104000 519.283035582
105000 519.283035582
106000 519.283035582
107000 519.283035582
108000 519.283035582
109000 519.283035582
110000 1643.63213038
111000 1643.63213038
112000 1643.63213038
113000 2079.59053897
114000 2079.59053897
115000 2079.59053897
116000 4049.90144928
117000 4049.90144928
118000 2496.45730618
119000 2496.45730618
120000 2186.15982721
121000 2186.15982721
122000 2186.15982721
123000 1719.70526316
124000 1719.70526316
125000 1719.70526316
126000 1719.70526316
127000 1316.90465158
128000 1316.90465158
129000 1316.90465158
130000 1316.90465158
131000 1316.90465158
132000 1316.90465158
133000 1814.99515807
134000 1814.99515807
135000 1814.99515807
136000 1814.99515807
137000 1372.90810811
138000 1372.90810811
139000 1372.90810811
140000 1372.90810811
141000 1175.02323282
142000 1175.02323282
143000 1175.02323282
144000 1175.02323282
145000 1761.58501725
146000 1761.58501725
147000 1761.58501725
148000 1761.58501725
149000 1761.58501725
150000 1747.93851801
151000 1747.93851801
152000 1747.93851801
153000 1747.93851801
154000 1932.63290343
155000 1932.63290343
156000 1932.63290343
157000 1932.63290343
158000 1928.61094408
159000 1928.61094408
160000 1928.61094408
161000 2139.70660147
162000 2139.70660147
163000 2139.70660147
164000 824.285971763
165000 824.285971763
166000 824.285971763
167000 824.285971763
168000 824.285971763
169000 824.285971763
170000 824.285971763
171000 1144.13399266
172000 1144.13399266
173000 1144.13399266
174000 1144.13399266
175000 1144.13399266
176000 1144.13399266
177000 1144.13399266
178000 779.654320988
179000 779.654320988
180000 779.654320988
181000 779.654320988
182000 779.654320988
183000 779.654320988
184000 779.654320988
185000 1058.97674419
186000 1058.97674419
187000 1058.97674419
188000 1058.97674419
189000 1058.97674419
190000 1058.97674419
191000 1058.97674419
192000 1137.6
193000 1137.6
194000 1137.6
195000 1137.6
196000 1137.6
197000 2571.37342015
198000 2571.37342015
199000 2571.37342015
200000 2400.51245552
201000 2400.51245552
202000 2769.00821918
203000 2932.79444555
204000 2932.79444555
205000 2932.79444555
206000 2932.79444555
207000 2932.79444555
208000 2932.79444555
209000 2932.79444555
210000 2932.79444555
211000 3096.58067192
212000 3096.58067192
213000 3096.58067192
214000 4449.79983457
215000 4997.73924553
216000 4997.73924553
217000 4012.85192365
218000 4012.85192365
219000 4012.85192365
220000 4012.85192365
221000 3027.96460177
222000 3027.96460177
223000 3027.96460177
224000 3027.96460177
225000 2544.87010738
226000 2544.87010738
227000 2544.87010738
228000 3068.12916453
229000 3068.12916453
230000 2511.79048227
231000 2511.79048227
232000 2511.79048227
233000 715.984992275
234000 715.984992275
235000 715.984992275
236000 715.984992275
237000 715.984992275
238000 715.984992275
239000 715.984992275
240000 715.984992275
241000 715.984992275
242000 2913.56130675
243000 2913.56130675
244000 2913.56130675
245000 2799.83868011
246000 2799.83868011
247000 1247.63320392
248000 1247.63320392
249000 1247.63320392
250000 1247.63320392
251000 1247.63320392
252000 1940.84267837
253000 1940.84267837
254000 1940.84267837
255000 1940.84267837
256000 1940.84267837
257000 1940.84267837
258000 1940.84267837
259000 1940.84267837
260000 1940.84267837
261000 1940.84267837
262000 1940.84267837
263000 1940.84267837
264000 1940.84267837
265000 1940.84267837
266000 1940.84267837
267000 1940.84267837
268000 1940.84267837
269000 1940.84267837
270000 1940.84267837
271000 1940.84267837
272000 2634.05215282
273000 2634.05215282
274000 5298.1301059
275000 5298.1301059
276000 1447.18535899
277000 1447.18535899
278000 1447.18535899
279000 1447.18535899
280000 2340.31047228
281000 2340.31047228
282000 2340.31047228
283000 2986.33021807
284000 2986.33021807
285000 2986.33021807
286000 1472.94292343
287000 1472.94292343
288000 1472.94292343
289000 1472.94292343
290000 2712.69406393
291000 2712.69406393
292000 2826.44143426
293000 2826.44143426
294000 2826.44143426
295000 2178.35162791
296000 2178.35162791
297000 2178.35162791
298000 519.283035582
299000 519.283035582
300000 519.283035582
301000 519.283035582
302000 519.283035582
303000 519.283035582
304000 519.283035582
305000 519.283035582
306000 519.283035582
307000 519.283035582
308000 519.283035582
309000 519.283035582
310000 519.283035582
311000 519.283035582
312000 1643.63213038
313000 1643.63213038
314000 1643.63213038
315000 2079.59053897
316000 2079.59053897
317000 2079.59053897
318000 4049.90144928
319000 4049.90144928
320000 2496.45730618
321000 2496.45730618
322000 2496.45730618
323000 2186.15982721
324000 2186.15982721
325000 1719.70526316
326000 1719.70526316
327000 1719.70526316
328000 1719.70526316
329000 1316.90465158
330000 1316.90465158
331000 1316.90465158
332000 1316.90465158
333000 1316.90465158
334000 1316.90465158
335000 1814.99515807
336000 1814.99515807
337000 1814.99515807
338000 1814.99515807
339000 1372.90810811
340000 1372.90810811
341000 1372.90810811
342000 1372.90810811
343000 1175.02323282
344000 1175.02323282
345000 1175.02323282
346000 1175.02323282
347000 1175.02323282
348000 1761.58501725
349000 1761.58501725
350000 1761.58501725
351000 1761.58501725
352000 1747.93851801
353000 1747.93851801
354000 1747.93851801
355000 1747.93851801
356000 1932.63290343
357000 1932.63290343
358000 1932.63290343
359000 1932.63290343
360000 1928.61094408
361000 1928.61094408
362000 1928.61094408
363000 2139.70660147
364000 2139.70660147
365000 2139.70660147
366000 2139.70660147
367000 824.285971763
368000 824.285971763
369000 824.285971763
370000 824.285971763
371000 824.285971763
372000 824.285971763
373000 1144.13399266
374000 1144.13399266
375000 1144.13399266
376000 1144.13399266
377000 1144.13399266
378000 1144.13399266
379000 1144.13399266
380000 779.654320988
381000 779.654320988
382000 779.654320988
383000 779.654320988
384000 779.654320988
385000 779.654320988
386000 779.654320988
387000 779.654320988
388000 1058.97674419
389000 1058.97674419
390000 1058.97674419
391000 1058.97674419
392000 1058.97674419
393000 1058.97674419
394000 1137.6
395000 1137.6
396000 1137.6
397000 1137.6
398000 1137.6
399000 1137.6
400000 2571.37342015
401000 2571.37342015
402000 2400.51245552
403000 2400.51245552
404000 2769.00821918
