0 1128.32081911
1000 1128.32081911
2000 1128.32081911
3000 1128.32081911
4000 1128.32081911
5000 1128.32081911
6000 1128.32081911
7000 1128.32081911
8000 1128.32081911
9000 1128.32081911
10000 1128.32081911
11000 1190.15773933
12000 1190.15773933
13000 1190.15773933
14000 1190.15773933
15000 1190.15773933
16000 1190.15773933
17000 1190.15773933
18000 1251.99465955
19000 1251.99465955
20000 1251.99465955
21000 1282.36874572
22000 1282.36874572
23000 1303.25646401
24000 1303.25646401
25000 1238.3083497
26000 1238.3083497
27000 1238.3083497
28000 1173.36023539
29000 1173.36023539
30000 1124.96774194
31000 1124.96774194
32000 1124.96774194
33000 1137.09677419
34000 1137.09677419
35000 1137.09677419
36000 1136.91410805
37000 1136.91410805
38000 1136.93612678
39000 1136.93612678
40000 1136.93612678
41000 1136.93612678
42000 1136.95814552
43000 1136.95814552
44000 1136.95814552
45000 1165.75483054
46000 1165.75483054
47000 1165.75483054
48000 1138.37075048
49000 1138.37075048
50000 1138.37075048
51000 1138.37075048
52000 1158.28683694
53000 1158.28683694
54000 1158.28683694
55000 1144.46276766
56000 1144.46276766
57000 1144.46276766
58000 1220.04979253
59000 1220.04979253
60000 1220.04979253
61000 1220.04979253
62000 1192.5
63000 1192.5
64000 1192.5
65000 1201.05907473
66000 1201.05907473
67000 1201.05907473
68000 1201.05907473
69000 1200.10227273
70000 1200.10227273
71000 1200.10227273
72000 1223.81812012
73000 1223.81812012
74000 1223.81812012
75000 1223.81812012
76000 1180.21884105
77000 1180.21884105
78000 1180.21884105
79000 1179.80556487
80000 1179.80556487
81000 1179.80556487
82000 1179.80556487
83000 1230.45125732
84000 1230.45125732
85000 1230.45125732
86000 1230.45125732
87000 1160.88593282
88000 1160.88593282
89000 1160.88593282
90000 1189.23250415
91000 1189.23250415
92000 1189.23250415
93000 1189.23250415
94000 1146.24776501
95000 1146.24776501
96000 1146.24776501
97000 1227.09224012
98000 1227.09224012
99000 1227.09224012
100000 1227.09224012
101000 1173.12
102000 1173.12
103000 1173.12
104000 1190.18702163
105000 1190.18702163
106000 1190.18702163
107000 1190.18702163
108000 1236.28057808
109000 1236.28057808
110000 1236.28057808
111000 1236.28057808
112000 1225.53712954
113000 1225.53712954
114000 1225.53712954
115000 1197.42686962
116000 1197.42686962
117000 1197.42686962
118000 1197.42686962
119000 1183.21114684
120000 1183.21114684
121000 1183.21114684
122000 1183.21114684
123000 1234.24803768
124000 1234.24803768
125000 1234.24803768
126000 1182.43431635
127000 1182.43431635
128000 1182.43431635
129000 1208.72022161
130000 1208.72022161
131000 1208.72022161
132000 1208.72022161
133000 1183.47540984
134000 1183.47540984
135000 1183.47540984
136000 1202.52252252
137000 1202.52252252
138000 1202.52252252
139000 1202.52252252
140000 1212.37694915
141000 1212.37694915
142000 1212.37694915
143000 1212.37694915
144000 1221.70917841
145000 1221.70917841
146000 1221.70917841
147000 1200.36608345
148000 1200.36608345
149000 1200.36608345
150000 1200.36608345
151000 1083.19410319
152000 1083.19410319
153000 1083.19410319
154000 1083.19410319
155000 1135.54635234
156000 1135.54635234
157000 1135.54635234
158000 1205.76090812
159000 1205.76090812
160000 1205.76090812
161000 1205.76090812
162000 1222.29508197
163000 1222.29508197
164000 1222.29508197
165000 1213.74540504
166000 1213.74540504
167000 1213.74540504
168000 1213.74540504
169000 1202.25705329
170000 1202.25705329
171000 1202.25705329
172000 1208.33652645
173000 1208.33652645
174000 1208.33652645
175000 1208.33652645
176000 1168.32867278
177000 1168.32867278
178000 1168.32867278
179000 1168.32867278
180000 1168.32867278
181000 1128.32081911
182000 1128.32081911
183000 1128.32081911
184000 1128.32081911
185000 1128.32081911
186000 1190.15773933
187000 1190.15773933
188000 1190.15773933
189000 1190.15773933
190000 1190.15773933
191000 1190.15773933
192000 1190.15773933
193000 1251.99465955
194000 1251.99465955
195000 1251.99465955
196000 1282.36874572
197000 1282.36874572
198000 1303.25646401
199000 1303.25646401
200000 1238.3083497
201000 1238.3083497
202000 1238.3083497
203000 1173.36023539
204000 1173.36023539
205000 1124.96774194
206000 1124.96774194
207000 1124.96774194
208000 1137.09677419
209000 1137.09677419
210000 1137.09677419
211000 1136.91410805
212000 1136.91410805
213000 1136.93612678
214000 1136.93612678
215000 1136.93612678
216000 1136.93612678
217000 1136.95814552
218000 1136.95814552
219000 1136.95814552
220000 1165.75483054
221000 1165.75483054
222000 1165.75483054
223000 1138.37075048
224000 1138.37075048
225000 1138.37075048
226000 1138.37075048
227000 1158.28683694
228000 1158.28683694
229000 1158.28683694
230000 1144.46276766
231000 1144.46276766
232000 1144.46276766
233000 1220.04979253
234000 1220.04979253
235000 1220.04979253
236000 1220.04979253
237000 1192.5
238000 1192.5
239000 1192.5
240000 1201.05907473
241000 1201.05907473
242000 1201.05907473
243000 1201.05907473
244000 1200.10227273
245000 1200.10227273
246000 1200.10227273
247000 1223.81812012
248000 1223.81812012
249000 1223.81812012
250000 1223.81812012
251000 1180.21884105
252000 1180.21884105
253000 1180.21884105
254000 1180.21884105
255000 1179.80556487
256000 1179.80556487
257000 1179.80556487
258000 1230.45125732
259000 1230.45125732
260000 1230.45125732
261000 1230.45125732
262000 1160.88593282
263000 1160.88593282
264000 1160.88593282
265000 1189.23250415
266000 1189.23250415
267000 1189.23250415
268000 1189.23250415
269000 1146.24776501
270000 1146.24776501
271000 1146.24776501
272000 1227.09224012
273000 1227.09224012
274000 1227.09224012
275000 1227.09224012
276000 1173.12
277000 1173.12
278000 1173.12
279000 1190.18702163
280000 1190.18702163
281000 1190.18702163
282000 1190.18702163
283000 1236.28057808
284000 1236.28057808
285000 1236.28057808
286000 1236.28057808
287000 1225.53712954
288000 1225.53712954
289000 1225.53712954
290000 1197.42686962
291000 1197.42686962
292000 1197.42686962
293000 1197.42686962
294000 1183.21114684
295000 1183.21114684
296000 1183.21114684
297000 1183.21114684
298000 1234.24803768
299000 1234.24803768
300000 1234.24803768
301000 1182.43431635
302000 1182.43431635
303000 1182.43431635
304000 1208.72022161
305000 1208.72022161
306000 1208.72022161
307000 1208.72022161
308000 1183.47540984
309000 1183.47540984
310000 1183.47540984
311000 1202.52252252
312000 1202.52252252
313000 1202.52252252
314000 1202.52252252
315000 1212.37694915
316000 1212.37694915
317000 1212.37694915
318000 1212.37694915
319000 1221.70917841
320000 1221.70917841
321000 1221.70917841
322000 1200.36608345
323000 1200.36608345
324000 1200.36608345
325000 1200.36608345
326000 1083.19410319
327000 1083.19410319
328000 1083.19410319
329000 1083.19410319
330000 1135.54635234
331000 1135.54635234
332000 1135.54635234
333000 1205.76090812
334000 1205.76090812
335000 1205.76090812
336000 1205.76090812
337000 1222.29508197
338000 1222.29508197
339000 1222.29508197
340000 1213.74540504
341000 1213.74540504
342000 1213.74540504
343000 1213.74540504
344000 1202.25705329
345000 1202.25705329
346000 1202.25705329
347000 1208.33652645
348000 1208.33652645
349000 1208.33652645
350000 1208.33652645
