0 4160.6328801
1000 4160.6328801
2000 4160.6328801
3000 4160.6328801
4000 4160.6328801
5000 4160.6328801
6000 4160.6328801
7000 2936.90627547
8000 1613.11034746
9000 1613.11034746
10000 1613.11034746
11000 3021.96395412
12000 3021.96395412
13000 3426.80210158
14000 3426.80210158
15000 3022.60194175
16000 3022.60194175
17000 2897.65453495
18000 2897.65453495
19000 2897.65453495
20000 4144.83221477
21000 3862.29183842
22000 3862.29183842
23000 3792.87813953
24000 3784.1780709
25000 3784.1780709
26000 3784.1780709
27000 3784.1780709
28000 3784.1780709
29000 4066.98998888
30000 4066.98998888
31000 4066.98998888
32000 4441.48490687
33000 4441.48490687
34000 3921.30745659
35000 3921.30745659
36000 3493.77715092
37000 3327.54674221
38000 3327.54674221
39000 3327.54674221
40000 3986.71762208
41000 3986.71762208
42000 3959.3598258
43000 3959.3598258
44000 3959.3598258
45000 3833.6742029
46000 3833.6742029
47000 3902.555667
48000 3902.555667
49000 3700.43120905
50000 3700.43120905
51000 3437.60126249
52000 3437.60126249
53000 3228.91306074
54000 3228.91306074
55000 3228.91306074
56000 3506.84223602
57000 3506.84223602
58000 3492.20143885
59000 3492.20143885
60000 3492.20143885
61000 4413.13694461
62000 2831.12594841
63000 2831.12594841
64000 2831.12594841
65000 2831.12594841
66000 4045.18086348
67000 4045.18086348
68000 4246.91799787
69000 4246.91799787
70000 4044.95532267
71000 4044.95532267
72000 3956.2514828
73000 3956.2514828
74000 3870.89942678
75000 3870.89942678
76000 3870.89942678
77000 4082.04671858
78000 4082.04671858
79000 3996.85089754
80000 3996.85089754
81000 3996.85089754
82000 3996.85089754
83000 3911.6550765
84000 3911.6550765
85000 3911.6550765
86000 3425.53825799
87000 3425.53825799
88000 3425.53825799
89000 3425.53825799
90000 3425.53825799
91000 3361.79623621
92000 3361.79623621
93000 3361.79623621
94000 3361.79623621
95000 3109.71823682
96000 3109.71823682
97000 3109.71823682
98000 3109.71823682
99000 3109.71823682
100000 4335.76886035
101000 4335.76886035
102000 4335.76886035
103000 4082.84702467
104000 4082.84702467
105000 4082.84702467
106000 4082.84702467
107000 4123.73532153
108000 4123.73532153
109000 4123.73532153
110000 4123.73532153
111000 4305.80645161
112000 4305.80645161
113000 4305.80645161
114000 4305.80645161
115000 4275.06849315
116000 4275.06849315
117000 4275.06849315
118000 4763.17844018
119000 4763.17844018
120000 4763.17844018
121000 4763.17844018
122000 4298.41420118
123000 4298.41420118
124000 4298.41420118
125000 3556.82238967
126000 3556.82238967
127000 3556.82238967
128000 3556.82238967
129000 2589.8996139
130000 2589.8996139
131000 2589.8996139
132000 2589.8996139
133000 2589.8996139
134000 2589.8996139
135000 4310.31417625
136000 4310.31417625
137000 4310.31417625
138000 4188.06153846
139000 4188.06153846
140000 4188.06153846
141000 4188.06153846
142000 4288.07301768
143000 4288.07301768
144000 4288.07301768
145000 4288.07301768
146000 3991.95772787
147000 3991.95772787
148000 3991.95772787
149000 3203.59490869
150000 3203.59490869
151000 3203.59490869
152000 3203.59490869
153000 4081.20825959
154000 4081.20825959
155000 4081.20825959
156000 4081.20825959
157000 4318.04081633
158000 4318.04081633
159000 4083.44599746
160000 4083.44599746
161000 4083.44599746
162000 4083.44599746
163000 3987.96303142
164000 3987.96303142
165000 3987.96303142
166000 3987.96303142
167000 4404.0432645
168000 4404.0432645
169000 4404.0432645
170000 4404.0432645
171000 3923.47826087
172000 3923.47826087
173000 3923.47826087
174000 3923.47826087
175000 3423.96529284
176000 3423.96529284
177000 3423.96529284
178000 3423.96529284
179000 4254.87587822
180000 4254.87587822
181000 4254.87587822
182000 4254.87587822
183000 3576.29045643
184000 3576.29045643
185000 3576.29045643
186000 3576.29045643
187000 4004.34069401
188000 4004.34069401
189000 4004.34069401
190000 4004.34069401
191000 4079.77464789
192000 4079.77464789
193000 4079.77464789
194000 4172.95581605
195000 4172.95581605
196000 4172.95581605
197000 4172.95581605
198000 4085.85125999
199000 4085.85125999
200000 4085.85125999
201000 4085.85125999
202000 3658.19721448
203000 3658.19721448
204000 3658.19721448
205000 3658.19721448
206000 3775.27359618
207000 3775.27359618
208000 3775.27359618
209000 3775.27359618
210000 3422.63275687
211000 3422.63275687
212000 3422.63275687
213000 3422.63275687
214000 3084.24585016
215000 3084.24585016
216000 3084.24585016
217000 3084.24585016
218000 3084.24585016
219000 2243.18956144
220000 2243.18956144
221000 2243.18956144
222000 2243.18956144
223000 2243.18956144
224000 2243.18956144
225000 3396.69383003
226000 3396.69383003
227000 3396.69383003
228000 3396.69383003
229000 3288.95099466
230000 3288.95099466
231000 3288.95099466
232000 2545.04234528
233000 1222.7032419
234000 2691.668061
235000 2691.668061
236000 4160.6328801
237000 4160.6328801
238000 4160.6328801
239000 4160.6328801
240000 2936.90627547
241000 2936.90627547
242000 1613.11034746
243000 1613.11034746
244000 1613.11034746
245000 3021.96395412
246000 3021.96395412
247000 3426.80210158
248000 3426.80210158
249000 3022.60194175
250000 3022.60194175
251000 2897.65453495
252000 2897.65453495
253000 4144.83221477
254000 4144.83221477
255000 3862.29183842
256000 3792.87813953
257000 3792.87813953
258000 3784.1780709
259000 3784.1780709
260000 3784.1780709
261000 3784.1780709
262000 3784.1780709
263000 4066.98998888
264000 4066.98998888
265000 4441.48490687
266000 4441.48490687
267000 3921.30745659
268000 3921.30745659
269000 3493.77715092
270000 3493.77715092
271000 3327.54674221
272000 3327.54674221
273000 3986.71762208
274000 3986.71762208
275000 3986.71762208
276000 3959.3598258
277000 3959.3598258
278000 3833.6742029
279000 3833.6742029
280000 3902.555667
281000 3902.555667
282000 3902.555667
283000 3700.43120905
284000 3700.43120905
285000 3437.60126249
286000 3437.60126249
287000 3228.91306074
288000 3228.91306074
289000 3228.91306074
290000 3506.84223602
291000 3492.20143885
292000 3492.20143885
293000 3492.20143885
294000 4413.13694461
295000 4413.13694461
296000 2831.12594841
297000 2831.12594841
298000 2831.12594841
299000 4045.18086348
300000 4045.18086348
301000 4246.91799787
302000 4246.91799787
303000 4246.91799787
304000 4044.95532267
305000 4044.95532267
306000 3956.2514828
307000 3956.2514828
308000 3870.89942678
309000 3870.89942678
310000 3870.89942678
311000 4082.04671858
312000 4082.04671858
313000 3996.85089754
314000 3996.85089754
315000 3996.85089754
316000 3911.6550765
317000 3911.6550765
318000 3911.6550765
319000 3911.6550765
320000 3425.53825799
321000 3425.53825799
322000 3425.53825799
323000 3425.53825799
324000 3425.53825799
325000 3361.79623621
326000 3361.79623621
327000 3361.79623621
328000 3109.71823682
329000 3109.71823682
330000 3109.71823682
331000 3109.71823682
332000 3109.71823682
333000 4335.76886035
334000 4335.76886035
335000 4335.76886035
336000 4335.76886035
337000 4082.84702467
338000 4082.84702467
339000 4082.84702467
340000 4082.84702467
341000 4123.73532153
342000 4123.73532153
343000 4123.73532153
344000 4305.80645161
345000 4305.80645161
346000 4305.80645161
347000 4305.80645161
348000 4275.06849315
349000 4275.06849315
350000 4275.06849315
351000 4275.06849315
352000 4763.17844018
353000 4763.17844018
354000 4763.17844018
355000 4298.41420118
356000 4298.41420118
357000 4298.41420118
358000 4298.41420118
359000 3556.82238967
360000 3556.82238967
361000 3556.82238967
362000 3556.82238967
363000 2589.8996139
364000 2589.8996139
365000 2589.8996139
366000 2589.8996139
367000 2589.8996139
368000 4310.31417625
369000 4310.31417625
370000 4310.31417625
371000 4188.06153846
372000 4188.06153846
373000 4188.06153846
374000 4188.06153846
375000 4288.07301768
376000 4288.07301768
377000 4288.07301768
378000 4288.07301768
379000 3991.95772787
380000 3991.95772787
381000 3991.95772787
382000 3203.59490869
383000 3203.59490869
384000 3203.59490869
385000 3203.59490869
386000 4081.20825959
387000 4081.20825959
388000 4081.20825959
389000 4081.20825959
390000 4318.04081633
391000 4318.04081633
392000 4318.04081633
393000 4083.44599746
394000 4083.44599746
395000 4083.44599746
396000 4083.44599746
397000 3987.96303142
398000 3987.96303142
399000 3987.96303142
400000 4404.0432645
401000 4404.0432645
402000 4404.0432645
403000 4404.0432645
404000 4404.0432645
405000 3923.47826087
406000 3923.47826087
407000 3923.47826087
408000 3423.96529284
409000 3423.96529284
410000 3423.96529284
411000 3423.96529284
412000 3423.96529284
413000 4254.87587822
414000 4254.87587822
415000 4254.87587822
416000 3576.29045643
417000 3576.29045643
418000 3576.29045643
419000 3576.29045643
420000 4004.34069401
421000 4004.34069401
422000 4004.34069401
423000 4004.34069401
424000 4079.77464789
425000 4079.77464789
426000 4079.77464789
427000 4079.77464789
428000 4172.95581605
429000 4172.95581605
430000 4172.95581605
431000 4172.95581605
432000 4085.85125999
433000 4085.85125999
434000 4085.85125999
435000 3658.19721448
436000 3658.19721448
437000 3658.19721448
438000 3658.19721448
439000 3775.27359618
440000 3775.27359618
441000 3775.27359618
442000 3775.27359618
443000 3422.63275687
444000 3422.63275687
445000 3422.63275687
446000 3422.63275687
447000 3084.24585016
448000 3084.24585016
449000 3084.24585016
450000 3084.24585016
451000 3084.24585016
452000 2243.18956144
453000 2243.18956144
454000 2243.18956144
455000 2243.18956144
456000 2243.18956144
457000 2243.18956144
458000 3396.69383003
459000 3396.69383003
460000 3396.69383003
461000 3396.69383003
462000 3396.69383003
463000 3288.95099466
464000 3288.95099466
465000 2545.04234528
466000 1946.35294118
467000 1222.7032419
