0 3076.05734767
1000 3076.05734767
2000 3076.05734767
3000 3076.05734767
4000 3076.05734767
5000 3076.05734767
6000 3076.05734767
7000 3076.05734767
8000 5446.1883537
9000 5446.1883537
10000 2911.1616341
11000 2911.1616341
12000 2911.1616341
13000 5825.59317212
14000 5825.59317212
15000 5824.25006074
16000 5824.25006074
17000 5824.25006074
18000 5822.90694935
19000 5822.90694935
20000 5822.90694935
21000 6044.80437756
22000 6044.80437756
23000 6044.80437756
24000 6131.95159121
25000 6131.95159121
26000 5839.33128025
27000 5839.33128025
28000 5839.33128025
29000 6061.92100736
30000 6061.92100736
31000 6061.92100736
32000 6284.51073446
33000 6284.51073446
34000 6284.51073446
35000 6284.51073446
36000 6239.01304864
37000 6239.01304864
38000 3561.11368471
39000 3561.11368471
40000 3561.11368471
41000 3561.11368471
42000 3561.11368471
43000 3598.48827848
44000 3598.48827848
45000 3598.48827848
46000 3598.48827848
47000 6276.88009313
48000 6276.88009313
49000 6276.88009313
50000 6155.6983383
51000 6155.6983383
52000 6155.6983383
53000 6098.51167844
54000 6098.51167844
55000 4068.01476015
56000 4068.01476015
57000 4068.01476015
58000 4068.01476015
59000 6255.37347368
60000 6255.37347368
61000 5867.15765247
62000 5867.15765247
63000 5867.15765247
64000 6387.83379501
65000 6387.83379501
66000 6387.83379501
67000 6387.83379501
68000 6464.59865867
69000 6464.59865867
70000 6464.59865867
71000 6161.24610592
72000 6161.24610592
73000 6161.24610592
74000 6037.4340226
75000 6037.4340226
76000 6037.4340226
77000 5913.62193928
78000 5913.62193928
79000 5913.62193928
80000 5913.62193928
81000 5913.62193928
82000 6439.42961609
83000 6439.42961609
84000 6439.42961609
85000 6439.42961609
86000 6270.16759777
87000 6270.16759777
88000 6270.16759777
89000 6166.81764887
90000 6166.81764887
91000 6166.81764887
92000 6166.81764887
93000 6215.05254189
94000 6215.05254189
95000 6215.05254189
96000 6143.74518912
97000 6143.74518912
98000 6143.74518912
99000 6143.74518912
100000 6078.60455897
101000 6078.60455897
102000 6078.60455897
103000 6309.62255965
104000 6309.62255965
105000 6309.62255965
106000 6388.95956873
107000 6388.95956873
108000 6388.95956873
109000 6388.95956873
110000 6258.98607242
111000 6258.98607242
112000 6258.98607242
113000 6413.37627341
114000 6413.37627341
115000 6413.37627341
116000 6413.37627341
117000 6283.5763719
118000 6283.5763719
119000 6283.5763719
120000 6294.37250389
121000 6294.37250389
122000 6294.37250389
123000 6294.37250389
124000 6305.16863588
125000 6305.16863588
126000 6305.16863588
127000 6305.16863588
128000 5218.86754967
129000 5218.86754967
130000 5218.86754967
131000 5218.86754967
132000 5218.86754967
133000 5218.86754967
134000 6193.45696835
135000 6193.45696835
136000 6193.45696835
137000 6193.45696835
138000 5119.62445021
139000 5119.62445021
140000 5119.62445021
141000 5119.62445021
142000 5119.62445021
143000 4045.79193206
144000 4045.79193206
145000 4585.16256158
146000 4585.16256158
147000 4585.16256158
148000 4585.16256158
149000 4212.32111819
150000 4212.32111819
151000 4212.32111819
152000 4212.32111819
153000 4212.32111819
154000 4212.32111819
155000 3839.4796748
156000 4010.90316118
157000 4010.90316118
158000 4182.32664756
159000 3585.01939058
160000 3072.05653625
161000 3072.05653625
162000 3072.05653625
163000 3072.05653625
164000 3072.05653625
165000 3072.05653625
166000 2559.09368192
167000 2559.09368192
168000 2199.33197556
169000 2457.79781452
170000 2716.26365348
171000 2586.393531
172000 3270.05165864
173000 3953.70978628
174000 3953.70978628
175000 4682.71264368
176000 4457.13710692
177000 3798.92573143
178000 3798.92573143
179000 3798.92573143
180000 3798.92573143
181000 3798.92573143
182000 3798.92573143
183000 3798.92573143
184000 5177.29490022
185000 4730.76755455
186000 4284.24020888
187000 4284.24020888
188000 4205.56
189000 3640.80867384
190000 3640.80867384
191000 3640.80867384
192000 3640.80867384
193000 3076.05734767
194000 3076.05734767
195000 3076.05734767
196000 3076.05734767
197000 5446.1883537
198000 5446.1883537
199000 2911.1616341
200000 2911.1616341
201000 2911.1616341
202000 5825.59317212
203000 5825.59317212
204000 5824.25006074
205000 5824.25006074
206000 5824.25006074
207000 5822.90694935
208000 5822.90694935
209000 5822.90694935
210000 6044.80437756
211000 6044.80437756
212000 6131.95159121
213000 6131.95159121
214000 6131.95159121
215000 5839.33128025
216000 5839.33128025
217000 5839.33128025
218000 6061.92100736
219000 6061.92100736
220000 6061.92100736
221000 6284.51073446
222000 6284.51073446
223000 6284.51073446
224000 6239.01304864
225000 6239.01304864
226000 6239.01304864
227000 3561.11368471
228000 3561.11368471
229000 3561.11368471
230000 3561.11368471
231000 3561.11368471
232000 3598.48827848
233000 3598.48827848
234000 3598.48827848
235000 3598.48827848
236000 6276.88009313
237000 6276.88009313
238000 6276.88009313
239000 6155.6983383
240000 6155.6983383
241000 6155.6983383
242000 6098.51167844
243000 6098.51167844
244000 4068.01476015
245000 4068.01476015
246000 4068.01476015
247000 6255.37347368
248000 6255.37347368
249000 6255.37347368
250000 5867.15765247
251000 5867.15765247
252000 5867.15765247
253000 6387.83379501
254000 6387.83379501
255000 6387.83379501
256000 6464.59865867
257000 6464.59865867
258000 6464.59865867
259000 6464.59865867
260000 6161.24610592
261000 6161.24610592
262000 6037.4340226
263000 6037.4340226
264000 6037.4340226
265000 6037.4340226
266000 5913.62193928
267000 5913.62193928
268000 5913.62193928
269000 5913.62193928
270000 5913.62193928
271000 6439.42961609
272000 6439.42961609
273000 6439.42961609
274000 6439.42961609
275000 6270.16759777
276000 6270.16759777
277000 6270.16759777
278000 6166.81764887
279000 6166.81764887
280000 6166.81764887
281000 6166.81764887
282000 6215.05254189
283000 6215.05254189
284000 6215.05254189
285000 6143.74518912
286000 6143.74518912
287000 6143.74518912
288000 6143.74518912
289000 6078.60455897
290000 6078.60455897
291000 6078.60455897
292000 6309.62255965
293000 6309.62255965
294000 6309.62255965
295000 6388.95956873
296000 6388.95956873
297000 6388.95956873
298000 6388.95956873
299000 6258.98607242
300000 6258.98607242
301000 6258.98607242
302000 6413.37627341
303000 6413.37627341
304000 6413.37627341
305000 6283.5763719
306000 6283.5763719
307000 6283.5763719
308000 6283.5763719
309000 6294.37250389
310000 6294.37250389
311000 6294.37250389
312000 6294.37250389
313000 6305.16863588
314000 6305.16863588
315000 6305.16863588
316000 6305.16863588
317000 5218.86754967
318000 5218.86754967
319000 5218.86754967
320000 5218.86754967
321000 5218.86754967
322000 5218.86754967
323000 6193.45696835
324000 6193.45696835
325000 6193.45696835
326000 5119.62445021
327000 5119.62445021
328000 5119.62445021
329000 5119.62445021
330000 5119.62445021
331000 5119.62445021
332000 4045.79193206
333000 4045.79193206
334000 4585.16256158
335000 4585.16256158
336000 4585.16256158
337000 4585.16256158
338000 4212.32111819
339000 4212.32111819
340000 4212.32111819
341000 4212.32111819
342000 4212.32111819
343000 4212.32111819
344000 3839.4796748
345000 4010.90316118
346000 4182.32664756
347000 4182.32664756
348000 3585.01939058
349000 3072.05653625
350000 3072.05653625
351000 3072.05653625
352000 3072.05653625
353000 3072.05653625
354000 3072.05653625
355000 2559.09368192
356000 2559.09368192
357000 2199.33197556
358000 2457.79781452
359000 2716.26365348
360000 2586.393531
361000 3270.05165864
362000 3953.70978628
363000 4682.71264368
364000 4682.71264368
365000 4457.13710692
366000 3798.92573143
367000 3798.92573143
368000 3798.92573143
369000 3798.92573143
370000 3798.92573143
371000 3798.92573143
372000 3798.92573143
373000 5177.29490022
374000 4730.76755455
375000 4284.24020888
376000 4284.24020888
377000 4205.56
