0 511.64784689
1000 511.64784689
2000 511.64784689
3000 511.64784689
4000 511.64784689
5000 511.64784689
6000 511.64784689
7000 511.64784689
8000 1366.39175258
9000 1366.39175258
10000 1366.39175258
11000 544.444902163
12000 544.444902163
13000 539.540758713
14000 539.540758713
15000 539.540758713
16000 534.636615263
17000 534.636615263
18000 534.636615263
19000 516.15334873
20000 516.15334873
21000 516.15334873
22000 548.053252187
23000 548.053252187
24000 548.053252187
25000 519.50533049
26000 519.50533049
27000 519.50533049
28000 519.50533049
29000 519.005565863
30000 519.005565863
31000 519.005565863
32000 519.005565863
33000 521.608864266
34000 521.608864266
35000 521.608864266
36000 521.608864266
37000 531.855476529
38000 531.855476529
39000 531.855476529
40000 508.051367951
41000 508.051367951
42000 508.051367951
43000 508.051367951
44000 524.584757255
45000 524.584757255
46000 524.584757255
47000 524.584757255
48000 524.697736352
49000 524.697736352
50000 524.697736352
51000 524.697736352
52000 524.00110957
53000 524.00110957
54000 524.00110957
55000 524.00110957
56000 526.684103458
57000 526.684103458
58000 526.684103458
59000 526.684103458
60000 525.126838745
61000 525.126838745
62000 525.126838745
63000 525.126838745
64000 522.282993917
65000 522.282993917
66000 522.282993917
67000 522.282993917
68000 521.964875491
69000 521.964875491
70000 521.964875491
71000 521.964875491
72000 530.154311649
73000 530.154311649
74000 530.154311649
75000 526.505469846
76000 526.505469846
77000 526.505469846
78000 526.505469846
79000 532.416
80000 532.416
81000 532.416
82000 532.416
83000 520.567826802
84000 520.567826802
85000 520.567826802
86000 520.567826802
87000 531.698950525
88000 531.698950525
89000 531.698950525
90000 531.698950525
91000 447.892280072
92000 447.892280072
93000 447.892280072
94000 447.892280072
95000 523.198746409
96000 523.198746409
97000 523.198746409
98000 523.198746409
99000 356.814159292
100000 356.814159292
101000 356.814159292
102000 356.814159292
103000 356.814159292
104000 356.814159292
105000 516.281047446
106000 516.281047446
107000 516.281047446
108000 516.281047446
109000 517.841709994
110000 517.841709994
111000 517.841709994
112000 517.841709994
113000 525.278851463
114000 525.278851463
115000 525.278851463
116000 525.278851463
117000 529.741723829
118000 529.741723829
119000 529.741723829
120000 529.741723829
121000 533.537037037
122000 533.537037037
123000 533.537037037
124000 514.191331111
125000 514.191331111
126000 514.191331111
127000 514.191331111
128000 514.191331111
129000 518.755864466
130000 518.755864466
131000 518.755864466
132000 533.248452697
133000 533.248452697
134000 533.248452697
135000 533.248452697
136000 525.856586993
137000 525.856586993
138000 525.856586993
139000 525.856586993
140000 528.347722536
141000 528.347722536
142000 528.347722536
143000 528.347722536
144000 509.951864586
145000 509.951864586
146000 509.951864586
147000 509.951864586
148000 523.365395246
149000 523.365395246
150000 523.365395246
151000 523.365395246
152000 537.717341482
153000 537.717341482
154000 517.712493466
155000 517.712493466
156000 517.712493466
157000 517.712493466
158000 517.712493466
159000 521.521252796
160000 521.521252796
161000 521.521252796
162000 536.180287809
163000 536.180287809
164000 536.180287809
165000 536.180287809
166000 527.36594698
167000 527.36594698
168000 527.36594698
169000 527.36594698
170000 512.428415301
171000 512.428415301
172000 512.428415301
173000 512.428415301
174000 518.635008283
175000 518.635008283
176000 518.635008283
177000 518.635008283
178000 508.625454545
179000 508.625454545
180000 508.625454545
181000 518.607253886
182000 518.607253886
183000 518.607253886
184000 518.607253886
185000 527.772819473
186000 527.772819473
187000 527.772819473
188000 527.772819473
189000 509.034500126
190000 509.034500126
191000 509.034500126
192000 509.034500126
193000 546.712643678
194000 546.712643678
195000 546.712643678
196000 546.712643678
197000 533.939221812
198000 533.939221812
199000 533.939221812
200000 533.939221812
201000 528.501996577
202000 528.501996577
203000 528.501996577
204000 528.501996577
205000 536.788112273
206000 536.788112273
207000 536.788112273
208000 536.788112273
209000 521.208760743
210000 521.208760743
211000 521.208760743
212000 521.208760743
213000 527.979002625
214000 527.979002625
215000 527.979002625
216000 511.552708212
217000 511.552708212
218000 511.552708212
219000 511.552708212
220000 523.638702761
221000 523.638702761
222000 523.638702761
223000 523.638702761
224000 521.738005391
225000 521.738005391
226000 521.738005391
227000 521.738005391
228000 517.956664478
229000 517.956664478
230000 517.956664478
231000 518.929489188
232000 518.929489188
233000 518.929489188
234000 518.929489188
235000 533.092707046
236000 533.092707046
237000 533.092707046
238000 391.611805903
239000 391.611805903
240000 391.611805903
241000 391.611805903
242000 391.611805903
243000 503.763451285
244000 503.763451285
245000 503.763451285
246000 564.835555556
247000 564.835555556
248000 538.241701223
249000 538.241701223
250000 538.241701223
251000 538.241701223
252000 511.64784689
253000 511.64784689
254000 511.64784689
255000 1366.39175258
256000 1366.39175258
257000 1366.39175258
258000 544.444902163
259000 544.444902163
260000 539.540758713
261000 539.540758713
262000 539.540758713
263000 534.636615263
264000 534.636615263
265000 534.636615263
266000 516.15334873
267000 516.15334873
268000 516.15334873
269000 548.053252187
270000 548.053252187
271000 548.053252187
272000 519.50533049
273000 519.50533049
274000 519.50533049
275000 519.50533049
276000 519.005565863
277000 519.005565863
278000 519.005565863
279000 519.005565863
280000 521.608864266
281000 521.608864266
282000 521.608864266
283000 521.608864266
284000 531.855476529
285000 531.855476529
286000 531.855476529
287000 508.051367951
288000 508.051367951
289000 508.051367951
290000 508.051367951
291000 524.584757255
292000 524.584757255
293000 524.584757255
294000 524.584757255
295000 524.697736352
296000 524.697736352
297000 524.697736352
298000 524.697736352
299000 524.00110957
300000 524.00110957
301000 524.00110957
302000 524.00110957
303000 526.684103458
304000 526.684103458
305000 526.684103458
306000 526.684103458
307000 525.126838745
308000 525.126838745
309000 525.126838745
310000 525.126838745
311000 522.282993917
312000 522.282993917
313000 522.282993917
314000 522.282993917
315000 521.964875491
316000 521.964875491
317000 521.964875491
318000 521.964875491
319000 530.154311649
320000 530.154311649
321000 530.154311649
322000 530.154311649
323000 526.505469846
324000 526.505469846
325000 526.505469846
326000 532.416
327000 532.416
328000 532.416
329000 532.416
330000 520.567826802
331000 520.567826802
332000 520.567826802
333000 520.567826802
334000 531.698950525
335000 531.698950525
336000 531.698950525
337000 531.698950525
338000 447.892280072
339000 447.892280072
340000 447.892280072
341000 447.892280072
342000 523.198746409
343000 523.198746409
344000 523.198746409
345000 523.198746409
346000 356.814159292
347000 356.814159292
348000 356.814159292
349000 356.814159292
350000 356.814159292
351000 356.814159292
352000 516.281047446
353000 516.281047446
354000 516.281047446
355000 516.281047446
356000 517.841709994
357000 517.841709994
358000 517.841709994
359000 517.841709994
360000 525.278851463
361000 525.278851463
362000 525.278851463
363000 525.278851463
364000 529.741723829
365000 529.741723829
366000 529.741723829
367000 529.741723829
368000 533.537037037
369000 533.537037037
370000 533.537037037
371000 533.537037037
372000 514.191331111
373000 514.191331111
374000 514.191331111
375000 514.191331111
376000 518.755864466
377000 518.755864466
378000 518.755864466
379000 533.248452697
380000 533.248452697
381000 533.248452697
382000 533.248452697
383000 525.856586993
384000 525.856586993
385000 525.856586993
386000 525.856586993
387000 528.347722536
388000 528.347722536
389000 528.347722536
390000 528.347722536
391000 509.951864586
392000 509.951864586
393000 509.951864586
394000 509.951864586
395000 523.365395246
396000 523.365395246
397000 523.365395246
398000 523.365395246
399000 537.717341482
400000 537.717341482
401000 537.717341482
402000 517.712493466
403000 517.712493466
404000 517.712493466
405000 517.712493466
406000 521.521252796
407000 521.521252796
408000 521.521252796
409000 536.180287809
410000 536.180287809
411000 536.180287809
412000 536.180287809
413000 527.36594698
414000 527.36594698
415000 527.36594698
416000 527.36594698
417000 512.428415301
418000 512.428415301
419000 512.428415301
420000 512.428415301
421000 518.635008283
422000 518.635008283
423000 518.635008283
424000 518.635008283
425000 508.625454545
426000 508.625454545
427000 508.625454545
428000 518.607253886
429000 518.607253886
430000 518.607253886
431000 518.607253886
432000 527.772819473
433000 527.772819473
434000 527.772819473
435000 527.772819473
436000 509.034500126
437000 509.034500126
438000 509.034500126
439000 509.034500126
440000 546.712643678
441000 546.712643678
442000 546.712643678
443000 546.712643678
444000 533.939221812
445000 533.939221812
446000 533.939221812
447000 533.939221812
448000 528.501996577
449000 528.501996577
450000 528.501996577
451000 528.501996577
452000 536.788112273
453000 536.788112273
454000 536.788112273
455000 536.788112273
456000 521.208760743
457000 521.208760743
458000 521.208760743
459000 521.208760743
460000 527.979002625
461000 527.979002625
462000 527.979002625
463000 511.552708212
464000 511.552708212
465000 511.552708212
466000 511.552708212
467000 523.638702761
468000 523.638702761
469000 523.638702761
470000 523.638702761
471000 521.738005391
472000 521.738005391
473000 521.738005391
474000 521.738005391
475000 517.956664478
476000 517.956664478
477000 517.956664478
478000 517.956664478
479000 518.929489188
480000 518.929489188
481000 518.929489188
482000 533.092707046
483000 533.092707046
484000 533.092707046
485000 533.092707046
486000 391.611805903
487000 391.611805903
488000 391.611805903
489000 391.611805903
490000 503.763451285
491000 503.763451285
492000 503.763451285
493000 503.763451285
494000 564.835555556
