0 4203.03875969
1000 4203.03875969
2000 4203.03875969
3000 4203.03875969
4000 4203.03875969
5000 4203.03875969
6000 4203.03875969
7000 4203.03875969
8000 4203.03875969
9000 4203.03875969
10000 4203.03875969
11000 5096.81488043
12000 5096.81488043
13000 5093.23119015
14000 5093.23119015
15000 5360.53505933
16000 5820.91048842
17000 5820.91048842
18000 5820.91048842
19000 6281.2859175
20000 6281.2859175
21000 6281.2859175
22000 6354.12179852
23000 6354.12179852
24000 12442.3174603
25000 12442.3174603
26000 5056.46480447
27000 5056.46480447
28000 5056.46480447
29000 3668.22288665
30000 3668.22288665
31000 3668.22288665
32000 3668.22288665
33000 7496.23476298
34000 7496.23476298
35000 7185.11501416
36000 7185.11501416
37000 7185.11501416
38000 4517.390681
39000 4517.390681
40000 4517.390681
41000 4546.1676993
42000 4546.1676993
43000 4546.1676993
44000 4619.39538354
45000 4619.39538354
46000 4619.39538354
47000 4619.39538354
48000 4619.39538354
49000 4619.39538354
50000 4619.39538354
51000 4619.39538354
52000 4619.39538354
53000 4619.39538354
54000 4619.39538354
55000 4619.39538354
56000 4619.39538354
57000 4619.39538354
58000 4619.39538354
59000 4619.39538354
60000 4692.62306778
61000 4692.62306778
62000 4692.62306778
63000 6115.51384327
64000 6115.51384327
65000 6115.51384327
66000 4890.68684321
67000 4890.68684321
68000 3808.12974225
69000 3808.12974225
70000 3808.12974225
71000 3808.12974225
72000 6083.2772219
73000 6083.2772219
74000 5146.3483871
75000 5146.3483871
76000 5578.59342815
77000 5578.59342815
78000 4932.55775701
79000 4932.55775701
80000 4932.55775701
81000 6753.44516129
82000 6753.44516129
83000 4362.11845816
84000 4362.11845816
85000 4362.11845816
86000 4362.11845816
87000 4244.83546004
88000 4244.83546004
89000 4244.83546004
90000 5864.24678663
91000 5864.24678663
92000 5265.1480916
93000 5265.1480916
94000 5265.1480916
95000 5529.92974239
96000 5529.92974239
97000 5529.92974239
98000 5008.76130056
99000 5008.76130056
100000 5008.76130056
101000 3878.11293374
102000 3878.11293374
103000 3878.11293374
104000 3878.11293374
105000 3878.11293374
106000 3878.11293374
107000 3878.11293374
108000 3878.11293374
109000 3878.11293374
110000 3878.11293374
111000 3878.11293374
112000 3878.11293374
113000 3878.11293374
114000 2747.46456693
115000 2747.46456693
116000 2747.46456693
117000 2747.46456693
118000 3332.39215686
119000 3522.27750337
120000 3712.16284987
121000 3712.16284987
122000 3970.22762431
123000 3980.94043754
124000 3980.94043754
125000 3991.65325077
126000 3991.65325077
127000 3384.34847081
128000 3598.76923077
129000 3598.76923077
130000 5604.00379147
131000 5604.00379147
132000 5604.00379147
133000 4597.82324287
134000 5934.16652927
135000 5934.16652927
136000 5552.07384615
137000 5552.07384615
138000 5348.55100521
139000 5348.55100521
140000 5711.40840336
141000 2473.06433142
142000 2473.06433142
143000 2473.06433142
144000 2473.06433142
145000 4976.59950042
146000 3525.57765363
147000 3525.57765363
148000 3525.57765363
149000 4620.68321168
150000 6216.98295964
151000 6216.98295964
152000 5305.48965517
153000 5305.48965517
154000 4306.78303626
155000 4306.78303626
156000 5333.42662779
157000 3846.49948187
158000 3846.49948187
159000 4024.76912078
160000 4024.76912078
161000 4024.76912078
162000 4024.76912078
163000 4024.76912078
164000 4024.76912078
165000 4024.76912078
166000 4024.76912078
167000 4203.03875969
168000 4203.03875969
169000 5096.81488043
170000 5096.81488043
171000 5093.23119015
172000 5093.23119015
173000 5360.53505933
174000 5820.91048842
175000 5820.91048842
176000 5820.91048842
177000 5820.91048842
178000 6281.2859175
179000 6281.2859175
180000 6354.12179852
181000 6354.12179852
182000 6354.12179852
183000 12442.3174603
184000 5056.46480447
185000 5056.46480447
186000 5056.46480447
187000 3668.22288665
188000 3668.22288665
189000 3668.22288665
190000 3668.22288665
191000 7496.23476298
192000 7496.23476298
193000 7496.23476298
194000 7185.11501416
195000 7185.11501416
196000 4517.390681
197000 4517.390681
198000 4517.390681
199000 4546.1676993
200000 4546.1676993
201000 4546.1676993
202000 4619.39538354
203000 4619.39538354
204000 4619.39538354
205000 4619.39538354
206000 4619.39538354
207000 4619.39538354
208000 4619.39538354
209000 4619.39538354
210000 4619.39538354
211000 4619.39538354
212000 4619.39538354
213000 4619.39538354
214000 4619.39538354
215000 4619.39538354
216000 4619.39538354
217000 4619.39538354
218000 4692.62306778
219000 4692.62306778
220000 4692.62306778
221000 6115.51384327
222000 6115.51384327
223000 6115.51384327
224000 4890.68684321
225000 4890.68684321
226000 3808.12974225
227000 3808.12974225
228000 3808.12974225
229000 3808.12974225
230000 6083.2772219
231000 6083.2772219
232000 5146.3483871
233000 5146.3483871
234000 5578.59342815
235000 5578.59342815
236000 5578.59342815
237000 4932.55775701
238000 4932.55775701
239000 4932.55775701
240000 6753.44516129
241000 4362.11845816
242000 4362.11845816
243000 4362.11845816
244000 4362.11845816
245000 4244.83546004
246000 4244.83546004
247000 4244.83546004
248000 4244.83546004
249000 5864.24678663
250000 5265.1480916
251000 5265.1480916
252000 5265.1480916
253000 5529.92974239
254000 5529.92974239
255000 5529.92974239
256000 5008.76130056
257000 5008.76130056
258000 5008.76130056
259000 3878.11293374
260000 3878.11293374
261000 3878.11293374
262000 3878.11293374
263000 3878.11293374
264000 3878.11293374
265000 3878.11293374
266000 3878.11293374
267000 3878.11293374
268000 3878.11293374
269000 3878.11293374
270000 3878.11293374
271000 3878.11293374
272000 3878.11293374
273000 2747.46456693
274000 2747.46456693
275000 2747.46456693
276000 3332.39215686
277000 3332.39215686
278000 3522.27750337
279000 3712.16284987
280000 3970.22762431
281000 3980.94043754
282000 3980.94043754
283000 3991.65325077
284000 3991.65325077
285000 3384.34847081
286000 3384.34847081
287000 3598.76923077
288000 5604.00379147
289000 5604.00379147
290000 5604.00379147
291000 4597.82324287
292000 4597.82324287
293000 5934.16652927
294000 5552.07384615
295000 5552.07384615
296000 5348.55100521
297000 5348.55100521
298000 5711.40840336
299000 5711.40840336
300000 2473.06433142
301000 2473.06433142
302000 2473.06433142
303000 4976.59950042
304000 4976.59950042
305000 3525.57765363
306000 3525.57765363
307000 4620.68321168
308000 4620.68321168
309000 6216.98295964
310000 5305.48965517
311000 5305.48965517
312000 4306.78303626
313000 4306.78303626
314000 5333.42662779
315000 5333.42662779
316000 3846.49948187
