0 2589.80360721
1000 2589.80360721
2000 2589.80360721
3000 2589.80360721
4000 2589.80360721
5000 2589.80360721
6000 3658.90030211
7000 3777.95820896
8000 3777.95820896
9000 5002.6989899
10000 2634.79702444
11000 2634.79702444
12000 2600.88023369
13000 2600.88023369
14000 4191.63071298
15000 4191.63071298
16000 4191.63071298
17000 4191.63071298
18000 4191.63071298
19000 4191.63071298
20000 4191.63071298
21000 4191.63071298
22000 5782.38119228
23000 6233.11286089
24000 6233.11286089
25000 6735.65591398
26000 4456.77356181
27000 4456.77356181
28000 5228.51750381
29000 5228.51750381
30000 4826.26865672
31000 5230.70695713
32000 5230.70695713
33000 5069.61299852
34000 4944.9547541
35000 4944.9547541
36000 7089.03775411
37000 6342.77818182
38000 6342.77818182
39000 5615.54009077
40000 5516.23973072
41000 5516.23973072
42000 5416.93937068
43000 5416.93937068
44000 5416.93937068
45000 6127.60904977
46000 6127.60904977
47000 6366.78717201
48000 6366.78717201
49000 6366.78717201
50000 6574.22222222
51000 6574.22222222
52000 4928.41867044
53000 4928.41867044
54000 4928.41867044
55000 6378.4952741
56000 6378.4952741
57000 5227.74494557
58000 5227.74494557
59000 5227.74494557
60000 6532.95561851
61000 6532.95561851
62000 4761.70491803
63000 4761.70491803
64000 4761.70491803
65000 6608.65691364
66000 6608.65691364
67000 6090.06306695
68000 6090.06306695
69000 6090.06306695
70000 6515.28811831
71000 6515.28811831
72000 6611.7592233
73000 6611.7592233
74000 6537.58910885
75000 6537.58910885
76000 6537.58910885
77000 6463.41899441
78000 6463.41899441
79000 6463.41899441
80000 6534.60148148
81000 6534.60148148
82000 6534.60148148
83000 6764.70416362
84000 6764.70416362
85000 6764.70416362
86000 6675.59207207
87000 6675.59207207
88000 6675.59207207
89000 6662.10551369
90000 6662.10551369
91000 6785.84992343
92000 6785.84992343
93000 6785.84992343
94000 6548.35924528
95000 6548.35924528
96000 6548.35924528
97000 6599.76600791
98000 6599.76600791
99000 6120.64263125
100000 6120.64263125
101000 6120.64263125
102000 6120.64263125
103000 5204.3324937
104000 5204.3324937
105000 5204.3324937
106000 5933.37629079
107000 5933.37629079
108000 5933.37629079
109000 6508.59743954
110000 6508.59743954
111000 6512.15308075
112000 6512.15308075
113000 6512.15308075
114000 6522.69518717
115000 6522.69518717
116000 6522.69518717
117000 5745.52176825
118000 5745.52176825
119000 5745.52176825
120000 6503.16195544
121000 6503.16195544
122000 6503.16195544
123000 6768.28175347
124000 6768.28175347
125000 6768.28175347
126000 6074.38677211
127000 6074.38677211
128000 6074.38677211
129000 5982.79802306
130000 5982.79802306
131000 5982.79802306
132000 6065.0101833
133000 6065.0101833
134000 6065.0101833
135000 6631.65706254
136000 6631.65706254
137000 6631.65706254
138000 6704.36298163
139000 6704.36298163
140000 6704.36298163
141000 5881.84988219
142000 5881.84988219
143000 5881.84988219
144000 6202.60445387
145000 6202.60445387
146000 6202.60445387
147000 6516.96872727
148000 6516.96872727
149000 6516.96872727
150000 6665.54910097
151000 6665.54910097
152000 6665.54910097
153000 6509.99500179
154000 6509.99500179
155000 6509.99500179
156000 6569.70163312
157000 6569.70163312
158000 6569.70163312
159000 6569.70163312
160000 6569.70163312
161000 6569.70163312
162000 6569.70163312
163000 6569.70163312
164000 6569.70163312
165000 6569.70163312
166000 6629.40826446
167000 6629.40826446
168000 6629.40826446
169000 3853.20080692
170000 3853.20080692
171000 3853.20080692
172000 2589.80360721
173000 2589.80360721
174000 3658.90030211
175000 3658.90030211
176000 3777.95820896
177000 5002.6989899
178000 5002.6989899
179000 2634.79702444
180000 2634.79702444
181000 2600.88023369
182000 2600.88023369
183000 4191.63071298
184000 4191.63071298
185000 4191.63071298
186000 4191.63071298
187000 4191.63071298
188000 4191.63071298
189000 4191.63071298
190000 4191.63071298
191000 5782.38119228
192000 6233.11286089
193000 6233.11286089
194000 6735.65591398
195000 4456.77356181
196000 4456.77356181
197000 5228.51750381
198000 5228.51750381
199000 4826.26865672
200000 5230.70695713
201000 5230.70695713
202000 5069.61299852
203000 4944.9547541
204000 4944.9547541
205000 7089.03775411
206000 6342.77818182
207000 5615.54009077
208000 5615.54009077
209000 5516.23973072
210000 5516.23973072
211000 5416.93937068
212000 5416.93937068
213000 5416.93937068
214000 6127.60904977
215000 6127.60904977
216000 6366.78717201
217000 6366.78717201
218000 6574.22222222
219000 6574.22222222
220000 6574.22222222
221000 4928.41867044
222000 4928.41867044
223000 4928.41867044
224000 6378.4952741
225000 6378.4952741
226000 5227.74494557
227000 5227.74494557
228000 5227.74494557
229000 6532.95561851
230000 6532.95561851
231000 4761.70491803
232000 4761.70491803
233000 4761.70491803
234000 6608.65691364
235000 6608.65691364
236000 6090.06306695
237000 6090.06306695
238000 6090.06306695
239000 6515.28811831
240000 6515.28811831
241000 6611.7592233
242000 6611.7592233
243000 6537.58910885
244000 6537.58910885
245000 6537.58910885
246000 6463.41899441
247000 6463.41899441
248000 6463.41899441
249000 6534.60148148
250000 6534.60148148
251000 6534.60148148
252000 6764.70416362
253000 6764.70416362
254000 6675.59207207
255000 6675.59207207
256000 6675.59207207
257000 6662.10551369
258000 6662.10551369
259000 6662.10551369
260000 6785.84992343
261000 6785.84992343
262000 6785.84992343
263000 6548.35924528
264000 6548.35924528
265000 6548.35924528
266000 6599.76600791
267000 6599.76600791
268000 6120.64263125
269000 6120.64263125
270000 6120.64263125
271000 6120.64263125
272000 5204.3324937
273000 5204.3324937
274000 5204.3324937
275000 5933.37629079
276000 5933.37629079
277000 6508.59743954
278000 6508.59743954
279000 6508.59743954
280000 6512.15308075
281000 6512.15308075
282000 6512.15308075
283000 6522.69518717
284000 6522.69518717
285000 6522.69518717
286000 5745.52176825
287000 5745.52176825
288000 5745.52176825
289000 6503.16195544
290000 6503.16195544
291000 6503.16195544
292000 6768.28175347
293000 6768.28175347
294000 6768.28175347
295000 6074.38677211
296000 6074.38677211
297000 6074.38677211
298000 5982.79802306
299000 5982.79802306
300000 5982.79802306
301000 6065.0101833
302000 6065.0101833
303000 6065.0101833
304000 6631.65706254
305000 6631.65706254
306000 6631.65706254
307000 6704.36298163
308000 6704.36298163
309000 6704.36298163
310000 5881.84988219
311000 5881.84988219
312000 5881.84988219
313000 6202.60445387
314000 6202.60445387
315000 6202.60445387
316000 6516.96872727
317000 6516.96872727
318000 6516.96872727
319000 6665.54910097
320000 6665.54910097
321000 6665.54910097
322000 6509.99500179
323000 6509.99500179
324000 6509.99500179
325000 6569.70163312
326000 6569.70163312
327000 6569.70163312
328000 6569.70163312
329000 6569.70163312
330000 6569.70163312
331000 6569.70163312
332000 6569.70163312
333000 6569.70163312
334000 6569.70163312
335000 6629.40826446
336000 6629.40826446
337000 6629.40826446
