0 15565.4939759
1000 15565.4939759
2000 15565.4939759
3000 15565.4939759
4000 15565.4939759
5000 15565.4939759
6000 15565.4939759
7000 15565.4939759
8000 15565.4939759
9000 15565.4939759
10000 15565.4939759
11000 15565.4939759
12000 15565.4939759
13000 15565.4939759
14000 15565.4939759
15000 11933.3242187
16000 11933.3242187
17000 11933.3242187
18000 11933.3242187
19000 8301.15446154
20000 8301.15446154
21000 1863.20702379
22000 1863.20702379
23000 1863.20702379
24000 1863.20702379
25000 1863.20702379
26000 1863.20702379
27000 1863.20702379
28000 1863.20702379
29000 4692.8168643
30000 4692.8168643
31000 4692.8168643
32000 4692.8168643
33000 2504.73749373
34000 2504.73749373
35000 2504.73749373
36000 2504.73749373
37000 2504.73749373
38000 2504.73749373
39000 4370.70563674
40000 4370.70563674
41000 4370.70563674
42000 4370.70563674
43000 1623.8993007
44000 1623.8993007
45000 1623.8993007
46000 1623.8993007
47000 1623.8993007
48000 1623.8993007
49000 1623.8993007
50000 1623.8993007
51000 1623.8993007
52000 2859.82988685
53000 2859.82988685
54000 2859.82988685
55000 2859.82988685
56000 2859.82988685
57000 1795.27878077
58000 1795.27878077
59000 1795.27878077
60000 1795.27878077
61000 1795.27878077
62000 1795.27878077
63000 1795.27878077
64000 1795.27878077
65000 1795.27878077
66000 3118.2153048
67000 3118.2153048
68000 3118.2153048
69000 3118.2153048
70000 3118.2153048
71000 2070.961434
72000 2070.961434
73000 2070.961434
74000 2070.961434
75000 2070.961434
76000 2070.961434
77000 2070.961434
78000 2070.961434
79000 3608.52762923
80000 3608.52762923
81000 3608.52762923
82000 3608.52762923
83000 3608.52762923
84000 2807.85422419
85000 2807.85422419
86000 2807.85422419
87000 2807.85422419
88000 2807.85422419
89000 2807.85422419
90000 3136.63774133
91000 3136.63774133
92000 3136.63774133
93000 3136.63774133
94000 3136.63774133
95000 2112.40466489
96000 2112.40466489
97000 2112.40466489
98000 2112.40466489
99000 2112.40466489
100000 2112.40466489
101000 2112.40466489
102000 4177.54580788
103000 4177.54580788
104000 4177.54580788
105000 4177.54580788
106000 3684.67044056
107000 3684.67044056
108000 3684.67044056
109000 3684.67044056
110000 3684.67044056
111000 5489.13495817
112000 5489.13495817
113000 5489.13495817
114000 3434.87907869
115000 3434.87907869
116000 3434.87907869
117000 3434.87907869
118000 3434.87907869
119000 2061.64899753
120000 2061.64899753
121000 2061.64899753
122000 2061.64899753
123000 2061.64899753
124000 2061.64899753
125000 2061.64899753
126000 2013.20550964
127000 2013.20550964
128000 2013.20550964
129000 2013.20550964
130000 2013.20550964
131000 2013.20550964
132000 2013.20550964
133000 2013.20550964
134000 2976.543015
135000 2976.543015
136000 2976.543015
137000 2976.543015
138000 2976.543015
139000 1976.91139241
140000 1976.91139241
141000 1976.91139241
142000 1976.91139241
143000 1976.91139241
144000 1976.91139241
145000 1976.91139241
146000 1976.91139241
147000 3487.75514108
148000 3487.75514108
149000 3487.75514108
150000 3487.75514108
151000 3487.75514108
152000 1944.0617901
153000 1944.0617901
154000 1944.0617901
155000 1944.0617901
156000 1944.0617901
157000 1944.0617901
158000 1944.0617901
159000 8754.777883
160000 8754.777883
161000 8754.777883
162000 8754.777883
163000 8754.777883
164000 8754.777883
165000 8754.777883
166000 8754.777883
167000 8754.777883
168000 8754.777883
169000 8754.777883
170000 8754.777883
171000 8754.777883
172000 8754.777883
173000 15565.4939759
174000 11933.3242187
175000 11933.3242187
176000 11933.3242187
177000 11933.3242187
178000 8301.15446154
179000 8301.15446154
180000 1863.20702379
181000 1863.20702379
182000 1863.20702379
183000 1863.20702379
184000 1863.20702379
185000 1863.20702379
186000 1863.20702379
187000 1863.20702379
188000 4692.8168643
189000 4692.8168643
190000 4692.8168643
191000 2504.73749373
192000 2504.73749373
193000 2504.73749373
194000 2504.73749373
195000 2504.73749373
196000 2504.73749373
197000 2504.73749373
198000 4370.70563674
199000 4370.70563674
200000 4370.70563674
201000 4370.70563674
202000 1623.8993007
203000 1623.8993007
204000 1623.8993007
205000 1623.8993007
206000 1623.8993007
207000 1623.8993007
208000 1623.8993007
209000 1623.8993007
210000 1623.8993007
211000 2859.82988685
212000 2859.82988685
213000 2859.82988685
214000 2859.82988685
215000 2859.82988685
216000 1795.27878077
217000 1795.27878077
218000 1795.27878077
219000 1795.27878077
220000 1795.27878077
221000 1795.27878077
222000 1795.27878077
223000 1795.27878077
224000 1795.27878077
225000 3118.2153048
226000 3118.2153048
227000 3118.2153048
228000 3118.2153048
229000 3118.2153048
230000 2070.961434
231000 2070.961434
232000 2070.961434
233000 2070.961434
234000 2070.961434
235000 2070.961434
236000 2070.961434
237000 2070.961434
238000 3608.52762923
239000 3608.52762923
240000 3608.52762923
241000 3608.52762923
242000 2807.85422419
243000 2807.85422419
244000 2807.85422419
245000 2807.85422419
246000 2807.85422419
247000 2807.85422419
248000 3136.63774133
249000 3136.63774133
250000 3136.63774133
251000 3136.63774133
252000 3136.63774133
253000 2112.40466489
254000 2112.40466489
255000 2112.40466489
256000 2112.40466489
257000 2112.40466489
258000 2112.40466489
259000 2112.40466489
260000 2112.40466489
261000 4177.54580788
262000 4177.54580788
263000 4177.54580788
264000 4177.54580788
265000 3684.67044056
266000 3684.67044056
267000 3684.67044056
268000 3684.67044056
269000 5489.13495817
270000 5489.13495817
271000 5489.13495817
272000 3434.87907869
273000 3434.87907869
274000 3434.87907869
275000 3434.87907869
276000 3434.87907869
277000 2061.64899753
278000 2061.64899753
279000 2061.64899753
280000 2061.64899753
281000 2061.64899753
282000 2061.64899753
283000 2061.64899753
284000 2061.64899753
285000 2013.20550964
286000 2013.20550964
287000 2013.20550964
288000 2013.20550964
289000 2013.20550964
290000 2013.20550964
291000 2013.20550964
292000 2976.543015
293000 2976.543015
294000 2976.543015
295000 2976.543015
296000 2976.543015
297000 2976.543015
298000 1976.91139241
299000 1976.91139241
300000 1976.91139241
301000 1976.91139241
302000 1976.91139241
303000 1976.91139241
304000 1976.91139241
305000 1976.91139241
306000 3487.75514108
307000 3487.75514108
308000 3487.75514108
309000 3487.75514108
310000 3487.75514108
311000 1944.0617901
312000 1944.0617901
313000 1944.0617901
314000 1944.0617901
315000 1944.0617901
316000 1944.0617901
317000 1944.0617901
