0 6307.22546419
1000 6307.22546419
2000 6307.22546419
3000 6307.22546419
4000 5154.45489972
5000 5154.45489972
6000 2501.78252671
7000 2501.78252671
8000 2501.78252671
9000 2501.78252671
10000 5987.78845961
11000 5987.78845961
12000 5987.78845961
13000 5987.78845961
14000 5987.78845961
15000 5987.78845961
16000 2681.17659033
17000 2681.17659033
18000 2681.17659033
19000 2374.53354735
20000 2374.53354735
21000 2374.53354735
22000 22976.7710843
23000 2516.7201426
24000 2516.7201426
25000 5012.86697674
26000 2064.37687366
27000 2064.37687366
28000 2064.37687366
29000 2064.37687366
30000 4245.68270215
31000 4245.68270215
32000 2246.86269745
33000 2246.86269745
34000 2246.86269745
35000 1545.40376007
36000 1545.40376007
37000 1545.40376007
38000 1545.40376007
39000 1545.40376007
40000 1236.96527626
41000 1236.96527626
42000 1236.96527626
43000 1236.96527626
44000 2944.90933694
45000 2944.90933694
46000 2944.90933694
47000 1829.22566173
48000 1829.22566173
49000 1829.22566173
50000 1829.22566173
51000 6081.82683159
52000 6081.82683159
53000 1974.41777778
54000 1974.41777778
55000 1974.41777778
56000 3483.88102564
57000 3483.88102564
58000 1924.39707419
59000 1924.39707419
60000 1924.39707419
61000 1924.39707419
62000 4878.21747832
63000 4878.21747832
64000 2608.41138156
65000 2608.41138156
66000 2608.41138156
67000 1186.2189145
68000 1186.2189145
69000 1186.2189145
70000 1186.2189145
71000 1186.2189145
72000 1186.2189145
73000 1619.97196036
74000 1619.97196036
75000 1619.97196036
76000 1619.97196036
77000 2461.75185305
78000 2461.75185305
79000 2461.75185305
80000 2461.75185305
81000 3715.96022099
82000 3715.96022099
83000 4200.63135135
84000 4200.63135135
85000 2702.54782255
86000 2702.54782255
87000 3179.81456954
88000 3179.81456954
89000 2194.36805764
90000 2194.36805764
91000 2194.36805764
92000 2194.36805764
93000 2711.52805755
94000 2711.52805755
95000 2711.52805755
96000 2860.0464756
97000 2860.0464756
98000 2860.0464756
99000 5397.88724036
100000 6781.88532556
101000 5303.51395731
102000 5303.51395731
103000 1292.86743712
104000 1292.86743712
105000 1292.86743712
106000 1292.86743712
107000 1292.86743712
108000 1292.86743712
109000 4145.69954476
110000 1692.91951979
111000 1692.91951979
112000 1692.91951979
113000 1692.91951979
114000 1692.91951979
115000 1592.15630551
116000 1592.15630551
117000 1592.15630551
118000 1592.15630551
119000 5702.09800363
120000 1528.3960396
121000 1528.3960396
122000 1528.3960396
123000 1528.3960396
124000 1528.3960396
125000 11344.5280528
126000 2846.18571429
127000 2846.18571429
128000 2846.18571429
129000 2068.26666667
130000 2068.26666667
131000 3079.85022595
132000 3079.85022595
133000 1914.52866565
134000 1914.52866565
135000 1914.52866565
136000 1914.52866565
137000 2544.40570523
138000 2544.40570523
139000 2544.40570523
140000 1158.10361068
141000 1158.10361068
142000 1158.10361068
143000 1158.10361068
144000 1158.10361068
145000 1158.10361068
146000 1158.10361068
147000 4741.89020452
148000 3806.22339722
149000 1832.1147034
150000 1832.1147034
151000 1832.1147034
152000 1832.1147034
153000 2507.34713268
154000 2507.34713268
155000 2507.34713268
156000 2986.8355321
157000 2986.8355321
158000 2986.8355321
159000 1183.23539823
160000 1183.23539823
161000 1183.23539823
162000 1183.23539823
163000 1183.23539823
164000 2352.61574896
165000 2352.61574896
166000 2352.61574896
167000 2352.61574896
168000 3778.34146341
169000 3778.34146341
170000 3977.43918427
171000 2419.47826087
172000 2419.47826087
173000 2419.47826087
174000 3953.0346179
175000 5820.86075949
176000 3819.44606543
177000 3819.44606543
178000 3819.44606543
179000 7807.12727273
180000 5154.45489972
181000 5154.45489972
182000 2501.78252671
183000 2501.78252671
184000 2501.78252671
185000 2501.78252671
186000 5987.78845961
187000 5987.78845961
188000 5987.78845961
189000 5987.78845961
190000 5987.78845961
191000 9473.79439252
192000 2681.17659033
193000 2681.17659033
194000 2374.53354735
195000 2374.53354735
196000 2374.53354735
197000 2374.53354735
198000 2516.7201426
199000 2516.7201426
200000 2516.7201426
201000 5012.86697674
202000 2064.37687366
203000 2064.37687366
204000 2064.37687366
205000 2064.37687366
206000 4245.68270215
207000 2246.86269745
208000 2246.86269745
209000 2246.86269745
210000 2246.86269745
211000 1545.40376007
212000 1545.40376007
213000 1545.40376007
214000 1545.40376007
215000 1236.96527626
216000 1236.96527626
217000 1236.96527626
218000 1236.96527626
219000 1236.96527626
220000 2944.90933694
221000 2944.90933694
222000 1829.22566173
223000 1829.22566173
224000 1829.22566173
225000 1829.22566173
226000 1829.22566173
227000 6081.82683159
228000 1974.41777778
229000 1974.41777778
230000 1974.41777778
231000 1974.41777778
232000 3483.88102564
233000 3483.88102564
234000 1924.39707419
235000 1924.39707419
236000 1924.39707419
237000 1924.39707419
238000 4878.21747832
239000 4878.21747832
240000 2608.41138156
241000 2608.41138156
242000 2608.41138156
243000 1186.2189145
244000 1186.2189145
245000 1186.2189145
246000 1186.2189145
247000 1186.2189145
248000 1186.2189145
249000 1619.97196036
250000 1619.97196036
251000 1619.97196036
252000 1619.97196036
253000 2461.75185305
254000 2461.75185305
255000 2461.75185305
256000 3715.96022099
257000 3715.96022099
258000 4200.63135135
259000 4200.63135135
260000 2702.54782255
261000 2702.54782255
262000 2702.54782255
263000 3179.81456954
264000 3179.81456954
265000 2194.36805764
266000 2194.36805764
267000 2194.36805764
268000 2711.52805755
269000 2711.52805755
270000 2711.52805755
271000 2860.0464756
272000 2860.0464756
273000 2860.0464756
274000 5397.88724036
275000 5397.88724036
276000 6781.88532556
277000 5303.51395731
278000 1292.86743712
279000 1292.86743712
280000 1292.86743712
281000 1292.86743712
282000 1292.86743712
283000 1292.86743712
284000 4145.69954476
285000 4145.69954476
286000 1692.91951979
287000 1692.91951979
288000 1692.91951979
289000 1692.91951979
290000 1692.91951979
291000 1592.15630551
292000 1592.15630551
293000 1592.15630551
294000 1592.15630551
295000 5702.09800363
296000 1528.3960396
297000 1528.3960396
298000 1528.3960396
299000 1528.3960396
300000 1528.3960396
301000 11344.5280528
302000 2846.18571429
303000 2846.18571429
304000 2068.26666667
305000 2068.26666667
306000 2068.26666667
307000 3079.85022595
308000 3079.85022595
309000 1914.52866565
310000 1914.52866565
311000 1914.52866565
312000 1914.52866565
313000 2544.40570523
314000 2544.40570523
315000 2544.40570523
316000 1158.10361068
317000 1158.10361068
318000 1158.10361068
319000 1158.10361068
320000 1158.10361068
321000 1158.10361068
322000 4741.89020452
323000 3806.22339722
324000 3806.22339722
325000 1832.1147034
326000 1832.1147034
327000 1832.1147034
328000 1832.1147034
329000 2507.34713268
330000 2507.34713268
331000 2507.34713268
332000 2986.8355321
333000 2986.8355321
334000 1183.23539823
335000 1183.23539823
336000 1183.23539823
337000 1183.23539823
338000 1183.23539823
339000 1183.23539823
340000 2352.61574896
341000 2352.61574896
342000 2352.61574896
343000 2352.61574896
344000 3778.34146341
345000 3778.34146341
346000 3977.43918427
347000 2419.47826087
348000 2419.47826087
349000 3953.0346179
350000 3953.0346179
351000 5820.86075949
