0 7044.41490433
1000 7044.41490433
2000 7044.41490433
3000 7044.41490433
4000 7044.41490433
5000 5360.48879837
6000 5360.48879837
7000 4926.58664146
8000 4926.58664146
9000 4492.68448455
10000 4492.68448455
11000 4492.68448455
12000 4492.68448455
13000 4815.92445703
14000 4815.92445703
15000 4803.78419619
16000 4803.78419619
17000 5874.49462366
18000 5874.49462366
19000 4485.81818182
20000 4485.81818182
21000 5565.90452876
22000 5565.90452876
23000 4754.50753466
24000 4754.50753466
25000 4754.50753466
26000 4754.50753466
27000 5524.15302345
28000 5524.15302345
29000 4956.8866222
30000 4956.8866222
31000 4956.8866222
32000 5044.9526971
33000 5044.9526971
34000 5044.9526971
35000 5044.9526971
36000 5442.6
37000 5442.6
38000 5442.6
39000 6710.01869159
40000 6710.01869159
41000 6710.01869159
42000 4286.38058353
43000 4286.38058353
44000 4286.38058353
45000 4286.38058353
46000 6262.88600491
47000 6262.88600491
48000 6262.88600491
49000 4797.7172396
50000 4797.7172396
51000 4797.7172396
52000 4797.7172396
53000 5714.96202532
54000 5714.96202532
55000 5714.96202532
56000 5164.80772714
57000 5164.80772714
58000 5164.80772714
59000 5044.75022222
60000 5044.75022222
61000 5145.57480315
62000 5145.57480315
63000 5145.57480315
64000 5145.57480315
65000 7062.33681765
66000 7062.33681765
67000 7062.33681765
68000 3015.97877984
69000 3015.97877984
70000 3015.97877984
71000 3015.97877984
72000 3015.97877984
73000 3015.97877984
74000 5951.27088608
75000 5951.27088608
76000 5951.27088608
77000 5477.659536
78000 5477.659536
79000 5477.659536
80000 4152.86259542
81000 4152.86259542
82000 4152.86259542
83000 4152.86259542
84000 4152.86259542
85000 8668.10790345
86000 8668.10790345
87000 4344.28215768
88000 4344.28215768
89000 4344.28215768
90000 4344.28215768
91000 7746.79365079
92000 7746.79365079
93000 7746.79365079
94000 4509.20816759
95000 4509.20816759
96000 4509.20816759
97000 5864.19875776
98000 5864.19875776
99000 5864.19875776
100000 5864.19875776
101000 4818.57074341
102000 4818.57074341
103000 4818.57074341
104000 4818.57074341
105000 4713.64917859
106000 4713.64917859
107000 4713.64917859
108000 4713.64917859
109000 3091.63853029
110000 3091.63853029
111000 3091.63853029
112000 3091.63853029
113000 3091.63853029
114000 4975.52538964
115000 4975.52538964
116000 4975.52538964
117000 4975.52538964
118000 6378.24747082
119000 6378.24747082
120000 6378.24747082
121000 4381.63213531
122000 4381.63213531
123000 4381.63213531
124000 4381.63213531
125000 5668.77850672
126000 5668.77850672
127000 5668.77850672
128000 5668.77850672
129000 5025.25708177
130000 5025.25708177
131000 5025.25708177
132000 5025.25708177
133000 5815.54050074
134000 5815.54050074
135000 5472.36904401
136000 5472.36904401
137000 5472.36904401
138000 5472.36904401
139000 5984.10817455
140000 5984.10817455
141000 5984.10817455
142000 6076.08642479
143000 6076.08642479
144000 6076.08642479
145000 5194.31191476
146000 5194.31191476
147000 5194.31191476
148000 4425.63062744
149000 4425.63062744
150000 4425.63062744
151000 5207.1888668
152000 5207.1888668
153000 4743.44537815
154000 4743.44537815
155000 5217.58024691
156000 5217.58024691
157000 6130.99757562
158000 6130.99757562
159000 6130.99757562
160000 7044.41490433
161000 7044.41490433
162000 5360.48879837
163000 4926.58664146
164000 4926.58664146
165000 4926.58664146
166000 4492.68448455
167000 4492.68448455
168000 4492.68448455
169000 4815.92445703
170000 4815.92445703
171000 4803.78419619
172000 4803.78419619
173000 5874.49462366
174000 5874.49462366
175000 4485.81818182
176000 4485.81818182
177000 5565.90452876
178000 5565.90452876
179000 4754.50753466
180000 4754.50753466
181000 4754.50753466
182000 4754.50753466
183000 5524.15302345
184000 5524.15302345
185000 4956.8866222
186000 4956.8866222
187000 4956.8866222
188000 5044.9526971
189000 5044.9526971
190000 5044.9526971
191000 5044.9526971
192000 5442.6
193000 5442.6
194000 5442.6
195000 6710.01869159
196000 6710.01869159
197000 6710.01869159
198000 4286.38058353
199000 4286.38058353
200000 4286.38058353
201000 4286.38058353
202000 6262.88600491
203000 6262.88600491
204000 6262.88600491
205000 4797.7172396
206000 4797.7172396
207000 4797.7172396
208000 4797.7172396
209000 5714.96202532
210000 5714.96202532
211000 5714.96202532
212000 5164.80772714
213000 5164.80772714
214000 5164.80772714
215000 5044.75022222
216000 5044.75022222
217000 5145.57480315
218000 5145.57480315
219000 5145.57480315
220000 5145.57480315
221000 7062.33681765
222000 7062.33681765
223000 7062.33681765
224000 3015.97877984
225000 3015.97877984
226000 3015.97877984
227000 3015.97877984
228000 3015.97877984
229000 3015.97877984
230000 5951.27088608
231000 5951.27088608
232000 5951.27088608
233000 5477.659536
234000 5477.659536
235000 5477.659536
236000 4152.86259542
237000 4152.86259542
238000 4152.86259542
239000 4152.86259542
240000 4152.86259542
241000 8668.10790345
242000 8668.10790345
243000 4344.28215768
244000 4344.28215768
245000 4344.28215768
246000 4344.28215768
247000 7746.79365079
248000 7746.79365079
249000 7746.79365079
250000 4509.20816759
251000 4509.20816759
252000 4509.20816759
253000 4509.20816759
254000 5864.19875776
255000 5864.19875776
256000 5864.19875776
257000 4818.57074341
258000 4818.57074341
259000 4818.57074341
260000 4818.57074341
261000 4713.64917859
262000 4713.64917859
263000 4713.64917859
264000 4713.64917859
265000 3091.63853029
266000 3091.63853029
267000 3091.63853029
268000 3091.63853029
269000 3091.63853029
270000 4975.52538964
271000 4975.52538964
272000 4975.52538964
273000 4975.52538964
274000 6378.24747082
275000 6378.24747082
276000 6378.24747082
277000 4381.63213531
278000 4381.63213531
279000 4381.63213531
280000 4381.63213531
281000 5668.77850672
282000 5668.77850672
283000 5668.77850672
284000 5668.77850672
285000 5025.25708177
286000 5025.25708177
287000 5025.25708177
288000 5025.25708177
289000 5815.54050074
290000 5815.54050074
291000 5472.36904401
292000 5472.36904401
293000 5472.36904401
294000 5472.36904401
295000 5984.10817455
296000 5984.10817455
297000 5984.10817455
298000 6076.08642479
299000 6076.08642479
300000 6076.08642479
301000 5194.31191476
302000 5194.31191476
303000 5194.31191476
304000 4425.63062744
305000 4425.63062744
306000 4425.63062744
307000 5207.1888668
308000 5207.1888668
309000 4743.44537815
310000 4743.44537815
311000 4743.44537815
312000 5217.58024691
