0 2438.27284768
1000 2438.27284768
2000 2438.27284768
3000 2438.27284768
4000 2438.27284768
5000 2438.27284768
6000 2438.27284768
7000 3608.97722567
8000 2825.65466449
9000 2042.33210332
10000 2042.33210332
11000 2021.71155378
12000 2021.71155378
13000 1694.00711744
14000 1694.00711744
15000 1694.00711744
16000 1612.93244066
17000 1612.93244066
18000 1612.93244066
19000 1612.93244066
20000 1382.35006502
21000 1382.35006502
22000 1382.35006502
23000 1382.35006502
24000 1388.24316788
25000 1388.24316788
26000 1388.24316788
27000 1388.24316788
28000 1721.53891336
29000 1721.53891336
30000 1721.53891336
31000 1803.4770092
32000 1803.4770092
33000 1803.4770092
34000 1385.73965388
35000 1385.73965388
36000 1385.73965388
37000 1963.37469937
38000 1963.37469937
39000 1563.90327169
40000 1563.90327169
41000 1563.90327169
42000 1676.85727744
43000 1676.85727744
44000 1676.85727744
45000 1609.52515946
46000 1609.52515946
47000 1609.52515946
48000 1551.9121201
49000 1551.9121201
50000 1551.9121201
51000 1548.4496124
52000 1548.4496124
53000 1548.4496124
54000 1655.16764821
55000 1655.16764821
56000 1655.16764821
57000 1819.35483871
58000 1819.35483871
59000 1819.35483871
60000 1572.05013757
61000 1572.05013757
62000 1572.05013757
63000 1572.05013757
64000 1614.3574554
65000 1614.3574554
66000 1614.3574554
67000 1831.15580952
68000 1831.15580952
69000 1831.15580952
70000 1831.15580952
71000 1758.99447514
72000 1758.99447514
73000 1758.99447514
74000 1537.8388568
75000 1537.8388568
76000 1537.8388568
77000 1537.8388568
78000 1943.61190379
79000 1943.61190379
80000 1943.61190379
81000 1724.40092623
82000 1724.40092623
83000 1724.40092623
84000 1724.40092623
85000 1648.59848042
86000 1648.59848042
87000 1648.59848042
88000 1648.59848042
89000 1421.33252353
90000 1421.33252353
91000 1421.33252353
92000 1421.33252353
93000 1896.44081052
94000 1896.44081052
95000 1896.44081052
96000 1745.8677551
97000 1745.8677551
98000 1745.8677551
99000 1615.89496718
100000 1615.89496718
101000 1615.89496718
102000 1575.11111111
103000 1575.11111111
104000 1575.11111111
105000 1575.11111111
106000 1772.46606512
107000 1772.46606512
108000 1772.46606512
109000 1528.76163207
110000 1528.76163207
111000 1528.76163207
112000 1528.76163207
113000 1886.0871731
114000 1886.0871731
115000 1589.77763537
116000 1589.77763537
117000 1589.77763537
118000 1589.77763537
119000 1818.03889458
120000 1818.03889458
121000 1818.03889458
122000 1818.03889458
123000 1520.55996854
124000 1520.55996854
125000 1520.55996854
126000 1445.81986143
127000 1445.81986143
128000 1445.81986143
129000 1445.81986143
130000 1743.4122449
131000 1743.4122449
132000 1743.4122449
133000 1740.90914729
134000 1740.90914729
135000 1740.90914729
136000 1740.90914729
137000 1653.69906791
138000 1653.69906791
139000 1653.69906791
140000 1609.87554997
141000 1609.87554997
142000 1609.87554997
143000 1609.87554997
144000 1572.85783133
145000 1572.85783133
146000 1572.85783133
147000 1552.31630972
148000 1552.31630972
149000 1552.31630972
150000 1552.31630972
151000 1561.50122764
152000 1561.50122764
153000 1561.50122764
154000 1522.66583928
155000 1522.66583928
156000 1522.66583928
157000 1659.89666037
158000 1659.89666037
159000 1659.89666037
160000 1659.89666037
161000 1444.0293809
162000 1444.0293809
163000 1444.0293809
164000 1525.40039709
165000 1525.40039709
166000 1525.40039709
167000 1837.49044586
168000 1837.49044586
169000 1837.49044586
170000 1287.15399719
171000 1287.15399719
172000 1287.15399719
173000 1287.15399719
174000 869.077844311
175000 869.077844311
176000 1653.675346
177000 1653.675346
178000 1653.675346
179000 1653.675346
180000 1653.675346
181000 2438.27284768
182000 2438.27284768
183000 3608.97722567
184000 2825.65466449
185000 2042.33210332
186000 2042.33210332
187000 2021.71155378
188000 2021.71155378
189000 1694.00711744
190000 1694.00711744
191000 1694.00711744
192000 1612.93244066
193000 1612.93244066
194000 1612.93244066
195000 1382.35006502
196000 1382.35006502
197000 1382.35006502
198000 1382.35006502
199000 1382.35006502
200000 1388.24316788
201000 1388.24316788
202000 1388.24316788
203000 1388.24316788
204000 1721.53891336
205000 1721.53891336
206000 1721.53891336
207000 1803.4770092
208000 1803.4770092
209000 1803.4770092
210000 1385.73965388
211000 1385.73965388
212000 1385.73965388
213000 1963.37469937
214000 1963.37469937
215000 1563.90327169
216000 1563.90327169
217000 1563.90327169
218000 1676.85727744
219000 1676.85727744
220000 1676.85727744
221000 1609.52515946
222000 1609.52515946
223000 1609.52515946
224000 1551.9121201
225000 1551.9121201
226000 1551.9121201
227000 1548.4496124
228000 1548.4496124
229000 1548.4496124
230000 1655.16764821
231000 1655.16764821
232000 1655.16764821
233000 1819.35483871
234000 1819.35483871
235000 1819.35483871
236000 1572.05013757
237000 1572.05013757
238000 1572.05013757
239000 1572.05013757
240000 1614.3574554
241000 1614.3574554
242000 1614.3574554
243000 1831.15580952
244000 1831.15580952
245000 1831.15580952
246000 1831.15580952
247000 1758.99447514
248000 1758.99447514
249000 1758.99447514
250000 1537.8388568
251000 1537.8388568
252000 1537.8388568
253000 1537.8388568
254000 1943.61190379
255000 1943.61190379
256000 1943.61190379
257000 1724.40092623
258000 1724.40092623
259000 1724.40092623
260000 1724.40092623
261000 1648.59848042
262000 1648.59848042
263000 1648.59848042
264000 1648.59848042
265000 1421.33252353
266000 1421.33252353
267000 1421.33252353
268000 1896.44081052
269000 1896.44081052
270000 1896.44081052
271000 1896.44081052
272000 1745.8677551
273000 1745.8677551
274000 1745.8677551
275000 1615.89496718
276000 1615.89496718
277000 1615.89496718
278000 1575.11111111
279000 1575.11111111
280000 1575.11111111
281000 1575.11111111
282000 1772.46606512
283000 1772.46606512
284000 1772.46606512
285000 1528.76163207
286000 1528.76163207
287000 1528.76163207
288000 1886.0871731
289000 1886.0871731
290000 1886.0871731
291000 1589.77763537
292000 1589.77763537
293000 1589.77763537
294000 1589.77763537
295000 1818.03889458
296000 1818.03889458
297000 1818.03889458
298000 1818.03889458
299000 1520.55996854
300000 1520.55996854
301000 1520.55996854
302000 1445.81986143
303000 1445.81986143
304000 1445.81986143
305000 1445.81986143
306000 1743.4122449
307000 1743.4122449
308000 1743.4122449
309000 1740.90914729
310000 1740.90914729
311000 1740.90914729
312000 1740.90914729
313000 1653.69906791
314000 1653.69906791
315000 1653.69906791
316000 1609.87554997
317000 1609.87554997
318000 1609.87554997
319000 1609.87554997
320000 1572.85783133
321000 1572.85783133
322000 1572.85783133
323000 1552.31630972
324000 1552.31630972
325000 1552.31630972
326000 1552.31630972
327000 1561.50122764
328000 1561.50122764
329000 1561.50122764
330000 1522.66583928
331000 1522.66583928
332000 1522.66583928
333000 1659.89666037
334000 1659.89666037
335000 1659.89666037
336000 1659.89666037
337000 1444.0293809
338000 1444.0293809
339000 1444.0293809
340000 1525.40039709
341000 1525.40039709
342000 1525.40039709
343000 1837.49044586
344000 1837.49044586
345000 1837.49044586
346000 1287.15399719
347000 1287.15399719
348000 1287.15399719
349000 1287.15399719
350000 869.077844311
351000 869.077844311
