0 4766.04492363
1000 4766.04492363
2000 4766.04492363
3000 4766.04492363
4000 4766.04492363
5000 4641.46915352
6000 4510.10166537
7000 4510.10166537
8000 4378.73417722
9000 4378.73417722
10000 4378.73417722
11000 4378.73417722
12000 4416.95940959
13000 4416.95940959
14000 4416.95940959
15000 4162.86708626
16000 4162.86708626
17000 4162.86708626
18000 4202.92652259
19000 4202.92652259
20000 4202.92652259
21000 4231.90970655
22000 4231.90970655
23000 4231.90970655
24000 4525.93107521
25000 4525.93107521
26000 4525.93107521
27000 4819.95244386
28000 4819.95244386
29000 4819.95244386
30000 4740.77524259
31000 4740.77524259
32000 4740.77524259
33000 4740.77524259
34000 4749.4282434
35000 4749.4282434
36000 4749.4282434
37000 4749.4282434
38000 4808.61975163
39000 4808.61975163
40000 4808.61975163
41000 4798.18266979
42000 4798.18266979
43000 4798.18266979
44000 4798.18266979
45000 4764.19633855
46000 4764.19633855
47000 4764.19633855
48000 4764.19633855
49000 4416.63690645
50000 4416.63690645
51000 4416.63690645
52000 4412.82344599
53000 4412.82344599
54000 4412.82344599
55000 4412.82344599
56000 4412.82344599
57000 4149.43798178
58000 4149.43798178
59000 4149.43798178
60000 4149.43798178
61000 4816.85368537
62000 4816.85368537
63000 4816.85368537
64000 4816.85368537
65000 4732.63377708
66000 4732.63377708
67000 4732.63377708
68000 4732.63377708
69000 4432.69100453
70000 4432.69100453
71000 4432.69100453
72000 4432.69100453
73000 4432.69100453
74000 4744.47605225
75000 4744.47605225
76000 4744.47605225
77000 4217.94206897
78000 4217.94206897
79000 4217.94206897
80000 4353.97101449
81000 4353.97101449
82000 4353.97101449
83000 4353.97101449
84000 4388.06875853
85000 4388.06875853
86000 4388.06875853
87000 4388.06875853
88000 4833.46900585
89000 4833.46900585
90000 4833.46900585
91000 4833.46900585
92000 4331.52
93000 4331.52
94000 4331.52
95000 4331.52
96000 4346.8050694
97000 4346.8050694
98000 4346.8050694
99000 4346.8050694
100000 4595.03619744
101000 4595.03619744
102000 4595.03619744
103000 4219.55555556
104000 4219.55555556
105000 4219.55555556
106000 4559.06450727
107000 4559.06450727
108000 4559.06450727
109000 4559.06450727
110000 4689.51371341
111000 4689.51371341
112000 4689.51371341
113000 4689.51371341
114000 4513.17637857
115000 4513.17637857
116000 4319.5922528
117000 4319.5922528
118000 4319.5922528
119000 4319.5922528
120000 4319.5922528
121000 4394.21002266
122000 4394.21002266
123000 4394.21002266
124000 4394.21002266
125000 4636.40768095
126000 4636.40768095
127000 4636.40768095
128000 4636.40768095
129000 4636.40768095
130000 4508.97384306
131000 4508.97384306
132000 4508.97384306
133000 4508.97384306
134000 32560.0869215
135000 32560.0869215
136000 32560.0869215
137000 60611.2
138000 60611.2
139000 60611.2
140000 4427.6635514
141000 4427.6635514
142000 3951.25541126
143000 3951.25541126
144000 5497.52120383
145000 5497.52120383
146000 5497.52120383
147000 3866.11555556
148000 3866.11555556
149000 4179.51157223
150000 4448.74923303
151000 4448.74923303
152000 4448.74923303
153000 4448.74923303
154000 4717.98689384
155000 4717.98689384
156000 4717.98689384
157000 7704.39232409
158000 7704.39232409
159000 4320.60240964
160000 4320.60240964
161000 1224.63492063
162000 1224.63492063
163000 1224.63492063
164000 3834.19244823
165000 3834.19244823
166000 289.115537849
167000 2289.78643007
168000 2289.78643007
169000 2289.78643007
170000 2289.78643007
171000 2289.78643007
172000 2289.78643007
173000 2289.78643007
174000 2289.78643007
175000 4290.4573223
176000 4290.4573223
177000 4290.4573223
178000 4290.4573223
179000 4584.74182789
180000 4584.74182789
181000 4584.74182789
182000 4421.72990997
183000 4421.72990997
184000 4421.72990997
185000 4421.72990997
186000 4303.13760304
187000 4303.13760304
188000 4303.13760304
189000 4360.50926672
190000 4360.50926672
191000 4360.50926672
192000 3891.50304735
193000 3891.50304735
194000 3891.50304735
195000 4532.15951226
196000 4532.15951226
197000 5172.81597718
198000 4996.62222222
199000 3879.2698845
200000 3879.2698845
201000 3879.2698845
202000 4766.04492363
203000 4641.46915352
204000 4641.46915352
205000 4510.10166537
206000 4510.10166537
207000 4378.73417722
208000 4378.73417722
209000 4378.73417722
210000 4378.73417722
211000 4416.95940959
212000 4416.95940959
213000 4162.86708626
214000 4162.86708626
215000 4162.86708626
216000 4202.92652259
217000 4202.92652259
218000 4202.92652259
219000 4231.90970655
220000 4231.90970655
221000 4231.90970655
222000 4525.93107521
223000 4525.93107521
224000 4525.93107521
225000 4525.93107521
226000 4819.95244386
227000 4819.95244386
228000 4819.95244386
229000 4740.77524259
230000 4740.77524259
231000 4740.77524259
232000 4740.77524259
233000 4749.4282434
234000 4749.4282434
235000 4749.4282434
236000 4808.61975163
237000 4808.61975163
238000 4808.61975163
239000 4808.61975163
240000 4798.18266979
241000 4798.18266979
242000 4798.18266979
243000 4764.19633855
244000 4764.19633855
245000 4764.19633855
246000 4764.19633855
247000 4416.63690645
248000 4416.63690645
249000 4416.63690645
250000 4416.63690645
251000 4412.82344599
252000 4412.82344599
253000 4412.82344599
254000 4412.82344599
255000 4412.82344599
256000 4149.43798178
257000 4149.43798178
258000 4149.43798178
259000 4149.43798178
260000 4816.85368537
261000 4816.85368537
262000 4816.85368537
263000 4816.85368537
264000 4732.63377708
265000 4732.63377708
266000 4732.63377708
267000 4732.63377708
268000 4432.69100453
269000 4432.69100453
270000 4432.69100453
271000 4432.69100453
272000 4744.47605225
273000 4744.47605225
274000 4744.47605225
275000 4744.47605225
276000 4217.94206897
277000 4217.94206897
278000 4217.94206897
279000 4353.97101449
280000 4353.97101449
281000 4353.97101449
282000 4353.97101449
283000 4388.06875853
284000 4388.06875853
285000 4388.06875853
286000 4388.06875853
287000 4833.46900585
288000 4833.46900585
289000 4833.46900585
290000 4833.46900585
291000 4331.52
292000 4331.52
293000 4331.52
294000 4331.52
295000 4346.8050694
296000 4346.8050694
297000 4346.8050694
298000 4595.03619744
299000 4595.03619744
300000 4595.03619744
301000 4595.03619744
302000 4219.55555556
303000 4219.55555556
304000 4559.06450727
305000 4559.06450727
306000 4559.06450727
307000 4559.06450727
308000 4689.51371341
309000 4689.51371341
310000 4689.51371341
311000 4689.51371341
312000 4513.17637857
313000 4513.17637857
314000 4513.17637857
315000 4319.5922528
316000 4319.5922528
317000 4319.5922528
318000 4319.5922528
319000 4394.21002266
320000 4394.21002266
321000 4394.21002266
322000 4394.21002266
323000 4636.40768095
324000 4636.40768095
325000 4636.40768095
326000 4636.40768095
327000 4636.40768095
328000 4508.97384306
329000 4508.97384306
330000 4508.97384306
331000 4508.97384306
332000 4508.97384306
333000 32560.0869215
334000 32560.0869215
335000 32560.0869215
336000 60611.2
337000 60611.2
338000 60611.2
339000 4427.6635514
340000 4427.6635514
341000 3951.25541126
342000 3951.25541126
343000 5497.52120383
344000 5497.52120383
345000 3866.11555556
346000 3866.11555556
347000 4179.51157223
348000 4179.51157223
349000 4448.74923303
350000 4448.74923303
351000 4448.74923303
352000 4448.74923303
353000 4717.98689384
354000 4717.98689384
355000 4717.98689384
356000 7704.39232409
357000 7704.39232409
358000 4320.60240964
359000 1224.63492063
360000 1224.63492063
361000 1224.63492063
362000 1224.63492063
363000 3834.19244823
364000 289.115537849
365000 2289.78643007
366000 2289.78643007
367000 2289.78643007
368000 2289.78643007
369000 2289.78643007
370000 2289.78643007
371000 2289.78643007
372000 2289.78643007
373000 4290.4573223
374000 4290.4573223
375000 4290.4573223
376000 4290.4573223
377000 4584.74182789
378000 4584.74182789
379000 4584.74182789
380000 4584.74182789
381000 4421.72990997
382000 4421.72990997
383000 4421.72990997
384000 4303.13760304
385000 4303.13760304
386000 4303.13760304
387000 4303.13760304
388000 4360.50926672
389000 4360.50926672
390000 4360.50926672
391000 3891.50304735
392000 3891.50304735
393000 4532.15951226
394000 4532.15951226
395000 4532.15951226
396000 5172.81597718
397000 4996.62222222
