0 6729.30963517
1000 6729.30963517
2000 6729.30963517
3000 6729.30963517
4000 6729.30963517
5000 6729.30963517
6000 6729.64966741
7000 6675.81512496
8000 6675.81512496
9000 6675.81512496
10000 6621.98058252
11000 6481.88552189
12000 6481.88552189
13000 6481.88552189
14000 6581.66371681
15000 6318.36950421
16000 6318.36950421
17000 6318.36950421
18000 6055.07529162
19000 6055.07529162
20000 6500.06549972
21000 6500.06549972
22000 5966.14061931
23000 5966.14061931
24000 5966.14061931
25000 6162.39552705
26000 6162.39552705
27000 6162.39552705
28000 6358.65043478
29000 6358.65043478
30000 6358.65043478
31000 6358.65043478
32000 6106.01973894
33000 6106.01973894
34000 6106.01973894
35000 6106.01973894
36000 5831.3081243
37000 5831.3081243
38000 5831.3081243
39000 6159.1507
40000 6159.1507
41000 6159.1507
42000 6159.1507
43000 6159.1507
44000 6159.1507
45000 6486.9932757
46000 6310.9540636
47000 6310.9540636
48000 5032.1014164
49000 5032.1014164
50000 3753.24876919
51000 3753.24876919
52000 3753.24876919
53000 3753.24876919
54000 6172.49000513
55000 6172.49000513
56000 6172.49000513
57000 5017.33526851
58000 5017.33526851
59000 5017.33526851
60000 5820.22464084
61000 5820.22464084
62000 5820.22464084
63000 5500.62200568
64000 5500.62200568
65000 5500.62200568
66000 4799.82101478
67000 4799.82101478
68000 4799.82101478
69000 4893.82309708
70000 4893.82309708
71000 4893.82309708
72000 4893.82309708
73000 4987.82517939
74000 4987.82517939
75000 4987.82517939
76000 5079.02365184
77000 5079.02365184
78000 4276.25984252
79000 4276.25984252
80000 4276.25984252
81000 4276.25984252
82000 3958.85714286
83000 3958.85714286
84000 3958.85714286
85000 3958.85714286
86000 4463.9744545
87000 4463.9744545
88000 4463.9744545
89000 4463.9744545
90000 4208.16988837
91000 4208.16988837
92000 4208.16988837
93000 4208.16988837
94000 6058.26569343
95000 6058.26569343
96000 6058.26569343
97000 6331.92402235
98000 6331.92402235
99000 6331.92402235
100000 6181.56735951
101000 6181.56735951
102000 6416.47337278
103000 6416.47337278
104000 6416.47337278
105000 6133.6505032
106000 6133.6505032
107000 6438.33651278
108000 6438.33651278
109000 6438.33651278
110000 6305.00179921
111000 6305.00179921
112000 6305.00179921
113000 6425.84914842
114000 6425.84914842
115000 6425.84914842
116000 6360.06649801
117000 6360.06649801
118000 6360.06649801
119000 6453.10898662
120000 6453.10898662
121000 6510.56393963
122000 6510.56393963
123000 6510.56393963
124000 6408.34782609
125000 6408.34782609
126000 6388.99680511
127000 6388.99680511
128000 6388.99680511
129000 6385.71587744
130000 6385.71587744
131000 6385.71587744
132000 6390.81761006
133000 6390.81761006
134000 6158.20351203
135000 6158.20351203
136000 6158.20351203
137000 6158.20351203
138000 5925.58941399
139000 5925.58941399
140000 5925.58941399
141000 6343.73731343
142000 6343.73731343
143000 6343.73731343
144000 6343.73731343
145000 6343.73731343
146000 6343.73731343
147000 6069.56504168
148000 6069.56504168
149000 6069.56504168
150000 6069.56504168
151000 6232.78886311
152000 6232.78886311
153000 6232.78886311
154000 6232.78886311
155000 6368.95850508
156000 6368.95850508
157000 6368.95850508
158000 6368.95850508
159000 6131.20632567
160000 6131.20632567
161000 6131.20632567
162000 6131.20632567
163000 6131.20632567
164000 6344.68874172
165000 6344.68874172
166000 6344.68874172
167000 6344.68874172
168000 6344.68874172
169000 6120.79097545
170000 6120.79097545
171000 6120.79097545
172000 6206.00854701
173000 6206.00854701
174000 6206.00854701
175000 6206.00854701
176000 5966.73375262
177000 5966.73375262
178000 5966.73375262
179000 5966.73375262
180000 5966.73375262
181000 6213.56246914
182000 6213.56246914
183000 6213.56246914
184000 6213.56246914
185000 5688.75784876
186000 5688.75784876
187000 5688.75784876
188000 5688.75784876
189000 5688.75784876
190000 6329.77368549
191000 6329.77368549
192000 6329.77368549
193000 6329.77368549
194000 6263.60673045
195000 6263.60673045
196000 6263.60673045
197000 6263.60673045
198000 6263.60673045
199000 6782.40613027
200000 6782.40613027
201000 2892.30769231
202000 4756.97164927
203000 4756.97164927
204000 4756.97164927
205000 4756.97164927
206000 6729.30963517
207000 6729.30963517
208000 6729.64966741
209000 6675.81512496
210000 6675.81512496
211000 6675.81512496
212000 6621.98058252
213000 6481.88552189
214000 6481.88552189
215000 6481.88552189
216000 6581.66371681
217000 6318.36950421
218000 6318.36950421
219000 6318.36950421
220000 6055.07529162
221000 6055.07529162
222000 6500.06549972
223000 6500.06549972
224000 5966.14061931
225000 5966.14061931
226000 5966.14061931
227000 6162.39552705
228000 6162.39552705
229000 6162.39552705
230000 6358.65043478
231000 6358.65043478
232000 6358.65043478
233000 6358.65043478
234000 6106.01973894
235000 6106.01973894
236000 6106.01973894
237000 6106.01973894
238000 5831.3081243
239000 5831.3081243
240000 5831.3081243
241000 6159.1507
242000 6159.1507
243000 6159.1507
244000 6159.1507
245000 6159.1507
246000 6159.1507
247000 6486.9932757
248000 6310.9540636
249000 6310.9540636
250000 5032.1014164
251000 5032.1014164
252000 3753.24876919
253000 3753.24876919
254000 3753.24876919
255000 3753.24876919
256000 6172.49000513
257000 6172.49000513
258000 6172.49000513
259000 5017.33526851
260000 5017.33526851
261000 5017.33526851
262000 5820.22464084
263000 5820.22464084
264000 5820.22464084
265000 5500.62200568
266000 5500.62200568
267000 5500.62200568
268000 4799.82101478
269000 4799.82101478
270000 4799.82101478
271000 4893.82309708
272000 4893.82309708
273000 4893.82309708
274000 4893.82309708
275000 4987.82517939
276000 4987.82517939
277000 4987.82517939
278000 5079.02365184
279000 5079.02365184
280000 4276.25984252
281000 4276.25984252
282000 4276.25984252
283000 4276.25984252
284000 3958.85714286
285000 3958.85714286
286000 3958.85714286
287000 3958.85714286
288000 4463.9744545
289000 4463.9744545
290000 4463.9744545
291000 4463.9744545
292000 4208.16988837
293000 4208.16988837
294000 4208.16988837
295000 4208.16988837
296000 6058.26569343
297000 6058.26569343
298000 6058.26569343
299000 6331.92402235
300000 6331.92402235
301000 6331.92402235
302000 6181.56735951
303000 6181.56735951
304000 6416.47337278
305000 6416.47337278
306000 6416.47337278
307000 6133.6505032
308000 6133.6505032
309000 6438.33651278
310000 6438.33651278
311000 6438.33651278
312000 6305.00179921
313000 6305.00179921
314000 6305.00179921
315000 6425.84914842
316000 6425.84914842
317000 6425.84914842
318000 6360.06649801
319000 6360.06649801
320000 6360.06649801
321000 6453.10898662
322000 6453.10898662
323000 6510.56393963
324000 6510.56393963
325000 6510.56393963
326000 6408.34782609
327000 6408.34782609
328000 6388.99680511
329000 6388.99680511
330000 6388.99680511
331000 6385.71587744
332000 6385.71587744
333000 6385.71587744
334000 6390.81761006
335000 6390.81761006
336000 6158.20351203
337000 6158.20351203
338000 6158.20351203
339000 6158.20351203
340000 5925.58941399
341000 5925.58941399
342000 5925.58941399
343000 6343.73731343
344000 6343.73731343
345000 6343.73731343
346000 6343.73731343
347000 6343.73731343
348000 6343.73731343
349000 6069.56504168
350000 6069.56504168
351000 6069.56504168
352000 6069.56504168
353000 6232.78886311
354000 6232.78886311
355000 6232.78886311
356000 6232.78886311
357000 6368.95850508
358000 6368.95850508
359000 6368.95850508
360000 6368.95850508
361000 6131.20632567
362000 6131.20632567
363000 6131.20632567
364000 6131.20632567
365000 6131.20632567
366000 6344.68874172
367000 6344.68874172
368000 6344.68874172
369000 6344.68874172
370000 6344.68874172
371000 6120.79097545
372000 6120.79097545
373000 6120.79097545
374000 6206.00854701
375000 6206.00854701
376000 6206.00854701
377000 6206.00854701
378000 5966.73375262
379000 5966.73375262
380000 5966.73375262
381000 5966.73375262
382000 5966.73375262
383000 6213.56246914
384000 6213.56246914
385000 6213.56246914
386000 6213.56246914
387000 5688.75784876
388000 5688.75784876
389000 5688.75784876
390000 5688.75784876
391000 5688.75784876
392000 6329.77368549
393000 6329.77368549
394000 6329.77368549
395000 6329.77368549
396000 6263.60673045
397000 6263.60673045
398000 6263.60673045
399000 6263.60673045
400000 6263.60673045
401000 6782.40613027
402000 6782.40613027
403000 2892.30769231
