0 6192.0139738
1000 6192.0139738
2000 6192.0139738
3000 6192.0139738
4000 6192.0139738
5000 6192.0139738
6000 6192.0139738
7000 6192.0139738
8000 6053.76162377
9000 6053.76162377
10000 6053.76162377
11000 6053.76162377
12000 5915.50927374
13000 5915.50927374
14000 5915.50927374
15000 5915.50927374
16000 5915.50927374
17000 6516.39953434
18000 6516.39953434
19000 6516.39953434
20000 6516.39953434
21000 6516.39953434
22000 6513.46856179
23000 6513.46856179
24000 6513.46856179
25000 6513.46856179
26000 6513.46856179
27000 6198.78254184
28000 6198.78254184
29000 6198.78254184
30000 6198.78254184
31000 6198.78254184
32000 6198.78254184
33000 5884.09652188
34000 5884.09652188
35000 5884.09652188
36000 5884.09652188
37000 5884.09652188
38000 5884.09652188
39000 5884.09652188
40000 6314.58046381
41000 6314.58046381
42000 6314.58046381
43000 6314.58046381
44000 6314.58046381
45000 6314.58046381
46000 6933.3268253
47000 6933.3268253
48000 6933.3268253
49000 6933.3268253
50000 6933.3268253
51000 6118.39434129
52000 6118.39434129
53000 6118.39434129
54000 6118.39434129
55000 6118.39434129
56000 6118.39434129
57000 6364.08616699
58000 6364.08616699
59000 6364.08616699
60000 6364.08616699
61000 6364.08616699
62000 6364.08616699
63000 6348.44446758
64000 6348.44446758
65000 6348.44446758
66000 6348.44446758
67000 6348.44446758
68000 6348.44446758
69000 6348.44446758
70000 6348.44446758
71000 6348.44446758
72000 6348.44446758
73000 6348.44446758
74000 6348.44446758
75000 6348.44446758
76000 6348.44446758
77000 6348.44446758
78000 6348.44446758
79000 6348.44446758
80000 6332.80276817
81000 6332.80276817
82000 6332.80276817
83000 5763.09808917
84000 5763.09808917
85000 5984.89101034
86000 5984.89101034
87000 5984.89101034
88000 5676.67215041
89000 5676.67215041
90000 5676.67215041
91000 6019.25681559
92000 6019.25681559
93000 6019.25681559
94000 6019.25681559
95000 6019.25681559
96000 6361.84148078
97000 6361.84148078
98000 6361.84148078
99000 6361.84148078
100000 6361.84148078
101000 5729.35142232
102000 5729.35142232
103000 5729.35142232
104000 5729.35142232
105000 5729.35142232
106000 6370.06886859
107000 6370.06886859
108000 6370.06886859
109000 6370.06886859
110000 6472.66351442
111000 6472.66351442
112000 6472.66351442
113000 6472.66351442
114000 6472.66351442
115000 6472.66351442
116000 6575.25816024
117000 6575.25816024
118000 6575.25816024
119000 6575.25816024
120000 6575.25816024
121000 6575.25816024
122000 4269.38207867
123000 4269.38207867
124000 4269.38207867
125000 4269.38207867
126000 4269.38207867
127000 4269.38207867
128000 4269.38207867
129000 4269.38207867
130000 4269.38207867
131000 4269.38207867
132000 4269.38207867
133000 4269.38207867
134000 1963.5059971
135000 1963.5059971
136000 1963.5059971
137000 1963.5059971
138000 1963.5059971
139000 1963.5059971
140000 1963.5059971
141000 1963.5059971
142000 1963.5059971
143000 6395.7852349
144000 6395.7852349
145000 6395.7852349
146000 5682.53674649
147000 5682.53674649
148000 5682.53674649
149000 6054.28798727
150000 6054.28798727
151000 6054.28798727
152000 6411.67986062
153000 6411.67986062
154000 6411.67986062
155000 6411.67986062
156000 6769.07173397
157000 6769.07173397
158000 6769.07173397
159000 6769.07173397
160000 6769.07173397
161000 6379.33189964
162000 6379.33189964
163000 6379.33189964
164000 6379.33189964
165000 6245.37189336
166000 6245.37189336
167000 6245.37189336
168000 6245.37189336
169000 6245.37189336
170000 6334.43179506
171000 6334.43179506
172000 6334.43179506
173000 6334.43179506
174000 6334.43179506
175000 6423.49169675
176000 6423.49169675
177000 6423.49169675
178000 6423.49169675
179000 6423.49169675
180000 6423.49169675
181000 6475.01648746
182000 6475.01648746
183000 6475.01648746
184000 6475.01648746
185000 6475.01648746
186000 6475.01648746
187000 5456.67411047
188000 5456.67411047
189000 5456.67411047
190000 5456.67411047
191000 5456.67411047
192000 5456.67411047
193000 5456.67411047
194000 5456.67411047
195000 6423.84975086
196000 6423.84975086
197000 6423.84975086
198000 6423.84975086
199000 6423.84975086
200000 5251.12696148
201000 5251.12696148
202000 5721.57046764
203000 5721.57046764
204000 5721.57046764
205000 5721.57046764
206000 6192.0139738
207000 6192.0139738
208000 6192.0139738
209000 6053.76162377
210000 6053.76162377
211000 6053.76162377
212000 6053.76162377
213000 6053.76162377
214000 5915.50927374
215000 5915.50927374
216000 5915.50927374
217000 5915.50927374
218000 5915.50927374
219000 6516.39953434
220000 6516.39953434
221000 6516.39953434
222000 6516.39953434
223000 6516.39953434
224000 6513.46856179
225000 6513.46856179
226000 6513.46856179
227000 6513.46856179
228000 6198.78254184
229000 6198.78254184
230000 6198.78254184
231000 6198.78254184
232000 6198.78254184
233000 6198.78254184
234000 5884.09652188
235000 5884.09652188
236000 5884.09652188
237000 5884.09652188
238000 5884.09652188
239000 5884.09652188
240000 5884.09652188
241000 6314.58046381
242000 6314.58046381
243000 6314.58046381
244000 6314.58046381
245000 6314.58046381
246000 6314.58046381
247000 6933.3268253
248000 6933.3268253
249000 6933.3268253
250000 6933.3268253
251000 6933.3268253
252000 6933.3268253
253000 6118.39434129
254000 6118.39434129
255000 6118.39434129
256000 6118.39434129
257000 6118.39434129
258000 6364.08616699
259000 6364.08616699
260000 6364.08616699
261000 6364.08616699
262000 6364.08616699
263000 6364.08616699
264000 6348.44446758
265000 6348.44446758
266000 6348.44446758
267000 6348.44446758
268000 6348.44446758
269000 6348.44446758
270000 6348.44446758
271000 6348.44446758
272000 6348.44446758
273000 6348.44446758
274000 6348.44446758
275000 6348.44446758
276000 6348.44446758
277000 6348.44446758
278000 6348.44446758
279000 6348.44446758
280000 6348.44446758
281000 6348.44446758
282000 6332.80276817
283000 6332.80276817
284000 5763.09808917
285000 5763.09808917
286000 5763.09808917
287000 5984.89101034
288000 5984.89101034
289000 5984.89101034
290000 5676.67215041
291000 5676.67215041
292000 5676.67215041
293000 6019.25681559
294000 6019.25681559
295000 6019.25681559
296000 6019.25681559
297000 6361.84148078
298000 6361.84148078
299000 6361.84148078
300000 6361.84148078
301000 6361.84148078
302000 5729.35142232
303000 5729.35142232
304000 5729.35142232
305000 5729.35142232
306000 5729.35142232
307000 6370.06886859
308000 6370.06886859
309000 6370.06886859
310000 6370.06886859
311000 6370.06886859
312000 6472.66351442
313000 6472.66351442
314000 6472.66351442
315000 6472.66351442
316000 6472.66351442
317000 6575.25816024
318000 6575.25816024
319000 6575.25816024
320000 6575.25816024
321000 6575.25816024
322000 6575.25816024
323000 4269.38207867
324000 4269.38207867
325000 4269.38207867
326000 4269.38207867
327000 4269.38207867
328000 4269.38207867
329000 4269.38207867
330000 4269.38207867
331000 4269.38207867
332000 4269.38207867
333000 4269.38207867
334000 4269.38207867
335000 4269.38207867
336000 1963.5059971
337000 1963.5059971
338000 1963.5059971
339000 1963.5059971
340000 1963.5059971
341000 1963.5059971
342000 1963.5059971
343000 1963.5059971
344000 1963.5059971
345000 6395.7852349
346000 6395.7852349
347000 5682.53674649
348000 5682.53674649
349000 5682.53674649
350000 6054.28798727
351000 6054.28798727
352000 6054.28798727
353000 6411.67986062
354000 6411.67986062
355000 6411.67986062
356000 6411.67986062
357000 6769.07173397
358000 6769.07173397
359000 6769.07173397
360000 6769.07173397
361000 6769.07173397
362000 6379.33189964
363000 6379.33189964
364000 6379.33189964
365000 6379.33189964
366000 6379.33189964
367000 6245.37189336
368000 6245.37189336
369000 6245.37189336
370000 6245.37189336
371000 6334.43179506
372000 6334.43179506
373000 6334.43179506
374000 6334.43179506
375000 6334.43179506
376000 6334.43179506
377000 6423.49169675
378000 6423.49169675
379000 6423.49169675
380000 6423.49169675
381000 6423.49169675
382000 6423.49169675
383000 6475.01648746
384000 6475.01648746
385000 6475.01648746
386000 6475.01648746
387000 6475.01648746
388000 6475.01648746
389000 5456.67411047
390000 5456.67411047
391000 5456.67411047
392000 5456.67411047
393000 5456.67411047
394000 5456.67411047
395000 5456.67411047
396000 6423.84975086
397000 6423.84975086
398000 6423.84975086
399000 6423.84975086
400000 6423.84975086
401000 6423.84975086
402000 5251.12696148
403000 5251.12696148
