0 1167.12784936
1000 1167.12784936
2000 1167.12784936
3000 1167.12784936
4000 1167.12784936
5000 1167.12784936
6000 1167.12784936
7000 1167.12784936
8000 1167.12784936
9000 1274.6216096
10000 1274.6216096
11000 1274.6216096
12000 1272.12537061
13000 1272.12537061
14000 1421.68870156
15000 1421.68870156
16000 1421.68870156
17000 1421.68870156
18000 1421.68870156
19000 1421.68870156
20000 1571.25203252
21000 1571.25203252
22000 1771.92814371
23000 1574.92215569
24000 1574.92215569
25000 1377.91616766
26000 1571.24536532
27000 1400.67952476
28000 1400.67952476
29000 1400.67952476
30000 1230.11368421
31000 1230.11368421
32000 1230.11368421
33000 1092.36208733
34000 1092.36208733
35000 1092.36208733
36000 1385.29586777
37000 1385.29586777
38000 1385.29586777
39000 1251.87766163
40000 1251.87766163
41000 1251.87766163
42000 1305.46964356
43000 1305.46964356
44000 1305.46964356
45000 1534.46917292
46000 1534.46917292
47000 1534.46917292
48000 1534.46917292
49000 1534.46917292
50000 1534.46917292
51000 1534.46917292
52000 1534.46917292
53000 1763.46870229
54000 1763.46870229
55000 397.703966462
56000 397.703966462
57000 397.703966462
58000 397.703966462
59000 1880.60743134
60000 1880.60743134
61000 617.6
62000 617.6
63000 1602.78820375
64000 1602.78820375
65000 1830.31647635
66000 1760.62716473
67000 1760.62716473
68000 1690.93785311
69000 1620.68965517
70000 1525.94777266
71000 1554.81898632
72000 1554.81898632
73000 1400.04278677
74000 1400.04278677
75000 1400.04278677
76000 1400.04278677
77000 1400.04278677
78000 1400.04278677
79000 1245.26658721
80000 1245.26658721
81000 1245.26658721
82000 1245.26658721
83000 1627.72649573
84000 1627.72649573
85000 1696.49768895
86000 1696.49768895
87000 1696.49768895
88000 1765.26888218
89000 1765.26888218
90000 667.460859329
91000 667.460859329
92000 1096.35002366
93000 1525.239188
94000 1525.239188
95000 1554.63198164
96000 1450.66932416
97000 1450.66932416
98000 1346.70666667
99000 1346.70666667
100000 1346.70666667
101000 1346.70666667
102000 1318.83082374
103000 1318.83082374
104000 1318.83082374
105000 1645.12820513
106000 1645.12820513
107000 1460.88485428
108000 1460.88485428
109000 1622.47761775
110000 1622.47761775
111000 1622.47761775
112000 1622.47761775
113000 1622.47761775
114000 1622.47761775
115000 1622.47761775
116000 1622.47761775
117000 1784.07038123
118000 1784.07038123
119000 392.539589443
120000 392.539589443
121000 392.539589443
122000 392.539589443
123000 1396.82242991
124000 1396.82242991
125000 1089.00740741
126000 1032.5388601
127000 1032.5388601
128000 1593.72727273
129000 1638.31205742
130000 1682.89684211
131000 1682.89684211
132000 1674.14162349
133000 1654.65319865
134000 1219.74120234
135000 1219.74120234
136000 784.829206025
137000 784.829206025
138000 784.829206025
139000 784.829206025
140000 784.829206025
141000 784.829206025
142000 1360.50883392
143000 1360.50883392
144000 505.427521437
145000 505.427521437
146000 505.427521437
147000 505.427521437
148000 505.427521437
149000 505.427521437
150000 517.544242954
151000 517.544242954
152000 517.544242954
153000 517.544242954
154000 517.544242954
155000 788.759230369
156000 788.759230369
157000 788.759230369
158000 788.759230369
159000 788.759230369
160000 1252.91294852
161000 1252.91294852
162000 1252.91294852
163000 1252.91294852
164000 1717.06666667
165000 1717.06666667
166000 1622.36092266
167000 682.819593787
168000 682.819593787
169000 682.819593787
170000 1579.40379404
171000 1189.09594571
172000 1189.09594571
173000 798.788097385
174000 798.788097385
175000 798.788097385
176000 1421.7707231
177000 1421.7707231
178000 1036.4492363
179000 1036.4492363
180000 1101.78854283
181000 1101.78854283
182000 1101.78854283
183000 1101.78854283
184000 1167.12784936
185000 1167.12784936
186000 1167.12784936
187000 1167.12784936
188000 1274.6216096
189000 1274.6216096
190000 1274.6216096
191000 1272.12537061
192000 1272.12537061
193000 1272.12537061
194000 1421.68870156
195000 1421.68870156
196000 1421.68870156
197000 1421.68870156
198000 1421.68870156
199000 1571.25203252
200000 1571.25203252
201000 1771.92814371
202000 1771.92814371
203000 1574.92215569
204000 1377.91616766
205000 1571.24536532
206000 1400.67952476
207000 1400.67952476
208000 1400.67952476
209000 1400.67952476
210000 1230.11368421
211000 1230.11368421
212000 1092.36208733
213000 1092.36208733
214000 1092.36208733
215000 1385.29586777
216000 1385.29586777
217000 1385.29586777
218000 1251.87766163
219000 1251.87766163
220000 1251.87766163
221000 1305.46964356
222000 1305.46964356
223000 1305.46964356
224000 1534.46917292
225000 1534.46917292
226000 1534.46917292
227000 1534.46917292
228000 1534.46917292
229000 1534.46917292
230000 1534.46917292
231000 1534.46917292
232000 1534.46917292
233000 1763.46870229
234000 1763.46870229
235000 397.703966462
236000 397.703966462
237000 397.703966462
238000 397.703966462
239000 1880.60743134
240000 617.6
241000 617.6
242000 1602.78820375
243000 1602.78820375
244000 1830.31647635
245000 1760.62716473
246000 1760.62716473
247000 1690.93785311
248000 1620.68965517
249000 1525.94777266
250000 1525.94777266
251000 1554.81898632
252000 1400.04278677
253000 1400.04278677
254000 1400.04278677
255000 1400.04278677
256000 1400.04278677
257000 1400.04278677
258000 1245.26658721
259000 1245.26658721
260000 1245.26658721
261000 1245.26658721
262000 1627.72649573
263000 1627.72649573
264000 1696.49768895
265000 1696.49768895
266000 1696.49768895
267000 1765.26888218
268000 1765.26888218
269000 667.460859329
270000 667.460859329
271000 1096.35002366
272000 1525.239188
273000 1525.239188
274000 1554.63198164
275000 1450.66932416
276000 1450.66932416
277000 1346.70666667
278000 1346.70666667
279000 1346.70666667
280000 1346.70666667
281000 1318.83082374
282000 1318.83082374
283000 1318.83082374
284000 1645.12820513
285000 1645.12820513
286000 1460.88485428
287000 1460.88485428
288000 1460.88485428
289000 1622.47761775
290000 1622.47761775
291000 1622.47761775
292000 1622.47761775
293000 1622.47761775
294000 1622.47761775
295000 1622.47761775
296000 1622.47761775
297000 1784.07038123
298000 1784.07038123
299000 392.539589443
300000 392.539589443
301000 392.539589443
302000 392.539589443
303000 1396.82242991
304000 1089.00740741
305000 1089.00740741
306000 1032.5388601
307000 1593.72727273
308000 1593.72727273
309000 1638.31205742
310000 1682.89684211
311000 1674.14162349
312000 1654.65319865
313000 1219.74120234
314000 1219.74120234
315000 784.829206025
316000 784.829206025
317000 784.829206025
318000 784.829206025
319000 784.829206025
320000 784.829206025
321000 1360.50883392
322000 1360.50883392
323000 1360.50883392
324000 505.427521437
325000 505.427521437
326000 505.427521437
327000 505.427521437
328000 505.427521437
329000 517.544242954
330000 517.544242954
331000 517.544242954
332000 517.544242954
333000 517.544242954
334000 517.544242954
335000 788.759230369
336000 788.759230369
337000 788.759230369
338000 788.759230369
339000 1252.91294852
340000 1252.91294852
341000 1252.91294852
342000 1252.91294852
343000 1717.06666667
344000 1717.06666667
345000 1622.36092266
346000 682.819593787
347000 682.819593787
348000 682.819593787
349000 1579.40379404
350000 1189.09594571
351000 1189.09594571
352000 798.788097385
353000 798.788097385
354000 798.788097385
355000 1421.7707231
356000 1421.7707231
357000 1036.4492363
358000 1036.4492363
