0 5533.43315508
1000 5533.43315508
2000 5533.43315508
3000 5533.43315508
4000 5198.34225844
5000 4531.99409158
6000 4716.53221151
7000 4716.53221151
8000 4716.53221151
9000 4901.07033145
10000 4901.07033145
11000 4477.39597966
12000 4477.39597966
13000 4477.39597966
14000 4477.39597966
15000 4404.89773878
16000 4404.89773878
17000 4404.89773878
18000 5232.1039358
19000 5232.1039358
20000 5232.1039358
21000 5284.4601432
22000 5284.4601432
23000 5284.4601432
24000 5307.70598291
25000 5307.70598291
26000 5422.22624434
27000 5422.22624434
28000 5422.22624434
29000 5329.26034713
30000 5329.26034713
31000 5329.26034713
32000 5329.26034713
33000 5344.85743731
34000 5344.85743731
35000 5344.85743731
36000 5344.85743731
37000 5151.76771196
38000 5151.76771196
39000 5151.76771196
40000 5151.76771196
41000 5433.08697395
42000 5433.08697395
43000 5433.08697395
44000 5306.76974047
45000 5306.76974047
46000 5306.76974047
47000 5306.76974047
48000 5281.95690157
49000 5281.95690157
50000 5281.95690157
51000 5371.42857143
52000 5371.42857143
53000 5371.42857143
54000 5371.42857143
55000 5171.54538956
56000 5171.54538956
57000 5171.54538956
58000 5190.97473364
59000 5190.97473364
60000 5190.97473364
61000 5190.97473364
62000 5319.36064165
63000 5319.36064165
64000 5319.36064165
65000 5208.72768234
66000 5208.72768234
67000 5208.72768234
68000 5208.72768234
69000 5242.73972603
70000 5242.73972603
71000 5242.73972603
72000 5242.73972603
73000 5529.67222767
74000 5529.67222767
75000 5318.30455259
76000 5318.30455259
77000 5318.30455259
78000 5377.83122363
79000 5377.83122363
80000 5377.83122363
81000 5377.83122363
82000 5313.20965693
83000 5313.20965693
84000 5313.20965693
85000 5313.20965693
86000 5170.16755793
87000 5170.16755793
88000 5170.16755793
89000 5170.16755793
90000 5259.13268608
91000 5259.13268608
92000 5259.13268608
93000 5259.13268608
94000 5189.33333333
95000 5189.33333333
96000 5189.33333333
97000 5225.50809828
98000 5225.50809828
99000 5225.50809828
100000 5225.50809828
101000 5225.50809828
102000 5225.50809828
103000 5261.68286324
104000 5261.68286324
105000 5261.68286324
106000 5261.68286324
107000 5261.68286324
108000 5348.35839539
109000 5348.35839539
110000 5348.35839539
111000 5348.35839539
112000 5247.74480588
113000 5247.74480588
114000 5247.74480588
115000 5247.74480588
116000 5247.74480588
117000 4562.12338822
118000 4562.12338822
119000 4562.12338822
120000 4562.12338822
121000 4562.12338822
122000 4562.12338822
123000 5245.06343826
124000 5245.06343826
125000 5245.06343826
126000 5245.06343826
127000 5366.2070207
128000 5366.2070207
129000 5366.2070207
130000 5366.2070207
131000 5366.2070207
132000 5375.21126761
133000 5375.21126761
134000 5375.21126761
135000 5375.21126761
136000 5375.21126761
137000 5271.07809718
138000 5271.07809718
139000 5271.07809718
140000 5271.07809718
141000 5273.07390649
142000 5273.07390649
143000 5273.07390649
144000 5273.07390649
145000 4288.92348993
146000 4288.92348993
147000 4288.92348993
148000 4288.92348993
149000 4288.92348993
150000 5285.8684831
151000 5285.8684831
152000 5285.8684831
153000 5285.8684831
154000 5379.84907234
155000 5379.84907234
156000 5379.84907234
157000 5379.84907234
158000 5379.84907234
159000 4488.35839665
160000 4488.35839665
161000 4488.35839665
162000 4488.35839665
163000 4857.87514611
164000 4857.87514611
165000 4857.87514611
166000 4857.87514611
167000 4857.87514611
168000 4857.87514611
169000 4857.87514611
170000 4857.87514611
171000 4857.87514611
172000 4857.87514611
173000 4857.87514611
174000 4857.87514611
175000 4857.87514611
176000 4857.87514611
177000 4857.87514611
178000 4857.87514611
179000 4857.87514611
180000 4857.87514611
181000 4857.87514611
182000 4857.87514611
183000 5227.39189557
184000 5227.39189557
185000 5227.39189557
186000 5227.39189557
187000 5305.9703021
188000 5305.9703021
189000 5305.9703021
190000 5305.9703021
191000 5305.9703021
192000 5384.14437367
193000 5384.14437367
194000 5384.14437367
195000 5384.14437367
196000 5220.889332
197000 5220.889332
198000 5220.889332
199000 5220.889332
200000 5220.889332
201000 5326.59820843
202000 5326.59820843
203000 5326.59820843
204000 5326.59820843
205000 5265.22390142
206000 5265.22390142
207000 5265.22390142
208000 5265.22390142
209000 5265.22390142
210000 5275.42152762
211000 5275.42152762
212000 5275.42152762
213000 5275.42152762
214000 5275.42152762
215000 5414.71830688
216000 5414.71830688
217000 5414.71830688
218000 5414.71830688
219000 5414.71830688
220000 5257.29569094
221000 5257.29569094
222000 5257.29569094
223000 5257.29569094
224000 4821.22105263
225000 4821.22105263
226000 4821.22105263
227000 4821.22105263
228000 4821.22105263
229000 5244.15555556
230000 5244.15555556
231000 5244.15555556
232000 5244.15555556
233000 5244.15555556
234000 5389.52294503
235000 5389.52294503
236000 5389.52294503
237000 5389.52294503
238000 5539.30650155
239000 5539.30650155
240000 5539.30650155
241000 5207.92351816
242000 5207.92351816
243000 5207.92351816
244000 5293.07216495
245000 5293.07216495
246000 5293.07216495
247000 5428.95703302
248000 5428.95703302
249000 4818.05742821
250000 5175.74529165
251000 5175.74529165
252000 5175.74529165
253000 5533.43315508
254000 5198.34225844
255000 4531.99409158
256000 4716.53221151
257000 4716.53221151
258000 4901.07033145
259000 4901.07033145
260000 4477.39597966
261000 4477.39597966
262000 4477.39597966
263000 4477.39597966
264000 4477.39597966
265000 4404.89773878
266000 4404.89773878
267000 4404.89773878
268000 5232.1039358
269000 5232.1039358
270000 5232.1039358
271000 5284.4601432
272000 5284.4601432
273000 5307.70598291
274000 5307.70598291
275000 5307.70598291
276000 5422.22624434
277000 5422.22624434
278000 5422.22624434
279000 5329.26034713
280000 5329.26034713
281000 5329.26034713
282000 5329.26034713
283000 5344.85743731
284000 5344.85743731
285000 5344.85743731
286000 5344.85743731
287000 5151.76771196
288000 5151.76771196
289000 5151.76771196
290000 5151.76771196
291000 5433.08697395
292000 5433.08697395
293000 5306.76974047
294000 5306.76974047
295000 5306.76974047
296000 5306.76974047
297000 5281.95690157
298000 5281.95690157
299000 5281.95690157
300000 5281.95690157
301000 5371.42857143
302000 5371.42857143
303000 5371.42857143
304000 5371.42857143
305000 5171.54538956
306000 5171.54538956
307000 5171.54538956
308000 5190.97473364
309000 5190.97473364
310000 5190.97473364
311000 5319.36064165
312000 5319.36064165
313000 5319.36064165
314000 5319.36064165
315000 5208.72768234
316000 5208.72768234
317000 5208.72768234
318000 5208.72768234
319000 5242.73972603
320000 5242.73972603
321000 5242.73972603
322000 5242.73972603
323000 5529.67222767
324000 5529.67222767
325000 5318.30455259
326000 5318.30455259
327000 5318.30455259
328000 5377.83122363
329000 5377.83122363
330000 5377.83122363
331000 5377.83122363
332000 5313.20965693
333000 5313.20965693
334000 5313.20965693
335000 5313.20965693
336000 5170.16755793
337000 5170.16755793
338000 5170.16755793
339000 5259.13268608
340000 5259.13268608
341000 5259.13268608
342000 5259.13268608
343000 5189.33333333
344000 5189.33333333
345000 5189.33333333
346000 5189.33333333
347000 5225.50809828
348000 5225.50809828
349000 5225.50809828
350000 5225.50809828
351000 5225.50809828
352000 5225.50809828
353000 5261.68286324
354000 5261.68286324
355000 5261.68286324
356000 5261.68286324
357000 5348.35839539
358000 5348.35839539
359000 5348.35839539
360000 5348.35839539
361000 5348.35839539
362000 5247.74480588
363000 5247.74480588
364000 5247.74480588
365000 5247.74480588
366000 5247.74480588
367000 4562.12338822
368000 4562.12338822
369000 4562.12338822
370000 4562.12338822
371000 4562.12338822
372000 5245.06343826
373000 5245.06343826
374000 5245.06343826
375000 5245.06343826
376000 5245.06343826
377000 5366.2070207
378000 5366.2070207
379000 5366.2070207
380000 5366.2070207
381000 5366.2070207
382000 5375.21126761
383000 5375.21126761
384000 5375.21126761
385000 5375.21126761
386000 5271.07809718
387000 5271.07809718
388000 5271.07809718
389000 5271.07809718
390000 5271.07809718
391000 5273.07390649
392000 5273.07390649
393000 5273.07390649
394000 5273.07390649
395000 4288.92348993
396000 4288.92348993
397000 4288.92348993
398000 4288.92348993
399000 4288.92348993
400000 5285.8684831
401000 5285.8684831
402000 5285.8684831
403000 5285.8684831
404000 5379.84907234
405000 5379.84907234
406000 5379.84907234
407000 5379.84907234
408000 5379.84907234
409000 4488.35839665
410000 4488.35839665
411000 4488.35839665
412000 4488.35839665
413000 4857.87514611
414000 4857.87514611
415000 4857.87514611
416000 4857.87514611
417000 4857.87514611
418000 4857.87514611
419000 4857.87514611
420000 4857.87514611
421000 4857.87514611
422000 4857.87514611
423000 4857.87514611
424000 4857.87514611
425000 4857.87514611
426000 4857.87514611
427000 4857.87514611
428000 4857.87514611
429000 4857.87514611
430000 4857.87514611
431000 4857.87514611
432000 4857.87514611
433000 5227.39189557
434000 5227.39189557
435000 5227.39189557
436000 5227.39189557
437000 5305.9703021
438000 5305.9703021
439000 5305.9703021
440000 5305.9703021
441000 5305.9703021
442000 5384.14437367
443000 5384.14437367
444000 5384.14437367
445000 5384.14437367
446000 5220.889332
447000 5220.889332
448000 5220.889332
449000 5220.889332
450000 5326.59820843
451000 5326.59820843
452000 5326.59820843
453000 5326.59820843
454000 5326.59820843
455000 5265.22390142
456000 5265.22390142
457000 5265.22390142
458000 5265.22390142
459000 5265.22390142
460000 5275.42152762
461000 5275.42152762
462000 5275.42152762
463000 5275.42152762
464000 5275.42152762
465000 5414.71830688
466000 5414.71830688
467000 5414.71830688
468000 5414.71830688
469000 5414.71830688
470000 5257.29569094
471000 5257.29569094
472000 5257.29569094
473000 5257.29569094
474000 4821.22105263
475000 4821.22105263
476000 4821.22105263
477000 4821.22105263
478000 4821.22105263
479000 5244.15555556
480000 5244.15555556
481000 5244.15555556
482000 5244.15555556
483000 5244.15555556
484000 5389.52294503
485000 5389.52294503
486000 5389.52294503
487000 5389.52294503
488000 5539.30650155
489000 5539.30650155
490000 5539.30650155
491000 5207.92351816
492000 5207.92351816
493000 5207.92351816
494000 5293.07216495
495000 5293.07216495
496000 5293.07216495
497000 5428.95703302
498000 5428.95703302
499000 4818.05742821
