0 4618.06871609
1000 4618.06871609
2000 4618.06871609
3000 4618.06871609
4000 4618.06871609
5000 3982.1485133
6000 3346.2283105
7000 3346.2283105
8000 3823.01212789
9000 3823.01212789
10000 3823.01212789
11000 3349.14721919
12000 3349.14721919
13000 2447.75740868
14000 2447.75740868
15000 2447.75740868
16000 5024.64747082
17000 5024.64747082
18000 5100.25308135
19000 4942.39745628
20000 4942.39745628
21000 5238.59459459
22000 4647.15946426
23000 4647.15946426
24000 4647.15946426
25000 4055.72433393
26000 4055.72433393
27000 4055.72433393
28000 4698.10738255
29000 4698.10738255
30000 4698.10738255
31000 4411.04387688
32000 4411.04387688
33000 4411.04387688
34000 3361.54942298
35000 3361.54942298
36000 3361.54942298
37000 3361.54942298
38000 4776.29329962
39000 4776.29329962
40000 4776.29329962
41000 4311.64013841
42000 4311.64013841
43000 4311.64013841
44000 4856.2209205
45000 4856.2209205
46000 4856.2209205
47000 3714.99169943
48000 3714.99169943
49000 3714.99169943
50000 4182.84002723
51000 4182.84002723
52000 4182.84002723
53000 3700.84960287
54000 3700.84960287
55000 3700.84960287
56000 3700.84960287
57000 4512.89311164
58000 4512.89311164
59000 4634.5377943
60000 4634.5377943
61000 4634.5377943
62000 4379.1649635
63000 4379.1649635
64000 4379.1649635
65000 4379.1649635
66000 4196.7355232
67000 4196.7355232
68000 4196.7355232
69000 4623.38747764
70000 4623.38747764
71000 4623.38747764
72000 4512.74198323
73000 4512.74198323
74000 4424.07960199
75000 4424.07960199
76000 4424.07960199
77000 4902.64196597
78000 4902.64196597
79000 4902.64196597
80000 4724.7519902
81000 4724.7519902
82000 5027.47199373
83000 5027.47199373
84000 5027.47199373
85000 4546.36104869
86000 4546.36104869
87000 4546.36104869
88000 3950.25865724
89000 3950.25865724
90000 3950.25865724
91000 4655.18174666
92000 4655.18174666
93000 4655.18174666
94000 4510.42182581
95000 4510.42182581
96000 4510.42182581
97000 3428.93478869
98000 3428.93478869
99000 3428.93478869
100000 3428.93478869
101000 4787.49030471
102000 4787.49030471
103000 4787.49030471
104000 5045.54355538
105000 5045.54355538
106000 5045.54355538
107000 3981.62661448
108000 3981.62661448
109000 3981.62661448
110000 5338.72487076
111000 5338.72487076
112000 5338.72487076
113000 4664.68745247
114000 4664.68745247
115000 4664.68745247
116000 5200.47805238
117000 5200.47805238
118000 5200.47805238
119000 4130.81053952
120000 4130.81053952
121000 4130.81053952
122000 4812.33794163
123000 4812.33794163
124000 4812.20159151
125000 4812.20159151
126000 4812.20159151
127000 4912.0494045
128000 4912.0494045
129000 4912.0494045
130000 4568.41906049
131000 4568.41906049
132000 4568.41906049
133000 4149.44087993
134000 4149.44087993
135000 4149.44087993
136000 4149.44087993
137000 4590.36356619
138000 4590.36356619
139000 4590.36356619
140000 4753.77035491
141000 4753.77035491
142000 4753.77035491
143000 5039.63095238
144000 5039.63095238
145000 5039.63095238
146000 5264.34895592
147000 5264.34895592
148000 4217.82037629
149000 4217.82037629
150000 4217.82037629
151000 5271.43327842
152000 4446.05453206
153000 4446.05453206
154000 4446.05453206
155000 5044.21676702
156000 5044.21676702
157000 5044.21676702
158000 4653.54585503
159000 4653.54585503
160000 4635.80728556
161000 4635.80728556
162000 4635.80728556
163000 4618.06871609
164000 3982.1485133
165000 3982.1485133
166000 3346.2283105
167000 3346.2283105
168000 3823.01212789
169000 3823.01212789
170000 3349.14721919
171000 3349.14721919
172000 3349.14721919
173000 2447.75740868
174000 2447.75740868
175000 2447.75740868
176000 5024.64747082
177000 5100.25308135
178000 5100.25308135
179000 4942.39745628
180000 5238.59459459
181000 4647.15946426
182000 4647.15946426
183000 4647.15946426
184000 4055.72433393
185000 4055.72433393
186000 4055.72433393
187000 4055.72433393
188000 4698.10738255
189000 4698.10738255
190000 4411.04387688
191000 4411.04387688
192000 4411.04387688
193000 4411.04387688
194000 3361.54942298
195000 3361.54942298
196000 3361.54942298
197000 3361.54942298
198000 4776.29329962
199000 4776.29329962
200000 4776.29329962
201000 4311.64013841
202000 4311.64013841
203000 4311.64013841
204000 4856.2209205
205000 4856.2209205
206000 4856.2209205
207000 3714.99169943
208000 3714.99169943
209000 4182.84002723
210000 4182.84002723
211000 4182.84002723
212000 3700.84960287
213000 3700.84960287
214000 3700.84960287
215000 3700.84960287
216000 3700.84960287
217000 4512.89311164
218000 4634.5377943
219000 4634.5377943
220000 4634.5377943
221000 4634.5377943
222000 4379.1649635
223000 4379.1649635
224000 4379.1649635
225000 4196.7355232
226000 4196.7355232
227000 4196.7355232
228000 4623.38747764
229000 4623.38747764
230000 4623.38747764
231000 4512.74198323
232000 4512.74198323
233000 4512.74198323
234000 4424.07960199
235000 4424.07960199
236000 4902.64196597
237000 4902.64196597
238000 4902.64196597
239000 4724.7519902
240000 4724.7519902
241000 5027.47199373
242000 5027.47199373
243000 5027.47199373
244000 4546.36104869
245000 4546.36104869
246000 4546.36104869
247000 3950.25865724
248000 3950.25865724
249000 3950.25865724
250000 3950.25865724
251000 4655.18174666
252000 4655.18174666
253000 4510.42182581
254000 4510.42182581
255000 4510.42182581
256000 4510.42182581
257000 3428.93478869
258000 3428.93478869
259000 3428.93478869
260000 3428.93478869
261000 4787.49030471
262000 4787.49030471
263000 4787.49030471
264000 5045.54355538
265000 5045.54355538
266000 5045.54355538
267000 3981.62661448
268000 3981.62661448
269000 3981.62661448
270000 5338.72487076
271000 5338.72487076
272000 4664.68745247
273000 4664.68745247
274000 4664.68745247
275000 5200.47805238
276000 5200.47805238
277000 5200.47805238
278000 4130.81053952
279000 4130.81053952
280000 4130.81053952
281000 4812.33794163
282000 4812.33794163
283000 4812.20159151
284000 4812.20159151
285000 4812.20159151
286000 4812.20159151
287000 4912.0494045
288000 4912.0494045
289000 4912.0494045
290000 4568.41906049
291000 4568.41906049
292000 4568.41906049
293000 4149.44087993
294000 4149.44087993
295000 4149.44087993
296000 4149.44087993
297000 4590.36356619
298000 4590.36356619
299000 4753.77035491
300000 4753.77035491
301000 4753.77035491
302000 5039.63095238
303000 5039.63095238
304000 5039.63095238
305000 5264.34895592
306000 5264.34895592
307000 5264.34895592
308000 4217.82037629
309000 4217.82037629
310000 4217.82037629
311000 5271.43327842
312000 4446.05453206
313000 4446.05453206
314000 4446.05453206
315000 5044.21676702
316000 5044.21676702
317000 4653.54585503
318000 4653.54585503
319000 4653.54585503
