0 3810.3884648
1000 3810.3884648
2000 3810.3884648
3000 3810.3884648
4000 3810.3884648
5000 3810.3884648
6000 3842.99665552
7000 3842.99665552
8000 3802.23561644
9000 3802.23561644
10000 3858.2306858
11000 3858.2306858
12000 3858.2306858
13000 3914.22575517
14000 3914.22575517
15000 3914.22575517
16000 3914.22575517
17000 3914.22575517
18000 3860.32516531
19000 3860.32516531
20000 3860.32516531
21000 3728.46960168
22000 3728.46960168
23000 3728.46960168
24000 3728.46960168
25000 3797.63189143
26000 3797.63189143
27000 3797.63189143
28000 3797.63189143
29000 3770.48814505
30000 3770.48814505
31000 3770.48814505
32000 3770.48814505
33000 3770.48814505
34000 3848.28064948
35000 3848.28064948
36000 3848.28064948
37000 3848.28064948
38000 3848.28064948
39000 3848.28064948
40000 3848.28064948
41000 3848.28064948
42000 3926.0731539
43000 3926.0731539
44000 3926.0731539
45000 3582.7514698
46000 3582.7514698
47000 3582.7514698
48000 3582.7514698
49000 3930.59259259
50000 3930.59259259
51000 3930.59259259
52000 3825.72357724
53000 3825.72357724
54000 3825.72357724
55000 3929.22503329
56000 3929.22503329
57000 3929.22503329
58000 3929.22503329
59000 3868.55054084
60000 3868.55054084
61000 3713.18943126
62000 3713.18943126
63000 3713.18943126
64000 3834.40537944
65000 3834.40537944
66000 3834.40537944
67000 3822.87176436
68000 3822.87176436
69000 3822.87176436
70000 3826.01950931
71000 3826.01950931
72000 3826.01950931
73000 3826.01950931
74000 3847.57003257
75000 3847.57003257
76000 3891.46853147
77000 3891.46853147
78000 3891.46853147
79000 3891.46853147
80000 3826.97725404
81000 3826.97725404
82000 3826.97725404
83000 3826.97725404
84000 3887.39288915
85000 3887.39288915
86000 3887.39288915
87000 3814.53866988
88000 3814.53866988
89000 3814.53866988
90000 3814.53866988
91000 3937.07803369
92000 3937.07803369
93000 3937.07803369
94000 3891.62301102
95000 3891.62301102
96000 3913.58547655
97000 3913.58547655
98000 3913.58547655
99000 3885.71316839
100000 3885.71316839
101000 3885.71316839
102000 3885.71316839
103000 3885.71316839
104000 3857.84086022
105000 3857.84086022
106000 3857.84086022
107000 3857.84086022
108000 3857.84086022
109000 3221.88078054
110000 3221.88078054
111000 3221.88078054
112000 3221.88078054
113000 3531.76730719
114000 3531.76730719
115000 3531.76730719
116000 3531.76730719
117000 3531.76730719
118000 3941.93548387
119000 3941.93548387
120000 3941.93548387
121000 3941.93548387
122000 3737.50968829
123000 3737.50968829
124000 3737.50968829
125000 3737.50968829
126000 3737.50968829
127000 3646.04262036
128000 3646.04262036
129000 3646.04262036
130000 3646.04262036
131000 3646.04262036
132000 3674.13415259
133000 3674.13415259
134000 3674.13415259
135000 3674.13415259
136000 3674.13415259
137000 3791.5664187
138000 3791.5664187
139000 3791.5664187
140000 3791.5664187
141000 3730.65296021
142000 3730.65296021
143000 3730.65296021
144000 3730.65296021
145000 3730.65296021
146000 3548.07669959
147000 3548.07669959
148000 3548.07669959
149000 3548.07669959
150000 3548.07669959
151000 3548.07669959
152000 3796.36876574
153000 3796.36876574
154000 3796.36876574
155000 3796.36876574
156000 3840.68333333
157000 3840.68333333
158000 3840.68333333
159000 3840.68333333
160000 3723.02239533
161000 3723.02239533
162000 3723.02239533
163000 3723.02239533
164000 3723.02239533
165000 3846.56115108
166000 3846.56115108
167000 3846.56115108
168000 3846.56115108
169000 3846.56115108
170000 3794.71710393
171000 3794.71710393
172000 3794.71710393
173000 3794.71710393
174000 3794.71710393
175000 3865.30600148
176000 3865.30600148
177000 3865.30600148
178000 3865.30600148
179000 3865.30600148
180000 3819.74318707
181000 3819.74318707
182000 3819.74318707
183000 3819.74318707
184000 3746.59224806
185000 3746.59224806
186000 3746.59224806
187000 3746.59224806
188000 3746.59224806
189000 3746.59224806
190000 3739.50524109
191000 3739.50524109
192000 3739.50524109
193000 3739.50524109
194000 3739.50524109
195000 3758.7201556
196000 3758.7201556
197000 3758.7201556
198000 3758.7201556
199000 3799.34792579
200000 3799.34792579
201000 3799.34792579
202000 3799.34792579
203000 3799.34792579
204000 3799.34792579
205000 3830.3625731
206000 3830.3625731
207000 3830.3625731
208000 3830.3625731
209000 3830.3625731
210000 3857.37908497
211000 3857.37908497
212000 3857.37908497
213000 3857.37908497
214000 3857.37908497
215000 3811.64213406
216000 3811.64213406
217000 3811.64213406
218000 3811.64213406
219000 3716.78647887
220000 3716.78647887
221000 3716.78647887
222000 3716.78647887
223000 3767.07210031
224000 3767.07210031
225000 3788.73028256
226000 3788.73028256
227000 3788.73028256
228000 3788.73028256
229000 3788.73028256
230000 3810.3884648
231000 3842.99665552
232000 3842.99665552
233000 3802.23561644
234000 3858.2306858
235000 3858.2306858
236000 3858.2306858
237000 3858.2306858
238000 3914.22575517
239000 3914.22575517
240000 3914.22575517
241000 3914.22575517
242000 3914.22575517
243000 3860.32516531
244000 3860.32516531
245000 3860.32516531
246000 3728.46960168
247000 3728.46960168
248000 3728.46960168
249000 3728.46960168
250000 3797.63189143
251000 3797.63189143
252000 3797.63189143
253000 3797.63189143
254000 3770.48814505
255000 3770.48814505
256000 3770.48814505
257000 3770.48814505
258000 3848.28064948
259000 3848.28064948
260000 3848.28064948
261000 3848.28064948
262000 3848.28064948
263000 3848.28064948
264000 3848.28064948
265000 3848.28064948
266000 3848.28064948
267000 3926.0731539
268000 3926.0731539
269000 3926.0731539
270000 3582.7514698
271000 3582.7514698
272000 3582.7514698
273000 3582.7514698
274000 3930.59259259
275000 3930.59259259
276000 3930.59259259
277000 3825.72357724
278000 3825.72357724
279000 3825.72357724
280000 3929.22503329
281000 3929.22503329
282000 3929.22503329
283000 3868.55054084
284000 3868.55054084
285000 3868.55054084
286000 3713.18943126
287000 3713.18943126
288000 3834.40537944
289000 3834.40537944
290000 3834.40537944
291000 3834.40537944
292000 3822.87176436
293000 3822.87176436
294000 3822.87176436
295000 3826.01950931
296000 3826.01950931
297000 3826.01950931
298000 3826.01950931
299000 3847.57003257
300000 3847.57003257
301000 3891.46853147
302000 3891.46853147
303000 3891.46853147
304000 3891.46853147
305000 3826.97725404
306000 3826.97725404
307000 3826.97725404
308000 3887.39288915
309000 3887.39288915
310000 3887.39288915
311000 3887.39288915
312000 3814.53866988
313000 3814.53866988
314000 3814.53866988
315000 3937.07803369
316000 3937.07803369
317000 3937.07803369
318000 3937.07803369
319000 3891.62301102
320000 3891.62301102
321000 3913.58547655
322000 3913.58547655
323000 3913.58547655
324000 3885.71316839
325000 3885.71316839
326000 3885.71316839
327000 3885.71316839
328000 3885.71316839
329000 3857.84086022
330000 3857.84086022
331000 3857.84086022
332000 3857.84086022
333000 3221.88078054
334000 3221.88078054
335000 3221.88078054
336000 3221.88078054
337000 3221.88078054
338000 3531.76730719
339000 3531.76730719
340000 3531.76730719
341000 3531.76730719
342000 3941.93548387
343000 3941.93548387
344000 3941.93548387
345000 3941.93548387
346000 3737.50968829
347000 3737.50968829
348000 3737.50968829
349000 3737.50968829
350000 3737.50968829
351000 3737.50968829
352000 3646.04262036
353000 3646.04262036
354000 3646.04262036
355000 3646.04262036
356000 3646.04262036
357000 3674.13415259
358000 3674.13415259
359000 3674.13415259
360000 3674.13415259
361000 3791.5664187
362000 3791.5664187
363000 3791.5664187
364000 3791.5664187
365000 3730.65296021
366000 3730.65296021
367000 3730.65296021
368000 3730.65296021
369000 3730.65296021
370000 3730.65296021
371000 3548.07669959
372000 3548.07669959
373000 3548.07669959
374000 3548.07669959
375000 3548.07669959
376000 3796.36876574
377000 3796.36876574
378000 3796.36876574
379000 3796.36876574
380000 3796.36876574
381000 3840.68333333
382000 3840.68333333
383000 3840.68333333
384000 3840.68333333
385000 3723.02239533
386000 3723.02239533
387000 3723.02239533
388000 3723.02239533
389000 3846.56115108
390000 3846.56115108
391000 3846.56115108
392000 3846.56115108
393000 3846.56115108
394000 3794.71710393
395000 3794.71710393
396000 3794.71710393
397000 3794.71710393
398000 3794.71710393
399000 3794.71710393
400000 3865.30600148
401000 3865.30600148
402000 3865.30600148
403000 3865.30600148
404000 3819.74318707
405000 3819.74318707
406000 3819.74318707
407000 3819.74318707
408000 3819.74318707
409000 3746.59224806
410000 3746.59224806
411000 3746.59224806
412000 3746.59224806
413000 3746.59224806
414000 3746.59224806
415000 3739.50524109
416000 3739.50524109
417000 3739.50524109
418000 3739.50524109
419000 3739.50524109
420000 3758.7201556
421000 3758.7201556
422000 3758.7201556
423000 3758.7201556
424000 3799.34792579
425000 3799.34792579
426000 3799.34792579
427000 3799.34792579
428000 3799.34792579
429000 3830.3625731
430000 3830.3625731
431000 3830.3625731
432000 3830.3625731
433000 3830.3625731
434000 3857.37908497
435000 3857.37908497
436000 3857.37908497
437000 3857.37908497
438000 3857.37908497
439000 3857.37908497
440000 3811.64213406
441000 3811.64213406
442000 3811.64213406
443000 3811.64213406
444000 3716.78647887
445000 3716.78647887
446000 3716.78647887
447000 3716.78647887
448000 3767.07210031
449000 3767.07210031
