0 4786.87878788
1000 4786.87878788
2000 4786.87878788
3000 4786.87878788
4000 4786.87878788
5000 4786.87878788
6000 4786.87878788
7000 4786.87878788
8000 4786.87878788
9000 6465.16756757
10000 5943.25045045
11000 5943.25045045
12000 5421.33333333
13000 4792.39061509
14000 4792.39061509
15000 4551.24400564
16000 4416.71084432
17000 4416.71084432
18000 4416.71084432
19000 4416.71084432
20000 4416.71084432
21000 4282.17768301
22000 4282.17768301
23000 4282.17768301
24000 5986.1697417
25000 5986.1697417
26000 5986.1697417
27000 5167.85625432
28000 5167.85625432
29000 5167.85625432
30000 3368.62167689
31000 3368.62167689
32000 3368.62167689
33000 3368.62167689
34000 4373.45949821
35000 4373.45949821
36000 4373.45949821
37000 4373.45949821
38000 2077.9104953
39000 2077.9104953
40000 2077.9104953
41000 2077.9104953
42000 2077.9104953
43000 2077.9104953
44000 3969.76106459
45000 3969.76106459
46000 3969.76106459
47000 3969.76106459
48000 3969.76106459
49000 3969.76106459
50000 5861.61163388
51000 5861.61163388
52000 5687.80968007
53000 5687.80968007
54000 2387.83328031
55000 2387.83328031
56000 2387.83328031
57000 2961.08034188
58000 2961.08034188
59000 2961.08034188
60000 6128.23880597
61000 4934.75207234
62000 4934.75207234
63000 6838.29276896
64000 6375.04509284
65000 6375.04509284
66000 5280.28227747
67000 5206.57454545
68000 5206.57454545
69000 4848.88068294
70000 4848.88068294
71000 4848.88068294
72000 4491.18682043
73000 4491.18682043
74000 4491.18682043
75000 6834.29084784
76000 6834.29084784
77000 6803.74144487
78000 6803.74144487
79000 6803.74144487
80000 6479.1884058
81000 6479.1884058
82000 5841.71404752
83000 5841.71404752
84000 5841.71404752
85000 4013.78670438
86000 4013.78670438
87000 4013.78670438
88000 4013.78670438
89000 6372.16703297
90000 6372.16703297
91000 7504.54794521
92000 7504.54794521
93000 6281.11672225
94000 6281.11672225
95000 6281.11672225
96000 6812.02475012
97000 6812.02475012
98000 4113.56563246
99000 4113.56563246
100000 4113.56563246
101000 4113.56563246
102000 6026.66666667
103000 6026.66666667
104000 6945.56692057
105000 6945.56692057
106000 6945.56692057
107000 6473.29267183
108000 6473.29267183
109000 7486.15576988
110000 7486.15576988
111000 7486.15576988
112000 7486.15576988
113000 8499.01886792
114000 8499.01886792
115000 7485.05451296
116000 7485.05451296
117000 7485.05451296
118000 2848.21932831
119000 2848.21932831
120000 2848.21932831
121000 2848.21932831
122000 2848.21932831
123000 2848.21932831
124000 7644.20049302
125000 7644.20049302
126000 7644.20049302
127000 3128.67042465
128000 3128.67042465
129000 3128.67042465
130000 3128.67042465
131000 3128.67042465
132000 3128.67042465
133000 3128.67042465
134000 3128.67042465
135000 5733.05432596
136000 5733.05432596
137000 5733.05432596
138000 6284.28961175
139000 6284.28961175
140000 6284.28961175
141000 6284.28961175
142000 5820.31994507
143000 5820.31994507
144000 5820.31994507
145000 6746.81690141
146000 6746.81690141
147000 6746.81690141
148000 5029.30203968
149000 5029.30203968
150000 5029.30203968
151000 5029.30203968
152000 5624.05157788
153000 5624.05157788
154000 5624.05157788
155000 5707.17866667
156000 5707.17866667
157000 5247.02872728
158000 5247.02872728
159000 5247.02872728
160000 5247.02872728
161000 5247.02872728
162000 5247.02872728
163000 5247.02872728
164000 4786.87878788
165000 4786.87878788
166000 5943.25045045
167000 5943.25045045
168000 5421.33333333
169000 5421.33333333
170000 4792.39061509
171000 4792.39061509
172000 4551.24400564
173000 4416.71084432
174000 4416.71084432
175000 4416.71084432
176000 4416.71084432
177000 4416.71084432
178000 4282.17768301
179000 4282.17768301
180000 4282.17768301
181000 5986.1697417
182000 5986.1697417
183000 5167.85625432
184000 5167.85625432
185000 5167.85625432
186000 5167.85625432
187000 3368.62167689
188000 3368.62167689
189000 3368.62167689
190000 3368.62167689
191000 4373.45949821
192000 4373.45949821
193000 4373.45949821
194000 2077.9104953
195000 2077.9104953
196000 2077.9104953
197000 2077.9104953
198000 2077.9104953
199000 2077.9104953
200000 2077.9104953
201000 3969.76106459
202000 3969.76106459
203000 3969.76106459
204000 3969.76106459
205000 3969.76106459
206000 3969.76106459
207000 5861.61163388
208000 5861.61163388
209000 5687.80968007
210000 2387.83328031
211000 2387.83328031
212000 2387.83328031
213000 2387.83328031
214000 2961.08034188
215000 2961.08034188
216000 6128.23880597
217000 6128.23880597
218000 4934.75207234
219000 4934.75207234
220000 6838.29276896
221000 6375.04509284
222000 6375.04509284
223000 5280.28227747
224000 5206.57454545
225000 5206.57454545
226000 4848.88068294
227000 4848.88068294
228000 4491.18682043
229000 4491.18682043
230000 4491.18682043
231000 4491.18682043
232000 6834.29084784
233000 6834.29084784
234000 6803.74144487
235000 6803.74144487
236000 6803.74144487
237000 6479.1884058
238000 6479.1884058
239000 5841.71404752
240000 5841.71404752
241000 5841.71404752
242000 4013.78670438
243000 4013.78670438
244000 4013.78670438
245000 4013.78670438
246000 6372.16703297
247000 6372.16703297
248000 7504.54794521
249000 7504.54794521
250000 6281.11672225
251000 6281.11672225
252000 6812.02475012
253000 6812.02475012
254000 6812.02475012
255000 4113.56563246
256000 4113.56563246
257000 4113.56563246
258000 4113.56563246
259000 6026.66666667
260000 6026.66666667
261000 6945.56692057
262000 6945.56692057
263000 6473.29267183
264000 6473.29267183
265000 6473.29267183
266000 7486.15576988
267000 7486.15576988
268000 7486.15576988
269000 8499.01886792
270000 8499.01886792
271000 8499.01886792
272000 7485.05451296
273000 7485.05451296
274000 7485.05451296
275000 2848.21932831
276000 2848.21932831
277000 2848.21932831
278000 2848.21932831
279000 2848.21932831
280000 2848.21932831
281000 7644.20049302
282000 7644.20049302
283000 7644.20049302
284000 3128.67042465
285000 3128.67042465
286000 3128.67042465
287000 3128.67042465
288000 3128.67042465
289000 3128.67042465
290000 3128.67042465
291000 5733.05432596
292000 5733.05432596
293000 5733.05432596
294000 5733.05432596
295000 6284.28961175
296000 6284.28961175
297000 6284.28961175
298000 5820.31994507
299000 5820.31994507
300000 5820.31994507
301000 6746.81690141
302000 6746.81690141
303000 6746.81690141
304000 6746.81690141
305000 5029.30203968
306000 5029.30203968
307000 5029.30203968
308000 5029.30203968
309000 5624.05157788
310000 5624.05157788
311000 5624.05157788
312000 5707.17866667
313000 5707.17866667
