0 3413.11232279
1000 3413.11232279
2000 3413.11232279
3000 3413.11232279
4000 3413.11232279
5000 3413.11232279
6000 3413.11232279
7000 3413.11232279
8000 3413.11232279
9000 3413.11232279
10000 2630.81388013
11000 2630.81388013
12000 1859.56521739
13000 1859.56521739
14000 1859.56521739
15000 1842.9026098
16000 1842.9026098
17000 6520.40899796
18000 6004.3184466
19000 2197.65047136
20000 2197.65047136
21000 1664.29024943
22000 1664.29024943
23000 2385.84570169
24000 2385.84570169
25000 1852.35294118
26000 1852.35294118
27000 1830.21971831
28000 1830.21971831
29000 1830.21971831
30000 11945.1263538
31000 2148.85488127
32000 2148.85488127
33000 4040.0
34000 4040.0
35000 1920.19641944
36000 1920.19641944
37000 1920.19641944
38000 4087.84236453
39000 2950.20554066
40000 2950.20554066
41000 1874.92714517
42000 1874.92714517
43000 11846.7246377
44000 1795.44104803
45000 1795.44104803
46000 4114.91588785
47000 4114.91588785
48000 2108.54901961
49000 2108.54901961
50000 2571.22468142
51000 2571.22468142
52000 11834.2422145
53000 3580.58883249
54000 3580.58883249
55000 1848.92391899
56000 1848.92391899
57000 8704.84880637
58000 4862.73517787
59000 4862.73517787
60000 2772.38961039
61000 2772.38961039
62000 1824.71829405
63000 1824.71829405
64000 1897.14528102
65000 1897.14528102
66000 5162.32112676
67000 4030.4618234
68000 4030.4618234
69000 2898.60252005
70000 2898.60252005
71000 2898.60252005
72000 2898.60252005
73000 2175.04815864
74000 2175.04815864
75000 1950.09113505
76000 1950.09113505
77000 1950.09113505
78000 2306.81081081
79000 2306.81081081
80000 2306.81081081
81000 2282.53262446
82000 2282.53262446
83000 3491.16
84000 3491.16
85000 3491.16
86000 7533.71428571
87000 2911.32650739
88000 2911.32650739
89000 2490.85418821
90000 2490.85418821
91000 2490.85418821
92000 2475.44621719
93000 2475.44621719
94000 2475.44621719
95000 2098.57696874
96000 2098.57696874
97000 2098.57696874
98000 9462.78694818
99000 2825.09331728
100000 2825.09331728
101000 2691.81818182
102000 2691.81818182
103000 2564.44745763
104000 2564.44745763
105000 2564.44745763
106000 2118.90973451
107000 2118.90973451
108000 2118.90973451
109000 2536.21292776
110000 2536.21292776
111000 8797.71009174
112000 2277.14339269
113000 2277.14339269
114000 2277.14339269
115000 2351.6967509
116000 2351.6967509
117000 2351.6967509
118000 2159.21747416
119000 2159.21747416
120000 2159.21747416
121000 1966.73819742
122000 1966.73819742
123000 1966.73819742
124000 1966.73819742
125000 1966.73819742
126000 2624.94823706
127000 2624.94823706
128000 2624.94823706
129000 2624.94823706
130000 2431.88213628
131000 2431.88213628
132000 2431.88213628
133000 3638.89965737
134000 3638.89965737
135000 3638.89965737
136000 2035.90732357
137000 2035.90732357
138000 2035.90732357
139000 2035.90732357
140000 2566.08536585
141000 2566.08536585
142000 2566.08536585
143000 3466.72
144000 3466.72
145000 3466.72
146000 3560.81305951
147000 3560.81305951
148000 2543.48879912
149000 2543.48879912
150000 2543.48879912
151000 2543.48879912
152000 7324.01974334
153000 12876.4007561
154000 2762.26771654
155000 2762.26771654
156000 2762.26771654
157000 2745.49845201
158000 2745.49845201
159000 2745.49845201
160000 1839.30352941
161000 1839.30352941
162000 1839.30352941
163000 2626.2079261
164000 2626.2079261
165000 2626.2079261
166000 3413.11232279
167000 3413.11232279
168000 3413.11232279
169000 3413.11232279
170000 3413.11232279
171000 3413.11232279
172000 2630.81388013
173000 2630.81388013
174000 1859.56521739
175000 1859.56521739
176000 1859.56521739
177000 1842.9026098
178000 1842.9026098
179000 6520.40899796
180000 6004.3184466
181000 2197.65047136
182000 2197.65047136
183000 1664.29024943
184000 1664.29024943
185000 2385.84570169
186000 2385.84570169
187000 1852.35294118
188000 1852.35294118
189000 1830.21971831
190000 1830.21971831
191000 1830.21971831
192000 11594.1917808
193000 2148.85488127
194000 2148.85488127
195000 2148.85488127
196000 4040.0
197000 1920.19641944
198000 1920.19641944
199000 1920.19641944
200000 4087.84236453
201000 2950.20554066
202000 2950.20554066
203000 1874.92714517
204000 1874.92714517
205000 11846.7246377
206000 1795.44104803
207000 1795.44104803
208000 1795.44104803
209000 4114.91588785
210000 2108.54901961
211000 2108.54901961
212000 2571.22468142
213000 2571.22468142
214000 11834.2422145
215000 3580.58883249
216000 3580.58883249
217000 1848.92391899
218000 1848.92391899
219000 8704.84880637
220000 4862.73517787
221000 4862.73517787
222000 2772.38961039
223000 2772.38961039
224000 1824.71829405
225000 1824.71829405
226000 1897.14528102
227000 1897.14528102
228000 5162.32112676
229000 5162.32112676
230000 4030.4618234
231000 4030.4618234
232000 2898.60252005
233000 2898.60252005
234000 2898.60252005
235000 2175.04815864
236000 2175.04815864
237000 1950.09113505
238000 1950.09113505
239000 1950.09113505
240000 2306.81081081
241000 2306.81081081
242000 2306.81081081
243000 2282.53262446
244000 2282.53262446
245000 2282.53262446
246000 3491.16
247000 3491.16
248000 7533.71428571
249000 2911.32650739
250000 2911.32650739
251000 2911.32650739
252000 2490.85418821
253000 2490.85418821
254000 2475.44621719
255000 2475.44621719
256000 2475.44621719
257000 2098.57696874
258000 2098.57696874
259000 2098.57696874
260000 9462.78694818
261000 2825.09331728
262000 2825.09331728
263000 2691.81818182
264000 2691.81818182
265000 2691.81818182
266000 2564.44745763
267000 2564.44745763
268000 2118.90973451
269000 2118.90973451
270000 2118.90973451
271000 2536.21292776
272000 2536.21292776
273000 8797.71009174
274000 8797.71009174
275000 2277.14339269
276000 2277.14339269
277000 2351.6967509
278000 2351.6967509
279000 2351.6967509
280000 2159.21747416
281000 2159.21747416
282000 2159.21747416
283000 1966.73819742
284000 1966.73819742
285000 1966.73819742
286000 1966.73819742
287000 1966.73819742
288000 1966.73819742
289000 2624.94823706
290000 2624.94823706
291000 2624.94823706
292000 2431.88213628
293000 2431.88213628
294000 2431.88213628
295000 3638.89965737
296000 3638.89965737
297000 3638.89965737
298000 2035.90732357
299000 2035.90732357
300000 2035.90732357
301000 2035.90732357
302000 2566.08536585
303000 2566.08536585
304000 2566.08536585
305000 3466.72
306000 3466.72
307000 3466.72
308000 3560.81305951
309000 3560.81305951
310000 3560.81305951
311000 2543.48879912
312000 2543.48879912
313000 2543.48879912
314000 7324.01974334
315000 12876.4007561
316000 2762.26771654
317000 2762.26771654
318000 2762.26771654
319000 2762.26771654
320000 2745.49845201
321000 2745.49845201
322000 2745.49845201
323000 1839.30352941
324000 1839.30352941
