0 6032.43715847
1000 6032.43715847
2000 6032.43715847
3000 6032.43715847
4000 3962.21225166
5000 3962.21225166
6000 3962.21225166
7000 1891.98734485
8000 1891.98734485
9000 1891.98734485
10000 1891.98734485
11000 8021.33333333
12000 2608.33909358
13000 2608.33909358
14000 2608.33909358
15000 2608.33909358
16000 3877.74091333
17000 3877.74091333
18000 8447.87680462
19000 8404.81582167
20000 8404.81582167
21000 8404.81582167
22000 8404.81582167
23000 8404.81582167
24000 8404.81582167
25000 8361.75483871
26000 8361.75483871
27000 6632.30577778
28000 6314.74477845
29000 5997.18377912
30000 5997.18377912
31000 5997.18377912
32000 6949.75970079
33000 6949.75970079
34000 5713.44472159
35000 5713.44472159
36000 5713.44472159
37000 4477.12974239
38000 4477.12974239
39000 4477.12974239
40000 4477.12974239
41000 4477.12974239
42000 8777.0
43000 7259.72310969
44000 7259.72310969
45000 8585.11768754
46000 8585.11768754
47000 8333.89075018
48000 8333.89075018
49000 6311.3286482
50000 6311.3286482
51000 7569.55648536
52000 7569.55648536
53000 6719.36
54000 6719.36
55000 6719.36
56000 7432.58697444
57000 7432.58697444
58000 6878.91030965
59000 6878.91030965
60000 6878.91030965
61000 6878.91030965
62000 6325.23364486
63000 6325.23364486
64000 6325.23364486
65000 6325.23364486
66000 4615.06832551
67000 4615.06832551
68000 4615.06832551
69000 4615.06832551
70000 4615.06832551
71000 7967.34807916
72000 7967.34807916
73000 7625.71428571
74000 7625.71428571
75000 7625.71428571
76000 6977.65714285
77000 6977.65714285
78000 6977.65714285
79000 6977.65714285
80000 6977.65714285
81000 6977.65714285
82000 6977.65714285
83000 6977.65714285
84000 6977.65714285
85000 6977.65714285
86000 6977.65714285
87000 6329.6
88000 6329.6
89000 5701.20930233
90000 8615.50617284
91000 7950.74530664
92000 7285.98444045
93000 7285.98444045
94000 7285.98444045
95000 6550.99654455
96000 5816.00864865
97000 5816.00864865
98000 5816.00864865
99000 6551.62264151
100000 6551.62264151
101000 6551.62264151
102000 3882.42648052
103000 3882.42648052
104000 3882.42648052
105000 3882.42648052
106000 3786.65080545
107000 3786.65080545
108000 3786.65080545
109000 3786.65080545
110000 3786.65080545
111000 7816.28154506
112000 7816.28154506
113000 4746.86893475
114000 4746.86893475
115000 4746.86893475
116000 4746.86893475
117000 6348.87726358
118000 6348.87726358
119000 6348.87726358
120000 6433.71384851
121000 6433.71384851
122000 6433.71384851
123000 7478.01163242
124000 7478.01163242
125000 7478.01163242
126000 2392.57110223
127000 2392.57110223
128000 2392.57110223
129000 2392.57110223
130000 2392.57110223
131000 2392.57110223
132000 2392.57110223
133000 4813.38521401
134000 4813.38521401
135000 4813.38521401
136000 4813.38521401
137000 5467.7463547
138000 5467.7463547
139000 5467.7463547
140000 7629.85862394
141000 7629.85862394
142000 7629.85862394
143000 5580.34615385
144000 5580.34615385
145000 5580.34615385
146000 6153.69014085
147000 6153.69014085
148000 6153.69014085
149000 4564.72324723
150000 4564.72324723
151000 4564.72324723
152000 4564.72324723
153000 6431.37522187
154000 6431.37522187
155000 6431.37522187
156000 9323.57446809
157000 9323.57446809
158000 9323.57446809
159000 6960.89986283
160000 6960.89986283
161000 7226.15778604
162000 7226.15778604
163000 7226.15778604
164000 4901.01939058
165000 4901.01939058
166000 4901.01939058
167000 5604.79015721
168000 5604.79015721
169000 5604.79015721
170000 4870.85714286
171000 4870.85714286
172000 4870.85714286
173000 5928.8115942
174000 5928.8115942
175000 6300.49156627
176000 6300.49156627
177000 6300.49156627
178000 6190.59290054
179000 6190.59290054
180000 6190.59290054
181000 8132.22734255
182000 8132.22734255
183000 7187.78881988
184000 7187.78881988
185000 7187.78881988
186000 6806.7628866
187000 6806.7628866
188000 6806.7628866
189000 7807.81033023
190000 7807.81033023
191000 7822.583651
192000 7822.583651
193000 7822.583651
194000 7495.51341962
195000 7495.51341962
196000 7495.51341962
197000 7495.51341962
198000 7495.51341962
199000 7495.51341962
200000 7168.44318824
201000 7168.44318824
202000 7168.44318824
203000 7168.44318824
204000 7168.44318824
205000 5592.10060142
206000 5592.10060142
207000 5592.10060142
208000 5592.10060142
209000 6774.56121587
210000 6774.56121587
211000 6774.56121587
212000 6774.56121587
213000 9441.1274068
214000 9441.1274068
215000 7304.68957203
216000 7304.68957203
217000 7304.68957203
218000 7304.68957203
219000 8257.84046559
220000 8257.84046559
221000 8257.84046559
222000 5913.21832608
223000 5913.21832608
224000 5913.21832608
225000 5913.21832608
226000 5913.21832608
227000 7304.65967016
228000 6199.2284264
229000 6115.83279243
230000 6115.83279243
231000 6032.43715847
232000 6032.43715847
233000 3962.21225166
234000 3962.21225166
235000 1891.98734485
236000 1891.98734485
237000 1891.98734485
238000 1891.98734485
239000 8021.33333333
240000 8021.33333333
241000 2608.33909358
242000 2608.33909358
243000 2608.33909358
244000 3877.74091333
245000 3877.74091333
246000 8447.87680462
247000 8447.87680462
248000 8404.81582167
249000 8404.81582167
250000 8404.81582167
251000 8404.81582167
252000 8404.81582167
253000 8404.81582167
254000 8361.75483871
255000 6632.30577778
256000 6314.74477845
257000 5997.18377912
258000 5997.18377912
259000 5997.18377912
260000 6949.75970079
261000 6949.75970079
262000 5713.44472159
263000 5713.44472159
264000 5713.44472159
265000 4477.12974239
266000 4477.12974239
267000 4477.12974239
268000 4477.12974239
269000 4477.12974239
270000 8777.0
271000 8777.0
272000 7259.72310969
273000 7259.72310969
274000 8585.11768754
275000 8333.89075018
276000 8333.89075018
277000 6311.3286482
278000 6311.3286482
279000 7569.55648536
280000 7569.55648536
281000 6719.36
282000 6719.36
283000 6719.36
284000 7432.58697444
285000 7432.58697444
286000 6878.91030965
287000 6878.91030965
288000 6878.91030965
289000 6878.91030965
290000 6325.23364486
291000 6325.23364486
292000 6325.23364486
293000 6325.23364486
294000 4615.06832551
295000 4615.06832551
296000 4615.06832551
297000 4615.06832551
298000 4615.06832551
299000 7967.34807916
300000 7967.34807916
301000 7625.71428571
302000 7625.71428571
303000 7625.71428571
304000 6977.65714285
305000 6977.65714285
306000 6977.65714285
307000 6977.65714285
308000 6977.65714285
309000 6977.65714285
310000 6977.65714285
311000 6977.65714285
312000 6977.65714285
313000 6977.65714285
314000 6977.65714285
315000 6329.6
316000 6329.6
317000 5701.20930233
318000 8615.50617284
319000 7950.74530664
320000 7950.74530664
321000 7285.98444045
322000 7285.98444045
323000 6550.99654455
324000 6550.99654455
325000 5816.00864865
326000 5816.00864865
327000 5816.00864865
328000 6551.62264151
329000 6551.62264151
330000 3882.42648052
331000 3882.42648052
332000 3882.42648052
333000 3882.42648052
334000 3882.42648052
335000 3786.65080545
336000 3786.65080545
337000 3786.65080545
338000 3786.65080545
339000 7816.28154506
340000 7816.28154506
341000 4746.86893475
342000 4746.86893475
343000 4746.86893475
344000 4746.86893475
345000 6348.87726358
346000 6348.87726358
347000 6348.87726358
348000 6433.71384851
349000 6433.71384851
350000 6433.71384851
351000 7478.01163242
352000 7478.01163242
353000 7478.01163242
354000 2392.57110223
355000 2392.57110223
356000 2392.57110223
357000 2392.57110223
358000 2392.57110223
359000 2392.57110223
360000 2392.57110223
361000 4813.38521401
362000 4813.38521401
363000 4813.38521401
364000 4813.38521401
365000 5467.7463547
366000 5467.7463547
367000 5467.7463547
368000 5467.7463547
369000 7629.85862394
370000 7629.85862394
371000 5580.34615385
372000 5580.34615385
373000 5580.34615385
374000 6153.69014085
375000 6153.69014085
376000 6153.69014085
377000 4564.72324723
378000 4564.72324723
379000 4564.72324723
380000 4564.72324723
381000 6431.37522187
382000 6431.37522187
383000 6431.37522187
384000 9323.57446809
385000 9323.57446809
386000 9323.57446809
387000 6960.89986283
388000 6960.89986283
389000 7226.15778604
390000 7226.15778604
391000 7226.15778604
392000 4901.01939058
393000 4901.01939058
394000 4901.01939058
395000 5604.79015721
396000 5604.79015721
397000 5604.79015721
398000 4870.85714286
399000 4870.85714286
400000 4870.85714286
401000 5928.8115942
402000 5928.8115942
403000 6300.49156627
404000 6300.49156627
405000 6300.49156627
406000 6190.59290054
407000 6190.59290054
408000 6190.59290054
409000 8132.22734255
410000 8132.22734255
411000 8132.22734255
412000 7187.78881988
413000 7187.78881988
414000 6806.7628866
415000 6806.7628866
416000 6806.7628866
417000 7807.81033023
418000 7807.81033023
419000 7807.81033023
420000 7822.583651
421000 7822.583651
422000 7495.51341962
423000 7495.51341962
424000 7495.51341962
425000 7495.51341962
426000 7495.51341962
427000 7495.51341962
428000 7495.51341962
429000 7168.44318824
430000 7168.44318824
431000 7168.44318824
432000 7168.44318824
433000 5592.10060142
434000 5592.10060142
435000 5592.10060142
436000 5592.10060142
437000 6774.56121587
438000 6774.56121587
439000 6774.56121587
440000 6774.56121587
441000 9441.1274068
442000 9441.1274068
443000 9441.1274068
444000 7304.68957203
445000 7304.68957203
446000 7304.68957203
447000 8257.84046559
448000 8257.84046559
449000 8257.84046559
450000 5913.21832608
451000 5913.21832608
452000 5913.21832608
453000 5913.21832608
454000 5913.21832608
455000 7304.65967016
456000 6199.2284264
