0 2790.15306768
1000 2790.15306768
2000 2790.15306768
3000 2790.15306768
4000 2790.15306768
5000 2790.15306768
6000 4141.44927536
7000 4856.50376944
8000 4856.50376944
9000 5571.55826352
10000 4644.2324159
11000 6251.94995188
12000 6251.94995188
13000 6893.09640832
14000 6727.58531078
15000 6727.58531078
16000 6562.07421325
17000 6562.07421325
18000 5436.09950249
19000 5436.09950249
20000 5436.09950249
21000 5973.81945662
22000 5973.81945662
23000 6787.062597
24000 6787.062597
25000 6727.03318723
26000 6727.03318723
27000 6492.56210335
28000 6492.56210335
29000 6783.14602216
30000 6783.14602216
31000 6649.51511936
32000 6649.51511936
33000 6661.60729325
34000 6661.60729325
35000 6673.69946714
36000 6673.69946714
37000 6673.69946714
38000 6301.94567901
39000 6301.94567901
40000 6301.94567901
41000 6595.74751886
42000 6595.74751886
43000 6595.74751886
44000 4905.73078022
45000 4905.73078022
46000 4905.73078022
47000 4905.73078022
48000 6596.61962693
49000 6596.61962693
50000 5224.46780862
51000 5224.46780862
52000 5224.46780862
53000 5224.46780862
54000 2866.0816521
55000 2866.0816521
56000 2866.0816521
57000 2866.0816521
58000 2866.0816521
59000 2866.0816521
60000 5987.31190392
61000 5987.31190392
62000 5987.31190392
63000 4874.93967093
64000 4874.93967093
65000 4874.93967093
66000 4874.93967093
67000 5441.62942008
68000 5441.62942008
69000 5441.62942008
70000 5502.39575347
71000 5502.39575347
72000 5502.39575347
73000 5502.39575347
74000 5176.57764148
75000 5176.57764148
76000 5176.57764148
77000 5176.57764148
78000 6792.77854406
79000 6792.77854406
80000 6490.88685015
81000 6490.88685015
82000 6490.88685015
83000 3801.48042705
84000 3801.48042705
85000 3801.48042705
86000 3801.48042705
87000 3801.48042705
88000 3378.91786234
89000 3378.91786234
90000 3378.91786234
91000 3378.91786234
92000 3378.91786234
93000 4166.00777498
94000 4166.00777498
95000 4166.00777498
96000 4166.00777498
97000 4501.05739693
98000 4501.05739693
99000 4501.05739693
100000 4501.05739693
101000 3743.60967806
102000 3743.60967806
103000 3743.60967806
104000 3743.60967806
105000 3743.60967806
106000 6262.32686981
107000 6262.32686981
108000 6262.32686981
109000 6404.43464567
110000 6404.43464567
111000 6404.43464567
112000 6618.73821809
113000 6618.73821809
114000 6618.73821809
115000 6733.39877301
116000 6733.39877301
117000 6740.38015903
118000 6740.38015903
119000 6740.38015903
120000 6507.81810992
121000 6507.81810992
122000 6507.81810992
123000 6537.30677291
124000 6537.30677291
125000 6537.30677291
126000 6623.54466403
127000 6623.54466403
128000 6184.13948718
129000 6184.13948718
130000 6184.13948718
131000 6374.49632482
132000 6374.49632482
133000 6374.49632482
134000 6622.21043911
135000 6622.21043911
136000 6622.21043911
137000 6421.09304603
138000 6421.09304603
139000 6421.09304603
140000 6678.03948897
141000 6678.03948897
142000 6678.03948897
143000 6122.05775688
144000 6122.05775688
145000 6122.05775688
146000 3317.888376
147000 3317.888376
148000 3317.888376
149000 3317.888376
150000 3317.888376
151000 5393.48782634
152000 5393.48782634
153000 5393.48782634
154000 5312.74512272
155000 5312.74512272
156000 5312.74512272
157000 5312.74512272
158000 4015.42126158
159000 4015.42126158
160000 4015.42126158
161000 4015.42126158
162000 4659.0
163000 4659.0
164000 4659.0
165000 2825.72159193
166000 2825.72159193
167000 2825.72159193
168000 2825.72159193
169000 2825.72159193
170000 2825.72159193
171000 3768.58625701
172000 3768.58625701
173000 3768.58625701
174000 3768.58625701
175000 3768.58625701
176000 1714.08482528
177000 1714.08482528
178000 1714.08482528
179000 1714.08482528
180000 1714.08482528
181000 1714.08482528
182000 1714.08482528
183000 1714.08482528
184000 1714.08482528
185000 1714.08482528
186000 1714.08482528
187000 4059.75313225
188000 4059.75313225
189000 4059.75313225
190000 4059.75313225
191000 4059.75313225
192000 2863.44681555
193000 2863.44681555
194000 2863.44681555
195000 2863.44681555
196000 2863.44681555
197000 2863.44681555
198000 3863.07738222
199000 3863.07738222
200000 3863.07738222
201000 3863.07738222
202000 3863.07738222
203000 3088.44896528
204000 3088.44896528
205000 3088.44896528
206000 3088.44896528
207000 3088.44896528
208000 3088.44896528
209000 2276.5695897
210000 2276.5695897
211000 2276.5695897
212000 2276.5695897
213000 2276.5695897
214000 2276.5695897
215000 2276.5695897
216000 2465.42536116
217000 2465.42536116
218000 2465.42536116
219000 2465.42536116
220000 2465.42536116
221000 2465.42536116
222000 2244.83653384
223000 2244.83653384
224000 2244.83653384
225000 2244.83653384
226000 2790.15306768
227000 4141.44927536
228000 4141.44927536
229000 4856.50376944
230000 5571.55826352
231000 4644.2324159
232000 4644.2324159
233000 6251.94995188
234000 6893.09640832
235000 6727.58531078
236000 6727.58531078
237000 6562.07421325
238000 6562.07421325
239000 6562.07421325
240000 5436.09950249
241000 5436.09950249
242000 5973.81945662
243000 5973.81945662
244000 6787.062597
245000 6787.062597
246000 6787.062597
247000 6727.03318723
248000 6492.56210335
249000 6492.56210335
250000 6492.56210335
251000 6783.14602216
252000 6783.14602216
253000 6649.51511936
254000 6649.51511936
255000 6661.60729325
256000 6661.60729325
257000 6673.69946714
258000 6673.69946714
259000 6673.69946714
260000 6301.94567901
261000 6301.94567901
262000 6301.94567901
263000 6595.74751886
264000 6595.74751886
265000 4905.73078022
266000 4905.73078022
267000 4905.73078022
268000 4905.73078022
269000 6596.61962693
270000 6596.61962693
271000 6596.61962693
272000 5224.46780862
273000 5224.46780862
274000 5224.46780862
275000 2866.0816521
276000 2866.0816521
277000 2866.0816521
278000 2866.0816521
279000 2866.0816521
280000 2866.0816521
281000 2866.0816521
282000 5987.31190392
283000 5987.31190392
284000 5987.31190392
285000 4874.93967093
286000 4874.93967093
287000 4874.93967093
288000 4874.93967093
289000 5441.62942008
290000 5441.62942008
291000 5441.62942008
292000 5502.39575347
293000 5502.39575347
294000 5502.39575347
295000 5176.57764148
296000 5176.57764148
297000 5176.57764148
298000 5176.57764148
299000 6792.77854406
300000 6792.77854406
301000 6792.77854406
302000 6490.88685015
303000 6490.88685015
304000 3801.48042705
305000 3801.48042705
306000 3801.48042705
307000 3801.48042705
308000 3801.48042705
309000 3378.91786234
310000 3378.91786234
311000 3378.91786234
312000 3378.91786234
313000 3378.91786234
314000 4166.00777498
315000 4166.00777498
316000 4166.00777498
317000 4166.00777498
318000 4501.05739693
319000 4501.05739693
320000 4501.05739693
321000 4501.05739693
322000 3743.60967806
323000 3743.60967806
324000 3743.60967806
325000 3743.60967806
326000 3743.60967806
327000 6262.32686981
328000 6262.32686981
329000 6262.32686981
330000 6404.43464567
331000 6404.43464567
332000 6404.43464567
333000 6618.73821809
334000 6618.73821809
335000 6618.73821809
336000 6733.39877301
337000 6733.39877301
338000 6733.39877301
339000 6740.38015903
340000 6740.38015903
341000 6507.81810992
342000 6507.81810992
343000 6507.81810992
344000 6537.30677291
345000 6537.30677291
346000 6537.30677291
347000 6623.54466403
348000 6623.54466403
349000 6623.54466403
350000 6184.13948718
351000 6184.13948718
352000 6184.13948718
353000 6374.49632482
354000 6374.49632482
355000 6374.49632482
356000 6622.21043911
357000 6622.21043911
358000 6421.09304603
359000 6421.09304603
360000 6421.09304603
361000 6678.03948897
362000 6678.03948897
363000 6678.03948897
364000 6122.05775688
365000 6122.05775688
366000 6122.05775688
367000 3317.888376
368000 3317.888376
369000 3317.888376
370000 3317.888376
371000 3317.888376
372000 5393.48782634
373000 5393.48782634
374000 5393.48782634
375000 5393.48782634
376000 5312.74512272
377000 5312.74512272
378000 5312.74512272
379000 4015.42126158
380000 4015.42126158
381000 4015.42126158
382000 4015.42126158
383000 4015.42126158
384000 4659.0
385000 4659.0
386000 4659.0
387000 2825.72159193
388000 2825.72159193
389000 2825.72159193
390000 2825.72159193
391000 2825.72159193
392000 3768.58625701
393000 3768.58625701
394000 3768.58625701
395000 3768.58625701
396000 3768.58625701
397000 1714.08482528
398000 1714.08482528
399000 1714.08482528
400000 1714.08482528
401000 1714.08482528
402000 1714.08482528
403000 1714.08482528
404000 1714.08482528
405000 1714.08482528
406000 1714.08482528
407000 1714.08482528
408000 4059.75313225
409000 4059.75313225
410000 4059.75313225
411000 4059.75313225
412000 4059.75313225
413000 2863.44681555
414000 2863.44681555
415000 2863.44681555
416000 2863.44681555
417000 2863.44681555
418000 2863.44681555
419000 3863.07738222
420000 3863.07738222
421000 3863.07738222
422000 3863.07738222
423000 3863.07738222
424000 3088.44896528
425000 3088.44896528
426000 3088.44896528
427000 3088.44896528
428000 3088.44896528
429000 3088.44896528
430000 2276.5695897
431000 2276.5695897
432000 2276.5695897
433000 2276.5695897
434000 2276.5695897
435000 2276.5695897
436000 2276.5695897
437000 2276.5695897
438000 2465.42536116
439000 2465.42536116
440000 2465.42536116
441000 2465.42536116
442000 2465.42536116
