0 158504.888889
1000 158504.888889
2000 158504.888889
3000 158504.888889
4000 158504.888889
5000 79828.4285082
6000 79828.4285082
7000 79828.4285082
8000 79828.4285082
9000 79828.4285082
10000 79828.4285082
11000 79828.4285082
12000 1151.96812749
13000 1151.96812749
14000 635.694025684
15000 635.694025684
16000 635.694025684
17000 1577.02887139
18000 1027.8384357
19000 1027.8384357
20000 478.648
21000 478.648
22000 478.648
23000 478.648
24000 478.648
25000 478.648
26000 555.685503686
27000 555.685503686
28000 555.685503686
29000 555.685503686
30000 951.174585363
31000 951.174585363
32000 951.174585363
33000 951.174585363
34000 951.174585363
35000 1346.66366704
36000 1346.66366704
37000 1346.66366704
38000 2860.70103093
39000 2668.50485437
40000 2734.74938212
41000 2800.99390987
42000 2818.42016807
43000 2818.42016807
44000 2670.01008403
45000 2521.6
46000 2521.6
47000 2521.6
48000 2547.21568627
49000 2547.21568627
50000 2633.04541242
51000 2633.04541242
52000 2004.02957388
53000 2004.02957388
54000 1375.01373534
55000 1375.01373534
56000 1375.01373534
57000 1992.98522167
58000 1992.98522167
59000 1646.41116287
60000 1646.41116287
61000 1646.41116287
62000 1646.41116287
63000 1646.41116287
64000 1646.41116287
65000 1646.41116287
66000 1299.83710407
67000 1299.83710407
68000 1299.83710407
69000 957.88254756
70000 957.88254756
71000 957.88254756
72000 1922.47460197
73000 1922.47460197
74000 1570.29010358
75000 1218.1056052
76000 1218.1056052
77000 1218.1056052
78000 1218.1056052
79000 2059.8493248
80000 2059.8493248
81000 1196.95085897
82000 1196.95085897
83000 1196.95085897
84000 1196.95085897
85000 1849.43263218
86000 1849.43263218
87000 1544.48175182
88000 1544.48175182
89000 1544.48175182
90000 2453.12621359
91000 2453.12621359
92000 2568.71533777
93000 2684.30446194
94000 2684.30446194
95000 2684.30446194
96000 2564.12395475
97000 2564.12395475
98000 2841.76842105
99000 2841.76842105
100000 1806.74972992
101000 1806.74972992
102000 1806.74972992
103000 1722.91105121
104000 1722.91105121
105000 1722.91105121
106000 2993.31489015
107000 2575.37467431
108000 2575.37467431
109000 2545.63341067
110000 2545.63341067
111000 2698.9009009
112000 2698.9009009
113000 2381.21339713
114000 2381.21339713
115000 2381.21339713
116000 1506.97037525
117000 1506.97037525
118000 1506.97037525
119000 1822.00677966
120000 1822.00677966
121000 1822.00677966
122000 1892.84992571
123000 1892.84992571
124000 1892.84992571
125000 2859.43414634
126000 2859.43414634
127000 1532.98921921
128000 1532.98921921
129000 1532.98921921
130000 1532.98921921
131000 2880.92937294
132000 2880.92937294
133000 2112.93717511
134000 2112.93717511
135000 2112.93717511
136000 2112.93717511
137000 1344.94497728
138000 1344.94497728
139000 1344.94497728
140000 1344.94497728
141000 1344.94497728
142000 2287.12626087
143000 2287.12626087
144000 2287.12626087
145000 2287.12626087
146000 1307.60446571
147000 1307.60446571
148000 1307.60446571
149000 1307.60446571
150000 1307.60446571
151000 1307.60446571
152000 1361.59040274
153000 1361.59040274
154000 1361.59040274
155000 1361.59040274
156000 1361.59040274
157000 1584.68845316
158000 1584.68845316
159000 1584.68845316
160000 1584.68845316
161000 1291.77186709
162000 1291.77186709
163000 1291.77186709
164000 1291.77186709
165000 1291.77186709
166000 1291.77186709
167000 1291.77186709
168000 1291.77186709
169000 1291.77186709
170000 1291.77186709
171000 1291.77186709
172000 1291.77186709
173000 1291.77186709
174000 1291.77186709
175000 1291.77186709
176000 1291.77186709
177000 1291.77186709
178000 998.855281021
179000 998.855281021
180000 998.855281021
181000 998.855281021
182000 998.855281021
183000 998.855281021
184000 998.855281021
185000 998.855281021
186000 998.855281021
187000 839.97196575
188000 839.97196575
189000 681.08865048
190000 681.08865048
191000 681.08865048
192000 1995.15397631
193000 1469.55725191
194000 1469.55725191
195000 1500.94406412
196000 1532.33087633
197000 1532.33087633
198000 2198.6184739
199000 2198.6184739
200000 1717.64213569
201000 1717.64213569
202000 1236.66579748
203000 1236.66579748
204000 1236.66579748
205000 1452.76007678
206000 1452.76007678
207000 1452.76007678
208000 1684.36900369
209000 1684.36900369
210000 1756.6849168
211000 1756.6849168
212000 1756.6849168
213000 2239.377542
214000 1698.18979987
215000 1698.18979987
216000 1804.8
217000 1804.8
218000 1804.8
219000 1823.07889126
220000 1762.90144547
221000 1762.90144547
222000 1676.96
223000 158504.888889
224000 158504.888889
225000 158504.888889
226000 158504.888889
227000 79828.4285082
228000 79828.4285082
229000 79828.4285082
230000 79828.4285082
231000 79828.4285082
232000 79828.4285082
233000 79828.4285082
234000 1151.96812749
235000 1151.96812749
236000 635.694025684
237000 635.694025684
238000 635.694025684
239000 1577.02887139
240000 1577.02887139
241000 1027.8384357
242000 1027.8384357
243000 478.648
244000 478.648
245000 478.648
246000 478.648
247000 478.648
248000 555.685503686
249000 555.685503686
250000 555.685503686
251000 555.685503686
252000 951.174585363
253000 951.174585363
254000 951.174585363
255000 951.174585363
256000 951.174585363
257000 1346.66366704
258000 1346.66366704
259000 1346.66366704
260000 2860.70103093
261000 2668.50485437
262000 2734.74938212
263000 2800.99390987
264000 2800.99390987
265000 2818.42016807
266000 2670.01008403
267000 2670.01008403
268000 2521.6
269000 2521.6
270000 2547.21568627
271000 2547.21568627
272000 2633.04541242
273000 2633.04541242
274000 2004.02957388
275000 2004.02957388
276000 1375.01373534
277000 1375.01373534
278000 1375.01373534
279000 1992.98522167
280000 1992.98522167
281000 1992.98522167
282000 1646.41116287
283000 1646.41116287
284000 1646.41116287
285000 1646.41116287
286000 1646.41116287
287000 1646.41116287
288000 1299.83710407
289000 1299.83710407
290000 1299.83710407
291000 957.88254756
292000 957.88254756
293000 957.88254756
294000 1922.47460197
295000 1922.47460197
296000 1570.29010358
297000 1570.29010358
298000 1218.1056052
299000 1218.1056052
300000 1218.1056052
301000 2059.8493248
302000 2059.8493248
303000 1196.95085897
304000 1196.95085897
305000 1196.95085897
306000 1196.95085897
307000 1849.43263218
308000 1849.43263218
309000 1544.48175182
310000 1544.48175182
311000 1544.48175182
312000 2453.12621359
313000 2453.12621359
314000 2568.71533777
315000 2684.30446194
316000 2684.30446194
317000 2684.30446194
318000 2564.12395475
319000 2564.12395475
320000 2841.76842105
321000 2841.76842105
322000 1806.74972992
323000 1806.74972992
324000 1806.74972992
325000 1722.91105121
326000 1722.91105121
327000 1722.91105121
328000 2993.31489015
329000 2575.37467431
330000 2575.37467431
331000 2575.37467431
332000 2545.63341067
333000 2545.63341067
334000 2698.9009009
335000 2698.9009009
336000 2381.21339713
337000 2381.21339713
338000 1506.97037525
339000 1506.97037525
340000 1506.97037525
341000 1506.97037525
342000 1822.00677966
343000 1822.00677966
344000 1822.00677966
345000 1892.84992571
346000 1892.84992571
347000 2859.43414634
348000 2859.43414634
349000 2859.43414634
350000 1532.98921921
351000 1532.98921921
352000 1532.98921921
353000 2880.92937294
354000 2880.92937294
355000 2112.93717511
356000 2112.93717511
357000 2112.93717511
358000 2112.93717511
359000 1344.94497728
360000 1344.94497728
361000 1344.94497728
362000 1344.94497728
363000 1344.94497728
364000 2287.12626087
365000 2287.12626087
366000 2287.12626087
367000 2287.12626087
368000 1307.60446571
369000 1307.60446571
370000 1307.60446571
371000 1307.60446571
372000 1307.60446571
373000 1307.60446571
374000 1361.59040274
375000 1361.59040274
376000 1361.59040274
377000 1361.59040274
378000 1361.59040274
379000 1584.68845316
380000 1584.68845316
381000 1584.68845316
382000 1584.68845316
383000 1584.68845316
384000 1291.77186709
385000 1291.77186709
386000 1291.77186709
387000 1291.77186709
388000 1291.77186709
389000 1291.77186709
390000 1291.77186709
391000 1291.77186709
392000 1291.77186709
393000 1291.77186709
394000 1291.77186709
395000 1291.77186709
396000 1291.77186709
397000 1291.77186709
398000 1291.77186709
399000 1291.77186709
400000 998.855281021
401000 998.855281021
402000 998.855281021
403000 998.855281021
404000 998.855281021
405000 998.855281021
406000 998.855281021
407000 998.855281021
408000 998.855281021
409000 839.97196575
410000 839.97196575
411000 681.08865048
412000 681.08865048
413000 681.08865048
414000 1995.15397631
415000 1995.15397631
416000 1469.55725191
417000 1500.94406412
418000 1532.33087633
419000 1532.33087633
420000 1532.33087633
421000 2198.6184739
422000 1717.64213569
423000 1717.64213569
424000 1236.66579748
425000 1236.66579748
426000 1236.66579748
427000 1452.76007678
428000 1452.76007678
429000 1452.76007678
430000 1684.36900369
431000 1684.36900369
432000 1756.6849168
433000 1756.6849168
434000 1756.6849168
435000 2239.377542
436000 1698.18979987
437000 1698.18979987
438000 1698.18979987
439000 1804.8
440000 1804.8
441000 1823.07889126
442000 1762.90144547
443000 1762.90144547
444000 1676.96
