0 1944.29312977
1000 1944.29312977
2000 1944.29312977
3000 1944.29312977
4000 1944.29312977
5000 1944.29312977
6000 1944.29312977
7000 1944.29312977
8000 1944.29312977
9000 1944.29312977
10000 1944.29312977
11000 1248.53192134
12000 1248.53192134
13000 1248.53192134
14000 1248.53192134
15000 1248.53192134
16000 1248.53192134
17000 1248.53192134
18000 1248.53192134
19000 1248.53192134
20000 1248.53192134
21000 1248.53192134
22000 1248.53192134
23000 1248.53192134
24000 1248.53192134
25000 1248.53192134
26000 1248.53192134
27000 1248.53192134
28000 552.770712909
29000 552.770712909
30000 552.770712909
31000 2548.98701299
32000 4053.05882353
33000 1951.77583187
34000 1705.38927586
35000 1705.38927586
36000 1459.00271985
37000 3468.11472275
38000 3468.11472275
39000 2272.1026499
40000 2272.1026499
41000 1076.09057706
42000 1076.09057706
43000 1076.09057706
44000 1076.09057706
45000 1076.09057706
46000 733.833707865
47000 733.833707865
48000 733.833707865
49000 733.833707865
50000 652.725399837
51000 652.725399837
52000 652.725399837
53000 652.725399837
54000 1932.19263456
55000 1932.19263456
56000 1779.97637307
57000 1779.97637307
58000 1779.97637307
59000 1779.97637307
60000 1779.97637307
61000 1779.97637307
62000 1779.97637307
63000 1779.97637307
64000 1779.97637307
65000 1779.97637307
66000 1779.97637307
67000 1779.97637307
68000 1627.76011158
69000 1627.76011158
70000 6000.33333333
71000 4243.65423639
72000 4523.15727003
73000 6053.88413098
74000 1230.24071322
75000 1230.24071322
76000 1230.24071322
77000 1230.24071322
78000 1230.24071322
79000 1230.24071322
80000 2013.89268293
81000 2013.89268293
82000 4661.5074184
83000 2088.67353952
84000 2088.67353952
85000 2088.67353952
86000 3463.08487085
87000 3463.08487085
88000 1289.14285714
89000 1289.14285714
90000 1289.14285714
91000 1289.14285714
92000 5573.7545565
93000 2390.97435897
94000 2390.97435897
95000 5146.79408419
96000 5140.39448568
97000 3355.65912359
98000 3355.65912359
99000 3355.65912359
100000 3355.65912359
101000 3355.65912359
102000 3355.65912359
103000 1570.9237615
104000 1570.9237615
105000 1570.9237615
106000 1570.9237615
107000 1570.9237615
108000 1462.1645977
109000 1462.1645977
110000 1462.1645977
111000 1462.1645977
112000 1462.1645977
113000 1366.94648286
114000 1366.94648286
115000 1366.94648286
116000 1366.94648286
117000 1366.94648286
118000 1366.94648286
119000 1366.94648286
120000 1366.94648286
121000 1366.94648286
122000 1366.94648286
123000 1366.94648286
124000 1366.94648286
125000 1366.94648286
126000 1366.94648286
127000 1366.94648286
128000 1366.94648286
129000 1366.94648286
130000 1366.94648286
131000 1271.72836802
132000 1271.72836802
133000 1226.18015964
134000 526.062780269
135000 526.062780269
136000 419.745895789
137000 419.745895789
138000 419.745895789
139000 419.745895789
140000 8775.21804511
141000 2415.51515152
142000 1264.18223235
143000 2620.86560364
144000 6154.83076923
145000 3423.0504451
146000 1811.13112102
147000 199.211796946
148000 199.211796946
149000 199.211796946
150000 199.211796946
151000 199.211796946
152000 199.211796946
153000 199.211796946
154000 199.211796946
155000 199.211796946
156000 182.940972222
157000 182.940972222
158000 182.940972222
159000 182.940972222
160000 182.940972222
161000 182.940972222
162000 182.940972222
163000 182.940972222
164000 182.940972222
165000 182.940972222
166000 344.001427297
167000 344.001427297
168000 344.001427297
169000 344.001427297
170000 344.001427297
171000 344.001427297
172000 344.001427297
173000 529.619506663
174000 529.619506663
175000 529.619506663
176000 529.619506663
177000 529.619506663
178000 529.619506663
179000 529.619506663
180000 2947.84
181000 2947.84
182000 1527.75394846
183000 1527.75394846
184000 8996.65454545
185000 12332.8
186000 19582.6938776
187000 2085.9335477
188000 2085.9335477
189000 4608.07862408
190000 4524.12903226
191000 4055.69660679
192000 4168.55910479
193000 4168.55910479
194000 4281.42160279
195000 6798.34977578
196000 4371.32145277
197000 4371.32145277
198000 4371.32145277
199000 4371.32145277
200000 4371.32145277
201000 4371.32145277
202000 4371.32145277
203000 4371.32145277
204000 1944.29312977
205000 1944.29312977
206000 1944.29312977
207000 1248.53192134
208000 1248.53192134
209000 1248.53192134
210000 1248.53192134
211000 1248.53192134
212000 1248.53192134
213000 1248.53192134
214000 1248.53192134
215000 1248.53192134
216000 1248.53192134
217000 1248.53192134
218000 1248.53192134
219000 1248.53192134
220000 1248.53192134
221000 1248.53192134
222000 1248.53192134
223000 552.770712909
224000 552.770712909
225000 552.770712909
226000 552.770712909
227000 2548.98701299
228000 4053.05882353
229000 1951.77583187
230000 1705.38927586
231000 1459.00271985
232000 1459.00271985
233000 3468.11472275
234000 2272.1026499
235000 2272.1026499
236000 2272.1026499
237000 1076.09057706
238000 1076.09057706
239000 1076.09057706
240000 1076.09057706
241000 1076.09057706
242000 733.833707865
243000 733.833707865
244000 733.833707865
245000 733.833707865
246000 652.725399837
247000 652.725399837
248000 652.725399837
249000 652.725399837
250000 1932.19263456
251000 1932.19263456
252000 1779.97637307
253000 1779.97637307
254000 1779.97637307
255000 1779.97637307
256000 1779.97637307
257000 1779.97637307
258000 1779.97637307
259000 1779.97637307
260000 1779.97637307
261000 1779.97637307
262000 1779.97637307
263000 1627.76011158
264000 1627.76011158
265000 5862.67961165
266000 3964.15120275
267000 4523.15727003
268000 4523.15727003
269000 6053.88413098
270000 1230.24071322
271000 1230.24071322
272000 1230.24071322
273000 1230.24071322
274000 1230.24071322
275000 2013.89268293
276000 2013.89268293
277000 2013.89268293
278000 4661.5074184
279000 2088.67353952
280000 2088.67353952
281000 2088.67353952
282000 3463.08487085
283000 1289.14285714
284000 1289.14285714
285000 1289.14285714
286000 1289.14285714
287000 5573.7545565
288000 2390.97435897
289000 2390.97435897
290000 5146.79408419
291000 5146.79408419
292000 5140.39448568
293000 3355.65912359
294000 3355.65912359
295000 3355.65912359
296000 3355.65912359
297000 3355.65912359
298000 3355.65912359
299000 1570.9237615
300000 1570.9237615
301000 1570.9237615
302000 1570.9237615
303000 1570.9237615
304000 1462.1645977
305000 1462.1645977
306000 1462.1645977
307000 1462.1645977
308000 1462.1645977
309000 1366.94648286
310000 1366.94648286
311000 1366.94648286
312000 1366.94648286
313000 1366.94648286
314000 1366.94648286
315000 1366.94648286
316000 1366.94648286
317000 1366.94648286
318000 1366.94648286
319000 1366.94648286
320000 1366.94648286
321000 1366.94648286
322000 1366.94648286
323000 1366.94648286
324000 1366.94648286
325000 1366.94648286
326000 1366.94648286
327000 1271.72836802
328000 1226.18015964
329000 526.062780269
330000 526.062780269
331000 526.062780269
332000 419.745895789
333000 419.745895789
334000 419.745895789
335000 7812.44444444
336000 8775.21804511
337000 2415.51515152
338000 1264.18223235
339000 2620.86560364
340000 3423.0504451
341000 1811.13112102
342000 199.211796946
343000 199.211796946
344000 199.211796946
345000 199.211796946
346000 199.211796946
347000 199.211796946
348000 199.211796946
349000 199.211796946
350000 199.211796946
351000 182.940972222
352000 182.940972222
353000 182.940972222
354000 182.940972222
355000 182.940972222
356000 182.940972222
357000 182.940972222
358000 182.940972222
359000 182.940972222
360000 182.940972222
361000 182.940972222
362000 344.001427297
363000 344.001427297
364000 344.001427297
365000 344.001427297
366000 344.001427297
367000 344.001427297
368000 529.619506663
369000 529.619506663
370000 529.619506663
371000 529.619506663
372000 529.619506663
373000 529.619506663
374000 529.619506663
375000 529.619506663
376000 2947.84
377000 4125.35849057
378000 1527.75394846
379000 15637.0076336
380000 8996.65454545
381000 12332.8
382000 5535.90960452
383000 2085.9335477
384000 4608.07862408
385000 4524.12903226
386000 4055.69660679
387000 4168.55910479
388000 4168.55910479
389000 4168.55910479
390000 4281.42160279
391000 6798.34977578
