0 5830.09785408
1000 5830.09785408
2000 5830.09785408
3000 5830.09785408
4000 5830.09785408
5000 5830.09785408
6000 6802.63544106
7000 6802.63544106
8000 6117.28575062
9000 6117.28575062
10000 6117.28575062
11000 5431.93606018
12000 5431.93606018
13000 5431.93606018
14000 5431.93606018
15000 7811.38968167
16000 7811.38968167
17000 4163.21646655
18000 4163.21646655
19000 4163.21646655
20000 4163.21646655
21000 2905.35597565
22000 2905.35597565
23000 2905.35597565
24000 7172.53165781
25000 7172.53165781
26000 7172.53165781
27000 12964.4382802
28000 12964.4382802
29000 3818.21577783
30000 3818.21577783
31000 3818.21577783
32000 3818.21577783
33000 4919.83649635
34000 4919.83649635
35000 4919.83649635
36000 2757.52053771
37000 2757.52053771
38000 2757.52053771
39000 2757.52053771
40000 2757.52053771
41000 2757.52053771
42000 2757.52053771
43000 6938.680067
44000 6938.680067
45000 6938.680067
46000 7885.63616318
47000 7885.63616318
48000 8879.74076474
49000 8879.74076474
50000 2556.44162033
51000 2556.44162033
52000 2556.44162033
53000 2556.44162033
54000 2556.44162033
55000 2556.44162033
56000 2556.44162033
57000 2556.44162033
58000 5680.95332068
59000 5680.95332068
60000 5680.95332068
61000 7064.12919255
62000 7064.12919255
63000 7064.12919255
64000 8895.45919845
65000 8895.45919845
66000 8505.44782034
67000 8505.44782034
68000 8505.44782034
69000 5868.05662432
70000 5868.05662432
71000 5868.05662432
72000 3934.28652253
73000 3934.28652253
74000 3934.28652253
75000 3934.28652253
76000 3934.28652253
77000 8508.67703568
78000 8508.67703568
79000 8508.67703568
80000 8379.83530525
81000 8379.83530525
82000 8611.41056534
83000 8611.41056534
84000 8611.41056534
85000 9193.73040752
86000 9193.73040752
87000 4915.75570898
88000 4915.75570898
89000 4915.75570898
90000 4915.75570898
91000 4265.04441454
92000 4265.04441454
93000 4265.04441454
94000 7440.42965932
95000 7440.42965932
96000 7440.42965932
97000 6627.34514039
98000 6627.34514039
99000 6627.34514039
100000 7006.27552674
101000 7006.27552674
102000 7006.27552674
103000 7621.65801253
104000 7621.65801253
105000 7108.80798767
106000 7108.80798767
107000 7108.80798767
108000 7108.80798767
109000 7108.80798767
110000 7108.80798767
111000 6595.95796281
112000 6595.95796281
113000 6595.95796281
114000 9153.6166419
115000 9153.6166419
116000 9153.6166419
117000 9362.89725331
118000 9362.89725331
119000 9362.89725331
120000 10229.421976
121000 10229.421976
122000 5071.2256828
123000 5071.2256828
124000 5071.2256828
125000 5071.2256828
126000 5071.2256828
127000 3763.79881397
128000 3763.79881397
129000 3763.79881397
130000 3763.79881397
131000 3763.79881397
132000 8390.11798152
133000 8390.11798152
134000 8390.11798152
135000 9637.45823575
136000 9637.45823575
137000 9637.45823575
138000 4085.6434672
139000 4085.6434672
140000 4085.6434672
141000 4085.6434672
142000 4085.6434672
143000 4085.6434672
144000 1934.01200924
145000 1934.01200924
146000 1934.01200924
147000 1934.01200924
148000 1934.01200924
149000 1934.01200924
150000 1934.01200924
151000 1934.01200924
152000 1934.01200924
153000 1934.01200924
154000 1934.01200924
155000 1934.01200924
156000 1934.01200924
157000 8579.3810032
158000 8579.3810032
159000 8579.3810032
160000 8579.3810032
161000 4198.39443962
162000 4198.39443962
163000 4198.39443962
164000 4198.39443962
165000 4198.39443962
166000 5830.08557845
167000 5830.08557845
168000 5830.08557845
169000 5830.08557845
170000 5830.08557845
171000 7176.48685199
172000 7176.48685199
173000 7176.48685199
174000 2016.54138973
175000 2016.54138973
176000 3134.65263158
177000 3935.62035561
178000 3935.62035561
179000 3935.62035561
180000 3935.62035561
181000 5830.09785408
182000 5830.09785408
183000 6802.63544106
184000 6802.63544106
185000 6117.28575062
186000 6117.28575062
187000 6117.28575062
188000 5431.93606018
189000 5431.93606018
190000 5431.93606018
191000 5431.93606018
192000 7811.38968167
193000 7811.38968167
194000 4163.21646655
195000 4163.21646655
196000 4163.21646655
197000 2905.35597565
198000 2905.35597565
199000 2905.35597565
200000 2905.35597565
201000 7172.53165781
202000 7172.53165781
203000 7172.53165781
204000 12964.4382802
205000 12964.4382802
206000 3818.21577783
207000 3818.21577783
208000 3818.21577783
209000 3818.21577783
210000 4919.83649635
211000 4919.83649635
212000 4919.83649635
213000 2757.52053771
214000 2757.52053771
215000 2757.52053771
216000 2757.52053771
217000 2757.52053771
218000 2757.52053771
219000 2757.52053771
220000 6938.680067
221000 6938.680067
222000 7885.63616318
223000 7885.63616318
224000 7885.63616318
225000 8879.74076474
226000 8879.74076474
227000 2556.44162033
228000 2556.44162033
229000 2556.44162033
230000 2556.44162033
231000 2556.44162033
232000 2556.44162033
233000 2556.44162033
234000 2556.44162033
235000 5680.95332068
236000 5680.95332068
237000 5680.95332068
238000 7064.12919255
239000 7064.12919255
240000 7064.12919255
241000 8895.45919845
242000 8895.45919845
243000 8505.44782034
244000 8505.44782034
245000 8505.44782034
246000 5868.05662432
247000 5868.05662432
248000 5868.05662432
249000 3934.28652253
250000 3934.28652253
251000 3934.28652253
252000 3934.28652253
253000 3934.28652253
254000 8508.67703568
255000 8508.67703568
256000 8379.83530525
257000 8379.83530525
258000 8379.83530525
259000 8611.41056534
260000 8611.41056534
261000 9193.73040752
262000 9193.73040752
263000 9193.73040752
264000 4915.75570898
265000 4915.75570898
266000 4915.75570898
267000 4915.75570898
268000 4265.04441454
269000 4265.04441454
270000 4265.04441454
271000 7440.42965932
272000 7440.42965932
273000 7440.42965932
274000 6627.34514039
275000 6627.34514039
276000 6627.34514039
277000 7006.27552674
278000 7006.27552674
279000 7006.27552674
280000 7621.65801253
281000 7621.65801253
282000 7108.80798767
283000 7108.80798767
284000 7108.80798767
285000 7108.80798767
286000 7108.80798767
287000 7108.80798767
288000 6595.95796281
289000 6595.95796281
290000 6595.95796281
291000 9153.6166419
292000 9153.6166419
293000 9153.6166419
294000 9362.89725331
295000 9362.89725331
296000 10229.421976
297000 10229.421976
298000 10229.421976
299000 5071.2256828
300000 5071.2256828
301000 5071.2256828
302000 5071.2256828
303000 5071.2256828
304000 3763.79881397
305000 3763.79881397
306000 3763.79881397
307000 3763.79881397
308000 3763.79881397
309000 8390.11798152
310000 8390.11798152
311000 8390.11798152
312000 9637.45823575
313000 9637.45823575
314000 9637.45823575
315000 4085.6434672
316000 4085.6434672
317000 4085.6434672
318000 4085.6434672
319000 4085.6434672
320000 4085.6434672
321000 1934.01200924
322000 1934.01200924
323000 1934.01200924
324000 1934.01200924
325000 1934.01200924
326000 1934.01200924
327000 1934.01200924
328000 1934.01200924
329000 1934.01200924
330000 1934.01200924
331000 1934.01200924
332000 1934.01200924
333000 1934.01200924
334000 8579.3810032
335000 8579.3810032
336000 8579.3810032
337000 8579.3810032
338000 4198.39443962
339000 4198.39443962
340000 4198.39443962
341000 4198.39443962
342000 4198.39443962
343000 5830.08557845
344000 5830.08557845
345000 5830.08557845
346000 5830.08557845
347000 5830.08557845
348000 7176.48685199
349000 7176.48685199
350000 7176.48685199
351000 2016.54138973
352000 2016.54138973
353000 3134.65263158
