0 701.608247423
1000 701.608247423
2000 701.608247423
3000 701.608247423
4000 701.608247423
5000 701.608247423
6000 701.608247423
7000 701.608247423
8000 701.608247423
9000 701.608247423
10000 711.974953037
11000 711.974953037
12000 806.279699248
13000 806.279699248
14000 860.550119608
15000 860.550119608
16000 860.550119608
17000 914.820539968
18000 914.820539968
19000 914.820539968
20000 914.820539968
21000 3096.96118299
22000 3096.96118299
23000 980.153340635
24000 980.153340635
25000 980.153340635
26000 881.725989986
27000 881.725989986
28000 881.725989986
29000 2938.73684211
30000 1008.9262202
31000 1008.9262202
32000 1008.9262202
33000 924.524111057
34000 924.524111057
35000 924.524111057
36000 1222.60645161
37000 1222.60645161
38000 933.802197802
39000 933.802197802
40000 933.802197802
41000 887.122184954
42000 887.122184954
43000 887.122184954
44000 1134.8969007
45000 1134.8969007
46000 1134.8969007
47000 989.138624339
48000 989.138624339
49000 989.138624339
50000 1171.27365729
51000 1171.27365729
52000 1093.97579251
53000 1093.97579251
54000 1093.97579251
55000 966.566323768
56000 966.566323768
57000 1009.40641158
58000 1009.40641158
59000 1009.40641158
60000 1009.11468382
61000 1009.11468382
62000 1009.11468382
63000 1298.67221067
64000 1298.67221067
65000 459.775935695
66000 459.775935695
67000 459.775935695
68000 459.775935695
69000 459.775935695
70000 754.960629921
71000 754.960629921
72000 754.960629921
73000 754.960629921
74000 1147.56069364
75000 1147.56069364
76000 499.534597642
77000 499.534597642
78000 499.534597642
79000 499.534597642
80000 499.534597642
81000 784.181659389
82000 784.181659389
83000 784.181659389
84000 979.731476877
85000 979.731476877
86000 979.731476877
87000 4449.04186047
88000 933.267771245
89000 933.267771245
90000 933.267771245
91000 590.346227013
92000 590.346227013
93000 590.346227013
94000 590.346227013
95000 969.469218831
96000 969.469218831
97000 969.469218831
98000 1029.72006745
99000 1029.72006745
100000 2551.35376045
101000 2551.35376045
102000 681.169252977
103000 681.169252977
104000 681.169252977
105000 606.396355353
106000 606.396355353
107000 606.396355353
108000 606.396355353
109000 2117.94754846
110000 2117.94754846
111000 882.336903603
112000 882.336903603
113000 882.336903603
114000 400.115487729
115000 400.115487729
116000 400.115487729
117000 400.115487729
118000 400.115487729
119000 400.115487729
120000 784.022461394
121000 784.022461394
122000 784.022461394
123000 608.343542785
124000 608.343542785
125000 608.343542785
126000 608.343542785
127000 962.171243942
128000 962.171243942
129000 962.171243942
130000 956.582359192
131000 956.582359192
132000 956.582359192
133000 599.316888046
134000 599.316888046
135000 599.316888046
136000 878.765714286
137000 878.765714286
138000 878.765714286
139000 878.765714286
140000 928.432216108
141000 928.432216108
142000 928.432216108
143000 914.584303797
144000 914.584303797
145000 914.584303797
146000 943.498530852
147000 943.498530852
148000 943.498530852
149000 1149.41334966
150000 1149.41334966
151000 4050.54545455
152000 1055.49775785
153000 1055.49775785
154000 1055.49775785
155000 2619.37518248
156000 2619.37518248
157000 1212.20833333
158000 1212.20833333
159000 1130.24850498
160000 1130.24850498
161000 861.969892473
162000 861.969892473
163000 861.969892473
164000 861.969892473
165000 2423.27855711
166000 1562.44340227
167000 1562.44340227
168000 1562.44340227
169000 1562.44340227
170000 1562.44340227
171000 1562.44340227
172000 701.608247423
173000 701.608247423
174000 701.608247423
175000 701.608247423
176000 711.974953037
177000 711.974953037
178000 806.279699248
179000 806.279699248
180000 860.550119608
181000 860.550119608
182000 860.550119608
183000 914.820539968
184000 914.820539968
185000 914.820539968
186000 914.820539968
187000 3096.96118299
188000 3096.96118299
189000 980.153340635
190000 980.153340635
191000 980.153340635
192000 881.725989986
193000 881.725989986
194000 881.725989986
195000 2938.73684211
196000 1008.9262202
197000 1008.9262202
198000 924.524111057
199000 924.524111057
200000 924.524111057
201000 924.524111057
202000 1222.60645161
203000 1222.60645161
204000 933.802197802
205000 933.802197802
206000 933.802197802
207000 887.122184954
208000 887.122184954
209000 887.122184954
210000 1134.8969007
211000 1134.8969007
212000 989.138624339
213000 989.138624339
214000 989.138624339
215000 989.138624339
216000 1171.27365729
217000 1171.27365729
218000 1093.97579251
219000 1093.97579251
220000 1093.97579251
221000 966.566323768
222000 966.566323768
223000 1009.40641158
224000 1009.40641158
225000 1009.40641158
226000 1009.11468382
227000 1009.11468382
228000 1009.11468382
229000 1298.67221067
230000 1298.67221067
231000 459.775935695
232000 459.775935695
233000 459.775935695
234000 459.775935695
235000 459.775935695
236000 754.960629921
237000 754.960629921
238000 754.960629921
239000 754.960629921
240000 1147.56069364
241000 1147.56069364
242000 499.534597642
243000 499.534597642
244000 499.534597642
245000 499.534597642
246000 499.534597642
247000 784.181659389
248000 784.181659389
249000 784.181659389
250000 979.731476877
251000 979.731476877
252000 979.731476877
253000 4449.04186047
254000 933.267771245
255000 933.267771245
256000 933.267771245
257000 590.346227013
258000 590.346227013
259000 590.346227013
260000 590.346227013
261000 969.469218831
262000 969.469218831
263000 969.469218831
264000 1029.72006745
265000 1029.72006745
266000 2551.35376045
267000 681.169252977
268000 681.169252977
269000 681.169252977
270000 681.169252977
271000 606.396355353
272000 606.396355353
273000 606.396355353
274000 606.396355353
275000 2117.94754846
276000 2117.94754846
277000 882.336903603
278000 882.336903603
279000 882.336903603
280000 400.115487729
281000 400.115487729
282000 400.115487729
283000 400.115487729
284000 400.115487729
285000 784.022461394
286000 784.022461394
287000 784.022461394
288000 784.022461394
289000 608.343542785
290000 608.343542785
291000 608.343542785
292000 608.343542785
293000 962.171243942
294000 962.171243942
295000 962.171243942
296000 956.582359192
297000 956.582359192
298000 599.316888046
299000 599.316888046
300000 599.316888046
301000 599.316888046
302000 878.765714286
303000 878.765714286
304000 878.765714286
305000 928.432216108
306000 928.432216108
307000 928.432216108
308000 914.584303797
309000 914.584303797
310000 914.584303797
311000 943.498530852
312000 943.498530852
313000 943.498530852
314000 1149.41334966
315000 1149.41334966
316000 1149.41334966
317000 4050.54545455
318000 1055.49775785
319000 1055.49775785
320000 1055.49775785
321000 2619.37518248
322000 2619.37518248
323000 1212.20833333
324000 1212.20833333
325000 1130.24850498
326000 1130.24850498
327000 861.969892473
328000 861.969892473
329000 861.969892473
330000 861.969892473
331000 2423.27855711
