0 1690.9132948
1 1690.9132948
2 1690.9132948
3 1514.28571429
4 1514.28571429
5 1514.28571429
6 1557.33333333
7 1557.33333333
8 1557.33333333
9 1671.11111111
10 1671.11111111
11 1671.11111111
12 1572.42176871
13 1572.42176871
14 1543.54618474
15 1543.54618474
16 1853.58406152
17 1853.58406152
18 1853.58406152
19 1890.77083333
20 1890.77083333
21 1890.77083333
22 1880.83370288
23 1880.83370288
24 1880.83370288
25 1869.4084507
26 1869.4084507
27 1869.4084507
28 1887.29496876
29 1887.29496876
30 1887.29496876
31 1818.29173628
32 1818.29173628
33 1818.29173628
34 1818.29173628
35 1818.29173628
36 1818.29173628
37 1818.29173628
38 1818.29173628
39 1807.96712892
40 1807.96712892
41 1807.96712892
42 1807.96712892
43 1845.87152146
44 1845.87152146
45 1845.87152146
46 1845.87152146
47 1810.23392529
48 1810.23392529
49 1810.23392529
50 1607.03866041
51 1403.84339554
52 1403.84339554
53 1403.84339554
54 1403.84339554
55 1403.84339554
56 614.011196351
57 614.011196351
58 614.011196351
59 614.011196351
60 614.011196351
61 614.011196351
62 614.011196351
63 614.011196351
64 614.011196351
65 614.011196351
66 765.29877823
67 765.29877823
68 765.29877823
69 765.29877823
70 765.29877823
71 1477.44963655
72 1477.44963655
73 1477.44963655
74 1707.75044563
75 1707.75044563
76 1273.92496766
77 1273.92496766
78 1273.92496766
79 1273.92496766
80 1098.83034953
81 1098.83034953
82 1248.7686943
83 1248.7686943
84 1248.7686943
85 1636.950364
86 1626.04382374
87 1626.04382374
88 1626.04382374
89 1626.04382374
90 856.010001136
91 856.010001136
92 856.010001136
93 856.010001136
94 856.010001136
95 856.010001136
96 856.010001136
97 856.010001136
98 856.010001136
99 901.232668901
100 901.232668901
101 901.232668901
102 901.232668901
103 901.232668901
104 901.232668901
105 1352.86179282
106 1352.86179282
107 1352.86179282
108 1352.86179282
109 1386.14925373
110 1386.14925373
111 1386.14925373
112 1615.12495473
113 1615.12495473
114 1615.12495473
115 1738.30122818
116 1738.30122818
117 1738.30122818
118 1738.30122818
119 1782.81902894
120 1782.81902894
121 1782.81902894
122 1782.81902894
123 1652.13132209
124 1652.13132209
125 1652.13132209
126 1652.13132209
127 1913.8984456
128 1913.8984456
129 1913.8984456
130 1913.8984456
131 1913.8984456
132 1913.8984456
133 1931.6359673
134 1931.6359673
135 1931.6359673
136 1931.6359673
137 1931.6359673
138 1931.6359673
139 1931.6359673
140 1743.27272727
141 1743.27272727
142 1743.27272727
143 1743.27272727
144 1697.60682777
145 1651.94092827
146 1651.94092827
147 1651.94092827
148 1768.54855798
149 1768.54855798
150 1768.54855798
151 1768.54855798
152 1862.32036673
153 1862.32036673
154 1862.32036673
155 1862.32036673
156 1862.32036673
157 1862.32036673
158 1862.32036673
159 1819.29024888
160 1776.26013104
161 1776.26013104
162 1776.26013104
163 1776.26013104
164 1688.97359948
165 1688.97359948
166 1688.97359948
167 1688.97359948
168 1709.18048494
169 1729.38737041
170 1729.38737041
171 1729.38737041
172 1729.38737041
173 1645.91509699
174 1645.91509699
175 1645.91509699
176 1900.92852625
177 1900.92852625
178 1900.92852625
179 1900.92852625
180 1900.92852625
181 1900.92852625
182 1900.92852625
183 1784.50368258
184 1784.50368258
185 1784.50368258
186 1784.50368258
187 1824.2339071
188 1824.2339071
189 1824.2339071
190 1824.2339071
191 1743.21426826
192 1743.21426826
193 1743.21426826
194 1743.21426826
195 1743.21426826
196 1745.49522256
197 1745.49522256
198 1745.49522256
199 1745.49522256
200 1827.04761905
201 1827.04761905
202 1827.04761905
203 1827.04761905
204 1459.2611251
205 1459.2611251
206 1852.121673
207 1852.121673
208 1852.121673
209 1852.121673
210 1852.121673
211 1852.121673
212 1852.121673
213 1734.95958854
214 1734.95958854
215 1734.95958854
216 1734.95958854
217 1546.57785179
218 1546.57785179
219 1703.24621309
220 1703.24621309
221 1703.24621309
222 1703.24621309
223 1584.3876652
224 1584.3876652
225 1584.3876652
226 1637.65048
227 1690.9132948
228 1690.9132948
229 1514.28571429
230 1514.28571429
231 1557.33333333
232 1557.33333333
233 1557.33333333
234 1671.11111111
235 1671.11111111
236 1671.11111111
237 1572.42176871
238 1572.42176871
239 1543.54618474
240 1543.54618474
241 1698.56512313
242 1853.58406152
243 1853.58406152
244 1853.58406152
245 1890.77083333
246 1890.77083333
247 1890.77083333
248 1880.83370288
249 1880.83370288
250 1880.83370288
251 1869.4084507
252 1869.4084507
253 1878.35170973
254 1887.29496876
255 1887.29496876
256 1887.29496876
257 1818.29173628
258 1818.29173628
259 1818.29173628
260 1818.29173628
261 1818.29173628
262 1818.29173628
263 1818.29173628
264 1818.29173628
265 1807.96712892
266 1807.96712892
267 1807.96712892
268 1807.96712892
269 1845.87152146
270 1845.87152146
271 1845.87152146
272 1845.87152146
273 1810.23392529
274 1810.23392529
275 1810.23392529
276 1403.84339554
277 1403.84339554
278 1403.84339554
279 1403.84339554
280 1403.84339554
281 1008.92729595
282 614.011196351
283 614.011196351
284 614.011196351
285 614.011196351
286 614.011196351
287 614.011196351
288 614.011196351
289 614.011196351
290 614.011196351
291 765.29877823
292 765.29877823
293 765.29877823
294 765.29877823
295 765.29877823
296 765.29877823
297 1477.44963655
298 1477.44963655
299 1477.44963655
300 1707.75044563
301 1707.75044563
302 1273.92496766
303 1273.92496766
304 1273.92496766
305 1098.83034953
306 1098.83034953
307 1173.79952192
308 1248.7686943
309 1248.7686943
310 1636.950364
311 1636.950364
312 1626.04382374
313 1626.04382374
314 1626.04382374
315 1626.04382374
316 856.010001136
317 856.010001136
318 856.010001136
319 856.010001136
320 856.010001136
321 856.010001136
322 856.010001136
323 856.010001136
324 856.010001136
325 901.232668901
326 901.232668901
327 901.232668901
328 901.232668901
329 901.232668901
330 1127.04723086
331 1352.86179282
332 1352.86179282
333 1352.86179282
334 1369.50552328
335 1386.14925373
336 1386.14925373
337 1615.12495473
338 1615.12495473
339 1615.12495473
340 1738.30122818
341 1738.30122818
342 1738.30122818
343 1738.30122818
344 1738.30122818
345 1782.81902894
346 1782.81902894
347 1782.81902894
348 1782.81902894
349 1652.13132209
350 1652.13132209
351 1652.13132209
352 1913.8984456
353 1913.8984456
354 1913.8984456
355 1913.8984456
356 1913.8984456
357 1913.8984456
358 1931.6359673
359 1931.6359673
360 1931.6359673
361 1931.6359673
362 1931.6359673
363 1931.6359673
364 1931.6359673
365 1931.6359673
366 1743.27272727
367 1743.27272727
368 1743.27272727
369 1743.27272727
370 1651.94092827
371 1651.94092827
372 1651.94092827
373 1651.94092827
374 1768.54855798
375 1768.54855798
376 1768.54855798
377 1862.32036673
378 1862.32036673
379 1862.32036673
380 1862.32036673
381 1862.32036673
382 1862.32036673
383 1862.32036673
384 1862.32036673
385 1776.26013104
386 1776.26013104
387 1776.26013104
388 1776.26013104
389 1688.97359948
390 1688.97359948
391 1688.97359948
392 1688.97359948
393 1688.97359948
394 1729.38737041
395 1729.38737041
396 1729.38737041
397 1729.38737041
398 1645.91509699
399 1645.91509699
400 1645.91509699
401 1645.91509699
402 1900.92852625
403 1900.92852625
404 1900.92852625
405 1900.92852625
406 1900.92852625
407 1900.92852625
408 1784.50368258
409 1784.50368258
410 1784.50368258
411 1784.50368258
412 1804.36879484
413 1824.2339071
414 1824.2339071
415 1824.2339071
416 1824.2339071
417 1743.21426826
418 1743.21426826
419 1743.21426826
420 1743.21426826
421 1745.49522256
422 1745.49522256
423 1745.49522256
424 1745.49522256
425 1827.04761905
426 1827.04761905
427 1827.04761905
428 1827.04761905
429 1459.2611251
430 1459.2611251
431 1459.2611251
432 1852.121673
433 1852.121673
434 1852.121673
435 1852.121673
436 1852.121673
437 1852.121673
438 1734.95958854
439 1734.95958854
440 1734.95958854
441 1734.95958854
442 1546.57785179
443 1546.57785179
444 1546.57785179
445 1703.24621309
446 1703.24621309
447 1703.24621309
448 1703.24621309
449 1584.3876652
450 1584.3876652
