0 7374.4516129
1 6583.64726631
2 7504.39834025
3 4920.22857143
4 2506.7032967
5 6727.36681887
6 6727.36681887
7 6727.36681887
8 6808.29438091
9 6808.29438091
10 7902.07051071
11 7902.07051071
12 7902.07051071
13 8204.8
14 8204.8
15 8204.8
16 8204.8
17 7352.69320843
18 7352.69320843
19 7352.69320843
20 7352.69320843
21 6803.88994947
22 6803.88994947
23 6803.88994947
24 7038.46180258
25 7038.46180258
26 7038.46180258
27 7038.46180258
28 7255.296
29 7255.296
30 7255.296
31 5857.5444379
32 5857.5444379
33 5857.5444379
34 5857.5444379
35 5857.5444379
36 6954.39924314
37 6954.39924314
38 6954.39924314
39 6954.39924314
40 7120.25041923
41 7120.25041923
42 7120.25041923
43 7120.25041923
44 7145.39400067
45 7145.39400067
46 7145.39400067
47 5595.58241758
48 5595.58241758
49 5595.58241758
50 5595.58241758
51 6633.60969277
52 6633.60969277
53 6633.60969277
54 6633.60969277
55 6633.60969277
56 7261.8642833
57 7890.11887383
58 7890.11887383
59 7890.11887383
60 7890.11887383
61 6300.41596743
62 4710.71306102
63 4710.71306102
64 4710.71306102
65 4710.71306102
66 4710.71306102
67 6250.50971248
68 7790.30636393
69 7790.30636393
70 7790.30636393
71 7489.65511246
72 7189.003861
73 7189.003861
74 6887.418526
75 6585.833191
76 6585.833191
77 6585.833191
78 6311.76461198
79 6037.69603297
80 6037.69603297
81 6037.69603297
82 6037.69603297
83 6509.45120142
84 6509.45120142
85 6509.45120142
86 6509.45120142
87 7100.62230732
88 7100.62230732
89 7100.62230732
90 7100.62230732
91 6666.91400229
92 6233.20569725
93 6233.20569725
94 6233.20569725
95 5028.12107191
96 5028.12107191
97 5028.12107191
98 5028.12107191
99 5028.12107191
100 6201.80088862
101 7375.48070534
102 7375.48070534
103 7375.48070534
104 7375.48070534
105 7342.15174299
106 7342.15174299
107 7342.15174299
108 6753.83137929
109 6165.51101558
110 6165.51101558
111 6165.51101558
112 6640.6670557
113 7115.82309582
114 7115.82309582
115 7115.82309582
116 6756.22319557
117 6396.62329533
118 6396.62329533
119 6396.62329533
120 6396.62329533
121 5834.6844776
122 5272.74565987
123 5272.74565987
124 5272.74565987
125 5272.74565987
126 5272.74565987
127 5272.74565987
128 5576.25821119
129 5879.77076251
130 5879.77076251
131 5879.77076251
132 5879.77076251
133 6323.35773601
134 6766.94470951
135 6766.94470951
136 6766.94470951
137 6394.18181818
138 6394.18181818
139 6394.18181818
140 6394.18181818
141 3866.61435577
142 3866.61435577
143 3866.61435577
144 3866.61435577
145 3866.61435577
146 6725.63380282
147 6725.63380282
148 6725.63380282
149 6736.32609609
150 6747.01838935
151 6747.01838935
152 6747.01838935
153 7361.2782726
154 7361.2782726
155 7361.2782726
156 7361.2782726
157 7261.55378329
158 7161.82929399
159 7161.82929399
160 7161.82929399
161 7311.89483737
162 7461.96038076
163 7461.96038076
164 7461.96038076
165 7461.96038076
166 6021.88928129
167 4581.81818182
168 4581.81818182
169 4581.81818182
170 4581.81818182
171 5814.38911628
172 7046.96005073
173 7046.96005073
174 7046.96005073
175 7887.34451814
176 7887.34451814
177 7887.34451814
178 6798.29836661
179 6798.29836661
180 6798.29836661
181 7057.64983724
182 7317.00130787
183 7317.00130787
184 7317.00130787
185 5623.31486791
186 5623.31486791
187 3929.62842796
188 3929.62842796
189 3929.62842796
190 3929.62842796
191 3929.62842796
192 5150.04460003
193 6370.4607721
194 6370.4607721
195 6370.4607721
196 6743.24279835
197 6743.24279835
198 6743.24279835
199 6743.24279835
200 6743.24279835
201 6651.56584298
202 6651.56584298
203 6651.56584298
204 6347.77889734
205 6043.99195171
206 6043.99195171
207 6043.99195171
208 6043.99195171
209 6511.78337242
210 6979.57479313
211 6979.57479313
212 6979.57479313
213 7469.38920635
214 7469.38920635
215 7469.38920635
216 7401.61252347
217 7333.83584059
218 7333.83584059
219 7333.83584059
220 7333.83584059
221 6542.46950092
222 6542.46950092
223 6542.46950092
224 6542.46950092
225 7152.62436417
226 7762.77922742
227 7762.77922742
228 7762.77922742
229 7762.77922742
230 7150.67566892
231 7150.67566892
232 7150.67566892
233 7150.67566892
234 7271.23725614
235 7391.79884335
236 7391.79884335
237 7391.79884335
238 7391.79884335
239 7378.53275554
240 7378.53275554
241 7378.53275554
242 7378.53275554
243 7317.91175405
244 7257.29075257
245 7257.29075257
246 7257.29075257
247 7315.87118273
248 6583.64726631
249 7134.27301587
250 4920.22857143
251 4617.03505779
252 6727.36681887
253 6727.36681887
254 6727.36681887
255 6808.29438091
256 6808.29438091
257 7902.07051071
258 7902.07051071
259 7902.07051071
260 8204.8
261 8204.8
262 8204.8
263 8204.8
264 7352.69320843
265 7352.69320843
266 7352.69320843
267 6803.88994947
268 6803.88994947
269 6803.88994947
270 6803.88994947
271 7038.46180258
272 7038.46180258
273 7038.46180258
274 7038.46180258
275 7255.296
276 7255.296
277 5857.5444379
278 5857.5444379
279 5857.5444379
280 5857.5444379
281 5857.5444379
282 5857.5444379
283 6954.39924314
284 6954.39924314
285 6954.39924314
286 6954.39924314
287 7120.25041923
288 7120.25041923
289 7120.25041923
290 7120.25041923
291 7145.39400067
292 7145.39400067
293 7145.39400067
294 5595.58241758
295 5595.58241758
296 5595.58241758
297 5595.58241758
298 6633.60969277
299 6633.60969277
300 6633.60969277
301 6633.60969277
302 6633.60969277
303 7261.8642833
304 7890.11887383
305 7890.11887383
306 7890.11887383
307 7890.11887383
308 4710.71306102
309 4710.71306102
310 4710.71306102
311 4710.71306102
312 4710.71306102
313 4710.71306102
314 6250.50971248
315 7790.30636393
316 7790.30636393
317 7790.30636393
318 7189.003861
319 7189.003861
320 7189.003861
321 6887.418526
322 6585.833191
323 6585.833191
324 6585.833191
325 6311.76461198
326 6037.69603297
327 6037.69603297
328 6037.69603297
329 6037.69603297
330 6509.45120142
331 6509.45120142
332 6509.45120142
333 6805.03675437
334 7100.62230732
335 7100.62230732
336 7100.62230732
337 7100.62230732
338 6666.91400229
339 6233.20569725
340 6233.20569725
341 6233.20569725
342 5028.12107191
343 5028.12107191
344 5028.12107191
345 5028.12107191
346 5028.12107191
347 6201.80088862
348 7375.48070534
349 7375.48070534
350 7375.48070534
351 7358.81622416
352 7342.15174299
353 7342.15174299
354 7342.15174299
355 6165.51101558
356 6165.51101558
357 6165.51101558
358 6165.51101558
359 7115.82309582
360 7115.82309582
361 7115.82309582
362 7115.82309582
363 6396.62329533
364 6396.62329533
365 6396.62329533
366 6396.62329533
367 6396.62329533
368 5834.6844776
369 5272.74565987
370 5272.74565987
371 5272.74565987
372 5272.74565987
373 5272.74565987
374 5272.74565987
375 5576.25821119
376 5879.77076251
377 5879.77076251
378 5879.77076251
379 5879.77076251
380 6766.94470951
381 6766.94470951
382 6766.94470951
383 6766.94470951
384 6394.18181818
385 6394.18181818
386 6394.18181818
387 5130.39808698
388 3866.61435577
389 3866.61435577
390 3866.61435577
391 3866.61435577
392 5296.1240793
393 6725.63380282
394 6725.63380282
395 6725.63380282
396 6747.01838935
397 6747.01838935
398 6747.01838935
399 6747.01838935
400 7361.2782726
401 7361.2782726
402 7361.2782726
403 7361.2782726
404 7161.82929399
405 7161.82929399
406 7161.82929399
407 7161.82929399
408 7311.89483737
409 7461.96038076
410 7461.96038076
411 7461.96038076
412 7461.96038076
413 4581.81818182
414 4581.81818182
415 4581.81818182
416 4581.81818182
417 4581.81818182
418 7046.96005073
419 7046.96005073
420 7046.96005073
421 7467.15228444
422 7887.34451814
423 7887.34451814
424 7342.82144237
425 6798.29836661
426 6798.29836661
427 6798.29836661
428 7317.00130787
429 7317.00130787
430 7317.00130787
431 7317.00130787
432 5623.31486791
433 5623.31486791
434 3929.62842796
435 3929.62842796
436 3929.62842796
437 3929.62842796
438 3929.62842796
439 6370.4607721
440 6370.4607721
441 6370.4607721
442 6370.4607721
443 6743.24279835
444 6743.24279835
445 6743.24279835
446 6743.24279835
447 6697.40432067
448 6651.56584298
449 6651.56584298
450 6651.56584298
451 6347.77889734
452 6043.99195171
453 6043.99195171
454 6043.99195171
455 6043.99195171
456 6979.57479313
457 6979.57479313
458 6979.57479313
459 7224.48199974
460 7469.38920635
461 7469.38920635
462 7469.38920635
463 7401.61252347
464 7333.83584059
465 7333.83584059
466 7333.83584059
467 6938.15267076
468 6542.46950092
469 6542.46950092
470 6542.46950092
471 6542.46950092
472 7152.62436417
473 7762.77922742
474 7762.77922742
475 7762.77922742
476 7762.77922742
477 7150.67566892
478 7150.67566892
479 7150.67566892
480 7150.67566892
481 7391.79884335
482 7391.79884335
483 7391.79884335
484 7391.79884335
485 7385.16579944
486 7378.53275554
487 7378.53275554
488 7378.53275554
489 7378.53275554
490 7257.29075257
491 7257.29075257
492 7257.29075257
493 7257.29075257
