0 4798.26319703
1 4798.26319703
2 4798.26319703
3 4798.26319703
4 4798.26319703
5 4798.26319703
6 3873.70446735
7 4092.4057971
8 4092.4057971
9 5225.9275066
10 5225.9275066
11 6359.44921609
12 6359.44921609
13 5536.14180207
14 5536.14180207
15 5536.14180207
16 6228.36103664
17 6228.36103664
18 3452.28371005
19 3452.28371005
20 3452.28371005
21 3452.28371005
22 6821.03244006
23 6821.03244006
24 5050.54166667
25 5050.54166667
26 6548.98249337
27 6548.98249337
28 5925.97956204
29 5925.97956204
30 6717.66732936
31 6717.66732936
32 4039.43606093
33 4039.43606093
34 4039.43606093
35 5124.89190412
36 5124.89190412
37 5883.14382786
38 5883.14382786
39 6208.91678743
40 6208.91678743
41 6208.91678743
42 6534.689747
43 6534.689747
44 5491.11779817
45 5491.11779817
46 5491.11779817
47 3999.75863069
48 3999.75863069
49 3999.75863069
50 3999.75863069
51 5575.22802001
52 5575.22802001
53 5575.22802001
54 4468.89662231
55 4468.89662231
56 4468.89662231
57 4468.89662231
58 6089.93613445
59 6089.93613445
60 5761.45304438
61 5761.45304438
62 5029.13718622
63 5029.13718622
64 5029.13718622
65 5029.13718622
66 5133.3066424
67 5133.3066424
68 5133.3066424
69 6416.59813084
70 6416.59813084
71 6465.94142259
72 6465.94142259
73 6504.15647922
74 6504.15647922
75 5125.34922211
76 5125.34922211
77 5125.34922211
78 6338.49656526
79 6338.49656526
80 5153.99647515
81 5153.99647515
82 5153.99647515
83 4374.0055607
84 4374.0055607
85 4374.0055607
86 4374.0055607
87 5070.0074129
88 5070.0074129
89 5070.0074129
90 5461.83640383
91 5461.83640383
92 5461.83640383
93 6496.85368904
94 6496.85368904
95 6205.10939628
96 6205.10939628
97 6205.10939628
98 6574.21363911
99 6379.43875278
100 6379.43875278
101 6379.43875278
102 6466.27477785
103 6466.27477785
104 6466.27477785
105 3468.76111955
106 3468.76111955
107 3468.76111955
108 3468.76111955
109 3468.76111955
110 6497.3579527
111 6497.3579527
112 6497.3579527
113 5992.38005497
114 5992.38005497
115 5992.38005497
116 6490.37057599
117 6490.37057599
118 6490.37057599
119 5766.23929269
120 5766.23929269
121 5766.23929269
122 5766.23929269
123 5766.23929269
124 5042.10800939
125 5042.10800939
126 5042.10800939
127 5042.10800939
128 6154.09093576
129 6154.09093576
130 6154.09093576
131 6154.09093576
132 5937.43283582
133 5937.43283582
134 5937.43283582
135 3446.26808009
136 3446.26808009
137 3446.26808009
138 3446.26808009
139 3446.26808009
140 6146.60176991
141 6146.60176991
142 6146.60176991
143 6146.60176991
144 5599.63453632
145 5599.63453632
146 5599.63453632
147 5599.63453632
148 4322.40919939
149 4322.40919939
150 4322.40919939
151 4322.40919939
152 4322.40919939
153 6407.87454765
154 6407.87454765
155 6407.87454765
156 6407.87454765
157 6407.87454765
158 6021.63823805
159 6021.63823805
160 6021.63823805
161 5978.97175959
162 5978.97175959
163 5978.97175959
164 5978.97175959
165 5978.97175959
166 4327.79542396
167 4327.79542396
168 4327.79542396
169 4327.79542396
170 4327.79542396
171 4876.05203668
172 4876.05203668
173 4876.05203668
174 4876.05203668
175 4876.05203668
176 5936.73346143
177 5936.73346143
178 5936.73346143
179 5936.73346143
180 4400.08388297
181 4400.08388297
182 4400.08388297
183 4400.08388297
184 4400.08388297
185 4400.08388297
186 4400.08388297
187 5724.21514584
188 5724.21514584
189 5724.21514584
190 5724.21514584
191 4371.95023328
192 4371.95023328
193 4371.95023328
194 4371.95023328
195 4371.95023328
196 2788.10200612
197 2788.10200612
198 2788.10200612
199 2788.10200612
200 2788.10200612
201 2788.10200612
202 2788.10200612
203 2788.10200612
204 2788.10200612
205 3793.18260158
206 3793.18260158
207 3793.18260158
208 4798.26319703
209 4798.26319703
210 3873.70446735
211 3873.70446735
212 4092.4057971
213 5225.9275066
214 5225.9275066
215 5225.9275066
216 6359.44921609
217 6359.44921609
218 5536.14180207
219 5536.14180207
220 6228.36103664
221 6228.36103664
222 6228.36103664
223 3452.28371005
224 3452.28371005
225 3452.28371005
226 3452.28371005
227 6821.03244006
228 5050.54166667
229 5050.54166667
230 5050.54166667
231 6548.98249337
232 6548.98249337
233 5925.97956204
234 5925.97956204
235 6717.66732936
236 4039.43606093
237 4039.43606093
238 4039.43606093
239 5124.89190412
240 5124.89190412
241 5124.89190412
242 5883.14382786
243 6208.91678743
244 6208.91678743
245 6208.91678743
246 6534.689747
247 6534.689747
248 6534.689747
249 5491.11779817
250 5491.11779817
251 5491.11779817
252 3999.75863069
253 3999.75863069
254 3999.75863069
255 5575.22802001
256 5575.22802001
257 5575.22802001
258 4468.89662231
259 4468.89662231
260 4468.89662231
261 4468.89662231
262 6089.93613445
263 6089.93613445
264 6089.93613445
265 5761.45304438
266 5761.45304438
267 5029.13718622
268 5029.13718622
269 5029.13718622
270 5133.3066424
271 5133.3066424
272 5133.3066424
273 5133.3066424
274 6416.59813084
275 6416.59813084
276 6465.94142259
277 6465.94142259
278 6504.15647922
279 5125.34922211
280 5125.34922211
281 5125.34922211
282 5125.34922211
283 6338.49656526
284 6338.49656526
285 5153.99647515
286 5153.99647515
287 5153.99647515
288 4374.0055607
289 4374.0055607
290 4374.0055607
291 4374.0055607
292 5070.0074129
293 5070.0074129
294 5070.0074129
295 5461.83640383
296 5461.83640383
297 5461.83640383
298 6496.85368904
299 6496.85368904
300 6205.10939628
301 6205.10939628
302 6574.21363911
303 6574.21363911
304 6379.43875278
305 6379.43875278
306 6379.43875278
307 6466.27477785
308 6466.27477785
309 6466.27477785
310 3468.76111955
311 3468.76111955
312 3468.76111955
313 3468.76111955
314 3468.76111955
315 6497.3579527
316 6497.3579527
317 6497.3579527
318 5992.38005497
319 5992.38005497
320 5992.38005497
321 6490.37057599
322 6490.37057599
323 6490.37057599
324 5766.23929269
325 5766.23929269
326 5766.23929269
327 5766.23929269
328 5766.23929269
329 5042.10800939
330 5042.10800939
331 5042.10800939
332 5042.10800939
333 6154.09093576
334 6154.09093576
335 6154.09093576
336 6154.09093576
337 5937.43283582
338 5937.43283582
339 5937.43283582
340 3446.26808009
341 3446.26808009
342 3446.26808009
343 3446.26808009
344 6146.60176991
345 6146.60176991
346 6146.60176991
347 6146.60176991
348 5599.63453632
349 5599.63453632
350 5599.63453632
351 5599.63453632
352 5599.63453632
353 4322.40919939
354 4322.40919939
355 4322.40919939
356 4322.40919939
357 4322.40919939
358 6407.87454765
359 6407.87454765
360 6407.87454765
361 6407.87454765
362 6021.63823805
363 6021.63823805
364 6021.63823805
365 6021.63823805
366 5978.97175959
367 5978.97175959
368 5978.97175959
369 5978.97175959
370 4327.79542396
371 4327.79542396
372 4327.79542396
373 4327.79542396
374 4327.79542396
375 4327.79542396
376 4876.05203668
377 4876.05203668
378 4876.05203668
379 4876.05203668
380 4876.05203668
381 5936.73346143
382 5936.73346143
383 5936.73346143
384 5936.73346143
385 4400.08388297
386 4400.08388297
387 4400.08388297
388 4400.08388297
389 4400.08388297
390 4400.08388297
391 5724.21514584
392 5724.21514584
393 5724.21514584
394 5724.21514584
395 4371.95023328
396 4371.95023328
397 4371.95023328
398 4371.95023328
399 4371.95023328
400 4371.95023328
401 2788.10200612
402 2788.10200612
403 2788.10200612
404 2788.10200612
405 2788.10200612
406 2788.10200612
407 2788.10200612
408 2788.10200612
409 2788.10200612
