0 4109.17900404
1 4109.17900404
2 4109.17900404
3 4109.17900404
4 4109.17900404
5 4109.17900404
6 4109.17900404
7 4109.17900404
8 4109.17900404
9 4109.17900404
10 4109.17900404
11 4109.17900404
12 4109.17900404
13 4109.17900404
14 1658.74605954
15 1658.74605954
16 1658.74605954
17 2080.63900915
18 2080.63900915
19 2080.63900915
20 2080.63900915
21 2080.63900915
22 2502.53195876
23 2502.53195876
24 2502.53195876
25 1559.04836601
26 1559.04836601
27 2712.69406393
28 1521.13417722
29 1521.13417722
30 1417.35788075
31 1417.35788075
32 1313.58158429
33 1313.58158429
34 1313.58158429
35 1007.99190693
36 1007.99190693
37 1007.99190693
38 598.861523718
39 598.861523718
40 598.861523718
41 598.861523718
42 2023.36690647
43 2023.36690647
44 1265.49253731
45 1265.49253731
46 3222.14528344
47 3222.14528344
48 3222.14528344
49 3222.14528344
50 3222.14528344
51 3222.14528344
52 5178.79802956
53 5178.79802956
54 6032.8988764
55 1990.58823529
56 1990.58823529
57 1165.96020634
58 1165.96020634
59 1165.96020634
60 1233.81772798
61 1233.81772798
62 1233.81772798
63 1301.67524961
64 1301.67524961
65 1301.67524961
66 1385.23840491
67 1385.23840491
68 1385.23840491
69 1385.23840491
70 1385.23840491
71 1468.80156021
72 1468.80156021
73 1468.80156021
74 2290.81614283
75 3112.83072546
76 3112.83072546
77 3292.22047244
78 3292.22047244
79 3063.83712575
80 983.504132231
81 983.504132231
82 983.504132231
83 2295.88615783
84 2295.88615783
85 2295.88615783
86 1566.77342419
87 1566.77342419
88 1566.77342419
89 2858.84297521
90 2858.84297521
91 564.217772629
92 564.217772629
93 564.217772629
94 564.217772629
95 564.217772629
96 564.217772629
97 564.217772629
98 1427.66693101
99 1427.66693101
100 1427.66693101
101 510.484137332
102 510.484137332
103 510.484137332
104 510.484137332
105 510.484137332
106 510.484137332
107 510.484137332
108 510.484137332
109 1631.77072671
110 1631.77072671
111 490.87301368
112 490.87301368
113 490.87301368
114 490.87301368
115 490.87301368
116 490.87301368
117 490.87301368
118 490.87301368
119 768.747243243
120 768.747243243
121 768.747243243
122 768.747243243
123 768.747243243
124 768.747243243
125 1565.19215686
126 1565.19215686
127 1273.888
128 1273.888
129 1273.888
130 1356.22495152
131 1356.22495152
132 1359.85295405
133 1359.85295405
134 1359.85295405
135 455.141984242
136 455.141984242
137 455.141984242
138 455.141984242
139 455.141984242
140 455.141984242
141 455.141984242
142 696.388682927
143 696.388682927
144 696.388682927
145 696.388682927
146 696.388682927
147 696.388682927
148 1593.20061888
149 1593.20061888
150 1593.20061888
151 518.010130048
152 518.010130048
153 518.010130048
154 518.010130048
155 518.010130048
156 518.010130048
157 518.010130048
158 518.010130048
159 500.357538554
160 500.357538554
161 500.357538554
162 500.357538554
163 500.357538554
164 500.357538554
165 500.357538554
166 500.357538554
167 1698.82563873
168 1698.82563873
169 1698.82563873
170 1080.65185185
171 1080.65185185
172 1080.65185185
173 1080.65185185
174 1510.66469719
175 1510.66469719
176 1380.0349345
177 1380.0349345
178 1380.0349345
179 461.279025239
180 461.279025239
181 461.279025239
182 461.279025239
183 461.279025239
184 461.279025239
185 1097.76494845
186 1097.76494845
187 1097.76494845
188 1097.76494845
189 1444.54465593
190 1444.54465593
191 1444.54465593
192 1490.44402277
193 1490.44402277
194 1490.44402277
195 1478.96542894
196 1478.96542894
197 1478.96542894
198 1701.03675778
199 1701.03675778
200 1701.03675778
201 1246.87719298
202 1246.87719298
203 1246.87719298
204 1133.64705882
205 1133.64705882
206 1133.64705882
207 1133.64705882
208 577.096763909
209 577.096763909
210 577.096763909
211 577.096763909
212 577.096763909
213 577.096763909
214 577.096763909
215 1573.63595098
216 1573.63595098
217 1573.63595098
218 2470.0581474
219 2470.0581474
220 568.71727665
221 568.71727665
222 568.71727665
223 568.71727665
224 568.71727665
225 568.71727665
226 568.71727665
227 5988.19495798
228 2121.83365079
229 2121.83365079
230 509.226635852
231 509.226635852
232 509.226635852
233 509.226635852
234 509.226635852
235 509.226635852
236 509.226635852
237 509.226635852
238 1631.9279928
239 1631.9279928
240 1631.9279928
241 544.852482784
242 544.852482784
243 544.852482784
244 544.852482784
245 544.852482784
246 544.852482784
247 1688.87171229
248 1688.87171229
249 1688.87171229
250 1467.63182527
251 1467.63182527
252 1467.63182527
253 1274.01015228
254 1274.01015228
255 875.711645102
256 875.711645102
257 302.053333333
258 302.053333333
259 2205.61616869
260 2205.61616869
261 2205.61616869
262 2205.61616869
263 2205.61616869
264 2205.61616869
265 2205.61616869
266 2205.61616869
267 2205.61616869
268 2205.61616869
269 4109.17900404
270 4109.17900404
271 4109.17900404
272 1658.74605954
273 1658.74605954
274 1658.74605954
275 2080.63900915
276 2080.63900915
277 2080.63900915
278 2080.63900915
279 2080.63900915
280 2080.63900915
281 2502.53195876
282 2502.53195876
283 2502.53195876
284 1559.04836601
285 2712.69406393
286 2712.69406393
287 1521.13417722
288 1417.35788075
289 1417.35788075
290 1313.58158429
291 1313.58158429
292 1313.58158429
293 1007.99190693
294 1007.99190693
295 1007.99190693
296 1007.99190693
297 598.861523718
298 598.861523718
299 598.861523718
300 2023.36690647
301 2023.36690647
302 1265.49253731
303 1265.49253731
304 3222.14528344
305 3222.14528344
306 3222.14528344
307 3222.14528344
308 3222.14528344
309 3222.14528344
310 5178.79802956
311 5178.79802956
312 5178.79802956
313 6032.8988764
314 1990.58823529
315 1990.58823529
316 1165.96020634
317 1165.96020634
318 1233.81772798
319 1233.81772798
320 1233.81772798
321 1301.67524961
322 1301.67524961
323 1301.67524961
324 1301.67524961
325 1385.23840491
326 1385.23840491
327 1385.23840491
328 1385.23840491
329 1468.80156021
330 1468.80156021
331 1468.80156021
332 1468.80156021
333 3112.83072546
334 3112.83072546
335 3112.83072546
336 3292.22047244
337 3063.83712575
338 983.504132231
339 983.504132231
340 983.504132231
341 983.504132231
342 2295.88615783
343 2295.88615783
344 1566.77342419
345 1566.77342419
346 1566.77342419
347 2858.84297521
348 2858.84297521
349 564.217772629
350 564.217772629
351 564.217772629
352 564.217772629
353 564.217772629
354 564.217772629
355 564.217772629
356 1427.66693101
357 1427.66693101
358 1427.66693101
359 510.484137332
360 510.484137332
361 510.484137332
362 510.484137332
363 510.484137332
364 510.484137332
365 510.484137332
366 510.484137332
367 1631.77072671
368 1631.77072671
369 1631.77072671
370 490.87301368
371 490.87301368
372 490.87301368
373 490.87301368
374 490.87301368
375 490.87301368
376 490.87301368
377 490.87301368
378 768.747243243
379 768.747243243
380 768.747243243
381 768.747243243
382 768.747243243
383 1565.19215686
384 1565.19215686
385 1565.19215686
386 1273.888
387 1273.888
388 1273.888
389 1356.22495152
390 1356.22495152
391 1359.85295405
392 1359.85295405
393 1359.85295405
394 455.141984242
395 455.141984242
396 455.141984242
397 455.141984242
398 455.141984242
399 455.141984242
400 455.141984242
401 696.388682927
402 696.388682927
403 696.388682927
404 696.388682927
405 696.388682927
406 696.388682927
407 1593.20061888
408 1593.20061888
409 1593.20061888
410 518.010130048
411 518.010130048
412 518.010130048
413 518.010130048
414 518.010130048
415 518.010130048
416 518.010130048
417 518.010130048
418 500.357538554
419 500.357538554
420 500.357538554
421 500.357538554
422 500.357538554
423 500.357538554
424 500.357538554
425 1698.82563873
426 1698.82563873
427 1698.82563873
428 1080.65185185
429 1080.65185185
430 1080.65185185
431 1080.65185185
432 1510.66469719
433 1510.66469719
434 1510.66469719
435 1380.0349345
436 1380.0349345
437 461.279025239
438 461.279025239
439 461.279025239
440 461.279025239
441 461.279025239
442 461.279025239
443 461.279025239
444 1097.76494845
445 1097.76494845
446 1097.76494845
447 1097.76494845
448 1444.54465593
449 1444.54465593
450 1444.54465593
451 1490.44402277
452 1490.44402277
453 1490.44402277
454 1478.96542894
455 1478.96542894
456 1478.96542894
457 1701.03675778
458 1701.03675778
459 1246.87719298
460 1246.87719298
461 1246.87719298
462 1246.87719298
463 1133.64705882
464 1133.64705882
465 1133.64705882
466 577.096763909
467 577.096763909
468 577.096763909
469 577.096763909
470 577.096763909
471 577.096763909
472 577.096763909
473 1573.63595098
474 1573.63595098
475 1573.63595098
476 2470.0581474
477 2470.0581474
478 2470.0581474
479 568.71727665
480 568.71727665
481 568.71727665
482 568.71727665
483 568.71727665
484 568.71727665
485 568.71727665
486 5988.19495798
487 2121.83365079
488 2121.83365079
489 509.226635852
490 509.226635852
491 509.226635852
492 509.226635852
493 509.226635852
494 509.226635852
495 509.226635852
496 1631.9279928
497 1631.9279928
498 1631.9279928
499 544.852482784
500 544.852482784
501 544.852482784
502 544.852482784
503 544.852482784
504 544.852482784
505 544.852482784
506 1688.87171229
507 1688.87171229
508 1467.63182527
509 1467.63182527
510 1467.63182527
511 1467.63182527
512 1274.01015228
513 1274.01015228
514 875.711645102
515 302.053333333
516 302.053333333
