1508724008.66	0	300	4.0	181801	1508724007451	1508724008544	1309.86	24.54	0	1309.85859491	1093.0	1330.65690759	1330.65690759	700.345740839	90.0
1508724009.73	1	300	6.92	155580	1508724008700	1508724009627	0.0	0.0	0	1305.90845922	927.0	1342.65372168	1336.62839604	703.488629495	90.0
1508724012.03	2	750	8.61	350812	1508724009774	1508724011904	0.0	0.0	0	1305.48207393	2130.0	1317.60375587	1330.22609875	700.118999341	90.0
1508724014.44	3	750	10.16	382355	1508724012068	1508724014390	0.0	0.0	0	1305.09190253	2322.0	1317.32988803	1326.97843208	698.409701094	90.0
1508724017.14	4	750	11.5	411561	1508724014471	1508724017011	0.0	0.0	0	1302.1017083	2540.0	1296.25511811	1320.71780833	695.114635963	90.0
1508724019.54	5	750	13.1	318564	1508724017181	1508724019441	0.0	0.0	0	1268.77827391	2260.0	1127.66017699	1275.15122872	671.132225643	90.0
1508724022.44	6	750	14.23	352642	1508724019579	1508724022313	0.0	0.0	0	1228.82771285	2734.0	1031.87125091	1206.14952382	634.815538852	90.0
1508724024.94	7	750	15.66	437162	1508724022466	1508724024814	0.0	0.0	0	1274.3091793	2348.0	1489.47870528	1232.18101942	648.516326012	90.0
1508724026.85	8	750	17.75	374758	1508724024968	1508724026800	0.0	0.0	0	1319.24609465	1832.0	1636.49781659	1278.83941411	673.07337585	90.0
1508724028.74	9	750	19.9	362795	1508724026873	1508724028645	0.0	0.0	0	1351.09448331	1772.0	1637.9006772	1333.73181848	701.964114989	90.0
1508724031.84	10	1200	20.78	607410	1508724028777	1508724031766	0.0	0.0	0	1394.52750202	2989.0	1625.72097692	1437.9388524	756.809922316	90.0
1508724036.25	11	1200	20.4	594078	1508724031870	1508724036140	817.76	16.3	124	817.760287381	4270.0	1113.02669789	1467.76614676	733.883073382	100.0
1508724040.34	12	1200	20.25	624282	1508724036301	1508724040246	1968.73	29.96	139	1968.73314565	3945.0	1265.97110266	1418.41201975	746.532641974	90.0
1508724043.94	13	1200	20.66	687371	1508724040367	1508724043883	0.0	0.0	139	1710.49239416	3516.0	1563.98407281	1407.10284768	740.580446147	90.0
1508724046.64	14	1200	21.95	526950	1508724043971	1508724046594	0.0	0.0	139	1672.06852487	2623.0	1607.16736561	1402.49479128	738.155153305	90.0
1508724049.45	15	1200	23.16	587876	1508724046669	1508724049386	0.0	0.0	139	1685.61969798	2717.0	1730.95620169	1417.36240282	745.980212013	90.0
1508724052.75	16	1200	23.94	617242	1508724049476	1508724052605	0.0	0.0	139	1663.23933187	3129.0	1578.11952701	1532.38207784	806.516883075	90.0
1508724056.55	17	1200	24.07	581493	1508724052777	1508724056475	1013.28	19.24	232	1013.28285906	3698.0	1257.9621417	1530.02388084	805.275726761	90.0
1508724061.95	18	1200	22.72	639204	1508724056734	1508724061827	1006.36	14.5	233	1006.35509358	5093.0	1004.05105046	1379.50235522	726.05387117	90.0
1508724074.34	19	1200	14.27	586839	1508724062041	1508724074273	355.4	372.15	268	355.39966903	12232.0	383.805755396	891.620441716	445.810220858	100.0
1508724077.05	20	750	15.55	386472	1508724074384	1508724076992	1179.6	25.32	273	1179.60066231	2608.0	1185.49693252	851.269568868	448.036615194	90.0
1508724079.94	21	750	16.71	399894	1508724077095	1508724079840	0.0	0.0	273	1169.19984397	2745.0	1165.44699454	819.947093374	431.551101776	90.0
1508724082.55	22	750	18.1	401853	1508724079973	1508724082444	0.0	0.0	273	1212.72527465	2471.0	1301.02144881	823.500087466	433.421098666	90.0
1508724085.15	23	750	19.46	343800	1508724082589	1508724085054	0.0	0.0	273	1189.61992728	2465.0	1115.78093306	837.252687332	440.659309122	90.0
1508724087.94	24	750	20.66	359903	1508724085187	1508724087866	0.0	0.0	273	1167.69998908	2679.0	1074.7383352	1163.63307241	612.438459162	90.0
1508724090.94	25	750	21.66	379700	1508724087977	1508724090890	0.0	0.0	273	1146.0197947	2913.0	1042.77377274	1133.18561562	596.413481903	90.0
1508724094.65	26	750	22.0	425781	1508724090987	1508724094515	0.0	0.0	273	1119.09231727	3528.0	965.489795918	1089.31425876	573.323294087	90.0
1508724097.35	27	750	23.31	277716	1508724094693	1508724097240	0.0	0.0	273	1095.42939685	2547.0	872.292108363	1006.47733026	529.724910662	90.0
1508724101.34	28	750	23.25	400396	1508724097541	1508724101229	0.0	0.0	273	1067.33897519	3688.0	868.537960954	957.313642034	503.849285281	90.0
1508724105.15	29	750	23.47	400508	1508724101393	1508724105080	0.0	0.0	273	1045.29159754	3687.0	869.016544616	918.574659089	483.460346889	90.0
1508724108.84	30	750	23.75	358218	1508724105201	1508724108750	0.0	0.0	273	1025.44368404	3549.0	807.479289941	873.720056508	459.85266132	90.0
1508724112.95	31	750	23.73	400322	1508724108906	1508724112820	0.0	0.0	273	1006.63197459	3914.0	818.236075626	846.159099462	445.346894454	90.0
1508724116.45	32	750	24.21	369834	1508724112997	1508724116336	0.0	0.0	273	996.558625248	3339.0	886.095238095	848.724078214	446.69688327	90.0
1508724120.14	33	750	24.46	412837	1508724116499	1508724120052	0.0	0.0	273	990.930855816	3553.0	929.551365044	859.753005666	452.501581929	90.0
1508724129.05	34	750	19.6	401088	1508724120181	1508724128950	694.82	121.97	435	694.821433626	8769.0	365.914471433	675.878736834	337.939368417	100.0
1508724131.84	35	750	20.75	365161	1508724129081	1508724131770	0.0	0.0	435	933.909381371	2689.0	1086.38452956	706.230721443	353.115360722	100.0
1508724132.95	36	300	23.66	131610	1508724131901	1508724132883	0.0	0.0	435	951.136888576	982.0	1072.17922607	736.33603446	368.16801723	100.0
1508724134.05	37	300	26.59	124011	1508724132991	1508724133955	0.0	0.0	435	956.202946612	964.0	1029.13692946	753.74773304	376.87386652	100.0
1508724137.65	38	750	26.96	378327	1508724134088	1508724137518	0.0	0.0	435	935.444883158	3430.0	882.395335277	747.271313683	373.635656842	100.0
1508724141.95	39	750	26.73	390680	1508724137707	1508724141813	0.0	0.0	435	889.968637625	4106.0	761.188504627	948.430750727	474.215375363	100.0
1508724146.16	40	750	26.5	345516	1508724142016	1508724146036	0.0	0.0	435	855.703625234	4020.0	687.594029851	861.218388415	430.609194207	100.0
1508724153.16	41	750	23.5	384505	1508724146244	1508724153041	0.0	0.0	435	788.266532606	6797.0	452.558481683	705.944713338	352.972356669	100.0
1508724154.94	42	300	25.65	145210	1508724153271	1508724154897	0.0	0.0	435	784.832877602	1626.0	714.440344403	665.715437905	332.857718952	100.0
1508724156.55	43	300	28.06	172312	1508724154997	1508724156464	0.0	0.0	435	794.980147609	1467.0	939.670074983	671.894811253	335.947405626	100.0
1508724158.03	44	300	30.6	167025	1508724156738	1508724157945	0.0	0.0	435	806.794357345	1207.0	1107.04225352	711.114762235	355.557381118	100.0
1508724160.22	45	750	32.38	393804	1508724158057	1508724160164	1479.64	20.41	514	1479.64428027	2107.0	1495.22164215	800.555326073	421.34490846	90.0
1508724176.13	46	1200	20.46	538612	1508724160253	1508724176081	648.32	312.19	534	648.322320202	15828.0	272.232499368	648.564281022	324.282140511	100.0
1508724188.63	47	1200	11.99	550906	1508724176186	1508724188550	265.18	223.47	550	265.17728392	12364.0	356.458104173	548.545278115	274.272639058	100.0
1508724192.92	48	1200	9.33	391450	1508724188677	1508724192897	0.0	0.0	550	570.844496977	4220.0	742.085308057	532.007230402	266.003615201	100.0
