0 -250.0
1 -100.087719298
2 -72.3436170213
3 -60.6704604782
4 -46.0448951827
5 -38.1
6 -33.6155370177
7 -31.6602511349
8 -28.018772649
9 -25.0335820896
10 -20.0813397129
11 -15.8923611111
12 -14.1721638275
13 -11.268707483
14 -8.07169684775
15 -5.99299421261
16 -3.76263204511
17 -0.972232726487
18 -0.131386861314
19 0.0
20 0.0
21 0.0
22 0.0
23 0.0
24 0.0
25 0.0
26 0.0
27 0.0
28 0.0
29 0.0
30 0.0
31 0.0
32 0.0
33 0.0
34 0.0
35 0.0
36 0.0
37 0.0
38 1.09888418623
39 1.84928229665
40 2.98927334196
41 5.04953489262
42 6.86602921647
43 8.180630759
44 9.18367346939
45 9.87203791469
46 11.0693877551
47 11.8752995191
48 13.4188901621
49 13.9646223451
50 15.9982814965
51 16.4489645626
52 17.3033235665
53 18.3486238532
54 18.6336172478
55 19.2791090067
56 20.7441156055
57 21.1002855534
58 21.8690019984
59 22.7125696879
60 23.6023519164
61 24.5488082627
62 25.3340689187
63 25.9091393552
64 26.760951189
65 27.0491803279
66 27.8878688985
67 29.0476000942
68 29.5918367347
69 29.5918367347
70 29.8585858586
71 30.8425531915
72 31.5569179235
73 32.3090632603
74 33.3333333333
75 34.3195266272
76 35.8877639249
77 37.1112820513
78 37.8782388302
79 39.7140659341
80 40.6511663247
81 40.9710753962
82 42.0289855072
83 42.0289855072
84 42.0289855072
85 42.0289855072
86 42.8571428571
87 43.8809049704
88 45.0241269841
89 45.9183277252
90 48.2707359649
91 50.0264705882
92 51.5693871665
93 52.7506493506
94 54.9513178725
95 55.7786966919
96 58.0554327949
97 59.4280558483
98 61.4949492461
99 63.5309278351
100 67.2680412371
