0 3552.75590551
1000 3552.75590551
2000 3552.75590551
3000 3552.75590551
4000 4433.2603057
5000 667.970173985
6000 1335.94034797
7000 1945.63291908
8000 2555.3254902
9000 2033.40138146
10000 1511.47727273
11000 2357.13815188
12000 3124.01683029
13000 2308.0441324
14000 2683.69535114
15000 2728.49956846
16000 2773.30378578
17000 2552.35780591
18000 2374.82078473
19000 4535.77865613
20000 3181.17647059
21000 4417.70296549
22000 3677.05882353
23000 8499.0062333
24000 8499.0062333
25000 8499.0062333
26000 14256.9256198
27000 14256.9256198
28000 11596.2820375
29000 8935.63845522
30000 8935.63845522
31000 10030.7529033
32000 11125.8673513
33000 11125.8673513
34000 13298.3142929
35000 15470.7612344
36000 15470.7612344
37000 15063.4528927
38000 14656.1445511
39000 14656.1445511
40000 10293.949634
41000 5931.75471698
42000 5931.75471698
43000 5931.75471698
44000 5931.75471698
45000 8963.23816853
46000 8963.23816853
47000 8963.23816853
48000 10571.222991
49000 10571.222991
50000 13064.8894468
51000 15558.5559026
52000 15558.5559026
53000 11099.8432
54000 6641.13049748
55000 6641.13049748
56000 6641.13049748
57000 8227.88200199
58000 8227.88200199
59000 8227.88200199
60000 8162.89311208
61000 8097.90422216
62000 8097.90422216
63000 8097.90422216
64000 8876.97592806
65000 9656.04763397
66000 9656.04763397
67000 9656.04763397
68000 9483.2009287
69000 9310.35422343
70000 9310.35422343
71000 9310.35422343
72000 8351.26657216
73000 7392.17892088
74000 7392.17892088
75000 7392.17892088
76000 7392.17892088
77000 13838.8934319
78000 13838.8934319
79000 9215.44957208
80000 9215.44957208
81000 4592.00571225
82000 4592.00571225
83000 4592.00571225
84000 4592.00571225
85000 4592.00571225
86000 5485.47003759
87000 6378.93436293
88000 6378.93436293
89000 6378.93436293
90000 6378.93436293
91000 6378.93436293
92000 7720.45033113
93000 7720.45033113
94000 7720.45033113
95000 7720.45033113
96000 7273.93220132
97000 6827.41407151
98000 6827.41407151
99000 6827.41407151
100000 6827.41407151
101000 6404.57653383
102000 5981.73899614
103000 5981.73899614
104000 5981.73899614
105000 5981.73899614
106000 5981.73899614
107000 5347.01020159
108000 4712.28140704
109000 4712.28140704
110000 4712.28140704
111000 4712.28140704
112000 4712.28140704
113000 4712.28140704
114000 3690.27982095
115000 2668.27823485
116000 2668.27823485
117000 3110.51707018
118000 3110.51707018
119000 3110.51707018
120000 3552.75590551
121000 5313.76470588
122000 667.970173985
123000 1335.94034797
124000 1945.63291908
125000 2555.3254902
126000 1511.47727273
127000 1511.47727273
128000 2357.13815188
129000 3124.01683029
130000 2308.0441324
131000 2683.69535114
132000 2773.30378578
133000 2773.30378578
134000 2552.35780591
135000 2374.82078473
136000 4535.77865613
137000 3181.17647059
138000 4417.70296549
139000 6088.03252842
140000 8499.0062333
141000 8499.0062333
142000 8499.0062333
143000 14256.9256198
144000 14256.9256198
145000 11596.2820375
146000 8935.63845522
147000 8935.63845522
148000 10030.7529033
149000 11125.8673513
150000 11125.8673513
151000 13298.3142929
152000 15470.7612344
153000 15470.7612344
154000 15063.4528927
155000 14656.1445511
156000 14656.1445511
157000 10293.949634
158000 5931.75471698
159000 5931.75471698
160000 5931.75471698
161000 5931.75471698
162000 8963.23816853
163000 8963.23816853
164000 9767.23057977
165000 10571.222991
166000 10571.222991
167000 13064.8894468
168000 15558.5559026
169000 15558.5559026
170000 11099.8432
171000 6641.13049748
172000 6641.13049748
173000 6641.13049748
174000 8227.88200199
175000 8227.88200199
176000 8227.88200199
177000 8162.89311208
178000 8097.90422216
179000 8097.90422216
180000 8097.90422216
181000 8876.97592806
182000 9656.04763397
183000 9656.04763397
184000 9656.04763397
185000 9483.2009287
186000 9310.35422343
187000 9310.35422343
188000 9310.35422343
189000 8351.26657216
190000 7392.17892088
191000 7392.17892088
192000 7392.17892088
193000 10615.5361764
194000 13838.8934319
195000 13838.8934319
196000 9215.44957208
197000 9215.44957208
198000 4592.00571225
199000 4592.00571225
200000 4592.00571225
201000 4592.00571225
202000 4592.00571225
203000 5485.47003759
204000 6378.93436293
205000 6378.93436293
206000 6378.93436293
207000 6378.93436293
208000 7049.69234703
209000 7720.45033113
210000 7720.45033113
211000 7720.45033113
212000 7720.45033113
213000 7273.93220132
214000 6827.41407151
215000 6827.41407151
216000 6827.41407151
217000 6827.41407151
218000 6404.57653383
219000 5981.73899614
220000 5981.73899614
221000 5981.73899614
222000 5981.73899614
223000 5981.73899614
224000 5347.01020159
225000 4712.28140704
226000 4712.28140704
227000 4712.28140704
228000 4712.28140704
229000 4712.28140704
230000 4712.28140704
231000 3690.27982095
232000 2668.27823485
233000 2668.27823485
