0 2779.48179104
1000 2779.48179104
2000 2779.48179104
3000 2779.48179104
4000 2779.48179104
5000 1399.65987313
6000 1399.65987313
7000 1399.65987313
8000 1399.65987313
9000 1399.65987313
10000 1399.65987313
11000 1399.65987313
12000 2664.69145935
13000 2664.69145935
14000 2664.69145935
15000 2664.69145935
16000 3487.80591409
17000 4310.92036882
18000 4310.92036882
19000 4938.8984961
20000 5566.87662338
21000 5566.87662338
22000 5031.57811244
23000 4496.2796015
24000 4496.2796015
25000 4496.2796015
26000 4496.2796015
27000 4496.2796015
28000 4496.2796015
29000 6130.96741855
30000 6130.96741855
31000 6130.96741855
32000 5332.21420765
33000 5332.21420765
34000 5332.21420765
35000 5348.62115529
36000 5348.62115529
37000 5348.62115529
38000 3402.3212033
39000 3402.3212033
40000 3402.3212033
41000 3402.3212033
42000 4301.55625479
43000 5200.79130628
44000 5200.79130628
45000 5200.79130628
46000 5200.79130628
47000 5200.79130628
48000 5200.79130628
49000 5200.79130628
50000 5200.79130628
51000 5200.79130628
52000 2712.14630398
53000 5424.29260796
54000 5424.29260796
55000 5424.29260796
56000 5424.29260796
57000 5424.29260796
58000 5424.29260796
59000 4039.0085262
60000 2653.72444444
61000 2653.72444444
62000 2653.72444444
63000 2653.72444444
64000 2653.72444444
65000 2653.72444444
66000 2653.72444444
67000 2653.72444444
68000 2653.72444444
69000 2653.72444444
70000 2653.72444444
71000 2653.72444444
72000 2653.72444444
73000 2653.72444444
74000 8262.11211073
75000 8262.11211073
76000 8262.11211073
77000 8262.11211073
78000 8262.11211073
79000 9128.6199095
80000 9128.6199095
81000 9128.6199095
82000 9128.6199095
83000 4067.16723549
84000 4067.16723549
85000 4067.16723549
86000 4067.16723549
87000 4067.16723549
88000 4067.16723549
89000 4067.16723549
90000 4067.16723549
91000 4067.16723549
92000 4067.16723549
93000 4067.16723549
94000 4067.16723549
95000 4067.16723549
96000 4067.16723549
97000 1640.81057269
98000 1216.65547562
99000 1216.65547562
100000 1216.65547562
101000 1216.65547562
102000 1216.65547562
103000 2774.28959522
104000 2774.28959522
105000 2774.28959522
106000 2774.28959522
107000 2074.40156556
108000 2074.40156556
109000 2074.40156556
110000 2074.40156556
111000 2074.40156556
112000 3290.25176317
113000 4506.10196078
114000 4506.10196078
115000 4632.53669518
116000 4632.53669518
117000 4632.53669518
118000 4439.87054502
119000 4439.87054502
120000 4439.87054502
121000 4439.87054502
122000 4439.87054502
123000 4439.87054502
124000 4439.87054502
125000 4439.87054502
126000 4439.87054502
127000 4439.87054502
128000 6166.53834837
129000 7893.20615172
130000 7893.20615172
131000 7893.20615172
132000 7893.20615172
133000 7893.20615172
134000 11610.8355589
135000 15328.4649661
136000 15328.4649661
137000 15328.4649661
138000 15056.5030713
139000 15056.5030713
140000 14784.5411765
141000 14784.5411765
142000 14784.5411765
143000 10522.2345751
144000 6259.92797362
145000 6259.92797362
146000 6259.92797362
147000 6259.92797362
148000 6259.92797362
149000 6259.92797362
150000 6259.92797362
151000 6259.92797362
152000 2779.48179104
153000 2779.48179104
154000 2779.48179104
155000 2779.48179104
156000 1399.65987313
157000 1399.65987313
158000 1399.65987313
159000 1399.65987313
160000 1399.65987313
161000 1399.65987313
162000 1399.65987313
163000 2664.69145935
164000 2664.69145935
165000 2664.69145935
166000 2664.69145935
167000 3487.80591409
168000 4310.92036882
169000 4310.92036882
170000 4938.8984961
171000 5566.87662338
172000 5566.87662338
173000 5031.57811244
174000 4496.2796015
175000 4496.2796015
176000 4496.2796015
177000 4496.2796015
178000 4496.2796015
179000 4496.2796015
180000 6130.96741855
181000 6130.96741855
182000 6130.96741855
183000 5332.21420765
184000 5332.21420765
185000 5332.21420765
186000 5348.62115529
187000 5348.62115529
188000 5348.62115529
189000 3402.3212033
190000 3402.3212033
191000 3402.3212033
192000 3402.3212033
193000 4301.55625479
194000 5200.79130628
195000 5200.79130628
196000 5200.79130628
197000 5200.79130628
198000 5200.79130628
199000 5200.79130628
200000 5200.79130628
201000 5200.79130628
202000 5200.79130628
203000 2712.14630398
204000 5424.29260796
205000 5424.29260796
206000 5424.29260796
207000 5424.29260796
208000 5424.29260796
209000 5424.29260796
210000 4039.0085262
211000 2653.72444444
212000 2653.72444444
213000 2653.72444444
214000 2653.72444444
215000 2653.72444444
216000 2653.72444444
217000 2653.72444444
218000 2653.72444444
219000 2653.72444444
220000 2653.72444444
221000 2653.72444444
222000 2653.72444444
223000 2653.72444444
224000 2653.72444444
225000 8262.11211073
226000 8262.11211073
227000 8262.11211073
228000 8262.11211073
229000 8262.11211073
230000 9128.6199095
231000 9128.6199095
232000 9128.6199095
233000 9128.6199095
234000 4067.16723549
235000 4067.16723549
236000 4067.16723549
237000 4067.16723549
238000 4067.16723549
239000 4067.16723549
240000 4067.16723549
241000 4067.16723549
242000 4067.16723549
243000 4067.16723549
244000 4067.16723549
245000 4067.16723549
246000 4067.16723549
247000 4067.16723549
248000 1640.81057269
249000 1216.65547562
250000 1216.65547562
251000 1216.65547562
252000 1216.65547562
253000 1216.65547562
254000 2774.28959522
255000 2774.28959522
256000 2774.28959522
257000 2774.28959522
258000 2074.40156556
259000 2074.40156556
260000 2074.40156556
261000 2074.40156556
262000 2074.40156556
263000 3290.25176317
264000 4506.10196078
265000 4506.10196078
266000 4632.53669518
267000 4632.53669518
268000 4632.53669518
269000 4439.87054502
270000 4439.87054502
271000 4439.87054502
272000 4439.87054502
273000 4439.87054502
274000 4439.87054502
275000 4439.87054502
276000 4439.87054502
277000 4439.87054502
278000 4439.87054502
279000 6166.53834837
280000 7893.20615172
281000 7893.20615172
282000 7893.20615172
283000 7893.20615172
284000 7893.20615172
285000 11610.8355589
286000 15328.4649661
287000 15328.4649661
288000 15328.4649661
289000 15056.5030713
290000 15056.5030713
291000 14784.5411765
292000 14784.5411765
293000 14784.5411765
294000 10522.2345751
295000 6259.92797362
296000 6259.92797362
297000 6259.92797362
298000 6259.92797362
299000 6259.92797362
300000 6259.92797362
301000 6259.92797362
302000 6259.92797362
