0 7864.59188544
1000 7864.59188544
2000 8084.79864061
3000 8084.79864061
4000 8179.23722069
5000 8179.23722069
6000 8179.23722069
7000 7081.07210913
8000 5982.90699757
9000 5982.90699757
10000 5982.90699757
11000 5982.90699757
12000 5982.90699757
13000 5982.90699757
14000 5982.90699757
15000 5982.90699757
16000 7578.47437011
17000 7578.47437011
18000 7578.47437011
19000 7578.47437011
20000 7578.47437011
21000 5935.20761413
22000 5935.20761413
23000 5935.20761413
24000 5935.20761413
25000 5935.20761413
26000 5935.20761413
27000 4687.12727273
28000 4687.12727273
29000 4687.12727273
30000 4687.12727273
31000 4687.12727273
32000 4687.12727273
33000 4687.12727273
34000 4687.12727273
35000 3777.68644339
36000 5011.08650339
37000 7153.92739274
38000 7153.92739274
39000 7153.92739274
40000 7153.92739274
41000 6720.13611016
42000 6286.34482759
43000 6286.34482759
44000 6286.34482759
45000 6286.34482759
46000 6286.34482759
47000 5629.30727056
48000 5629.30727056
49000 5629.30727056
50000 5629.30727056
51000 5629.30727056
52000 2756.90551351
53000 2756.90551351
54000 2756.90551351
55000 2756.90551351
56000 2756.90551351
57000 6535.89774436
58000 6535.89774436
59000 6535.89774436
60000 6535.89774436
61000 6535.89774436
62000 4111.9022548
63000 4111.9022548
64000 4111.9022548
65000 4111.9022548
66000 4111.9022548
67000 4111.9022548
68000 4111.9022548
69000 4111.9022548
70000 4111.9022548
71000 6187.58381938
72000 6187.58381938
73000 6187.58381938
74000 6187.58381938
75000 6187.58381938
76000 6187.58381938
77000 6350.88758324
78000 6350.88758324
79000 6350.88758324
80000 6350.88758324
81000 6350.88758324
82000 6759.60652521
83000 6759.60652521
84000 6759.60652521
85000 6759.60652521
86000 6759.60652521
87000 6759.60652521
88000 6759.60652521
89000 6759.60652521
90000 7938.85094607
91000 9118.09536693
92000 9118.09536693
93000 9118.09536693
94000 9118.09536693
95000 9118.09536693
96000 9118.09536693
97000 7144.52966035
98000 7144.52966035
99000 7144.52966035
100000 7144.52966035
101000 7144.52966035
102000 7144.52966035
103000 6341.00035141
104000 5537.47104247
105000 5537.47104247
106000 5537.47104247
107000 5537.47104247
108000 5537.47104247
109000 5537.47104247
110000 5537.47104247
111000 5537.47104247
112000 7807.8614906
113000 7807.8614906
114000 7807.8614906
115000 7807.8614906
116000 7807.8614906
117000 7807.8614906
118000 7807.8614906
119000 7807.8614906
120000 6850.38471338
121000 6850.38471338
122000 6850.38471338
123000 6850.38471338
124000 6850.38471338
125000 6850.38471338
126000 6850.38471338
127000 6850.38471338
128000 4904.61247892
129000 4904.61247892
130000 4904.61247892
131000 4904.61247892
132000 4904.61247892
133000 4904.61247892
134000 4904.61247892
135000 4904.61247892
136000 4904.61247892
137000 4904.61247892
138000 4904.61247892
139000 4904.61247892
140000 6773.36310581
141000 6773.36310581
142000 6773.36310581
143000 6773.36310581
144000 6773.36310581
145000 6773.36310581
146000 6773.36310581
147000 6773.36310581
148000 5707.42885948
149000 5707.42885948
150000 5707.42885948
151000 5707.42885948
152000 5707.42885948
153000 5707.42885948
154000 5707.42885948
155000 5707.42885948
156000 942.558005753
157000 4403.5749456
158000 7864.59188544
159000 8084.79864061
160000 8084.79864061
161000 8179.23722069
162000 8179.23722069
163000 8179.23722069
164000 7081.07210913
165000 5982.90699757
166000 5982.90699757
167000 5982.90699757
168000 5982.90699757
169000 5982.90699757
170000 5982.90699757
171000 5982.90699757
172000 5982.90699757
173000 7578.47437011
174000 7578.47437011
175000 7578.47437011
176000 7578.47437011
177000 7578.47437011
178000 5935.20761413
179000 5935.20761413
180000 5935.20761413
181000 5935.20761413
182000 5935.20761413
183000 5935.20761413
184000 4687.12727273
185000 4687.12727273
186000 4687.12727273
187000 4687.12727273
188000 4687.12727273
189000 4687.12727273
190000 4687.12727273
191000 4687.12727273
192000 2868.24561404
193000 7153.92739274
194000 7153.92739274
195000 7153.92739274
196000 7153.92739274
197000 7153.92739274
198000 6720.13611016
199000 6286.34482759
200000 6286.34482759
201000 6286.34482759
202000 6286.34482759
203000 6286.34482759
204000 5629.30727056
205000 5629.30727056
206000 5629.30727056
207000 5629.30727056
208000 5629.30727056
209000 2756.90551351
210000 2756.90551351
211000 2756.90551351
212000 2756.90551351
213000 2756.90551351
214000 6535.89774436
215000 6535.89774436
216000 6535.89774436
217000 6535.89774436
218000 6535.89774436
219000 4111.9022548
220000 4111.9022548
221000 4111.9022548
222000 4111.9022548
223000 4111.9022548
224000 4111.9022548
225000 4111.9022548
226000 4111.9022548
227000 4111.9022548
228000 6187.58381938
229000 6187.58381938
230000 6187.58381938
231000 6187.58381938
232000 6187.58381938
233000 6187.58381938
234000 6350.88758324
235000 6350.88758324
236000 6350.88758324
237000 6350.88758324
238000 6350.88758324
239000 6759.60652521
240000 6759.60652521
241000 6759.60652521
242000 6759.60652521
243000 6759.60652521
244000 6759.60652521
245000 6759.60652521
246000 6759.60652521
247000 7938.85094607
248000 9118.09536693
249000 9118.09536693
250000 9118.09536693
251000 9118.09536693
252000 9118.09536693
253000 7581.96996326
254000 7144.52966035
255000 7144.52966035
256000 7144.52966035
257000 7144.52966035
258000 7144.52966035
259000 7144.52966035
260000 6341.00035141
261000 5537.47104247
262000 5537.47104247
263000 5537.47104247
264000 5537.47104247
265000 5537.47104247
266000 5537.47104247
267000 5537.47104247
268000 5537.47104247
269000 7807.8614906
270000 7807.8614906
271000 7807.8614906
272000 7807.8614906
273000 7807.8614906
274000 7807.8614906
275000 7807.8614906
276000 7329.12310199
277000 6850.38471338
278000 6850.38471338
279000 6850.38471338
280000 6850.38471338
281000 6850.38471338
282000 6850.38471338
283000 6850.38471338
284000 6850.38471338
285000 4904.61247892
286000 4904.61247892
287000 4904.61247892
288000 4904.61247892
289000 4904.61247892
290000 4904.61247892
291000 4904.61247892
292000 4904.61247892
293000 4904.61247892
294000 4904.61247892
295000 4904.61247892
296000 4904.61247892
297000 6773.36310581
298000 6773.36310581
299000 6773.36310581
300000 6773.36310581
301000 6773.36310581
302000 6773.36310581
303000 6773.36310581
304000 6773.36310581
305000 5707.42885948
306000 5707.42885948
307000 5707.42885948
308000 5707.42885948
309000 5707.42885948
310000 5707.42885948
311000 5707.42885948
312000 5707.42885948
313000 942.558005753
