0 4397.42844562
1000 4397.42844562
2000 4397.42844562
3000 4397.42844562
4000 4308.90736929
5000 4308.90736929
6000 4308.90736929
7000 3530.07162645
8000 5027.10991957
9000 5027.10991957
10000 5027.10991957
11000 4590.93579799
12000 4590.93579799
13000 4590.93579799
14000 4590.93579799
15000 4590.93579799
16000 4590.93579799
17000 4855.67595283
18000 4855.67595283
19000 4855.67595283
20000 4855.67595283
21000 4855.67595283
22000 4855.67595283
23000 3087.16676
24000 3087.16676
25000 3087.16676
26000 3087.16676
27000 3087.16676
28000 3087.16676
29000 3087.16676
30000 3087.16676
31000 3087.16676
32000 2320.55679072
33000 2320.55679072
34000 2386.43150016
35000 2386.43150016
36000 2386.43150016
37000 2386.43150016
38000 2386.43150016
39000 2386.43150016
40000 2386.43150016
41000 3240.97254902
42000 3240.97254902
43000 3240.97254902
44000 3240.97254902
45000 2676.02008032
46000 2676.02008032
47000 2676.02008032
48000 2676.02008032
49000 2462.13419786
50000 2462.13419786
51000 2462.13419786
52000 2462.13419786
53000 2462.13419786
54000 2462.13419786
55000 2462.13419786
56000 2462.13419786
57000 2462.13419786
58000 2462.13419786
59000 2462.13419786
60000 12667.9624893
61000 2681.21888412
62000 2681.21888412
63000 2681.21888412
64000 2681.21888412
65000 2681.21888412
66000 2681.21888412
67000 2130.64789576
68000 2130.64789576
69000 2130.64789576
70000 2130.64789576
71000 2130.64789576
72000 2130.64789576
73000 2080.61508712
74000 2030.58227848
75000 2030.58227848
76000 2030.58227848
77000 2030.58227848
78000 2030.58227848
79000 2030.58227848
80000 2030.58227848
81000 3109.63012552
82000 3109.63012552
83000 3109.63012552
84000 3109.63012552
85000 3109.63012552
86000 2468.83018868
87000 2468.83018868
88000 2468.83018868
89000 2468.83018868
90000 2468.83018868
91000 2468.83018868
92000 2468.83018868
93000 2468.83018868
94000 2468.83018868
95000 2468.83018868
96000 2468.83018868
97000 3269.12806158
98000 3269.12806158
99000 3269.12806158
100000 3269.12806158
101000 3269.12806158
102000 3269.12806158
103000 3269.12806158
104000 3269.12806158
105000 1912.69135802
106000 1912.69135802
107000 1912.69135802
108000 1912.69135802
109000 1912.69135802
110000 1912.69135802
111000 1912.69135802
112000 2584.41687345
113000 2584.41687345
114000 2584.41687345
115000 2584.41687345
116000 2584.41687345
117000 2584.41687345
118000 2344.73334404
119000 2344.73334404
120000 2344.73334404
121000 2344.73334404
122000 2344.73334404
123000 2344.73334404
124000 3385.26489322
125000 3385.26489322
126000 3385.26489322
127000 3385.26489322
128000 3385.26489322
129000 3385.26489322
130000 3196.20773481
131000 3196.20773481
132000 3196.20773481
133000 3196.20773481
134000 3196.20773481
135000 3196.20773481
136000 3196.20773481
137000 3196.20773481
138000 3196.20773481
139000 3196.20773481
140000 2779.11251735
141000 2362.0172999
142000 2362.0172999
143000 2362.0172999
144000 2362.0172999
145000 2362.0172999
146000 2362.0172999
147000 2362.0172999
148000 2362.0172999
149000 2362.0172999
150000 2905.88351389
151000 2905.88351389
152000 2905.88351389
153000 2905.88351389
154000 2905.88351389
155000 2905.88351389
156000 2905.88351389
157000 2905.88351389
158000 2905.88351389
159000 861.012285012
160000 2629.22036532
161000 4397.42844562
162000 4397.42844562
163000 4308.90736929
164000 4308.90736929
165000 4308.90736929
166000 3530.07162645
167000 5027.10991957
168000 5027.10991957
169000 5027.10991957
170000 4590.93579799
171000 4590.93579799
172000 4590.93579799
173000 4590.93579799
174000 4590.93579799
175000 4590.93579799
176000 4855.67595283
177000 4855.67595283
178000 4855.67595283
179000 4855.67595283
180000 4855.67595283
181000 4855.67595283
182000 3087.16676
183000 3087.16676
184000 3087.16676
185000 3087.16676
186000 3087.16676
187000 3087.16676
188000 3087.16676
189000 3087.16676
190000 3087.16676
191000 2320.55679072
192000 2320.55679072
193000 2386.43150016
194000 2386.43150016
195000 2386.43150016
196000 2386.43150016
197000 2386.43150016
198000 2386.43150016
199000 2386.43150016
200000 3240.97254902
201000 3240.97254902
202000 3240.97254902
203000 3240.97254902
204000 2676.02008032
205000 2676.02008032
206000 2676.02008032
207000 2676.02008032
208000 2462.13419786
209000 2462.13419786
210000 2462.13419786
211000 2462.13419786
212000 2462.13419786
213000 2462.13419786
214000 2462.13419786
215000 2462.13419786
216000 2462.13419786
217000 2462.13419786
218000 2462.13419786
219000 12667.9624893
220000 2681.21888412
221000 2681.21888412
222000 2681.21888412
223000 2681.21888412
224000 2681.21888412
225000 2681.21888412
226000 2130.64789576
227000 2130.64789576
228000 2130.64789576
229000 2130.64789576
230000 2130.64789576
231000 2130.64789576
232000 2080.61508712
233000 2030.58227848
234000 2030.58227848
235000 2030.58227848
236000 2030.58227848
237000 2030.58227848
238000 2030.58227848
239000 2030.58227848
240000 3109.63012552
241000 3109.63012552
242000 3109.63012552
243000 3109.63012552
244000 3109.63012552
245000 2468.83018868
246000 2468.83018868
247000 2468.83018868
248000 2468.83018868
249000 2468.83018868
250000 2468.83018868
251000 2468.83018868
252000 2468.83018868
253000 2468.83018868
254000 2468.83018868
255000 2468.83018868
256000 3269.12806158
257000 3269.12806158
258000 3269.12806158
259000 3269.12806158
260000 3269.12806158
261000 3269.12806158
262000 3269.12806158
263000 3269.12806158
264000 1912.69135802
265000 1912.69135802
266000 1912.69135802
267000 1912.69135802
268000 1912.69135802
269000 1912.69135802
270000 1912.69135802
271000 2584.41687345
272000 2584.41687345
273000 2584.41687345
274000 2584.41687345
275000 2584.41687345
276000 2584.41687345
277000 2344.73334404
278000 2344.73334404
279000 2344.73334404
280000 2344.73334404
281000 2344.73334404
282000 2344.73334404
283000 3385.26489322
284000 3385.26489322
285000 3385.26489322
286000 3385.26489322
287000 3385.26489322
288000 3385.26489322
289000 3196.20773481
290000 3196.20773481
291000 3196.20773481
292000 3196.20773481
293000 3196.20773481
294000 3196.20773481
295000 3196.20773481
296000 3196.20773481
297000 3196.20773481
298000 3196.20773481
299000 2779.11251735
300000 2362.0172999
301000 2362.0172999
302000 2362.0172999
303000 2362.0172999
304000 2362.0172999
305000 2362.0172999
306000 2362.0172999
307000 2362.0172999
308000 2362.0172999
309000 2905.88351389
310000 2905.88351389
311000 2905.88351389
312000 2905.88351389
313000 2905.88351389
314000 2905.88351389
315000 2905.88351389
316000 2905.88351389
317000 2905.88351389
318000 861.012285012
