0 11994.6870229
1000 11994.6870229
2000 3506.84779375
3000 3506.84779375
4000 5379.05099778
5000 5379.05099778
6000 3287.83728596
7000 7631.25479452
8000 7631.25479452
9000 7631.25479452
10000 7631.25479452
11000 4055.11023622
12000 5416.19290391
13000 6777.2755716
14000 6777.2755716
15000 6777.2755716
16000 6777.2755716
17000 6777.2755716
18000 6777.2755716
19000 10095.9946862
20000 10095.9946862
21000 10095.9946862
22000 10556.4443521
23000 11016.8940181
24000 11016.8940181
25000 11016.8940181
26000 11016.8940181
27000 11016.8940181
28000 8548.79547584
29000 6080.69693358
30000 6080.69693358
31000 6080.69693358
32000 6080.69693358
33000 6080.69693358
34000 6080.69693358
35000 6080.69693358
36000 6080.69693358
37000 6080.69693358
38000 6788.87880251
39000 6788.87880251
40000 6788.87880251
41000 6788.87880251
42000 6788.87880251
43000 6788.87880251
44000 6788.87880251
45000 6788.87880251
46000 6788.87880251
47000 9063.25471518
48000 9063.25471518
49000 9063.25471518
50000 9063.25471518
51000 9063.25471518
52000 9063.25471518
53000 7303.6386751
54000 5544.02263501
55000 5544.02263501
56000 5544.02263501
57000 5544.02263501
58000 5544.02263501
59000 5544.02263501
60000 5544.02263501
61000 5544.02263501
62000 2772.01131751
63000 0.0
64000 10294.0025094
65000 10294.0025094
66000 10294.0025094
67000 10294.0025094
68000 10294.0025094
69000 7981.02079237
70000 7981.02079237
71000 7981.02079237
72000 5668.03907535
73000 5668.03907535
74000 5668.03907535
75000 5668.03907535
76000 5668.03907535
77000 5668.03907535
78000 5668.03907535
79000 5668.03907535
80000 5668.03907535
81000 5668.03907535
82000 6878.12500975
83000 8088.21094415
84000 8088.21094415
85000 8088.21094415
86000 8088.21094415
87000 8088.21094415
88000 8088.21094415
89000 8088.21094415
90000 8241.75880541
91000 8241.75880541
92000 8241.75880541
93000 8241.75880541
94000 8395.30666667
95000 8395.30666667
96000 8395.30666667
97000 8395.30666667
98000 8395.30666667
99000 8395.30666667
100000 8395.30666667
101000 8669.81065497
102000 8944.31464326
103000 8944.31464326
104000 8944.31464326
105000 8944.31464326
106000 8944.31464326
107000 8944.31464326
108000 8944.31464326
109000 9226.3583101
110000 9508.40197694
111000 9508.40197694
112000 9508.40197694
113000 9508.40197694
114000 9508.40197694
115000 9508.40197694
116000 9222.7237303
117000 9222.7237303
118000 8937.04548366
119000 8937.04548366
120000 8937.04548366
121000 8937.04548366
122000 8937.04548366
123000 8937.04548366
124000 8425.07052294
125000 8425.07052294
126000 7913.09556221
127000 7913.09556221
128000 7913.09556221
129000 7913.09556221
130000 7913.09556221
131000 7913.09556221
132000 7913.09556221
133000 7913.09556221
134000 7048.01022818
135000 6182.92489414
136000 6182.92489414
137000 6182.92489414
138000 6182.92489414
139000 6182.92489414
140000 6182.92489414
141000 6182.92489414
142000 6182.92489414
143000 6182.92489414
144000 6108.16023994
145000 6108.16023994
146000 6108.16023994
147000 6108.16023994
148000 6033.39558574
149000 6033.39558574
150000 6033.39558574
151000 6033.39558574
152000 6033.39558574
153000 6033.39558574
154000 6033.39558574
155000 6033.39558574
156000 6033.39558574
157000 6033.39558574
158000 4947.19558478
159000 3860.99558382
160000 3860.99558382
161000 3860.99558382
162000 3860.99558382
163000 3860.99558382
164000 7927.84130336
165000 11994.6870229
166000 3506.84779375
167000 3506.84779375
168000 5379.05099778
169000 5379.05099778
170000 1196.62357414
171000 7631.25479452
172000 7631.25479452
173000 7631.25479452
174000 7631.25479452
175000 4055.11023622
176000 6777.2755716
177000 6777.2755716
178000 6777.2755716
179000 6777.2755716
180000 6777.2755716
181000 6777.2755716
182000 6777.2755716
183000 10095.9946862
184000 10095.9946862
185000 10095.9946862
186000 11016.8940181
187000 11016.8940181
188000 11016.8940181
189000 11016.8940181
190000 11016.8940181
191000 11016.8940181
192000 8548.79547584
193000 6080.69693358
194000 6080.69693358
195000 6080.69693358
196000 6080.69693358
197000 6080.69693358
198000 6080.69693358
199000 6080.69693358
200000 6080.69693358
201000 6080.69693358
202000 6788.87880251
203000 6788.87880251
204000 6788.87880251
205000 6788.87880251
206000 6788.87880251
207000 6788.87880251
208000 6788.87880251
209000 6788.87880251
210000 7926.06675885
211000 9063.25471518
212000 9063.25471518
213000 9063.25471518
214000 9063.25471518
215000 9063.25471518
216000 7303.6386751
217000 7303.6386751
218000 5544.02263501
219000 5544.02263501
220000 5544.02263501
221000 5544.02263501
222000 5544.02263501
223000 5544.02263501
224000 5544.02263501
225000 5544.02263501
226000 2772.01131751
227000 5147.0012547
228000 10294.0025094
229000 10294.0025094
230000 10294.0025094
231000 10294.0025094
232000 10294.0025094
233000 7981.02079237
234000 7981.02079237
235000 7981.02079237
236000 5668.03907535
237000 5668.03907535
238000 5668.03907535
239000 5668.03907535
240000 5668.03907535
241000 5668.03907535
242000 5668.03907535
243000 5668.03907535
244000 5668.03907535
245000 5668.03907535
246000 8088.21094415
247000 8088.21094415
248000 8088.21094415
249000 8088.21094415
250000 8088.21094415
251000 8088.21094415
252000 8088.21094415
253000 8088.21094415
254000 8241.75880541
255000 8241.75880541
256000 8241.75880541
257000 8241.75880541
258000 8395.30666667
259000 8395.30666667
260000 8395.30666667
261000 8395.30666667
262000 8395.30666667
263000 8395.30666667
264000 8395.30666667
265000 8669.81065497
266000 8944.31464326
267000 8944.31464326
268000 8944.31464326
269000 8944.31464326
270000 8944.31464326
271000 8944.31464326
272000 9226.3583101
273000 9226.3583101
274000 9508.40197694
275000 9508.40197694
276000 9508.40197694
277000 9508.40197694
278000 9508.40197694
279000 9508.40197694
280000 9222.7237303
281000 8937.04548366
282000 8937.04548366
283000 8937.04548366
284000 8937.04548366
285000 8937.04548366
286000 8937.04548366
287000 8937.04548366
288000 8425.07052294
289000 8425.07052294
290000 7913.09556221
291000 7913.09556221
292000 7913.09556221
293000 7913.09556221
294000 7913.09556221
295000 7913.09556221
296000 7913.09556221
297000 7048.01022818
298000 6182.92489414
299000 6182.92489414
300000 6182.92489414
301000 6182.92489414
302000 6182.92489414
303000 6182.92489414
304000 6182.92489414
305000 6182.92489414
306000 6182.92489414
307000 6108.16023994
308000 6108.16023994
309000 6108.16023994
310000 6108.16023994
311000 6108.16023994
312000 6033.39558574
313000 6033.39558574
314000 6033.39558574
315000 6033.39558574
316000 6033.39558574
317000 6033.39558574
318000 6033.39558574
319000 6033.39558574
320000 6033.39558574
321000 4947.19558478
322000 3860.99558382
323000 3860.99558382
324000 3860.99558382
325000 3860.99558382
326000 3860.99558382
327000 3860.99558382
