0 2375.69866343
1000 2375.69866343
2000 2375.69866343
3000 2375.69866343
4000 2375.69866343
5000 2375.69866343
6000 3776.40044283
7000 5177.10222222
8000 7300.92997199
9000 5225.29411765
10000 4436.46447117
11000 2634.23366337
12000 3728.10943912
13000 5161.70588235
14000 3708.6824147
15000 3554.28045977
16000 2898.92543412
17000 4425.21320439
18000 4689.61095245
19000 3767.92480078
20000 4332.85221445
21000 4563.12068883
22000 4824.64282895
23000 3809.36032071
24000 2538.10060362
25000 6946.61356421
26000 6946.61356421
27000 6946.61356421
28000 6946.61356421
29000 6852.18234276
30000 6852.18234276
31000 6852.18234276
32000 6852.18234276
33000 5621.75389948
34000 5621.75389948
35000 5621.75389948
36000 5621.75389948
37000 5621.75389948
38000 7255.34231509
39000 7255.34231509
40000 7255.34231509
41000 6211.75232558
42000 5168.16233606
43000 5168.16233606
44000 5168.16233606
45000 5168.16233606
46000 5962.90435653
47000 5962.90435653
48000 5962.90435653
49000 5962.90435653
50000 5945.66483649
51000 5928.42531646
52000 5928.42531646
53000 5928.42531646
54000 5928.42531646
55000 5187.47089902
56000 4446.51648158
57000 4446.51648158
58000 4446.51648158
59000 4446.51648158
60000 4446.51648158
61000 4594.07658419
62000 4741.63668681
63000 4741.63668681
64000 4741.63668681
65000 4741.63668681
66000 4741.63668681
67000 5579.67304426
68000 6417.70940171
69000 6417.70940171
70000 6417.70940171
71000 6417.70940171
72000 6085.36202921
73000 6085.36202921
74000 6085.36202921
75000 6085.36202921
76000 6971.353902
77000 6971.353902
78000 6971.353902
79000 6971.353902
80000 6746.02477709
81000 6520.69565217
82000 6520.69565217
83000 6520.69565217
84000 6520.69565217
85000 5043.62244679
86000 5043.62244679
87000 5043.62244679
88000 5043.62244679
89000 5043.62244679
90000 5584.38900117
91000 6125.15555556
92000 6125.15555556
93000 6125.15555556
94000 6125.15555556
95000 2332.78947863
96000 2332.78947863
97000 2332.78947863
98000 2332.78947863
99000 2332.78947863
100000 2332.78947863
101000 2332.78947863
102000 2332.78947863
103000 2332.78947863
104000 2332.78947863
105000 2332.78947863
106000 7013.80328752
107000 7013.80328752
108000 7013.80328752
109000 7013.80328752
110000 7729.29297972
111000 7729.29297972
112000 7729.29297972
113000 7729.29297972
114000 3316.30275229
115000 3316.30275229
116000 3316.30275229
117000 3316.30275229
118000 3316.30275229
119000 3316.30275229
120000 3316.30275229
121000 3839.30990415
122000 3839.30990415
123000 3839.30990415
124000 3107.50428379
125000 3107.50428379
126000 3107.50428379
127000 3107.50428379
128000 2375.69866343
129000 3776.40044283
130000 3776.40044283
131000 5177.10222222
132000 6263.11204482
133000 5731.99469831
134000 2634.23366337
135000 3181.17155125
136000 3728.10943912
137000 5161.70588235
138000 3708.6824147
139000 3554.28045977
140000 2898.92543412
141000 5951.50097466
142000 3427.72093023
143000 4108.12867133
144000 4332.85221445
145000 4568.66562009
146000 5080.62003781
147000 2538.10060362
148000 4742.35708391
149000 6946.61356421
150000 6946.61356421
151000 6946.61356421
152000 6899.39795349
153000 6852.18234276
154000 6852.18234276
155000 6852.18234276
156000 6236.96812112
157000 5621.75389948
158000 5621.75389948
159000 5621.75389948
160000 5621.75389948
161000 6438.54810728
162000 7255.34231509
163000 7255.34231509
164000 7255.34231509
165000 5168.16233606
166000 5168.16233606
167000 5168.16233606
168000 5168.16233606
169000 5565.5333463
170000 5962.90435653
171000 5962.90435653
172000 5962.90435653
173000 5962.90435653
174000 5928.42531646
175000 5928.42531646
176000 5928.42531646
177000 5928.42531646
178000 5928.42531646
179000 4446.51648158
180000 4446.51648158
181000 4446.51648158
182000 4446.51648158
183000 4446.51648158
184000 4446.51648158
185000 4741.63668681
186000 4741.63668681
187000 4741.63668681
188000 4741.63668681
189000 4741.63668681
190000 4741.63668681
191000 6417.70940171
192000 6417.70940171
193000 6417.70940171
194000 6417.70940171
195000 6417.70940171
196000 6085.36202921
197000 6085.36202921
198000 6085.36202921
199000 6085.36202921
200000 6971.353902
201000 6971.353902
202000 6971.353902
203000 6971.353902
204000 6520.69565217
205000 6520.69565217
206000 6520.69565217
207000 6520.69565217
208000 6520.69565217
209000 5043.62244679
210000 5043.62244679
211000 5043.62244679
212000 5043.62244679
213000 5043.62244679
214000 6125.15555556
215000 6125.15555556
216000 6125.15555556
217000 6125.15555556
218000 6125.15555556
219000 2332.78947863
220000 2332.78947863
221000 2332.78947863
222000 2332.78947863
223000 2332.78947863
224000 2332.78947863
225000 2332.78947863
226000 2332.78947863
227000 2332.78947863
228000 2332.78947863
229000 2332.78947863
230000 7013.80328752
231000 7013.80328752
232000 7013.80328752
233000 7013.80328752
234000 7729.29297972
235000 7729.29297972
236000 7729.29297972
237000 5522.79786601
238000 3316.30275229
239000 3316.30275229
240000 3316.30275229
241000 3316.30275229
242000 3316.30275229
243000 3316.30275229
244000 3316.30275229
245000 3839.30990415
246000 3839.30990415
247000 3839.30990415
