0 1182.49539506
1000 1182.49539506
2000 1182.49539506
3000 1182.49539506
4000 840.15943728
5000 840.15943728
6000 840.15943728
7000 653.707658855
8000 653.707658855
9000 653.707658855
10000 653.707658855
11000 653.707658855
12000 751.37593361
13000 751.37593361
14000 751.37593361
15000 751.37593361
16000 945.834973505
17000 945.834973505
18000 945.834973505
19000 945.834973505
20000 945.834973505
21000 945.834973505
22000 1435.86436909
23000 1435.86436909
24000 1435.86436909
25000 2138.36039604
26000 2138.36039604
27000 2138.36039604
28000 1967.41736695
29000 1967.41736695
30000 1967.41736695
31000 2083.1042735
32000 2083.1042735
33000 2325.53224553
34000 4651.06449106
35000 4651.06449106
36000 4651.06449106
37000 4651.06449106
38000 4576.43622201
39000 4576.43622201
40000 4576.43622201
41000 3914.78089527
42000 3914.78089527
43000 3914.78089527
44000 3914.78089527
45000 3914.78089527
46000 4163.6845095
47000 4163.6845095
48000 4163.6845095
49000 4163.6845095
50000 4163.6845095
51000 3954.81865285
52000 3954.81865285
53000 3954.81865285
54000 3919.21615989
55000 3883.61366694
56000 3883.61366694
57000 3883.61366694
58000 2875.18758362
59000 2875.18758362
60000 2875.18758362
61000 2875.18758362
62000 1422.57324841
63000 1422.57324841
64000 1422.57324841
65000 1422.57324841
66000 1422.57324841
67000 1422.57324841
68000 1422.57324841
69000 1422.57324841
70000 1422.57324841
71000 1422.57324841
72000 869.74410945
73000 869.74410945
74000 869.74410945
75000 869.74410945
76000 869.74410945
77000 869.74410945
78000 869.74410945
79000 869.74410945
80000 973.468452728
81000 973.468452728
82000 973.468452728
83000 973.468452728
84000 973.468452728
85000 871.142590867
86000 871.142590867
87000 871.142590867
88000 871.142590867
89000 871.142590867
90000 871.142590867
91000 871.142590867
92000 853.044900684
93000 853.044900684
94000 853.044900684
95000 853.044900684
96000 853.044900684
97000 853.044900684
98000 1590.64804469
99000 1590.64804469
100000 1590.64804469
101000 1536.50019298
102000 1536.50019298
103000 2520.54845552
104000 3504.59671805
105000 3504.59671805
106000 3423.15874621
107000 3423.15874621
108000 3693.50516039
109000 7387.01032078
110000 7387.01032078
111000 7387.01032078
112000 7387.01032078
113000 7379.37666963
114000 7379.37666963
115000 7379.37666963
116000 7255.37658422
117000 7131.3764988
118000 7131.3764988
119000 7131.3764988
120000 3038.56376158
121000 3038.56376158
122000 3038.56376158
123000 3038.56376158
124000 3038.56376158
125000 3038.56376158
126000 3038.56376158
127000 3038.56376158
128000 3038.56376158
129000 1051.68701221
130000 1051.68701221
131000 1051.68701221
132000 1051.68701221
133000 1051.68701221
134000 1098.21435228
135000 1098.21435228
136000 1098.21435228
137000 1098.21435228
138000 1140.35487367
139000 1182.49539506
140000 1182.49539506
141000 840.15943728
142000 840.15943728
143000 840.15943728
144000 840.15943728
145000 653.707658855
146000 653.707658855
147000 653.707658855
148000 653.707658855
149000 751.37593361
150000 751.37593361
151000 751.37593361
152000 751.37593361
153000 751.37593361
154000 945.834973505
155000 945.834973505
156000 945.834973505
157000 945.834973505
158000 945.834973505
159000 1435.86436909
160000 1435.86436909
161000 1435.86436909
162000 1435.86436909
163000 2138.36039604
164000 2138.36039604
165000 1967.41736695
166000 1967.41736695
167000 1967.41736695
168000 2083.1042735
169000 2083.1042735
170000 0.0
171000 2325.53224553
172000 4651.06449106
173000 4651.06449106
174000 4651.06449106
175000 4651.06449106
176000 4576.43622201
177000 4576.43622201
178000 4576.43622201
179000 3914.78089527
180000 3914.78089527
181000 3914.78089527
182000 3914.78089527
183000 3914.78089527
184000 4163.6845095
185000 4163.6845095
186000 4163.6845095
187000 4163.6845095
188000 4059.25158117
189000 3954.81865285
190000 3954.81865285
191000 3954.81865285
192000 3883.61366694
193000 3883.61366694
194000 3883.61366694
195000 3883.61366694
196000 2875.18758362
197000 2875.18758362
198000 2875.18758362
199000 2148.88041602
200000 1422.57324841
201000 1422.57324841
202000 1422.57324841
203000 1422.57324841
204000 1422.57324841
205000 1422.57324841
206000 1422.57324841
207000 1422.57324841
208000 1422.57324841
209000 1146.15867893
210000 869.74410945
211000 869.74410945
212000 869.74410945
213000 869.74410945
214000 869.74410945
215000 869.74410945
216000 869.74410945
217000 921.606281089
218000 973.468452728
219000 973.468452728
220000 973.468452728
221000 973.468452728
222000 973.468452728
223000 871.142590867
224000 871.142590867
225000 871.142590867
226000 871.142590867
227000 871.142590867
228000 871.142590867
229000 853.044900684
230000 853.044900684
231000 853.044900684
232000 853.044900684
233000 853.044900684
234000 853.044900684
235000 1590.64804469
236000 1590.64804469
237000 1590.64804469
238000 1536.50019298
239000 1536.50019298
240000 1536.50019298
241000 3504.59671805
242000 3504.59671805
243000 3463.87773213
244000 3423.15874621
245000 3423.15874621
246000 7387.01032078
247000 7387.01032078
248000 7387.01032078
249000 7387.01032078
250000 7379.37666963
251000 7379.37666963
252000 7379.37666963
253000 7379.37666963
254000 7131.3764988
255000 7131.3764988
256000 7131.3764988
257000 5084.97013019
258000 3038.56376158
259000 3038.56376158
260000 3038.56376158
261000 3038.56376158
262000 3038.56376158
263000 3038.56376158
264000 3038.56376158
265000 3038.56376158
266000 1051.68701221
267000 1051.68701221
268000 1051.68701221
269000 1051.68701221
270000 1051.68701221
271000 1098.21435228
272000 1098.21435228
273000 1098.21435228
274000 1098.21435228
