0 5619.59689922
1000 5619.59689922
2000 5439.1018711
3000 6351.75535168
4000 3175.87767584
5000 4552.63175395
6000 4552.63175395
7000 4552.63175395
8000 4552.63175395
9000 4552.63175395
10000 4552.63175395
11000 4552.63175395
12000 2771.61412259
13000 2771.61412259
14000 2771.61412259
15000 7532.42975207
16000 4877.35525114
17000 5169.38401048
18000 5169.38401048
19000 3543.83211323
20000 3543.83211323
21000 4198.78250154
22000 4198.78250154
23000 3677.77335984
24000 5352.0164271
25000 2867.93015134
26000 2867.93015134
27000 2867.93015134
28000 4176.7243553
29000 2279.69990852
30000 382.675461741
31000 5823.49288907
32000 5823.49288907
33000 5823.49288907
34000 5823.49288907
35000 5823.49288907
36000 5613.3194287
37000 5613.3194287
38000 5613.3194287
39000 5613.3194287
40000 5613.3194287
41000 4492.8627451
42000 4492.8627451
43000 4492.8627451
44000 4492.8627451
45000 5229.33586047
46000 5965.80897583
47000 5965.80897583
48000 5965.80897583
49000 6155.8989435
50000 6155.8989435
51000 6155.8989435
52000 6155.8989435
53000 6155.8989435
54000 5767.21804511
55000 5767.21804511
56000 5767.21804511
57000 4325.99190907
58000 4325.99190907
59000 4325.99190907
60000 4325.99190907
61000 4325.99190907
62000 5030.72975815
63000 5030.72975815
64000 5030.72975815
65000 5030.72975815
66000 5459.85257985
67000 5459.85257985
68000 5459.85257985
69000 5459.85257985
70000 5596.58451388
71000 5596.58451388
72000 5596.58451388
73000 5596.58451388
74000 5596.58451388
75000 5596.58451388
76000 4822.41022364
77000 4822.41022364
78000 4822.41022364
79000 4822.41022364
80000 4822.41022364
81000 4822.41022364
82000 3736.49326068
83000 3736.49326068
84000 3736.49326068
85000 3736.49326068
86000 3736.49326068
87000 3736.49326068
88000 3736.49326068
89000 4355.23225806
90000 4355.23225806
91000 4355.23225806
92000 4355.23225806
93000 4355.23225806
94000 5914.24033438
95000 5914.24033438
96000 5914.24033438
97000 5914.24033438
98000 3487.58244985
99000 3487.58244985
100000 3487.58244985
101000 3487.58244985
102000 3487.58244985
103000 3487.58244985
104000 4689.79283789
105000 4689.79283789
106000 4689.79283789
107000 4689.79283789
108000 4689.79283789
109000 4689.79283789
110000 5150.77681036
111000 5150.77681036
112000 5150.77681036
113000 5150.77681036
114000 5556.14143246
115000 5556.14143246
116000 5556.14143246
117000 5556.14143246
118000 5556.14143246
119000 4604.28452364
120000 4604.28452364
121000 4604.28452364
122000 4604.28452364
123000 4604.28452364
124000 4604.28452364
125000 4604.28452364
126000 5789.46863763
127000 5789.46863763
128000 5789.46863763
129000 5789.46863763
130000 5789.46863763
131000 6572.48364429
132000 6572.48364429
133000 6572.48364429
134000 6572.48364429
135000 5775.4230373
136000 5775.4230373
137000 5775.4230373
138000 5775.4230373
139000 5775.4230373
140000 5697.50996826
141000 5619.59689922
142000 5439.1018711
143000 6351.75535168
144000 0.0
145000 4552.63175395
146000 4552.63175395
147000 4552.63175395
148000 4552.63175395
149000 4552.63175395
150000 4552.63175395
151000 4552.63175395
152000 2771.61412259
153000 2771.61412259
154000 2771.61412259
155000 7532.42975207
156000 4877.35525114
157000 5169.38401048
158000 5169.38401048
159000 3543.83211323
160000 3543.83211323
161000 4198.78250154
162000 3938.27793069
163000 3677.77335984
164000 5352.0164271
165000 2867.93015134
166000 2867.93015134
167000 4176.7243553
168000 4176.7243553
169000 382.675461741
170000 382.675461741
171000 5823.49288907
172000 5823.49288907
173000 5823.49288907
174000 5823.49288907
175000 5823.49288907
176000 5613.3194287
177000 5613.3194287
178000 5613.3194287
179000 5613.3194287
180000 4492.8627451
181000 4492.8627451
182000 4492.8627451
183000 4492.8627451
184000 4492.8627451
185000 5965.80897583
186000 5965.80897583
187000 5965.80897583
188000 5965.80897583
189000 6155.8989435
190000 6155.8989435
191000 6155.8989435
192000 6155.8989435
193000 5767.21804511
194000 5767.21804511
195000 5767.21804511
196000 5767.21804511
197000 4325.99190907
198000 4325.99190907
199000 4325.99190907
200000 4325.99190907
201000 4325.99190907
202000 5030.72975815
203000 5030.72975815
204000 5030.72975815
205000 5030.72975815
206000 5459.85257985
207000 5459.85257985
208000 5459.85257985
209000 5459.85257985
210000 5596.58451388
211000 5596.58451388
212000 5596.58451388
213000 5596.58451388
214000 5596.58451388
215000 4822.41022364
216000 4822.41022364
217000 4822.41022364
218000 4822.41022364
219000 4822.41022364
220000 4822.41022364
221000 4822.41022364
222000 3736.49326068
223000 3736.49326068
224000 3736.49326068
225000 3736.49326068
226000 3736.49326068
227000 3736.49326068
228000 3736.49326068
229000 4355.23225806
230000 4355.23225806
231000 4355.23225806
232000 4355.23225806
233000 4355.23225806
234000 5914.24033438
235000 5914.24033438
236000 5914.24033438
237000 5914.24033438
238000 3487.58244985
239000 3487.58244985
240000 3487.58244985
241000 3487.58244985
242000 3487.58244985
243000 3487.58244985
244000 4689.79283789
245000 4689.79283789
246000 4689.79283789
247000 4689.79283789
248000 4689.79283789
249000 5150.77681036
250000 5150.77681036
251000 5150.77681036
252000 5150.77681036
253000 5150.77681036
254000 5556.14143246
255000 5556.14143246
256000 5556.14143246
257000 5556.14143246
258000 5556.14143246
259000 4604.28452364
260000 4604.28452364
261000 4604.28452364
262000 4604.28452364
263000 4604.28452364
264000 4604.28452364
265000 4604.28452364
266000 5789.46863763
267000 5789.46863763
268000 5789.46863763
269000 5789.46863763
270000 5789.46863763
271000 6572.48364429
272000 6572.48364429
273000 6572.48364429
274000 6572.48364429
275000 5775.4230373
276000 5775.4230373
277000 5775.4230373
278000 5775.4230373
279000 5775.4230373
