0 8327.21012658
1000 8327.21012658
2000 8327.21012658
3000 8327.21012658
4000 8327.21012658
5000 7253.38038557
6000 7253.38038557
7000 6179.55064457
8000 6623.2754717
9000 4999.14208368
10000 3375.00869565
11000 3375.00869565
12000 2309.9937565
13000 2309.9937565
14000 2309.9937565
15000 10084.2911877
16000 8145.36006414
17000 6357.01104171
18000 6507.59314286
19000 6203.08885299
20000 2011.76785714
21000 2011.76785714
22000 4124.8200313
23000 4267.82428964
24000 4410.82854799
25000 4852.03478261
26000 4347.98353909
27000 3896.23782632
28000 3444.49211356
29000 2953.17315659
30000 3670.31209132
31000 4387.45102605
32000 4387.45102605
33000 4387.45102605
34000 4387.45102605
35000 4387.45102605
36000 4387.45102605
37000 4387.45102605
38000 4945.37215593
39000 4945.37215593
40000 4945.37215593
41000 4945.37215593
42000 4945.37215593
43000 4945.37215593
44000 4984.87260646
45000 5024.37305699
46000 5024.37305699
47000 5024.37305699
48000 5024.37305699
49000 5024.37305699
50000 6029.32377136
51000 6029.32377136
52000 6029.32377136
53000 6029.32377136
54000 6029.32377136
55000 6119.82761373
56000 6119.82761373
57000 6119.82761373
58000 6119.82761373
59000 6119.82761373
60000 6205.59915949
61000 6291.37070524
62000 6291.37070524
63000 6291.37070524
64000 6291.37070524
65000 6510.20626517
66000 6729.0418251
67000 6729.0418251
68000 6729.0418251
69000 6729.0418251
70000 6470.74303004
71000 6470.74303004
72000 6470.74303004
73000 6470.74303004
74000 6470.74303004
75000 7079.34669966
76000 7687.95036928
77000 7687.95036928
78000 7687.95036928
79000 3456.82725706
80000 3456.82725706
81000 3456.82725706
82000 3456.82725706
83000 3456.82725706
84000 3456.82725706
85000 3456.82725706
86000 3456.82725706
87000 5164.84193284
88000 5164.84193284
89000 5164.84193284
90000 5164.84193284
91000 5164.84193284
92000 5164.84193284
93000 5164.84193284
94000 7686.10359002
95000 7686.10359002
96000 7686.10359002
97000 7686.10359002
98000 8174.0
99000 8174.0
100000 8174.0
101000 8174.0
102000 7171.28957146
103000 7171.28957146
104000 7171.28957146
105000 7171.28957146
106000 6470.95953198
107000 5770.62949249
108000 5770.62949249
109000 5770.62949249
110000 5770.62949249
111000 5770.62949249
112000 7609.6
113000 7609.6
114000 7609.6
115000 7609.6
116000 6968.23068051
117000 6326.86136101
118000 6326.86136101
119000 6326.86136101
120000 6326.86136101
121000 7386.85901639
122000 7386.85901639
123000 7386.85901639
124000 7386.85901639
125000 6587.0247706
126000 5787.19052481
127000 5787.19052481
128000 5787.19052481
129000 5787.19052481
130000 5787.19052481
131000 6564.63943162
132000 6564.63943162
133000 6564.63943162
134000 6564.63943162
135000 6564.63943162
136000 4787.51219512
137000 4787.51219512
138000 4787.51219512
139000 4787.51219512
140000 4787.51219512
141000 4787.51219512
142000 8687.2134129
143000 8687.2134129
144000 8687.2134129
145000 8687.2134129
146000 6703.14932587
147000 6703.14932587
148000 6703.14932587
149000 6703.14932587
150000 6017.70683432
151000 5332.26434277
152000 5332.26434277
153000 5332.26434277
154000 5332.26434277
155000 5332.26434277
156000 5765.49665736
157000 6198.72897196
158000 6198.72897196
159000 6198.72897196
160000 6198.72897196
161000 7977.46192893
162000 8152.33602776
163000 8152.33602776
164000 8152.33602776
165000 8152.33602776
166000 8327.21012658
167000 7253.38038557
168000 7253.38038557
169000 6179.55064457
170000 6623.2754717
171000 3375.00869565
172000 3375.00869565
173000 2309.9937565
174000 2309.9937565
175000 2309.9937565
176000 2396.59173356
177000 10084.2911877
178000 6206.42894057
179000 6507.59314286
180000 6355.34099793
181000 2011.76785714
182000 2011.76785714
183000 3068.29394422
184000 4124.8200313
185000 4410.82854799
186000 4631.4316653
187000 4852.03478261
188000 4347.98353909
189000 3444.49211356
190000 3198.83263507
191000 2953.17315659
192000 4387.45102605
193000 4387.45102605
194000 4387.45102605
195000 4387.45102605
196000 4387.45102605
197000 4387.45102605
198000 4387.45102605
199000 4666.41159099
200000 4945.37215593
201000 4945.37215593
202000 4945.37215593
203000 4945.37215593
204000 4945.37215593
205000 4945.37215593
206000 5024.37305699
207000 5024.37305699
208000 5024.37305699
209000 5024.37305699
210000 5024.37305699
211000 5024.37305699
212000 6029.32377136
213000 6029.32377136
214000 6029.32377136
215000 6029.32377136
216000 6029.32377136
217000 6119.82761373
218000 6119.82761373
219000 6119.82761373
220000 6119.82761373
221000 6119.82761373
222000 6291.37070524
223000 6291.37070524
224000 6291.37070524
225000 6291.37070524
226000 6291.37070524
227000 6729.0418251
228000 6729.0418251
229000 6729.0418251
230000 6729.0418251
231000 6729.0418251
232000 6470.74303004
233000 6470.74303004
234000 6470.74303004
235000 6470.74303004
236000 6470.74303004
237000 7687.95036928
238000 7687.95036928
239000 7687.95036928
240000 7687.95036928
241000 3456.82725706
242000 3456.82725706
243000 3456.82725706
244000 3456.82725706
245000 3456.82725706
246000 3456.82725706
247000 3456.82725706
248000 4310.83459495
249000 5164.84193284
250000 5164.84193284
251000 5164.84193284
252000 5164.84193284
253000 5164.84193284
254000 5164.84193284
255000 6425.47276143
256000 7686.10359002
257000 7686.10359002
258000 7686.10359002
259000 7930.05179501
260000 8174.0
261000 8174.0
262000 8174.0
263000 8174.0
264000 7171.28957146
265000 7171.28957146
266000 7171.28957146
267000 7171.28957146
268000 6470.95953198
269000 5770.62949249
270000 5770.62949249
271000 5770.62949249
272000 5770.62949249
273000 7609.6
274000 7609.6
275000 7609.6
276000 7609.6
277000 7609.6
278000 6326.86136101
279000 6326.86136101
280000 6326.86136101
281000 6326.86136101
282000 6856.8601887
283000 7386.85901639
284000 7386.85901639
285000 7386.85901639
286000 7386.85901639
287000 5787.19052481
288000 5787.19052481
289000 5787.19052481
290000 5787.19052481
291000 5787.19052481
292000 6175.91497821
293000 6564.63943162
294000 6564.63943162
295000 6564.63943162
296000 6564.63943162
297000 4787.51219512
298000 4787.51219512
299000 4787.51219512
300000 4787.51219512
301000 4787.51219512
302000 4787.51219512
303000 6737.36280401
304000 8687.2134129
305000 8687.2134129
306000 8687.2134129
307000 7695.18136938
308000 6703.14932587
309000 6703.14932587
310000 6703.14932587
311000 6703.14932587
312000 5332.26434277
313000 5332.26434277
314000 5332.26434277
315000 5332.26434277
316000 5332.26434277
317000 5332.26434277
318000 6198.72897196
319000 6198.72897196
320000 6198.72897196
321000 6198.72897196
322000 6198.72897196
323000 7977.46192893
