0 3922.52487136
1000 3922.52487136
2000 3922.52487136
3000 3922.52487136
4000 3741.02208202
5000 2365.04514364
6000 1182.52257182
7000 0.0
8000 5232.64053378
9000 5232.64053378
10000 5414.60302551
11000 5596.56551724
12000 5596.56551724
13000 6635.11983727
14000 7673.6741573
15000 7673.6741573
16000 8681.3869276
17000 9689.09969789
18000 9689.09969789
19000 9689.09969789
20000 8629.96101949
21000 8629.96101949
22000 8629.96101949
23000 7702.65351745
24000 6775.34601542
25000 6775.34601542
26000 6775.34601542
27000 6775.34601542
28000 6708.49477642
29000 6641.64353741
30000 6641.64353741
31000 6641.64353741
32000 6288.68537138
33000 5935.72720534
34000 5935.72720534
35000 5935.72720534
36000 5935.72720534
37000 6898.96433534
38000 6898.96433534
39000 6898.96433534
40000 6898.96433534
41000 6898.96433534
42000 6472.40130378
43000 6045.83827223
44000 6045.83827223
45000 6045.83827223
46000 6045.83827223
47000 5504.43076949
48000 4963.02326675
49000 4963.02326675
50000 4963.02326675
51000 4963.02326675
52000 2481.51163338
53000 2623.42205323
54000 5246.84410646
55000 5246.84410646
56000 5246.84410646
57000 5705.68939361
58000 6164.53468075
59000 6164.53468075
60000 4425.40614358
61000 2686.27760642
62000 2686.27760642
63000 2686.27760642
64000 2686.27760642
65000 2686.27760642
66000 2686.27760642
67000 2686.27760642
68000 0.0
69000 2234.59960291
70000 4469.19920582
71000 4239.27845409
72000 4009.35770235
73000 3626.05090199
74000 3242.74410163
75000 3242.74410163
76000 4084.37528604
77000 4084.37528604
78000 4645.09734513
79000 4645.09734513
80000 4446.40809749
81000 4247.71884984
82000 2123.85942492
83000 0.0
84000 4587.70731707
85000 4587.70731707
86000 4587.70731707
87000 4587.70731707
88000 4587.70731707
89000 4587.70731707
90000 6976.0
91000 6976.0
92000 6976.0
93000 6976.0
94000 5899.64857571
95000 5899.64857571
96000 5899.64857571
97000 5899.64857571
98000 6373.61777778
99000 6373.61777778
100000 6373.61777778
101000 6373.61777778
102000 6373.61777778
103000 6050.54062203
104000 5727.46346629
105000 5727.46346629
106000 5727.46346629
107000 5727.46346629
108000 5727.46346629
109000 5727.46346629
110000 7719.33492696
111000 7719.33492696
112000 7719.33492696
113000 7719.33492696
114000 6428.4207834
115000 5137.50663984
116000 5137.50663984
117000 5137.50663984
118000 5137.50663984
119000 5137.50663984
120000 5477.86016924
121000 5818.21369863
122000 5818.21369863
123000 5818.21369863
124000 5818.21369863
125000 6416.22568659
126000 7014.23767455
127000 7014.23767455
128000 7014.23767455
129000 5671.31695917
130000 4328.39624379
131000 4328.39624379
132000 4328.39624379
133000 4328.39624379
134000 4328.39624379
135000 5277.02236432
136000 6225.64848485
137000 6225.64848485
138000 6225.64848485
139000 6225.64848485
140000 6225.64848485
141000 6129.08797869
142000 6032.52747253
143000 6032.52747253
144000 6032.52747253
145000 6230.54844007
146000 6428.5694076
147000 6428.5694076
148000 6428.5694076
149000 6428.5694076
150000 6428.5694076
151000 6317.22530418
152000 6205.88120077
153000 6205.88120077
154000 6205.88120077
155000 6205.88120077
156000 6205.88120077
157000 6100.37230878
158000 5994.86341678
159000 5994.86341678
160000 5994.86341678
161000 5994.86341678
162000 5607.9614071
163000 5221.05939742
164000 5221.05939742
165000 5221.05939742
166000 5221.05939742
167000 5233.00935732
168000 5244.95931721
169000 5244.95931721
170000 5244.95931721
171000 5341.93567588
172000 5438.91203454
173000 5438.91203454
174000 5438.91203454
175000 5438.91203454
176000 6690.45073
177000 6690.45073
178000 6690.45073
179000 6690.45073
180000 7941.98942545
181000 7941.98942545
182000 7941.98942545
183000 8361.91665882
184000 8361.91665882
185000 8361.91665882
186000 8361.91665882
187000 8361.91665882
188000 8781.84389219
189000 8781.84389219
190000 8781.84389219
191000 7160.93414841
192000 5540.02440464
193000 5540.02440464
194000 5540.02440464
195000 5540.02440464
196000 5540.02440464
197000 6104.48072925
198000 6668.93705386
199000 6668.93705386
200000 6668.93705386
201000 6668.93705386
202000 3376.5682894
203000 3376.5682894
204000 84.1995249406
205000 2003.36219815
206000 2003.36219815
207000 3922.52487136
208000 3741.02208202
209000 3741.02208202
210000 2365.04514364
211000 1182.52257182
212000 0.0
213000 5232.64053378
214000 5232.64053378
215000 5596.56551724
216000 5596.56551724
217000 5596.56551724
218000 7673.6741573
219000 7673.6741573
220000 7673.6741573
221000 8681.3869276
222000 9689.09969789
223000 9689.09969789
224000 9159.53035869
225000 8629.96101949
226000 8629.96101949
227000 8629.96101949
228000 7702.65351745
229000 6775.34601542
230000 6775.34601542
231000 6775.34601542
232000 6775.34601542
233000 6708.49477642
234000 6641.64353741
235000 6641.64353741
236000 6641.64353741
237000 6288.68537138
238000 5935.72720534
239000 5935.72720534
240000 5935.72720534
241000 5935.72720534
242000 6898.96433534
243000 6898.96433534
244000 6898.96433534
245000 6898.96433534
246000 6898.96433534
247000 6472.40130378
248000 6045.83827223
249000 6045.83827223
250000 6045.83827223
251000 6045.83827223
252000 5504.43076949
253000 4963.02326675
254000 4963.02326675
255000 4963.02326675
256000 4963.02326675
257000 2481.51163338
258000 5246.84410646
259000 5246.84410646
260000 5246.84410646
261000 5246.84410646
262000 5705.68939361
263000 6164.53468075
264000 6164.53468075
265000 4425.40614358
266000 2686.27760642
267000 2686.27760642
268000 2686.27760642
269000 2686.27760642
270000 2686.27760642
271000 2686.27760642
272000 2686.27760642
273000 0.0
274000 4469.19920582
275000 4469.19920582
276000 4239.27845409
277000 4009.35770235
278000 3626.05090199
279000 3242.74410163
280000 3663.55969383
281000 4084.37528604
282000 4084.37528604
283000 4645.09734513
284000 4645.09734513
285000 4247.71884984
286000 4247.71884984
287000 2123.85942492
288000 0.0
289000 4587.70731707
290000 4587.70731707
291000 4587.70731707
292000 4587.70731707
293000 4587.70731707
294000 4587.70731707
295000 6976.0
296000 6976.0
297000 6976.0
298000 6976.0
299000 5899.64857571
300000 5899.64857571
301000 5899.64857571
302000 6136.63317675
303000 6373.61777778
304000 6373.61777778
305000 6373.61777778
306000 6373.61777778
307000 6373.61777778
308000 6050.54062203
309000 5727.46346629
310000 5727.46346629
311000 5727.46346629
312000 5727.46346629
313000 5727.46346629
314000 6723.39919662
315000 7719.33492696
316000 7719.33492696
317000 7719.33492696
318000 7719.33492696
319000 6428.4207834
320000 5137.50663984
321000 5137.50663984
322000 5137.50663984
323000 5137.50663984
324000 5137.50663984
325000 5477.86016924
326000 5818.21369863
327000 5818.21369863
328000 5818.21369863
329000 5818.21369863
330000 6416.22568659
331000 7014.23767455
332000 7014.23767455
333000 7014.23767455
334000 5671.31695917
335000 4328.39624379
336000 4328.39624379
337000 4328.39624379
338000 4328.39624379
339000 4328.39624379
340000 5277.02236432
341000 6225.64848485
342000 6225.64848485
343000 6225.64848485
344000 6225.64848485
345000 6225.64848485
346000 6129.08797869
347000 6032.52747253
348000 6032.52747253
349000 6032.52747253
350000 6230.54844007
351000 6428.5694076
352000 6428.5694076
353000 6428.5694076
354000 6428.5694076
355000 6428.5694076
356000 6317.22530418
357000 6205.88120077
358000 6205.88120077
359000 6205.88120077
360000 6205.88120077
361000 6100.37230878
362000 6100.37230878
363000 5994.86341678
364000 5994.86341678
365000 5994.86341678
366000 5994.86341678
367000 5607.9614071
368000 5221.05939742
369000 5221.05939742
370000 5221.05939742
371000 5233.00935732
372000 5244.95931721
373000 5244.95931721
374000 5244.95931721
375000 5244.95931721
376000 5341.93567588
377000 5438.91203454
378000 5438.91203454
379000 5438.91203454
380000 6690.45073
381000 6690.45073
382000 6690.45073
383000 6690.45073
384000 6690.45073
385000 7941.98942545
386000 7941.98942545
387000 7941.98942545
388000 8361.91665882
389000 8361.91665882
390000 8361.91665882
391000 8361.91665882
392000 8361.91665882
393000 8781.84389219
394000 8781.84389219
395000 8781.84389219
396000 5540.02440464
397000 5540.02440464
398000 5540.02440464
399000 5540.02440464
400000 5540.02440464
401000 5540.02440464
402000 6668.93705386
403000 6668.93705386
404000 6668.93705386
405000 6668.93705386
406000 6668.93705386
407000 3376.5682894
408000 84.1995249406
409000 84.1995249406
