0 1014.43290891
1000 1014.43290891
2000 1014.43290891
3000 1014.43290891
4000 1014.43290891
5000 1014.43290891
6000 1743.72436382
7000 2473.01581873
8000 2473.01581873
9000 2249.08167427
10000 2249.08167427
11000 2025.14752981
12000 2025.14752981
13000 2025.14752981
14000 2494.98712607
15000 2964.82672234
16000 2964.82672234
17000 2869.94080303
18000 2775.05488372
19000 2775.05488372
20000 2554.04596038
21000 2333.03703704
22000 2333.03703704
23000 2692.71952354
24000 2692.71952354
25000 3052.40201005
26000 3052.40201005
27000 3052.40201005
28000 3052.40201005
29000 3052.40201005
30000 3583.83216783
31000 3583.83216783
32000 3583.83216783
33000 3583.83216783
34000 3420.82663411
35000 3420.82663411
36000 3257.82110038
37000 3257.82110038
38000 3257.82110038
39000 3257.82110038
40000 3257.82110038
41000 3257.82110038
42000 3257.82110038
43000 3257.82110038
44000 3257.82110038
45000 2758.5323741
46000 2758.5323741
47000 2758.5323741
48000 2758.5323741
49000 2758.5323741
50000 2758.5323741
51000 2758.5323741
52000 2758.5323741
53000 2758.5323741
54000 1312.29648286
55000 1312.29648286
56000 1312.29648286
57000 1312.29648286
58000 1312.29648286
59000 1312.29648286
60000 1312.29648286
61000 1312.29648286
62000 1312.29648286
63000 1312.29648286
64000 1312.29648286
65000 844.958299805
66000 844.958299805
67000 377.620116749
68000 377.620116749
69000 377.620116749
70000 377.620116749
71000 377.620116749
72000 1036.1899342
73000 1036.1899342
74000 1036.1899342
75000 1036.1899342
76000 1036.1899342
77000 1036.1899342
78000 1187.58168458
79000 1187.58168458
80000 1187.58168458
81000 1187.58168458
82000 1187.58168458
83000 1187.58168458
84000 1338.97343497
85000 1338.97343497
86000 1338.97343497
87000 1338.97343497
88000 1338.97343497
89000 1659.84856881
90000 1659.84856881
91000 1659.84856881
92000 1980.72370266
93000 1980.72370266
94000 1980.72370266
95000 1980.72370266
96000 3312.25251076
97000 3312.25251076
98000 3000.35448361
99000 2688.45645646
100000 2688.45645646
101000 2688.45645646
102000 2688.45645646
103000 2688.45645646
104000 2998.14548928
105000 3307.83452211
106000 3307.83452211
107000 3307.83452211
108000 3307.83452211
109000 3307.83452211
110000 3307.83452211
111000 3307.83452211
112000 3307.83452211
113000 2794.20176942
114000 2280.56901673
115000 2280.56901673
116000 2280.56901673
117000 2280.56901673
118000 2280.56901673
119000 2280.56901673
120000 2148.79224783
121000 2148.79224783
122000 2148.79224783
123000 2148.79224783
124000 2148.79224783
125000 2148.79224783
126000 2148.79224783
127000 2008.25920025
128000 1867.72615267
129000 1867.72615267
130000 1867.72615267
131000 1867.72615267
132000 1867.72615267
133000 1867.72615267
134000 1867.72615267
135000 1867.72615267
136000 1922.18853848
137000 1976.6509243
138000 1976.6509243
139000 1976.6509243
140000 1976.6509243
141000 1976.6509243
142000 1976.6509243
143000 1976.6509243
144000 1969.06724113
145000 1969.06724113
146000 1969.06724113
147000 1969.06724113
148000 1969.06724113
149000 1961.48355795
150000 1961.48355795
151000 1961.48355795
152000 1961.48355795
153000 1961.48355795
154000 1961.48355795
155000 1961.48355795
156000 1833.43887814
157000 1833.43887814
158000 1833.43887814
159000 1833.43887814
160000 1833.43887814
161000 1705.39419834
162000 1705.39419834
163000 1705.39419834
164000 1705.39419834
165000 2570.03043251
166000 3434.66666667
167000 3434.66666667
168000 3434.66666667
169000 3434.66666667
170000 2224.54978779
171000 2224.54978779
172000 2224.54978779
173000 2224.54978779
174000 2224.54978779
175000 1014.43290891
176000 1743.72436382
177000 2473.01581873
178000 2473.01581873
179000 2249.08167427
180000 2249.08167427
181000 2025.14752981
182000 2025.14752981
183000 2025.14752981
184000 2964.82672234
185000 2964.82672234
186000 2869.94080303
187000 2869.94080303
188000 2775.05488372
189000 2775.05488372
190000 2333.03703704
191000 2333.03703704
192000 2333.03703704
193000 2692.71952354
194000 2692.71952354
195000 3052.40201005
196000 3052.40201005
197000 3052.40201005
198000 3052.40201005
199000 3052.40201005
200000 3583.83216783
201000 3583.83216783
202000 3583.83216783
203000 3583.83216783
204000 3420.82663411
205000 3420.82663411
206000 3257.82110038
207000 3257.82110038
208000 3257.82110038
209000 3257.82110038
210000 3257.82110038
211000 3257.82110038
212000 3257.82110038
213000 3257.82110038
214000 2758.5323741
215000 2758.5323741
216000 2758.5323741
217000 2758.5323741
218000 2758.5323741
219000 2758.5323741
220000 2758.5323741
221000 2758.5323741
222000 2758.5323741
223000 2035.41442848
224000 1312.29648286
225000 1312.29648286
226000 1312.29648286
227000 1312.29648286
228000 1312.29648286
229000 1312.29648286
230000 1312.29648286
231000 1312.29648286
232000 1312.29648286
233000 1312.29648286
234000 1312.29648286
235000 844.958299805
236000 844.958299805
237000 377.620116749
238000 377.620116749
239000 377.620116749
240000 377.620116749
241000 706.905025475
242000 1036.1899342
243000 1036.1899342
244000 1036.1899342
245000 1036.1899342
246000 1036.1899342
247000 1036.1899342
248000 1187.58168458
249000 1187.58168458
250000 1187.58168458
251000 1187.58168458
252000 1187.58168458
253000 1187.58168458
254000 1338.97343497
255000 1338.97343497
256000 1338.97343497
257000 1338.97343497
258000 1659.84856881
259000 1659.84856881
260000 1659.84856881
261000 1659.84856881
262000 1980.72370266
263000 1980.72370266
264000 1980.72370266
265000 1980.72370266
266000 3312.25251076
267000 3312.25251076
268000 2688.45645646
269000 2688.45645646
270000 2688.45645646
271000 2688.45645646
272000 2688.45645646
273000 2688.45645646
274000 3307.83452211
275000 3307.83452211
276000 3307.83452211
277000 3307.83452211
278000 3307.83452211
279000 3307.83452211
280000 3307.83452211
281000 3307.83452211
282000 3307.83452211
283000 2280.56901673
284000 2280.56901673
285000 2280.56901673
286000 2280.56901673
287000 2280.56901673
288000 2280.56901673
289000 2280.56901673
290000 2148.79224783
291000 2148.79224783
292000 2148.79224783
293000 2148.79224783
294000 2148.79224783
295000 2148.79224783
296000 2148.79224783
297000 2008.25920025
298000 1867.72615267
299000 1867.72615267
300000 1867.72615267
301000 1867.72615267
302000 1867.72615267
303000 1867.72615267
304000 1867.72615267
305000 1867.72615267
306000 1922.18853848
307000 1976.6509243
308000 1976.6509243
309000 1976.6509243
310000 1976.6509243
311000 1976.6509243
312000 1976.6509243
313000 1976.6509243
314000 1969.06724113
315000 1969.06724113
316000 1969.06724113
317000 1969.06724113
318000 1969.06724113
319000 1961.48355795
320000 1961.48355795
321000 1961.48355795
322000 1961.48355795
323000 1961.48355795
324000 1961.48355795
325000 1961.48355795
326000 1833.43887814
327000 1833.43887814
328000 1833.43887814
329000 1833.43887814
330000 1705.39419834
331000 1705.39419834
332000 1705.39419834
333000 1705.39419834
334000 1705.39419834
335000 2570.03043251
336000 3434.66666667
337000 3434.66666667
338000 3434.66666667
339000 3434.66666667
