0 2577.92851205
1000 2577.92851205
2000 2577.92851205
3000 2577.92851205
4000 2577.92851205
5000 2795.10134048
6000 2795.10134048
7000 1904.38918919
8000 3808.77837838
9000 4460.84292178
10000 3473.68584357
11000 5094.99527856
12000 5094.99527856
13000 4400.83749258
14000 4400.83749258
15000 4400.83749258
16000 4400.83749258
17000 3706.6797066
18000 3706.6797066
19000 3706.6797066
20000 3875.04100272
21000 4043.40229885
22000 4043.40229885
23000 4043.40229885
24000 4043.40229885
25000 4512.0
26000 4577.57644394
27000 4577.57644394
28000 4738.75383589
29000 4738.75383589
30000 3350.4950495
31000 3350.4950495
32000 2388.3797235
33000 2388.3797235
34000 3257.95149786
35000 3257.95149786
36000 2826.99494718
37000 2826.99494718
38000 4581.40318054
39000 2965.31296933
40000 2965.31296933
41000 2965.31296933
42000 2965.31296933
43000 2965.31296933
44000 2965.31296933
45000 2965.31296933
46000 2965.31296933
47000 4190.72038056
48000 4190.72038056
49000 4190.72038056
50000 4190.72038056
51000 4190.72038056
52000 4190.72038056
53000 4190.72038056
54000 4319.34350763
55000 4319.34350763
56000 4319.34350763
57000 4319.34350763
58000 3980.97141386
59000 3980.97141386
60000 3980.97141386
61000 3980.97141386
62000 3985.2398781
63000 3985.2398781
64000 3985.2398781
65000 3985.2398781
66000 3985.2398781
67000 3825.17926933
68000 3825.17926933
69000 4918.48648649
70000 4918.48648649
71000 4918.48648649
72000 4918.48648649
73000 4918.48648649
74000 4918.48648649
75000 4079.31245448
76000 4079.31245448
77000 4079.31245448
78000 4079.31245448
79000 4079.31245448
80000 4079.31245448
81000 4079.31245448
82000 4152.84558504
83000 4152.84558504
84000 4152.84558504
85000 4152.84558504
86000 4152.84558504
87000 4152.84558504
88000 4152.84558504
89000 2982.18584703
90000 2982.18584703
91000 2982.18584703
92000 2982.18584703
93000 2982.18584703
94000 2456.99682627
95000 2456.99682627
96000 2456.99682627
97000 2456.99682627
98000 2456.99682627
99000 2456.99682627
100000 2456.99682627
101000 2456.99682627
102000 2772.62599469
103000 2772.62599469
104000 2772.62599469
105000 3218.73068529
106000 3218.73068529
107000 5183.56353195
108000 5183.56353195
109000 4862.30404463
110000 3158.7001996
111000 3158.7001996
112000 3158.7001996
113000 4964.59756969
114000 4964.59756969
115000 4009.06162958
116000 4009.06162958
117000 4009.06162958
118000 4009.06162958
119000 4009.06162958
120000 4009.06162958
121000 3413.16842249
122000 3413.16842249
123000 3413.16842249
124000 3413.16842249
125000 3413.16842249
126000 3413.16842249
127000 3413.16842249
128000 3413.16842249
129000 5081.94384258
130000 5081.94384258
131000 5081.94384258
132000 5081.94384258
133000 4083.69485675
134000 4083.69485675
135000 4083.69485675
136000 4083.69485675
137000 4083.69485675
138000 4083.69485675
139000 3533.79692516
140000 3533.79692516
141000 3533.79692516
142000 3533.79692516
143000 3533.79692516
144000 3533.79692516
145000 2701.88811061
146000 2701.88811061
147000 2701.88811061
148000 2701.88811061
149000 1869.97929607
150000 3194.51097533
151000 3194.51097533
152000 3194.51097533
153000 3194.51097533
154000 3194.51097533
155000 3335.70724707
156000 3335.70724707
157000 3335.70724707
158000 3335.70724707
159000 3325.89431705
160000 3325.89431705
161000 3325.89431705
162000 3325.89431705
163000 3219.28940432
164000 3219.28940432
165000 3219.28940432
166000 3219.28940432
167000 298.874314084
168000 298.874314084
169000 298.874314084
170000 298.874314084
171000 1681.27893104
172000 1681.27893104
173000 1681.27893104
174000 1681.27893104
175000 1526.2337376
176000 1371.18854415
177000 1371.18854415
178000 1371.18854415
179000 1371.18854415
180000 896.297111417
181000 896.297111417
182000 896.297111417
183000 741.883408072
184000 741.883408072
185000 307.961904762
186000 307.961904762
187000 1442.94520841
188000 1442.94520841
189000 1442.94520841
190000 2577.92851205
191000 2795.10134048
192000 2795.10134048
193000 1904.38918919
194000 3808.77837838
195000 4460.84292178
196000 3473.68584357
197000 5094.99527856
198000 5094.99527856
199000 4400.83749258
200000 4400.83749258
201000 4400.83749258
202000 4400.83749258
203000 3706.6797066
204000 3706.6797066
205000 3706.6797066
206000 3875.04100272
207000 4043.40229885
208000 4043.40229885
209000 4043.40229885
210000 4043.40229885
211000 4512.0
212000 4577.57644394
213000 4577.57644394
214000 4738.75383589
215000 4738.75383589
216000 3350.4950495
217000 3350.4950495
218000 2388.3797235
219000 2388.3797235
220000 3257.95149786
221000 3257.95149786
222000 2826.99494718
223000 2826.99494718
224000 4581.40318054
225000 2965.31296933
226000 2965.31296933
227000 2965.31296933
228000 2965.31296933
229000 2965.31296933
230000 2965.31296933
231000 2965.31296933
232000 2965.31296933
233000 4190.72038056
234000 4190.72038056
235000 4190.72038056
236000 4190.72038056
237000 4190.72038056
238000 4190.72038056
239000 4190.72038056
240000 4319.34350763
241000 4319.34350763
242000 4319.34350763
243000 4319.34350763
244000 3980.97141386
245000 3980.97141386
246000 3980.97141386
247000 3980.97141386
248000 3985.2398781
249000 3985.2398781
250000 3985.2398781
251000 3985.2398781
252000 3985.2398781
253000 3825.17926933
254000 3825.17926933
255000 4918.48648649
256000 4918.48648649
257000 4918.48648649
258000 4918.48648649
259000 4918.48648649
260000 4918.48648649
261000 4079.31245448
262000 4079.31245448
263000 4079.31245448
264000 4079.31245448
265000 4079.31245448
266000 4079.31245448
267000 4079.31245448
268000 4152.84558504
269000 4152.84558504
270000 4152.84558504
271000 4152.84558504
272000 4152.84558504
273000 4152.84558504
274000 4152.84558504
275000 2982.18584703
276000 2982.18584703
277000 2982.18584703
278000 2982.18584703
279000 2982.18584703
280000 2456.99682627
281000 2456.99682627
282000 2456.99682627
283000 2456.99682627
284000 2456.99682627
285000 2456.99682627
286000 2456.99682627
287000 2456.99682627
288000 2772.62599469
289000 2772.62599469
290000 2772.62599469
291000 3218.73068529
292000 3218.73068529
293000 5183.56353195
294000 5183.56353195
295000 4862.30404463
296000 3158.7001996
297000 3158.7001996
298000 3158.7001996
299000 4964.59756969
300000 4964.59756969
301000 4009.06162958
302000 4009.06162958
303000 4009.06162958
304000 4009.06162958
305000 4009.06162958
306000 4009.06162958
307000 3413.16842249
308000 3413.16842249
309000 3413.16842249
310000 3413.16842249
311000 3413.16842249
312000 3413.16842249
313000 3413.16842249
314000 3413.16842249
315000 5081.94384258
316000 5081.94384258
317000 5081.94384258
318000 5081.94384258
319000 4083.69485675
320000 4083.69485675
321000 4083.69485675
322000 4083.69485675
323000 4083.69485675
324000 4083.69485675
325000 3533.79692516
326000 3533.79692516
327000 3533.79692516
328000 3533.79692516
329000 3533.79692516
330000 3533.79692516
331000 2701.88811061
332000 2701.88811061
333000 2701.88811061
334000 2701.88811061
335000 1869.97929607
336000 3194.51097533
337000 3194.51097533
338000 3194.51097533
339000 3194.51097533
340000 3194.51097533
341000 3335.70724707
342000 3335.70724707
343000 3335.70724707
344000 3335.70724707
345000 3325.89431705
346000 3325.89431705
347000 3325.89431705
348000 3325.89431705
349000 3219.28940432
350000 3219.28940432
351000 3219.28940432
352000 3219.28940432
353000 298.874314084
354000 298.874314084
355000 298.874314084
356000 298.874314084
357000 1681.27893104
358000 1681.27893104
359000 1681.27893104
360000 1681.27893104
361000 1526.2337376
362000 1371.18854415
363000 1371.18854415
364000 1371.18854415
365000 1371.18854415
366000 896.297111417
367000 896.297111417
368000 896.297111417
369000 741.883408072
370000 741.883408072
371000 307.961904762
372000 307.961904762
