0 2725.80618557
1000 2725.80618557
2000 2725.80618557
3000 2541.07189542
4000 2506.01558442
5000 2506.01558442
6000 2149.43085714
7000 2149.43085714
8000 1620.74405594
9000 1620.74405594
10000 1620.74405594
11000 1620.74405594
12000 1620.74405594
13000 1620.74405594
14000 1620.74405594
15000 1620.74405594
16000 1620.74405594
17000 2711.38909091
18000 2967.94673768
19000 2971.55555556
20000 2971.55555556
21000 2442.72108844
22000 2442.72108844
23000 2653.47502619
24000 2864.22896394
25000 2759.78284473
26000 2759.78284473
27000 1669.13513514
28000 1669.13513514
29000 1669.13513514
30000 3641.36765677
31000 3641.36765677
32000 3325.69806452
33000 2827.71756979
34000 2827.71756979
35000 2827.71756979
36000 2827.71756979
37000 2827.71756979
38000 2827.71756979
39000 2827.71756979
40000 2827.71756979
41000 1131.39428901
42000 1131.39428901
43000 1131.39428901
44000 1131.39428901
45000 1131.39428901
46000 1131.39428901
47000 1131.39428901
48000 2044.93518519
49000 2044.93518519
50000 2044.93518519
51000 1080.87466667
52000 1080.87466667
53000 1080.87466667
54000 1080.87466667
55000 1080.87466667
56000 1080.87466667
57000 1080.87466667
58000 2190.84299674
59000 2190.84299674
60000 2190.84299674
61000 865.3309797
62000 865.3309797
63000 865.3309797
64000 865.3309797
65000 865.3309797
66000 865.3309797
67000 865.3309797
68000 865.3309797
69000 865.3309797
70000 1051.81699346
71000 1051.81699346
72000 1051.81699346
73000 1051.81699346
74000 1051.81699346
75000 2268.47557604
76000 2268.47557604
77000 1800.0361991
78000 1800.0361991
79000 1800.0361991
80000 1137.38012685
81000 1137.38012685
82000 1137.38012685
83000 1137.38012685
84000 1969.91304348
85000 1969.91304348
86000 1969.91304348
87000 2074.01869159
88000 1145.00952381
89000 1145.00952381
90000 1145.00952381
91000 1145.00952381
92000 1145.00952381
93000 1145.00952381
94000 1145.00952381
95000 1266.64557439
96000 1266.64557439
97000 1266.64557439
98000 1266.64557439
99000 1266.64557439
100000 2734.61280788
101000 2734.61280788
102000 1650.48078176
103000 1650.48078176
104000 1650.48078176
105000 2026.25511811
106000 2026.25511811
107000 1320.17777778
108000 1320.17777778
109000 1183.48737864
110000 1183.48737864
111000 1698.29665072
112000 1698.29665072
113000 1274.48233799
114000 1274.48233799
115000 1274.48233799
116000 1274.48233799
117000 1274.48233799
118000 1274.48233799
119000 1274.48233799
120000 1274.48233799
121000 1541.6557037
122000 1541.6557037
123000 1541.6557037
124000 1541.6557037
125000 1541.6557037
126000 1541.6557037
127000 1541.6557037
128000 1497.73359841
129000 1497.73359841
130000 1497.73359841
131000 1497.73359841
132000 1497.73359841
133000 1497.73359841
134000 1497.73359841
135000 1497.73359841
136000 1497.73359841
137000 1497.73359841
138000 2365.10372881
139000 2365.10372881
140000 2365.10372881
141000 1950.88041775
142000 1950.88041775
143000 1950.88041775
144000 1950.88041775
145000 2082.1
146000 2082.1
147000 2082.1
148000 2082.1
149000 1807.88081937
150000 1807.88081937
151000 1807.88081937
152000 848.054237288
153000 1834.4418965
154000 1834.4418965
155000 1834.4418965
156000 1834.4418965
157000 1834.4418965
158000 1834.4418965
159000 1834.4418965
160000 2791.60120846
161000 2791.60120846
162000 2660.70229008
163000 2660.70229008
164000 2660.70229008
165000 2482.79365079
166000 2482.79365079
167000 2267.76751118
168000 2267.76751118
169000 2267.76751118
170000 1226.95770805
171000 1226.95770805
172000 1226.95770805
173000 707.314741036
174000 707.314741036
175000 707.314741036
176000 707.314741036
177000 707.314741036
178000 7682.50114943
179000 2473.51075697
180000 2473.51075697
181000 2473.51075697
182000 2463.44827586
183000 2463.44827586
184000 2463.44827586
185000 2550.78911565
186000 2550.78911565
187000 2113.47994825
188000 2113.47994825
189000 2113.47994825
190000 2113.47994825
191000 1998.96559546
192000 1998.96559546
193000 2239.81694361
194000 2239.81694361
195000 2239.81694361
196000 2239.81694361
197000 2239.81694361
198000 2239.81694361
199000 2239.81694361
200000 2239.81694361
201000 2357.39761589
202000 2357.39761589
203000 2357.39761589
204000 2357.39761589
205000 2357.39761589
206000 2357.39761589
207000 2357.39761589
208000 3382.58113208
209000 3382.58113208
210000 3382.58113208
211000 3382.58113208
212000 3382.58113208
213000 3382.58113208
214000 3049.56131261
215000 3049.56131261
216000 3049.56131261
217000 3049.56131261
218000 2930.42624304
219000 2930.42624304
220000 2930.42624304
221000 2930.42624304
222000 2930.42624304
223000 586.783161239
224000 586.783161239
225000 586.783161239
226000 586.783161239
227000 586.783161239
228000 4208.72087912
229000 4208.72087912
230000 4209.5143213
231000 4209.5143213
232000 4365.52347826
233000 3599.01253616
234000 3599.01253616
235000 3573.27149758
236000 3573.27149758
237000 3194.33219148
238000 2815.39288538
239000 2815.39288538
240000 3398.07136641
241000 3398.07136641
242000 3398.07136641
243000 3816.19875776
244000 2728.44543849
245000 2728.44543849
246000 2728.44543849
247000 2728.44543849
248000 2728.44543849
249000 2728.44543849
250000 2728.44543849
251000 2728.44543849
252000 2556.95517597
253000 2556.95517597
254000 2556.95517597
255000 2556.95517597
256000 2556.95517597
257000 2556.95517597
258000 2556.95517597
259000 2556.95517597
260000 2556.95517597
261000 2893.95952315
262000 2893.95952315
263000 2893.95952315
264000 2893.95952315
265000 2893.95952315
266000 2893.95952315
267000 2893.95952315
268000 2893.95952315
269000 5514.43185012
270000 5514.43185012
271000 5514.43185012
272000 5514.43185012
273000 3128.35438697
274000 3128.35438697
275000 3128.35438697
276000 3128.35438697
277000 3128.35438697
278000 3128.35438697
279000 3128.35438697
280000 3882.57480064
281000 3882.57480064
282000 3882.57480064
283000 3882.57480064
284000 3882.57480064
285000 3882.57480064
286000 3113.37780575
287000 3113.37780575
288000 3113.37780575
289000 3113.37780575
290000 3113.37780575
291000 4374.51779141
292000 4374.51779141
293000 4374.51779141
294000 4374.51779141
295000 5392.11357587
296000 5392.11357587
297000 6059.61627015
298000 6059.61627015
299000 2725.80618557
300000 2725.80618557
301000 2541.07189542
302000 2506.01558442
303000 2506.01558442
304000 2327.72322078
305000 2149.43085714
306000 1620.74405594
307000 1620.74405594
308000 1620.74405594
309000 1620.74405594
310000 1620.74405594
311000 1620.74405594
312000 1620.74405594
313000 1620.74405594
314000 1620.74405594
315000 2711.38909091
316000 2967.94673768
317000 2971.55555556
318000 2971.55555556
319000 2442.72108844
320000 2442.72108844
321000 2653.47502619
322000 2864.22896394
323000 2759.78284473
324000 2759.78284473
325000 1669.13513514
326000 1669.13513514
327000 1669.13513514
328000 3641.36765677
329000 3641.36765677
330000 3325.69806452
331000 2827.71756979
332000 2827.71756979
333000 2827.71756979
334000 2827.71756979
335000 2827.71756979
336000 2827.71756979
337000 2827.71756979
338000 2827.71756979
339000 1131.39428901
340000 1131.39428901
341000 1131.39428901
342000 1131.39428901
343000 1131.39428901
344000 1131.39428901
345000 1131.39428901
346000 2044.93518519
347000 2044.93518519
348000 2044.93518519
349000 1080.87466667
350000 1080.87466667
351000 1080.87466667
352000 1080.87466667
353000 1080.87466667
354000 1080.87466667
355000 1080.87466667
356000 2190.84299674
357000 2190.84299674
358000 2190.84299674
359000 865.3309797
360000 865.3309797
361000 865.3309797
362000 865.3309797
363000 865.3309797
364000 865.3309797
365000 865.3309797
366000 865.3309797
367000 865.3309797
368000 1051.81699346
369000 1051.81699346
370000 1051.81699346
371000 1051.81699346
372000 1051.81699346
373000 2268.47557604
374000 2268.47557604
375000 1800.0361991
376000 1800.0361991
377000 1800.0361991
378000 1137.38012685
379000 1137.38012685
380000 1137.38012685
381000 1137.38012685
382000 1969.91304348
383000 1969.91304348
384000 1969.91304348
385000 2074.01869159
386000 1145.00952381
387000 1145.00952381
388000 1145.00952381
389000 1145.00952381
390000 1145.00952381
391000 1145.00952381
392000 1145.00952381
393000 1266.64557439
394000 1266.64557439
395000 1266.64557439
396000 1266.64557439
397000 1266.64557439
398000 2734.61280788
399000 2734.61280788
400000 1650.48078176
401000 1650.48078176
402000 1650.48078176
403000 2026.25511811
404000 2026.25511811
405000 1320.17777778
406000 1320.17777778
407000 1183.48737864
408000 1183.48737864
409000 1698.29665072
410000 1698.29665072
411000 1274.48233799
412000 1274.48233799
413000 1274.48233799
414000 1274.48233799
415000 1274.48233799
416000 1274.48233799
417000 1274.48233799
418000 1274.48233799
419000 1541.6557037
420000 1541.6557037
421000 1541.6557037
422000 1541.6557037
423000 1541.6557037
424000 1541.6557037
425000 1541.6557037
426000 1497.73359841
427000 1497.73359841
428000 1497.73359841
429000 1497.73359841
430000 1497.73359841
431000 1497.73359841
432000 1497.73359841
433000 1497.73359841
434000 1497.73359841
435000 1497.73359841
436000 2365.10372881
437000 2365.10372881
438000 2365.10372881
439000 1950.88041775
440000 1950.88041775
441000 1950.88041775
442000 1950.88041775
443000 2082.1
444000 2082.1
445000 2082.1
446000 2082.1
447000 1807.88081937
448000 1807.88081937
449000 1807.88081937
450000 848.054237288
451000 1834.4418965
452000 1834.4418965
453000 1834.4418965
454000 1834.4418965
455000 1834.4418965
456000 1834.4418965
457000 1834.4418965
458000 2791.60120846
459000 2791.60120846
460000 2660.70229008
461000 2660.70229008
462000 2660.70229008
463000 2482.79365079
464000 2482.79365079
465000 2267.76751118
466000 2267.76751118
467000 2267.76751118
468000 1226.95770805
469000 1226.95770805
470000 1226.95770805
471000 707.314741036
472000 707.314741036
473000 707.314741036
474000 707.314741036
475000 707.314741036
476000 7682.50114943
477000 2473.51075697
478000 2473.51075697
479000 2473.51075697
480000 2463.44827586
481000 2463.44827586
482000 2463.44827586
483000 2550.78911565
484000 2550.78911565
485000 2113.47994825
486000 2113.47994825
487000 2113.47994825
488000 2113.47994825
489000 1998.96559546
490000 1998.96559546
491000 2239.81694361
492000 2239.81694361
493000 2239.81694361
494000 2239.81694361
495000 2239.81694361
496000 2239.81694361
497000 2239.81694361
498000 2239.81694361
499000 2357.39761589
500000 2357.39761589
501000 2357.39761589
502000 2357.39761589
503000 2357.39761589
504000 2357.39761589
505000 2357.39761589
506000 3382.58113208
507000 3382.58113208
508000 3382.58113208
509000 3382.58113208
510000 3382.58113208
511000 3382.58113208
512000 3049.56131261
513000 3049.56131261
514000 3049.56131261
515000 3049.56131261
516000 2930.42624304
517000 2930.42624304
518000 2930.42624304
519000 2930.42624304
520000 2930.42624304
521000 586.783161239
522000 586.783161239
523000 586.783161239
524000 586.783161239
525000 586.783161239
526000 4208.72087912
527000 4208.72087912
528000 4209.5143213
529000 4209.5143213
530000 4365.52347826
531000 3599.01253616
532000 3599.01253616
533000 3573.27149758
534000 3573.27149758
535000 3573.27149758
536000 2815.39288538
537000 2815.39288538
538000 3398.07136641
539000 3398.07136641
540000 3398.07136641
541000 3816.19875776
542000 2728.44543849
543000 2728.44543849
544000 2728.44543849
545000 2728.44543849
546000 2728.44543849
547000 2728.44543849
548000 2728.44543849
549000 2728.44543849
550000 2642.70030723
551000 2556.95517597
552000 2556.95517597
553000 2556.95517597
554000 2556.95517597
555000 2556.95517597
556000 2556.95517597
557000 2556.95517597
558000 2556.95517597
559000 2893.95952315
560000 2893.95952315
561000 2893.95952315
562000 2893.95952315
563000 2893.95952315
564000 2893.95952315
565000 2893.95952315
566000 2893.95952315
567000 5514.43185012
568000 5514.43185012
569000 5514.43185012
570000 5514.43185012
571000 3128.35438697
572000 3128.35438697
573000 3128.35438697
574000 3128.35438697
575000 3128.35438697
576000 3128.35438697
577000 3128.35438697
578000 3882.57480064
579000 3882.57480064
580000 3882.57480064
581000 3882.57480064
582000 3882.57480064
583000 3882.57480064
584000 3497.97630319
585000 3113.37780575
586000 3113.37780575
587000 3113.37780575
588000 3113.37780575
589000 4374.51779141
590000 4374.51779141
591000 4374.51779141
592000 4374.51779141
593000 5392.11357587
594000 5392.11357587
595000 6059.61627015
596000 6059.61627015
