0 2005.77935943
1000 2005.77935943
2000 2005.77935943
3000 2005.77935943
4000 2005.77935943
5000 2005.77935943
6000 2172.77444284
7000 2172.77444284
8000 2172.77444284
9000 2172.77444284
10000 2339.76952625
11000 2066.20799545
12000 2066.20799545
13000 1792.64646465
14000 1648.32323232
15000 1504.0
16000 1831.69444445
17000 2178.56768388
18000 2015.64971002
19000 2194.86700557
20000 2197.95087719
21000 2010.99354839
22000 1962.04709576
23000 2247.91397849
24000 2286.3003663
25000 2459.20315582
26000 2245.60520345
27000 1763.53041018
28000 1731.37309293
29000 1785.46285714
30000 1920.49230769
31000 1660.416
32000 1196.26512968
33000 1449.73958238
34000 1703.21403509
35000 1770.61818182
36000 1823.13986014
37000 1875.66153846
38000 2658.23255814
39000 2240.44137931
40000 2315.08571429
41000 2328.48192771
42000 1931.37425743
43000 2210.34353897
44000 2347.87459207
45000 2206.43636364
46000 2236.98390805
47000 1971.41826982
48000 1971.41826982
49000 1971.41826982
50000 1971.41826982
51000 1705.85263158
52000 1793.29136434
53000 1793.29136434
54000 1793.29136434
55000 1793.29136434
56000 1880.73009709
57000 1914.20504854
58000 1914.20504854
59000 1914.20504854
60000 1914.20504854
61000 1947.68
62000 2341.20901409
63000 2341.20901409
64000 2341.20901409
65000 2341.20901409
66000 2734.73802817
67000 2398.27230845
68000 2398.27230845
69000 2398.27230845
70000 2398.27230845
71000 2061.80658874
72000 2347.91951058
73000 2347.91951058
74000 2347.91951058
75000 2347.91951058
76000 2634.03243243
77000 2551.62887445
78000 2551.62887445
79000 2551.62887445
80000 2551.62887445
81000 2469.22531646
82000 2488.59454698
83000 2488.59454698
84000 2488.59454698
85000 2488.59454698
86000 2507.96377749
87000 2529.43286914
88000 2529.43286914
89000 2529.43286914
90000 2529.43286914
91000 2278.34066011
92000 2278.34066011
93000 2278.34066011
94000 2278.34066011
95000 2278.34066011
96000 2005.77935943
97000 2172.77444284
98000 2172.77444284
99000 2172.77444284
100000 2172.77444284
101000 2066.20799545
102000 2066.20799545
103000 2066.20799545
104000 1792.64646465
105000 1648.32323232
106000 1504.0
107000 2159.38888889
108000 2197.74647887
109000 1833.55294118
110000 2556.18106996
111000 2197.95087719
112000 2010.99354839
113000 1962.04709576
114000 2247.91397849
115000 2286.3003663
116000 2459.20315582
117000 2411.63636364
118000 1763.53041018
119000 1758.41797503
120000 1852.97758242
121000 1790.45415384
122000 1660.416
123000 1196.26512968
124000 1449.73958238
125000 1703.21403509
126000 1770.61818182
127000 1875.66153846
128000 1875.66153846
129000 2658.23255814
130000 2240.44137931
131000 2315.08571429
132000 2328.48192771
133000 1931.37425743
134000 2210.34353897
135000 2347.87459207
136000 2221.71013584
137000 2236.98390805
138000 1971.41826982
139000 1971.41826982
140000 1971.41826982
141000 1971.41826982
142000 1705.85263158
143000 1793.29136434
144000 1793.29136434
145000 1793.29136434
146000 1793.29136434
147000 1880.73009709
148000 1914.20504854
149000 1914.20504854
150000 1914.20504854
151000 1914.20504854
152000 1947.68
153000 2341.20901409
154000 2341.20901409
155000 2341.20901409
156000 2341.20901409
157000 2734.73802817
158000 2398.27230845
159000 2398.27230845
160000 2398.27230845
161000 2398.27230845
162000 2061.80658874
163000 2347.91951058
164000 2347.91951058
165000 2347.91951058
166000 2347.91951058
167000 2634.03243243
168000 2551.62887445
169000 2551.62887445
170000 2551.62887445
171000 2551.62887445
172000 2469.22531646
173000 2488.59454698
174000 2488.59454698
175000 2488.59454698
176000 2488.59454698
177000 2507.96377749
178000 2529.43286914
179000 2529.43286914
180000 2529.43286914
181000 2529.43286914
