0 3731.07692308
1000 3731.07692308
2000 3008.0
3000 5092.90275229
4000 5092.90275229
5000 3581.79166667
6000 3581.79166667
7000 3581.79166667
8000 3581.79166667
9000 3566.94610778
10000 3236.52038835
11000 3236.52038835
12000 3668.05240175
13000 3668.05240175
14000 3019.43391813
15000 3019.43391813
16000 3338.59252824
17000 3338.59252824
18000 2665.20606601
19000 2665.20606601
20000 2665.20606601
21000 2605.36408567
22000 2605.36408567
23000 3918.69793103
24000 3918.69793103
25000 3017.21414648
26000 3017.21414648
27000 3017.21414648
28000 3017.21414648
29000 3017.21414648
30000 3017.21414648
31000 3017.21414648
32000 3017.21414648
33000 2871.90347764
34000 2871.90347764
35000 2871.90347764
36000 2871.90347764
37000 2871.90347764
38000 2739.90603175
39000 2739.90603175
40000 2739.90603175
41000 2739.90603175
42000 2739.90603175
43000 2739.90603175
44000 2739.90603175
45000 4616.97306122
46000 4616.97306122
47000 3671.27789623
48000 3671.27789623
49000 3671.27789623
50000 3439.52149533
51000 3439.52149533
52000 3439.52149533
53000 2104.11764706
54000 2104.11764706
55000 3086.98705036
56000 3086.98705036
57000 3086.98705036
58000 3086.98705036
59000 3086.98705036
60000 3086.98705036
61000 3086.98705036
62000 2000.88099467
63000 2000.88099467
64000 2000.88099467
65000 2000.88099467
66000 2000.88099467
67000 2000.88099467
68000 2000.88099467
69000 1781.2
70000 2063.62437301
71000 2346.04874603
72000 2346.04874603
73000 2346.04874603
74000 2346.04874603
75000 2346.04874603
76000 4760.16
77000 4760.16
78000 4372.80993789
79000 4372.80993789
80000 3172.89478338
81000 3172.89478338
82000 5577.97372263
83000 4845.45049768
84000 4112.92727273
85000 3414.832
86000 3414.832
87000 2864.35955056
88000 2864.35955056
89000 2864.35955056
90000 3813.47196563
91000 3813.47196563
92000 3813.47196563
93000 3813.47196563
94000 3813.47196563
95000 3248.34866828
96000 3248.34866828
97000 3248.34866828
98000 3248.34866828
99000 3248.34866828
100000 3248.34866828
101000 3248.34866828
102000 3248.34866828
103000 3248.34866828
104000 3248.34866828
105000 3891.53103448
106000 3891.53103448
107000 3891.53103448
108000 3891.53103448
109000 3891.53103448
110000 3162.95374779
111000 2434.3764611
112000 2434.3764611
113000 2434.3764611
114000 2434.3764611
115000 2434.3764611
116000 2434.3764611
117000 2434.3764611
118000 2434.3764611
119000 2434.3764611
120000 2434.3764611
121000 2853.11044776
122000 2853.11044776
123000 2853.11044776
124000 2853.11044776
125000 2853.11044776
126000 2853.11044776
127000 3714.47181628
128000 3714.47181628
129000 3714.47181628
130000 3714.47181628
131000 3714.47181628
132000 3857.86569495
133000 3857.86569495
134000 3857.86569495
135000 3857.86569495
136000 2413.36812749
137000 2413.36812749
138000 2413.36812749
139000 2413.36812749
140000 2413.36812749
141000 2413.36812749
142000 2413.36812749
143000 2413.36812749
144000 2413.36812749
145000 2413.36812749
146000 1946.29965367
147000 1946.29965367
148000 1946.29965367
149000 1946.29965367
150000 1946.29965367
151000 1946.29965367
152000 2616.03371151
153000 2616.03371151
154000 2616.03371151
155000 2616.03371151
156000 3307.43891403
157000 3307.43891403
158000 2004.12965186
159000 2004.12965186
160000 2004.12965186
161000 2771.74982027
162000 2771.74982027
163000 2771.74982027
164000 4245.85885486
165000 4245.85885486
166000 3813.37589248
167000 3813.37589248
168000 3813.37589248
169000 3813.37589248
170000 3813.37589248
171000 4909.06990179
172000 4909.06990179
173000 4909.06990179
174000 5660.82798834
175000 5660.82798834
176000 5660.82798834
177000 5660.82798834
178000 8595.7035533
179000 8595.7035533
180000 10360.2746269
181000 11589.6470588
182000 11589.6470588
183000 9421.60880547
184000 7253.57055215
185000 7253.57055215
186000 7253.57055215
187000 7253.57055215
188000 6137.39130435
189000 6137.39130435
190000 6137.39130435
191000 6137.39130435
192000 7123.11111111
193000 4416.96703297
194000 3731.07692308
195000 3008.0
196000 5092.90275229
197000 5899.65405405
198000 3581.79166667
199000 3581.79166667
200000 3581.79166667
201000 3581.79166667
202000 3566.94610778
203000 3236.52038835
204000 3236.52038835
205000 3668.05240175
206000 3668.05240175
207000 3019.43391813
208000 3179.01322319
209000 3338.59252824
210000 3338.59252824
211000 2665.20606601
212000 2665.20606601
213000 2605.36408567
214000 2605.36408567
215000 2605.36408567
216000 3918.69793103
217000 596.425531915
218000 3017.21414648
219000 3017.21414648
220000 3017.21414648
221000 3017.21414648
222000 3017.21414648
223000 3017.21414648
224000 3017.21414648
225000 2871.90347764
226000 2871.90347764
227000 2871.90347764
228000 2871.90347764
229000 2871.90347764
230000 2871.90347764
231000 2739.90603175
232000 2739.90603175
233000 2739.90603175
234000 2739.90603175
235000 2739.90603175
236000 2739.90603175
237000 3678.43954648
238000 4616.97306122
239000 4616.97306122
240000 3671.27789623
241000 3671.27789623
242000 3671.27789623
243000 3439.52149533
244000 3439.52149533
245000 2104.11764706
246000 2104.11764706
247000 2104.11764706
248000 3086.98705036
249000 3086.98705036
250000 3086.98705036
251000 3086.98705036
252000 3086.98705036
253000 3086.98705036
254000 3086.98705036
255000 2000.88099467
256000 2000.88099467
257000 2000.88099467
258000 2000.88099467
259000 2000.88099467
260000 2000.88099467
261000 2000.88099467
262000 1781.2
263000 2346.04874603
264000 2346.04874603
265000 2346.04874603
266000 2346.04874603
267000 2346.04874603
268000 2346.04874603
269000 4760.16
270000 4566.48496895
271000 4372.80993789
272000 3172.89478338
273000 3172.89478338
274000 3172.89478338
275000 5577.97372263
276000 4112.92727273
277000 4112.92727273
278000 3414.832
279000 3414.832
280000 2864.35955056
281000 2864.35955056
282000 2864.35955056
283000 3813.47196563
284000 3813.47196563
285000 3813.47196563
286000 3813.47196563
287000 3813.47196563
288000 3248.34866828
289000 3248.34866828
290000 3248.34866828
291000 3248.34866828
292000 3248.34866828
293000 3248.34866828
294000 3248.34866828
295000 3248.34866828
296000 3248.34866828
297000 3248.34866828
298000 3891.53103448
299000 3891.53103448
300000 3891.53103448
301000 3891.53103448
302000 3891.53103448
303000 2434.3764611
304000 2434.3764611
305000 2434.3764611
306000 2434.3764611
307000 2434.3764611
308000 2434.3764611
309000 2434.3764611
310000 2434.3764611
311000 2434.3764611
312000 2434.3764611
313000 2853.11044776
314000 2853.11044776
315000 2853.11044776
316000 2853.11044776
317000 2853.11044776
318000 2853.11044776
319000 3714.47181628
320000 3714.47181628
321000 3714.47181628
322000 3714.47181628
323000 3714.47181628
324000 3857.86569495
325000 3857.86569495
326000 3857.86569495
327000 3857.86569495
328000 2413.36812749
329000 2413.36812749
330000 2413.36812749
331000 2413.36812749
332000 2413.36812749
333000 2413.36812749
334000 2413.36812749
335000 2413.36812749
336000 2413.36812749
337000 2413.36812749
338000 1946.29965367
339000 1946.29965367
340000 1946.29965367
341000 1946.29965367
342000 1946.29965367
343000 1946.29965367
344000 1946.29965367
345000 2616.03371151
346000 2616.03371151
347000 2616.03371151
348000 3307.43891403
349000 3307.43891403
350000 2004.12965186
351000 2004.12965186
352000 2004.12965186
353000 2004.12965186
354000 2771.74982027
355000 2771.74982027
356000 2771.74982027
357000 4245.85885486
358000 3813.37589248
359000 3813.37589248
360000 3813.37589248
361000 3813.37589248
362000 3813.37589248
363000 4909.06990179
364000 4909.06990179
365000 4909.06990179
366000 4909.06990179
367000 5660.82798834
368000 5660.82798834
369000 5660.82798834
370000 8595.7035533
371000 8595.7035533
372000 9477.9890901
373000 11589.6470588
374000 11589.6470588
375000 11589.6470588
376000 7253.57055215
377000 7253.57055215
378000 7253.57055215
379000 7253.57055215
380000 6137.39130435
381000 6137.39130435
382000 6137.39130435
383000 6137.39130435
384000 6137.39130435
385000 5102.85714286
