0 4790.37532134
1000 4790.37532134
2000 1971.39869281
3000 2795.61361546
4000 2795.61361546
5000 3357.17356234
6000 3567.78871371
7000 3354.60632315
8000 3329.04877084
9000 3223.89184915
10000 3269.81703022
11000 3261.13969726
12000 3173.6779274
13000 3082.65563599
14000 3245.90249187
15000 3190.78891258
16000 3517.01886792
17000 3317.79401993
18000 3216.3952739
19000 3407.05612752
20000 3407.05612752
21000 3407.05612752
22000 3407.05612752
23000 3407.05612752
24000 3407.05612752
25000 3597.71698113
26000 3033.5807904
27000 3033.5807904
28000 3032.42893738
29000 3032.42893738
30000 3032.42893738
31000 3032.42893738
32000 3032.42893738
33000 3032.42893738
34000 3032.42893738
35000 3031.27708437
36000 3031.27708437
37000 3401.47342735
38000 3401.47342735
39000 3401.47342735
40000 3401.47342735
41000 3401.47342735
42000 3401.47342735
43000 3401.47342735
44000 3401.47342735
45000 3771.66977033
46000 3487.50753564
47000 3487.50753564
48000 3487.50753564
49000 3487.50753564
50000 3487.50753564
51000 3487.50753564
52000 3487.50753564
53000 3487.50753564
54000 3487.50753564
55000 3203.34530095
56000 3203.34530095
57000 3354.74824193
58000 3354.74824193
59000 3354.74824193
60000 3354.74824193
61000 3354.74824193
62000 3354.74824193
63000 3354.74824193
64000 3354.74824193
65000 3506.15118292
66000 3506.15118292
67000 3348.40682174
68000 3348.40682174
69000 3348.40682174
70000 3348.40682174
71000 3348.40682174
72000 3348.40682174
73000 3348.40682174
74000 3348.40682174
75000 3190.66246057
76000 3190.66246057
77000 3374.90341029
78000 3374.90341029
79000 3374.90341029
80000 3374.90341029
81000 3374.90341029
82000 3374.90341029
83000 3374.90341029
84000 3374.90341029
85000 3559.14436002
86000 3559.14436002
87000 3518.94732254
88000 3518.94732254
89000 3518.94732254
90000 3518.94732254
91000 3518.94732254
92000 3518.94732254
93000 3518.94732254
94000 3518.94732254
95000 3478.75028506
96000 3478.75028506
97000 3395.65821276
98000 3395.65821276
99000 3395.65821276
100000 3395.65821276
101000 3395.65821276
102000 3395.65821276
103000 3395.65821276
104000 3395.65821276
105000 3312.56614045
106000 3312.56614045
107000 3109.06772251
108000 3109.06772251
109000 3109.06772251
110000 3109.06772251
111000 3109.06772251
112000 3109.06772251
113000 3109.06772251
114000 3109.06772251
115000 2905.56930456
116000 2905.56930456
117000 3221.01269184
118000 3221.01269184
119000 3221.01269184
120000 3221.01269184
121000 3221.01269184
122000 3221.01269184
123000 3221.01269184
124000 3221.01269184
125000 3536.45607912
126000 3536.45607912
127000 3918.41089671
128000 3918.41089671
129000 3918.41089671
130000 3918.41089671
131000 3918.41089671
132000 3918.41089671
133000 3918.41089671
134000 3918.41089671
135000 4300.36571429
136000 4075.18855695
137000 4075.18855695
138000 4075.18855695
139000 4075.18855695
140000 4075.18855695
141000 4075.18855695
142000 4075.18855695
143000 4075.18855695
144000 4075.18855695
145000 3850.01139962
146000 3486.43397638
147000 3486.43397638
148000 3486.43397638
149000 3486.43397638
150000 3486.43397638
151000 3486.43397638
152000 3486.43397638
153000 3486.43397638
154000 3486.43397638
155000 3122.85655315
156000 3122.85655315
157000 3055.77310416
158000 3055.77310416
159000 3055.77310416
160000 3055.77310416
161000 3055.77310416
162000 3055.77310416
163000 3055.77310416
164000 3055.77310416
165000 2988.68965517
166000 2988.68965517
167000 2988.68965517
168000 3151.77246633
169000 3151.77246633
170000 3151.77246633
171000 3151.77246633
172000 3151.77246633
173000 3151.77246633
174000 3151.77246633
175000 3314.85527748
176000 3314.85527748
177000 4052.61529941
178000 4790.37532134
179000 2383.50615414
180000 2795.61361546
181000 2795.61361546
182000 3918.73350923
183000 3216.84391819
184000 3492.36872812
185000 3165.72881356
186000 3282.05488474
187000 3257.5791757
188000 3264.70021882
189000 3082.65563599
190000 3245.90249187
191000 3190.78891258
192000 3517.01886792
193000 3317.79401993
194000 3216.3952739
195000 3407.05612752
196000 3407.05612752
197000 3407.05612752
198000 3407.05612752
199000 3407.05612752
200000 3407.05612752
201000 3597.71698113
202000 3597.71698113
203000 3033.5807904
204000 3033.5807904
205000 3032.42893738
206000 3032.42893738
207000 3032.42893738
208000 3032.42893738
209000 3032.42893738
210000 3032.42893738
211000 3031.27708437
212000 3031.27708437
213000 3401.47342735
214000 3401.47342735
215000 3401.47342735
216000 3401.47342735
217000 3401.47342735
218000 3401.47342735
219000 3401.47342735
220000 3401.47342735
221000 3771.66977033
222000 3771.66977033
223000 3487.50753564
224000 3487.50753564
225000 3487.50753564
226000 3487.50753564
227000 3487.50753564
228000 3487.50753564
229000 3487.50753564
230000 3487.50753564
231000 3203.34530095
232000 3203.34530095
233000 3354.74824193
234000 3354.74824193
235000 3354.74824193
236000 3354.74824193
237000 3354.74824193
238000 3354.74824193
239000 3354.74824193
240000 3354.74824193
241000 3506.15118292
242000 3506.15118292
243000 3348.40682174
244000 3348.40682174
245000 3348.40682174
246000 3348.40682174
247000 3348.40682174
248000 3348.40682174
249000 3348.40682174
250000 3348.40682174
251000 3190.66246057
252000 3190.66246057
253000 3374.90341029
254000 3374.90341029
255000 3374.90341029
256000 3374.90341029
257000 3374.90341029
258000 3374.90341029
259000 3374.90341029
260000 3374.90341029
261000 3559.14436002
262000 3559.14436002
263000 3518.94732254
264000 3518.94732254
265000 3518.94732254
266000 3518.94732254
267000 3518.94732254
268000 3518.94732254
269000 3518.94732254
270000 3518.94732254
271000 3478.75028506
272000 3478.75028506
273000 3395.65821276
274000 3395.65821276
275000 3395.65821276
276000 3395.65821276
277000 3395.65821276
278000 3395.65821276
279000 3395.65821276
280000 3395.65821276
281000 3312.56614045
282000 3312.56614045
283000 3109.06772251
284000 3109.06772251
285000 3109.06772251
286000 3109.06772251
287000 3109.06772251
288000 3109.06772251
289000 3109.06772251
290000 3109.06772251
291000 2905.56930456
292000 2905.56930456
293000 3221.01269184
294000 3221.01269184
295000 3221.01269184
296000 3221.01269184
297000 3221.01269184
298000 3221.01269184
299000 3221.01269184
300000 3221.01269184
301000 3536.45607912
302000 3536.45607912
303000 3918.41089671
304000 3918.41089671
305000 3918.41089671
306000 3918.41089671
307000 3918.41089671
308000 3918.41089671
309000 3918.41089671
310000 3918.41089671
311000 4300.36571429
312000 4300.36571429
313000 4075.18855695
314000 4075.18855695
315000 4075.18855695
316000 4075.18855695
317000 4075.18855695
318000 4075.18855695
319000 4075.18855695
320000 4075.18855695
321000 3850.01139962
322000 3850.01139962
323000 3486.43397638
324000 3486.43397638
325000 3486.43397638
326000 3486.43397638
327000 3486.43397638
328000 3486.43397638
329000 3486.43397638
330000 3486.43397638
331000 3486.43397638
332000 3122.85655315
333000 3122.85655315
334000 3055.77310416
335000 3055.77310416
336000 3055.77310416
337000 3055.77310416
338000 3055.77310416
339000 3055.77310416
340000 3055.77310416
341000 3055.77310416
342000 2988.68965517
343000 2988.68965517
344000 3151.77246633
345000 3151.77246633
346000 3151.77246633
347000 3151.77246633
348000 3151.77246633
349000 3151.77246633
350000 3151.77246633
351000 3314.85527748
352000 3314.85527748
