0 9764.13199426
1000 9764.13199426
2000 9764.13199426
3000 10322.4465494
4000 9660.38119441
5000 6538.85246753
6000 4575.87636364
7000 4575.87636364
8000 9308.8292188
9000 9308.8292188
10000 9308.8292188
11000 9109.85524975
12000 9109.85524975
13000 9109.85524975
14000 9203.97818415
15000 9203.97818415
16000 9203.97818415
17000 7676.41251448
18000 7676.41251448
19000 7676.41251448
20000 7676.41251448
21000 9180.38871473
22000 9180.38871473
23000 8000.43871675
24000 8000.43871675
25000 8000.43871675
26000 8000.43871675
27000 8000.43871675
28000 8000.43871675
29000 8000.43871675
30000 7006.39540688
31000 6012.35209702
32000 6012.35209702
33000 6012.35209702
34000 6012.35209702
35000 6012.35209702
36000 6012.35209702
37000 6012.35209702
38000 6012.35209702
39000 6012.35209702
40000 6012.35209702
41000 7497.2685342
42000 7497.2685342
43000 7497.2685342
44000 7497.2685342
45000 7497.2685342
46000 7497.2685342
47000 7497.2685342
48000 8010.9352024
49000 8010.9352024
50000 8010.9352024
51000 8010.9352024
52000 8010.9352024
53000 8010.9352024
54000 8010.9352024
55000 7454.76602017
56000 6898.59683794
57000 6898.59683794
58000 6898.59683794
59000 6898.59683794
60000 6898.59683794
61000 6898.59683794
62000 6898.59683794
63000 6898.59683794
64000 6490.89743294
65000 6083.19802794
66000 6083.19802794
67000 6083.19802794
68000 6083.19802794
69000 6083.19802794
70000 6083.19802794
71000 6083.19802794
72000 6083.19802794
73000 6083.19802794
74000 5250.68961463
75000 4418.18120133
76000 4418.18120133
77000 4418.18120133
78000 4418.18120133
79000 4418.18120133
80000 4418.18120133
81000 4418.18120133
82000 4418.18120133
83000 4418.18120133
84000 4418.18120133
85000 4418.18120133
86000 4418.18120133
87000 4418.18120133
88000 5570.45391956
89000 6722.7266378
90000 6722.7266378
91000 6722.7266378
92000 6722.7266378
93000 6722.7266378
94000 6722.7266378
95000 6722.7266378
96000 7998.35699518
97000 7998.35699518
98000 7998.35699518
99000 7998.35699518
100000 7998.35699518
101000 7998.35699518
102000 3999.17849759
103000 0.0
104000 5512.05315343
105000 5512.05315343
106000 5512.05315343
107000 5512.05315343
108000 5512.05315343
109000 5512.05315343
110000 5512.05315343
111000 5512.05315343
112000 5512.05315343
113000 5512.05315343
114000 5164.1344
115000 5164.1344
116000 5164.1344
117000 5164.1344
118000 5164.1344
119000 5164.1344
120000 5164.1344
121000 5164.1344
122000 5164.1344
123000 5164.1344
124000 5164.1344
125000 5109.00533108
126000 5053.87626216
127000 5053.87626216
128000 5053.87626216
129000 5053.87626216
130000 5053.87626216
131000 5053.87626216
132000 5053.87626216
133000 5053.87626216
134000 5053.87626216
135000 5053.87626216
136000 5053.87626216
137000 6136.03153969
138000 6136.03153969
139000 6136.03153969
140000 6136.03153969
141000 6136.03153969
142000 6136.03153969
143000 6136.03153969
144000 6136.03153969
145000 6136.03153969
146000 5437.8286678
147000 4739.62579592
148000 4739.62579592
149000 4739.62579592
150000 4739.62579592
151000 4739.62579592
152000 4739.62579592
153000 4739.62579592
154000 4739.62579592
155000 4739.62579592
156000 4739.62579592
157000 4739.62579592
158000 4739.62579592
159000 6341.39310492
160000 6341.39310492
161000 6341.39310492
162000 6341.39310492
163000 6341.39310492
164000 6341.39310492
165000 6341.39310492
166000 6341.39310492
167000 6341.39310492
168000 6341.39310492
169000 5746.86315789
170000 5746.86315789
171000 5746.86315789
172000 5746.86315789
173000 5746.86315789
174000 5746.86315789
175000 5746.86315789
176000 5746.86315789
177000 5746.86315789
178000 5746.86315789
179000 5370.38182096
180000 4993.90048403
181000 4993.90048403
182000 4993.90048403
183000 4993.90048403
184000 4993.90048403
185000 4993.90048403
186000 4993.90048403
187000 4993.90048403
188000 4993.90048403
189000 4993.90048403
190000 5221.01926824
191000 5221.01926824
192000 5221.01926824
193000 5221.01926824
194000 5221.01926824
195000 5221.01926824
196000 5221.01926824
197000 5221.01926824
198000 5221.01926824
199000 5349.36281623
200000 5477.70636421
201000 5477.70636421
202000 5477.70636421
203000 5477.70636421
204000 7620.91917924
205000 7620.91917924
206000 9764.13199426
207000 10322.4465494
208000 9660.38119441
209000 4575.87636364
210000 4575.87636364
211000 4575.87636364
212000 9308.8292188
213000 9308.8292188
214000 9308.8292188
215000 9109.85524975
216000 9109.85524975
217000 9109.85524975
218000 9203.97818415
219000 9203.97818415
220000 9203.97818415
221000 7676.41251448
222000 7676.41251448
223000 7676.41251448
224000 7676.41251448
225000 9180.38871473
226000 9180.38871473
227000 8000.43871675
228000 8000.43871675
229000 8000.43871675
230000 8000.43871675
231000 8000.43871675
232000 8000.43871675
233000 8000.43871675
234000 7006.39540688
235000 6012.35209702
236000 6012.35209702
237000 6012.35209702
238000 6012.35209702
239000 6012.35209702
240000 6012.35209702
241000 6012.35209702
242000 6012.35209702
243000 6012.35209702
244000 6754.81031561
245000 7497.2685342
246000 7497.2685342
247000 7497.2685342
248000 7497.2685342
249000 7497.2685342
250000 7497.2685342
251000 7497.2685342
252000 8010.9352024
253000 8010.9352024
254000 8010.9352024
255000 8010.9352024
256000 8010.9352024
257000 8010.9352024
258000 8010.9352024
259000 7454.76602017
260000 6898.59683794
261000 6898.59683794
262000 6898.59683794
263000 6898.59683794
264000 6898.59683794
265000 6898.59683794
266000 6898.59683794
267000 6898.59683794
268000 6083.19802794
269000 6083.19802794
270000 6083.19802794
271000 6083.19802794
272000 6083.19802794
273000 6083.19802794
274000 6083.19802794
275000 6083.19802794
276000 6083.19802794
277000 6083.19802794
278000 5250.68961463
279000 4418.18120133
280000 4418.18120133
281000 4418.18120133
282000 4418.18120133
283000 4418.18120133
284000 4418.18120133
285000 4418.18120133
286000 4418.18120133
287000 4418.18120133
288000 4418.18120133
289000 4418.18120133
290000 4418.18120133
291000 4418.18120133
292000 5570.45391956
293000 6722.7266378
294000 6722.7266378
295000 6722.7266378
296000 6722.7266378
297000 6722.7266378
298000 6722.7266378
299000 6722.7266378
300000 7998.35699518
301000 7998.35699518
302000 7998.35699518
303000 7998.35699518
304000 7998.35699518
305000 7998.35699518
306000 3999.17849759
307000 0.0
308000 5512.05315343
309000 5512.05315343
310000 5512.05315343
311000 5512.05315343
312000 5512.05315343
313000 5512.05315343
314000 5512.05315343
315000 5512.05315343
316000 5512.05315343
317000 5512.05315343
318000 5164.1344
319000 5164.1344
320000 5164.1344
321000 5164.1344
322000 5164.1344
323000 5164.1344
324000 5164.1344
325000 5164.1344
326000 5164.1344
327000 5164.1344
328000 5164.1344
329000 5109.00533108
330000 5053.87626216
331000 5053.87626216
332000 5053.87626216
333000 5053.87626216
334000 5053.87626216
335000 5053.87626216
336000 5053.87626216
337000 5053.87626216
338000 5053.87626216
339000 5053.87626216
340000 5053.87626216
341000 6136.03153969
342000 6136.03153969
343000 6136.03153969
344000 6136.03153969
345000 6136.03153969
346000 6136.03153969
347000 6136.03153969
348000 6136.03153969
349000 6136.03153969
350000 5437.8286678
351000 4739.62579592
352000 4739.62579592
353000 4739.62579592
354000 4739.62579592
355000 4739.62579592
356000 4739.62579592
357000 4739.62579592
358000 4739.62579592
359000 4739.62579592
360000 4739.62579592
361000 4739.62579592
362000 4739.62579592
363000 6341.39310492
364000 6341.39310492
365000 6341.39310492
366000 6341.39310492
367000 6341.39310492
368000 6341.39310492
369000 6341.39310492
370000 6341.39310492
371000 6341.39310492
372000 6341.39310492
373000 5746.86315789
374000 5746.86315789
375000 5746.86315789
376000 5746.86315789
377000 5746.86315789
378000 5746.86315789
379000 5746.86315789
380000 5746.86315789
381000 5746.86315789
382000 5746.86315789
383000 5370.38182096
384000 4993.90048403
385000 4993.90048403
386000 4993.90048403
387000 4993.90048403
388000 4993.90048403
389000 4993.90048403
390000 4993.90048403
391000 4993.90048403
392000 4993.90048403
393000 4993.90048403
394000 5221.01926824
395000 5221.01926824
396000 5221.01926824
397000 5221.01926824
398000 5221.01926824
399000 5221.01926824
400000 5221.01926824
401000 5221.01926824
402000 5221.01926824
403000 5349.36281623
404000 5477.70636421
405000 5477.70636421
406000 5477.70636421
407000 5477.70636421
