0 2468.11769321
1000 2468.11769321
2000 2468.11769321
3000 2468.11769321
4000 2468.11769321
5000 1605.87434555
6000 1605.87434555
7000 1605.87434555
8000 2659.53853518
9000 2659.53853518
10000 2354.54401899
11000 2049.54950281
12000 2049.54950281
13000 3387.81725888
14000 3387.81725888
15000 2252.44612476
16000 2252.44612476
17000 2184.33847371
18000 2184.33847371
19000 1236.53512523
20000 1236.53512523
21000 1236.53512523
22000 1236.53512523
23000 258.045167118
24000 258.045167118
25000 258.045167118
26000 258.045167118
27000 1967.78854626
28000 1967.78854626
29000 1967.78854626
30000 2685.92828685
31000 2685.92828685
32000 2535.61016949
33000 2535.61016949
34000 2311.92355629
35000 2311.92355629
36000 1759.41864139
37000 1759.41864139
38000 1759.41864139
39000 1560.76403019
40000 1560.76403019
41000 1560.76403019
42000 2001.81767181
43000 2001.81767181
44000 1181.82820785
45000 1240.43457944
46000 1240.43457944
47000 1610.98542817
48000 1981.5362769
49000 1981.5362769
50000 1981.5362769
51000 1981.5362769
52000 1510.34351222
53000 1510.34351222
54000 1510.34351222
55000 1510.34351222
56000 1510.34351222
57000 1510.34351222
58000 1510.34351222
59000 1510.34351222
60000 1510.34351222
61000 1510.34351222
62000 176.73115042
63000 176.73115042
64000 176.73115042
65000 176.73115042
66000 176.73115042
67000 176.73115042
68000 176.73115042
69000 176.73115042
70000 176.73115042
71000 176.73115042
72000 176.73115042
73000 176.73115042
74000 176.73115042
75000 176.73115042
76000 176.73115042
77000 176.73115042
78000 300.866896475
79000 300.866896475
80000 300.866896475
81000 300.866896475
82000 300.866896475
83000 300.866896475
84000 300.866896475
85000 300.866896475
86000 300.866896475
87000 634.455743879
88000 634.455743879
89000 634.455743879
90000 634.455743879
91000 246.113467232
92000 246.113467232
93000 246.113467232
94000 246.113467232
95000 246.113467232
96000 246.113467232
97000 246.113467232
98000 246.113467232
99000 246.113467232
100000 246.113467232
101000 246.113467232
102000 246.113467232
103000 437.353564492
104000 628.593661751
105000 628.593661751
106000 628.593661751
107000 628.593661751
108000 628.593661751
109000 628.593661751
110000 294.894514235
111000 294.894514235
112000 294.894514235
113000 294.894514235
114000 294.894514235
115000 294.894514235
116000 294.894514235
117000 294.894514235
118000 294.894514235
119000 294.894514235
120000 294.894514235
121000 294.894514235
122000 294.894514235
123000 294.894514235
124000 294.894514235
125000 294.894514235
126000 77.7465604634
127000 77.7465604634
128000 77.7465604634
129000 77.7465604634
130000 77.7465604634
131000 77.7465604634
132000 77.7465604634
133000 77.7465604634
134000 77.7465604634
135000 77.7465604634
136000 77.7465604634
137000 1272.93212684
138000 1272.93212684
139000 2468.11769321
140000 2468.11769321
141000 2036.99601938
142000 1605.87434555
143000 1605.87434555
144000 1605.87434555
145000 2659.53853518
146000 2659.53853518
147000 2049.54950281
148000 2049.54950281
149000 3387.81725888
150000 3387.81725888
151000 2252.44612476
152000 2252.44612476
153000 2184.33847371
154000 2184.33847371
155000 2184.33847371
156000 1236.53512523
157000 1236.53512523
158000 1236.53512523
159000 258.045167118
160000 258.045167118
161000 258.045167118
162000 258.045167118
163000 1112.91685669
164000 1967.78854626
165000 1967.78854626
166000 2685.92828685
167000 2685.92828685
168000 2535.61016949
169000 2535.61016949
170000 2311.92355629
171000 2311.92355629
172000 2311.92355629
173000 1759.41864139
174000 1759.41864139
175000 1560.76403019
176000 1560.76403019
177000 1560.76403019
178000 2001.81767181
179000 2001.81767181
180000 2001.81767181
181000 1181.82820785
182000 1240.43457944
183000 1610.98542817
184000 1981.5362769
185000 1981.5362769
186000 1981.5362769
187000 1981.5362769
188000 1745.93989456
189000 1510.34351222
190000 1510.34351222
191000 1510.34351222
192000 1510.34351222
193000 1510.34351222
194000 1510.34351222
195000 1510.34351222
196000 1510.34351222
197000 1510.34351222
198000 1510.34351222
199000 176.73115042
200000 176.73115042
201000 176.73115042
202000 176.73115042
203000 176.73115042
204000 176.73115042
205000 176.73115042
206000 176.73115042
207000 176.73115042
208000 176.73115042
209000 176.73115042
210000 176.73115042
211000 176.73115042
212000 176.73115042
213000 176.73115042
214000 300.866896475
215000 300.866896475
216000 300.866896475
217000 300.866896475
218000 300.866896475
219000 300.866896475
220000 300.866896475
221000 300.866896475
222000 300.866896475
223000 467.661320177
224000 634.455743879
225000 634.455743879
226000 634.455743879
227000 246.113467232
228000 246.113467232
229000 246.113467232
230000 246.113467232
231000 246.113467232
232000 246.113467232
233000 246.113467232
234000 246.113467232
235000 246.113467232
236000 246.113467232
237000 246.113467232
238000 246.113467232
239000 246.113467232
240000 628.593661751
241000 628.593661751
242000 628.593661751
243000 628.593661751
244000 628.593661751
245000 628.593661751
246000 294.894514235
247000 294.894514235
248000 294.894514235
249000 294.894514235
250000 294.894514235
251000 294.894514235
252000 294.894514235
253000 294.894514235
254000 294.894514235
255000 294.894514235
256000 294.894514235
257000 294.894514235
258000 294.894514235
259000 294.894514235
260000 294.894514235
261000 294.894514235
262000 77.7465604634
263000 77.7465604634
264000 77.7465604634
265000 77.7465604634
266000 77.7465604634
267000 77.7465604634
268000 77.7465604634
269000 77.7465604634
270000 77.7465604634
271000 77.7465604634
272000 77.7465604634
