0 6383.64444444
1000 6383.64444444
2000 6383.64444444
3000 6383.64444444
4000 6383.64444444
5000 5605.89950198
6000 5605.89950198
7000 3576.87274461
8000 3576.87274461
9000 2325.59092971
10000 2325.59092971
11000 2325.59092971
12000 29150.8829205
13000 987.796610169
14000 987.796610169
15000 987.796610169
16000 1729.307393
17000 1729.307393
18000 1169.92518415
19000 610.542975299
20000 610.542975299
21000 610.542975299
22000 610.542975299
23000 610.542975299
24000 610.542975299
25000 610.542975299
26000 610.542975299
27000 610.542975299
28000 1095.96499356
29000 1095.96499356
30000 1095.96499356
31000 1095.96499356
32000 2267.31196861
33000 2267.31196861
34000 4378.79299691
35000 2635.52342704
36000 2635.52342704
37000 3055.31125828
38000 3055.31125828
39000 6082.83925003
40000 8362.43037975
41000 4779.80842173
42000 4779.80842173
43000 4779.80842173
44000 5210.01516896
45000 5640.22191619
46000 5640.22191619
47000 5640.22191619
48000 5640.22191619
49000 5640.22191619
50000 4417.48002459
51000 4417.48002459
52000 4417.48002459
53000 4417.48002459
54000 4417.48002459
55000 4417.48002459
56000 4417.48002459
57000 5331.4598678
58000 5331.4598678
59000 5331.4598678
60000 5090.07029176
61000 4848.68071571
62000 4848.68071571
63000 5268.33429395
64000 5268.33429395
65000 5427.93079585
66000 5427.93079585
67000 5427.93079585
68000 5427.93079585
69000 5427.93079585
70000 5427.93079585
71000 6004.34108527
72000 6004.34108527
73000 6004.34108527
74000 6004.34108527
75000 6004.34108527
76000 5926.59266393
77000 5848.84424259
78000 5848.84424259
79000 5848.84424259
80000 5004.60963057
81000 4160.37501854
82000 4160.37501854
83000 4160.37501854
84000 4160.37501854
85000 4160.37501854
86000 4160.37501854
87000 4160.37501854
88000 4588.32238806
89000 4588.32238806
90000 4588.32238806
91000 4588.32238806
92000 5018.63711167
93000 5018.63711167
94000 5018.63711167
95000 5018.63711167
96000 5018.63711167
97000 5018.63711167
98000 4912.42564769
99000 4806.21418372
100000 4806.21418372
101000 4806.21418372
102000 4806.21418372
103000 4806.21418372
104000 6115.01333333
105000 6115.01333333
106000 6115.01333333
107000 6115.01333333
108000 3215.28820116
109000 3215.28820116
110000 9422.54330126
111000 9422.54330126
112000 9422.54330126
113000 9236.61827023
114000 9236.61827023
115000 9236.61827023
116000 7394.99518447
117000 5553.37209871
118000 5553.37209871
119000 5553.37209871
120000 5553.37209871
121000 6286.23117418
122000 6286.23117418
123000 6286.23117418
124000 6286.23117418
125000 6286.23117418
126000 3243.71865443
127000 3243.71865443
128000 3243.71865443
129000 3243.71865443
130000 3243.71865443
131000 3243.71865443
132000 3243.71865443
133000 4501.43724513
134000 4501.43724513
135000 4501.43724513
136000 4501.43724513
137000 4204.27557178
138000 3907.11389844
139000 3907.11389844
140000 3907.11389844
141000 3907.11389844
142000 3907.11389844
143000 5561.28976661
144000 5561.28976661
145000 5561.28976661
146000 5561.28976661
147000 5561.28976661
148000 5561.28976661
149000 3046.08440693
150000 3046.08440693
151000 3046.08440693
152000 3046.08440693
153000 3046.08440693
154000 5812.94506949
155000 5812.94506949
156000 5812.94506949
157000 4677.44116519
158000 3541.9372609
159000 3541.9372609
160000 3541.9372609
161000 3541.9372609
162000 3541.9372609
163000 4599.65350318
164000 4599.65350318
165000 4599.65350318
166000 4238.20355175
167000 3876.75360032
168000 3876.75360032
169000 3876.75360032
170000 3876.75360032
171000 3876.75360032
172000 5446.23754789
173000 5446.23754789
174000 4880.43560885
175000 4314.63366981
176000 4314.63366981
177000 4314.63366981
178000 2452.04252303
179000 2452.04252303
180000 8008.82642305
181000 8008.82642305
182000 8008.82642305
183000 4981.83129973
184000 4981.83129973
185000 3254.66970387
186000 3254.66970387
187000 3254.66970387
188000 3254.66970387
189000 3254.66970387
190000 3254.66970387
191000 3254.66970387
192000 3254.66970387
193000 3254.66970387
194000 3597.77935131
195000 3940.88899876
196000 3940.88899876
197000 3940.88899876
198000 3940.88899876
199000 4493.0647482
200000 4493.0647482
201000 3522.02168664
202000 2550.97862507
203000 2550.97862507
204000 2550.97862507
205000 2550.97862507
206000 2550.97862507
207000 4597.27245053
208000 4597.27245053
209000 4597.27245053
210000 5606.66639984
211000 5606.66639984
212000 5606.66639984
213000 5606.66639984
214000 5606.66639984
215000 5355.90650203
216000 5105.14660422
217000 5105.14660422
218000 5105.14660422
219000 5105.14660422
220000 4859.68789285
221000 4614.22918149
222000 4614.22918149
223000 4614.22918149
224000 4614.22918149
225000 4614.22918149
226000 4567.4312614
227000 4520.63334131
228000 4520.63334131
229000 4520.63334131
230000 4520.63334131
231000 3861.97489309
232000 3861.97489309
233000 3861.97489309
234000 3861.97489309
235000 3861.97489309
236000 3861.97489309
237000 3861.97489309
238000 3861.97489309
239000 5242.18915511
240000 5242.18915511
241000 5242.18915511
242000 4689.74811174
243000 4137.30706837
244000 4137.30706837
245000 4137.30706837
246000 4137.30706837
247000 4729.364591
248000 5321.42211362
249000 5321.42211362
250000 5321.42211362
251000 7013.2808117
252000 7013.2808117
253000 7013.2808117
254000 6226.36026401
255000 5439.43971631
256000 9154.26771654
257000 9154.26771654
258000 9154.26771654
259000 6036.46134961
260000 2918.65498268
261000 2918.65498268
262000 2918.65498268
263000 2918.65498268
264000 2918.65498268
265000 2918.65498268
266000 2918.65498268
267000 2918.65498268
268000 2918.65498268
269000 2918.65498268
270000 4370.06639004
271000 6426.90687923
272000 6302.5428666
273000 4121.33836478
274000 4121.33836478
275000 5872.70551181
276000 6003.20492982
277000 7166.08245783
278000 8198.46056782
279000 8435.69230769
280000 6506.80664917
281000 5519.59051671
282000 4532.37438424
283000 4958.68976376
284000 5385.00514328
285000 5660.69521411
286000 5034.51768034
287000 5034.51768034
288000 5034.51768034
289000 5034.51768034
290000 5034.51768034
291000 5034.51768034
292000 3957.70735316
293000 3957.70735316
294000 3957.70735316
295000 3957.70735316
296000 3957.70735316
297000 3957.70735316
298000 3957.70735316
299000 3965.65671574
300000 3973.60607832
301000 3973.60607832
302000 3973.60607832
303000 3973.60607832
304000 3973.60607832
305000 3973.60607832
306000 3496.7757371
307000 3019.94539588
308000 3019.94539588
309000 3019.94539588
310000 3019.94539588
311000 3019.94539588
312000 3019.94539588
313000 3019.94539588
314000 3019.94539588
315000 2791.57232704
316000 2791.57232704
317000 2791.57232704
318000 2791.57232704
319000 2791.57232704
320000 2791.57232704
321000 2791.57232704
322000 4231.61142857
323000 4231.61142857
324000 4231.61142857
325000 4231.61142857
326000 2744.30392624
327000 2744.30392624
328000 2744.30392624
329000 2744.30392624
330000 2744.30392624
331000 2744.30392624
332000 2744.30392624
333000 2620.05724258
334000 2620.05724258
335000 2620.05724258
336000 2620.05724258
337000 2620.05724258
338000 2620.05724258
339000 4363.88544711
340000 4363.88544711
341000 4363.88544711
342000 3726.7683607
343000 3089.65127429
344000 3089.65127429
345000 3089.65127429
346000 3089.65127429
347000 4006.72
348000 4006.72
349000 4006.72
350000 4006.72
351000 4006.72
352000 5089.33783784
353000 5089.33783784
354000 5089.33783784
355000 5089.33783784
356000 5089.33783784
357000 2546.46445498
358000 2546.46445498
359000 4465.05444971
360000 4465.05444971
361000 4465.05444971
362000 4465.05444971
363000 5605.89950198
364000 5605.89950198
365000 4828.15455951
366000 3576.87274461
367000 3576.87274461
368000 2325.59092971
369000 2325.59092971
370000 29150.8829205
371000 987.796610169
372000 987.796610169
373000 987.796610169
374000 987.796610169
375000 1729.307393
376000 1729.307393
377000 610.542975299
378000 610.542975299
379000 610.542975299
380000 610.542975299
381000 610.542975299
382000 610.542975299
383000 610.542975299
384000 610.542975299
385000 610.542975299
386000 1095.96499356
387000 1095.96499356
388000 1095.96499356
389000 1095.96499356
390000 1681.63848108
391000 2267.31196861
392000 3323.05248276
393000 4378.79299691
394000 2635.52342704
395000 2845.41734266
396000 3055.31125828
397000 3803.2481203
398000 8362.43037975
399000 4779.80842173
400000 4779.80842173
401000 4779.80842173
402000 4779.80842173
403000 5640.22191619
404000 5640.22191619
405000 5640.22191619
406000 5640.22191619
407000 5640.22191619
408000 5028.85097039
409000 4417.48002459
410000 4417.48002459
411000 4417.48002459
412000 4417.48002459
413000 4417.48002459
414000 4417.48002459
415000 4874.4699462
416000 5331.4598678
417000 5331.4598678
418000 5331.4598678
419000 4848.68071571
420000 4848.68071571
421000 4848.68071571
422000 5268.33429395
423000 5348.1325449
424000 5427.93079585
425000 5427.93079585
426000 5427.93079585
427000 5427.93079585
428000 5427.93079585
429000 5716.13594056
430000 6004.34108527
431000 6004.34108527
432000 6004.34108527
433000 6004.34108527
434000 6004.34108527
435000 5848.84424259
436000 5848.84424259
437000 5848.84424259
438000 5848.84424259
439000 4160.37501854
440000 4160.37501854
441000 4160.37501854
442000 4160.37501854
443000 4160.37501854
444000 4160.37501854
445000 4160.37501854
446000 4588.32238806
447000 4588.32238806
448000 4588.32238806
449000 4588.32238806
450000 4803.47974987
451000 5018.63711167
452000 5018.63711167
453000 5018.63711167
454000 5018.63711167
455000 5018.63711167
456000 5018.63711167
457000 4912.42564769
458000 4806.21418372
459000 4806.21418372
460000 4806.21418372
461000 4806.21418372
462000 6115.01333333
463000 6115.01333333
464000 6115.01333333
465000 6115.01333333
466000 3215.28820116
467000 3215.28820116
468000 6318.91575121
469000 9422.54330126
470000 9422.54330126
471000 9329.58078574
472000 9236.61827023
473000 9236.61827023
474000 9236.61827023
475000 5553.37209871
476000 5553.37209871
477000 5553.37209871
478000 5553.37209871
479000 5919.80163644
480000 6286.23117418
481000 6286.23117418
482000 6286.23117418
483000 6286.23117418
484000 3243.71865443
485000 3243.71865443
486000 3243.71865443
487000 3243.71865443
488000 3243.71865443
489000 3243.71865443
490000 3243.71865443
491000 4501.43724513
492000 4501.43724513
493000 4501.43724513
494000 4501.43724513
495000 4501.43724513
496000 3907.11389844
497000 3907.11389844
498000 3907.11389844
499000 3907.11389844
500000 3907.11389844
501000 4734.20183253
502000 5561.28976661
503000 5561.28976661
504000 5561.28976661
505000 5561.28976661
506000 5561.28976661
507000 4303.68708677
508000 3046.08440693
509000 3046.08440693
510000 3046.08440693
511000 3046.08440693
512000 4429.51473821
513000 5812.94506949
514000 5812.94506949
515000 5812.94506949
516000 3541.9372609
517000 3541.9372609
518000 3541.9372609
519000 3541.9372609
520000 3541.9372609
521000 4070.79538204
522000 4599.65350318
523000 4599.65350318
524000 4599.65350318
525000 3876.75360032
526000 3876.75360032
527000 3876.75360032
528000 3876.75360032
529000 3876.75360032
530000 4661.4955741
531000 5446.23754789
532000 5446.23754789
533000 4314.63366981
534000 4314.63366981
535000 4314.63366981
536000 3383.33809642
537000 2452.04252303
538000 8008.82642305
539000 8008.82642305
540000 8008.82642305
541000 4981.83129973
542000 4981.83129973
543000 3254.66970387
544000 3254.66970387
545000 3254.66970387
546000 3254.66970387
547000 3254.66970387
548000 3254.66970387
549000 3254.66970387
550000 3254.66970387
551000 3254.66970387
552000 3254.66970387
553000 3940.88899876
554000 3940.88899876
555000 3940.88899876
556000 3940.88899876
557000 4216.97687348
558000 4493.0647482
559000 4493.0647482
560000 2550.97862507
561000 2550.97862507
562000 2550.97862507
563000 2550.97862507
564000 2550.97862507
565000 3574.1255378
566000 4597.27245053
567000 4597.27245053
568000 4606.38622526
569000 5606.66639984
570000 5606.66639984
571000 5606.66639984
572000 5606.66639984
573000 5606.66639984
574000 5105.14660422
575000 5105.14660422
576000 5105.14660422
577000 5105.14660422
578000 5105.14660422
579000 4614.22918149
580000 4614.22918149
581000 4614.22918149
582000 4614.22918149
583000 4614.22918149
584000 4614.22918149
585000 4520.63334131
586000 4520.63334131
587000 4520.63334131
588000 4520.63334131
589000 4191.3041172
590000 3861.97489309
591000 3861.97489309
592000 3861.97489309
593000 3861.97489309
594000 3861.97489309
595000 3861.97489309
596000 3861.97489309
597000 4552.0820241
598000 5242.18915511
599000 5242.18915511
600000 5242.18915511
601000 4137.30706837
602000 4137.30706837
603000 4137.30706837
604000 4137.30706837
605000 4729.364591
606000 5321.42211362
607000 5321.42211362
608000 5321.42211362
609000 7013.2808117
610000 7013.2808117
611000 7013.2808117
612000 7013.2808117
613000 5439.43971631
614000 9154.26771654
615000 9154.26771654
616000 9154.26771654
617000 9154.26771654
618000 2918.65498268
619000 2918.65498268
620000 2918.65498268
621000 2918.65498268
622000 2918.65498268
623000 2918.65498268
624000 2918.65498268
625000 2918.65498268
626000 2918.65498268
627000 2918.65498268
628000 4370.06639004
629000 6426.90687923
630000 8483.74736842
631000 4121.33836478
632000 4121.33836478
633000 5872.70551181
634000 5872.70551181
635000 6133.70434783
636000 8198.46056782
637000 8317.07643776
638000 7471.24947843
639000 6506.80664917
640000 4532.37438424
641000 4532.37438424
642000 5385.00514328
643000 5522.8501787
644000 5660.69521411
645000 5034.51768034
646000 5034.51768034
647000 5034.51768034
648000 5034.51768034
649000 5034.51768034
650000 4496.11251675
651000 3957.70735316
652000 3957.70735316
653000 3957.70735316
654000 3957.70735316
655000 3957.70735316
656000 3957.70735316
657000 3965.65671574
658000 3973.60607832
659000 3973.60607832
660000 3973.60607832
661000 3973.60607832
662000 3973.60607832
663000 3973.60607832
664000 3973.60607832
665000 3019.94539588
666000 3019.94539588
667000 3019.94539588
668000 3019.94539588
669000 3019.94539588
670000 3019.94539588
671000 3019.94539588
672000 3019.94539588
673000 2905.75886146
674000 2791.57232704
675000 2791.57232704
676000 2791.57232704
677000 2791.57232704
678000 2791.57232704
679000 2791.57232704
680000 4231.61142857
681000 4231.61142857
682000 4231.61142857
683000 4231.61142857
684000 3487.9576774
685000 2744.30392624
686000 2744.30392624
687000 2744.30392624
688000 2744.30392624
689000 2744.30392624
690000 2744.30392624
691000 2620.05724258
692000 2620.05724258
693000 2620.05724258
694000 2620.05724258
695000 2620.05724258
696000 2620.05724258
697000 4363.88544711
698000 4363.88544711
699000 4363.88544711
700000 4363.88544711
701000 3089.65127429
702000 3089.65127429
703000 3089.65127429
704000 3089.65127429
705000 4006.72
706000 4006.72
707000 4006.72
708000 4006.72
709000 4006.72
710000 5089.33783784
711000 5089.33783784
712000 5089.33783784
713000 5089.33783784
714000 5089.33783784
715000 3817.90114641
716000 2546.46445498
