0 794.057998129
1000 794.057998129
2000 794.057998129
3000 811.29141921
4000 811.29141921
5000 811.29141921
6000 811.29141921
7000 811.29141921
8000 974.010777521
9000 974.010777521
10000 974.010777521
11000 974.010777521
12000 974.010777521
13000 1349.73292784
14000 1349.73292784
15000 1349.73292784
16000 1349.73292784
17000 1692.15222672
18000 1692.15222672
19000 1579.10065536
20000 1466.049084
21000 1466.049084
22000 1066.00260485
23000 1066.00260485
24000 1066.00260485
25000 1066.00260485
26000 1196.966676
27000 1196.966676
28000 1196.966676
29000 1196.966676
30000 1521.78643478
31000 1521.78643478
32000 1521.78643478
33000 1173.38956247
34000 1173.38956247
35000 1173.38956247
36000 1173.38956247
37000 1354.57451404
38000 1354.57451404
39000 1354.57451404
40000 1354.57451404
41000 1135.02518278
42000 1135.02518278
43000 1135.02518278
44000 1135.02518278
45000 862.386782461
46000 862.386782461
47000 862.386782461
48000 862.386782461
49000 862.386782461
50000 881.691980128
51000 881.691980128
52000 881.691980128
53000 881.691980128
54000 1056.11871734
55000 1230.54545455
56000 1230.54545455
57000 1230.54545455
58000 1697.6366843
59000 1697.6366843
60000 1697.6366843
61000 1379.8342311
62000 1062.03177789
63000 1062.03177789
64000 1062.03177789
65000 1062.03177789
66000 1062.03177789
67000 1062.03177789
68000 1433.66951457
69000 1805.30725126
70000 1805.30725126
71000 1805.30725126
72000 1207.22677376
73000 1207.22677376
74000 1207.22677376
75000 1207.22677376
76000 1443.41484099
77000 1443.41484099
78000 1443.41484099
79000 1280.80325015
80000 1280.80325015
81000 1499.75577219
82000 1499.75577219
83000 1499.75577219
84000 1499.75577219
85000 1132.5109386
86000 1132.5109386
87000 1132.5109386
88000 1132.5109386
89000 1132.5109386
90000 1132.5109386
91000 2584.21404682
92000 2584.21404682
93000 1930.90435621
94000 1277.59466559
95000 1277.59466559
96000 1277.59466559
97000 1277.59466559
98000 1277.59466559
99000 1351.62425769
100000 1351.62425769
101000 1351.62425769
102000 1351.62425769
103000 1351.62425769
104000 1351.62425769
105000 1873.20899373
106000 1873.20899373
107000 1873.20899373
108000 2297.5715696
109000 2297.5715696
110000 1046.4301831
111000 1046.4301831
112000 1046.4301831
113000 1046.4301831
114000 1046.4301831
115000 1046.4301831
116000 2354.87987874
117000 2354.87987874
118000 2354.87987874
119000 2225.96545106
120000 2225.96545106
121000 1350.042664
122000 1350.042664
123000 1350.042664
124000 1350.042664
125000 1350.042664
126000 1350.042664
127000 1350.042664
128000 1350.042664
129000 1350.042664
130000 1350.042664
131000 5155.60866318
132000 5155.60866318
133000 2066.17001947
134000 2066.17001947
135000 2066.17001947
136000 1945.52242598
137000 1824.87483248
138000 1824.87483248
139000 1824.87483248
140000 1485.96820146
141000 1147.06157045
142000 1147.06157045
143000 1147.06157045
144000 1147.06157045
145000 1147.06157045
146000 1147.06157045
147000 1545.0908171
148000 1545.0908171
149000 1545.0908171
150000 1545.0908171
151000 1806.12705882
152000 1806.12705882
153000 1806.12705882
154000 1806.12705882
155000 2003.82025486
156000 2003.82025486
157000 2003.82025486
158000 1706.53975122
159000 1706.53975122
160000 1706.53975122
161000 1706.53975122
162000 1194.36096499
163000 1194.36096499
164000 1194.36096499
165000 1194.36096499
166000 1194.36096499
167000 1194.36096499
168000 1867.68983343
169000 1867.68983343
170000 1867.68983343
171000 1867.68983343
172000 1761.54771242
173000 1761.54771242
174000 1761.54771242
175000 1761.54771242
176000 1277.80285527
177000 794.057998129
178000 802.674708669
179000 811.29141921
180000 811.29141921
181000 811.29141921
182000 811.29141921
183000 811.29141921
184000 974.010777521
185000 974.010777521
186000 974.010777521
187000 974.010777521
188000 974.010777521
189000 1349.73292784
190000 1349.73292784
191000 1349.73292784
192000 1349.73292784
193000 1692.15222672
194000 1692.15222672
195000 1466.049084
196000 1466.049084
197000 1466.049084
198000 1066.00260485
199000 1066.00260485
200000 1066.00260485
201000 1066.00260485
202000 1196.966676
203000 1196.966676
204000 1196.966676
205000 1196.966676
206000 1521.78643478
207000 1521.78643478
208000 1521.78643478
209000 1173.38956247
210000 1173.38956247
211000 1173.38956247
212000 1173.38956247
213000 1354.57451404
214000 1354.57451404
215000 1354.57451404
216000 1354.57451404
217000 1135.02518278
218000 1135.02518278
219000 1135.02518278
220000 1135.02518278
221000 862.386782461
222000 862.386782461
223000 862.386782461
224000 862.386782461
225000 862.386782461
226000 881.691980128
227000 881.691980128
228000 881.691980128
229000 881.691980128
230000 1230.54545455
231000 1230.54545455
232000 1230.54545455
233000 1230.54545455
234000 1697.6366843
235000 1697.6366843
236000 1697.6366843
237000 1379.8342311
238000 1062.03177789
239000 1062.03177789
240000 1062.03177789
241000 1062.03177789
242000 1062.03177789
243000 1062.03177789
244000 1805.30725126
245000 1805.30725126
246000 1805.30725126
247000 1207.22677376
248000 1207.22677376
249000 1207.22677376
250000 1207.22677376
251000 1443.41484099
252000 1443.41484099
253000 1443.41484099
254000 1362.10904557
255000 1280.80325015
256000 1499.75577219
257000 1499.75577219
258000 1499.75577219
259000 1499.75577219
260000 1316.13335539
261000 1132.5109386
262000 1132.5109386
263000 1132.5109386
264000 1132.5109386
265000 1132.5109386
266000 1858.36249271
267000 2584.21404682
268000 2584.21404682
269000 1277.59466559
270000 1277.59466559
271000 1277.59466559
272000 1277.59466559
273000 1277.59466559
274000 1314.60946164
275000 1351.62425769
276000 1351.62425769
277000 1351.62425769
278000 1351.62425769
279000 1351.62425769
280000 1873.20899373
281000 1873.20899373
282000 1873.20899373
283000 2297.5715696
284000 2297.5715696
285000 1672.00087635
286000 1046.4301831
287000 1046.4301831
288000 1046.4301831
289000 1046.4301831
290000 1046.4301831
291000 490.246153846
292000 2354.87987874
293000 2354.87987874
294000 2290.4226649
295000 2225.96545106
296000 2225.96545106
297000 1350.042664
298000 1350.042664
299000 1350.042664
300000 1350.042664
301000 1350.042664
302000 1350.042664
303000 1350.042664
304000 1350.042664
305000 1350.042664
306000 1350.042664
307000 5155.60866318
308000 3610.88934132
309000 2066.17001947
310000 2066.17001947
311000 2066.17001947
312000 1824.87483248
313000 1824.87483248
314000 1824.87483248
315000 1824.87483248
316000 1147.06157045
317000 1147.06157045
318000 1147.06157045
319000 1147.06157045
320000 1147.06157045
321000 1147.06157045
322000 1346.07619378
323000 1545.0908171
324000 1545.0908171
325000 1545.0908171
326000 1545.0908171
327000 1806.12705882
328000 1806.12705882
329000 1806.12705882
330000 1904.97365684
331000 2003.82025486
332000 2003.82025486
333000 2003.82025486
334000 1706.53975122
335000 1706.53975122
336000 1706.53975122
337000 1706.53975122
338000 1194.36096499
339000 1194.36096499
340000 1194.36096499
341000 1194.36096499
342000 1194.36096499
343000 1194.36096499
344000 1867.68983343
345000 1867.68983343
346000 1867.68983343
347000 1814.61877293
348000 1761.54771242
349000 1761.54771242
350000 1761.54771242
351000 1761.54771242
