0 2524.96005033
1000 2524.96005033
2000 2524.96005033
3000 2524.96005033
4000 2524.96005033
5000 2524.96005033
6000 2524.96005033
7000 2524.96005033
8000 4206.37433155
9000 4206.37433155
10000 3379.37696885
11000 3379.37696885
12000 3379.37696885
13000 1689.68848443
14000 1689.68848443
15000 3172.57142857
16000 3172.57142857
17000 3172.57142857
18000 3172.57142857
19000 3469.63090953
20000 3469.63090953
21000 3469.63090953
22000 3469.63090953
23000 2462.88096469
24000 2462.88096469
25000 2462.88096469
26000 2462.88096469
27000 2462.88096469
28000 2462.88096469
29000 4851.93166886
30000 4851.93166886
31000 4851.93166886
32000 3312.57887938
33000 1773.2260899
34000 1773.2260899
35000 2663.38911022
36000 2663.38911022
37000 3553.55213055
38000 3553.55213055
39000 3553.55213055
40000 3553.55213055
41000 3553.55213055
42000 3553.55213055
43000 3553.55213055
44000 3553.55213055
45000 3553.55213055
46000 4161.11052785
47000 4161.11052785
48000 4161.11052785
49000 4956.84507042
50000 4956.84507042
51000 4956.84507042
52000 4568.09102402
53000 4568.09102402
54000 4568.09102402
55000 4373.66992515
56000 4179.24882629
57000 4179.24882629
58000 4179.24882629
59000 4488.09722655
60000 4488.09722655
61000 4488.09722655
62000 6545.35670298
63000 6545.35670298
64000 4594.48595775
65000 5954.29166967
66000 9264.96812681
67000 9264.96812681
68000 9264.96812681
69000 9264.96812681
70000 9264.96812681
71000 9264.96812681
72000 7457.76358027
73000 5650.55903372
74000 5650.55903372
75000 5650.55903372
76000 5650.55903372
77000 5650.55903372
78000 5650.55903372
79000 5650.55903372
80000 5650.55903372
81000 5650.55903372
82000 4527.15771127
83000 3403.75638882
84000 3403.75638882
85000 3403.75638882
86000 3403.75638882
87000 3403.75638882
88000 3403.75638882
89000 3403.75638882
90000 3403.75638882
91000 3403.75638882
92000 3403.75638882
93000 3403.75638882
94000 3403.75638882
95000 3403.75638882
96000 3403.75638882
97000 3403.75638882
98000 3403.75638882
99000 4060.83910236
100000 4717.92181589
101000 24937.1578372
102000 24937.1578372
103000 16600.5671452
104000 16600.5671452
105000 16600.5671452
106000 8263.97645327
107000 8263.97645327
108000 8263.97645327
109000 8263.97645327
110000 8263.97645327
111000 10835.789546
112000 13407.6026387
113000 13407.6026387
114000 13407.6026387
115000 10560.8249554
116000 7714.04727208
117000 7714.04727208
118000 7714.04727208
119000 7714.04727208
120000 7714.04727208
121000 5119.5036612
122000 5119.5036612
123000 5119.5036612
124000 5119.5036612
125000 2524.96005033
126000 2524.96005033
127000 2524.96005033
128000 3365.66719094
129000 4206.37433155
130000 4206.37433155
131000 3379.37696885
132000 3379.37696885
133000 3379.37696885
134000 1689.68848443
135000 1689.68848443
136000 3172.57142857
137000 3172.57142857
138000 3172.57142857
139000 3172.57142857
140000 3469.63090953
141000 3469.63090953
142000 3469.63090953
143000 3469.63090953
144000 2462.88096469
145000 2462.88096469
146000 2462.88096469
147000 2462.88096469
148000 2462.88096469
149000 2462.88096469
150000 4851.93166886
151000 4851.93166886
152000 4851.93166886
153000 1773.2260899
154000 1773.2260899
155000 1773.2260899
156000 2663.38911022
157000 2663.38911022
158000 3553.55213055
159000 3553.55213055
160000 3553.55213055
161000 3553.55213055
162000 3553.55213055
163000 3553.55213055
164000 3553.55213055
165000 3553.55213055
166000 4161.11052785
167000 4161.11052785
168000 4161.11052785
169000 4161.11052785
170000 4956.84507042
171000 4956.84507042
172000 4956.84507042
173000 4568.09102402
174000 4568.09102402
175000 4568.09102402
176000 4179.24882629
177000 4179.24882629
178000 4179.24882629
179000 4179.24882629
180000 4488.09722655
181000 4488.09722655
182000 4488.09722655
183000 6545.35670298
184000 6545.35670298
185000 2643.61521253
186000 5954.29166967
187000 9264.96812681
188000 9264.96812681
189000 9264.96812681
190000 9264.96812681
191000 9264.96812681
192000 9264.96812681
193000 5650.55903372
194000 5650.55903372
195000 5650.55903372
196000 5650.55903372
197000 5650.55903372
198000 5650.55903372
199000 5650.55903372
200000 5650.55903372
201000 5650.55903372
202000 5650.55903372
203000 3403.75638882
204000 3403.75638882
205000 3403.75638882
206000 3403.75638882
207000 3403.75638882
208000 3403.75638882
209000 3403.75638882
210000 3403.75638882
211000 3403.75638882
212000 3403.75638882
213000 3403.75638882
214000 3403.75638882
215000 3403.75638882
216000 3403.75638882
217000 3403.75638882
218000 3403.75638882
219000 3403.75638882
220000 4717.92181589
221000 14827.5398265
222000 24937.1578372
223000 24937.1578372
224000 16600.5671452
225000 16600.5671452
226000 16600.5671452
227000 8263.97645327
228000 8263.97645327
229000 8263.97645327
230000 8263.97645327
231000 8263.97645327
232000 10835.789546
233000 13407.6026387
234000 13407.6026387
235000 10560.8249554
236000 7714.04727208
237000 7714.04727208
238000 7714.04727208
239000 7714.04727208
240000 7714.04727208
241000 7714.04727208
