0 1057.35757576
1000 1057.35757576
2000 1057.35757576
3000 1057.35757576
4000 1057.35757576
5000 1057.35757576
6000 1057.35757576
7000 1057.35757576
8000 1057.35757576
9000 1057.35757576
10000 1057.35757576
11000 1219.6899811
12000 1219.6899811
13000 1219.6899811
14000 1304.48423342
15000 1304.48423342
16000 1304.48423342
17000 1283.99338843
18000 1283.99338843
19000 1575.00852459
20000 1575.00852459
21000 1575.00852459
22000 1366.4209836
23000 1366.4209836
24000 1366.4209836
25000 1366.4209836
26000 1366.4209836
27000 1157.83344262
28000 1157.83344262
29000 1157.83344262
30000 1355.05946753
31000 1355.05946753
32000 1355.05946753
33000 1355.05946753
34000 1204.03555556
35000 1204.03555556
36000 1204.03555556
37000 1445.23259259
38000 1445.23259259
39000 1445.23259259
40000 1445.23259259
41000 1445.23259259
42000 1686.42962963
43000 1686.42962963
44000 1686.42962963
45000 1376.13550489
46000 1376.13550489
47000 1376.13550489
48000 1146.8
49000 1146.8
50000 1146.8
51000 1230.31758862
52000 1313.83517724
53000 1313.83517724
54000 1313.83517724
55000 1313.83517724
56000 1409.44705882
57000 1409.44705882
58000 1409.44705882
59000 1571.51532847
60000 1571.51532847
61000 1571.51532847
62000 1582.18807947
63000 1582.18807947
64000 1582.18807947
65000 1392.14261838
66000 1392.14261838
67000 1392.14261838
68000 1392.14261838
69000 0.0
70000 0.0
71000 0.0
72000 0.0
73000 0.0
74000 337.764251208
75000 337.764251208
76000 337.764251208
77000 337.764251208
78000 675.528502415
79000 675.528502415
80000 675.528502415
81000 675.528502415
82000 675.528502415
83000 675.528502415
84000 675.528502415
85000 675.528502415
86000 1261.29100529
87000 1261.29100529
88000 1261.29100529
89000 1261.29100529
90000 1542.74711864
91000 1542.74711864
92000 1542.74711864
93000 1082.95052755
94000 1082.95052755
95000 1082.95052755
96000 1082.95052755
97000 1235.46383521
98000 1387.97714286
99000 1387.97714286
100000 1196.72344498
101000 1196.72344498
102000 1196.72344498
103000 1196.72344498
104000 1196.72344498
105000 1462.49350649
106000 1462.49350649
107000 1462.49350649
108000 1381.89690722
109000 1381.89690722
110000 1381.89690722
111000 1381.89690722
112000 1605.83333333
113000 1605.83333333
114000 1605.83333333
115000 1530.26627353
116000 1530.26627353
117000 1530.26627353
118000 1530.26627353
119000 1444.76081633
120000 1444.76081633
121000 1444.76081633
122000 1444.76081633
123000 1444.76081633
124000 1460.33548387
125000 1460.33548387
126000 1460.33548387
127000 1460.33548387
128000 1460.33548387
129000 1460.33548387
130000 1581.00217865
131000 1581.00217865
132000 1581.00217865
133000 1581.00217865
134000 1283.13551637
135000 1283.13551637
136000 1283.13551637
137000 1283.13551637
138000 1432.35154004
139000 1432.35154004
140000 1432.35154004
141000 1432.35154004
142000 1432.35154004
143000 1960.41386667
144000 1960.41386667
145000 1960.41386667
146000 1960.41386667
147000 1065.72121212
148000 1065.72121212
149000 1330.58661338
150000 1330.58661338
151000 1330.58661338
152000 1330.58661338
153000 1330.58661338
154000 1330.58661338
155000 1330.58661338
156000 1330.58661338
157000 1330.58661338
158000 1330.58661338
159000 1595.45201465
160000 1595.45201465
161000 1595.45201465
162000 1416.61971831
163000 1416.61971831
164000 1385.08470024
165000 1353.54968217
166000 1353.54968217
167000 1353.54968217
168000 957.03
169000 1338.52494172
170000 1338.52494172
171000 1338.52494172
172000 1338.52494172
173000 1338.52494172
174000 1397.05900151
175000 1397.05900151
176000 1397.05900151
177000 1397.05900151
178000 1334.48135593
179000 1334.48135593
180000 1334.48135593
181000 1386.46518519
182000 1386.46518519
183000 1386.46518519
184000 1374.70204082
185000 1374.70204082
186000 1374.70204082
187000 1374.70204082
188000 303.592857143
189000 203.750867433
190000 203.750867433
191000 203.750867433
192000 203.750867433
193000 103.908877722
194000 103.908877722
195000 103.908877722
196000 103.908877722
197000 103.908877722
198000 103.908877722
199000 344.282540127
200000 344.282540127
201000 344.282540127
202000 344.282540127
203000 584.656202532
204000 584.656202532
205000 584.656202532
206000 584.656202532
207000 584.656202532
208000 584.656202532
209000 584.656202532
210000 584.656202532
211000 1377.91123288
212000 1377.91123288
213000 1377.91123288
214000 1377.91123288
215000 1401.23252793
216000 1401.23252793
217000 1401.23252793
218000 1401.23252793
219000 1320.27272727
220000 1320.27272727
221000 1320.27272727
222000 1320.27272727
223000 1418.32911392
224000 1418.32911392
225000 1418.32911392
226000 1418.32911392
227000 1500.74055728
228000 1500.74055728
229000 1500.74055728
230000 1283.27211268
231000 1283.27211268
232000 1283.27211268
233000 1283.27211268
234000 1297.39381443
235000 1297.39381443
236000 1297.39381443
237000 1371.75815383
238000 1446.12249322
239000 1446.12249322
240000 1446.12249322
241000 1198.9656051
242000 1198.9656051
243000 1198.9656051
244000 1128.16159043
245000 1128.16159043
246000 1128.16159043
247000 1128.16159043
248000 1128.16159043
249000 1128.16159043
250000 1128.16159043
251000 1128.16159043
252000 1057.35757576
253000 1057.35757576
254000 1057.35757576
255000 1219.6899811
256000 1219.6899811
257000 1219.6899811
258000 1304.48423342
259000 1304.48423342
260000 1304.48423342
261000 1283.99338843
262000 1283.99338843
263000 1575.00852459
264000 1575.00852459
265000 1575.00852459
266000 1366.4209836
267000 1366.4209836
268000 1366.4209836
269000 1366.4209836
270000 1366.4209836
271000 1157.83344262
272000 1157.83344262
273000 1157.83344262
274000 1355.05946753
275000 1355.05946753
276000 1355.05946753
277000 1355.05946753
278000 1204.03555556
279000 1204.03555556
280000 1204.03555556
281000 1445.23259259
282000 1445.23259259
283000 1445.23259259
284000 1445.23259259
285000 1445.23259259
286000 1686.42962963
287000 1686.42962963
288000 1686.42962963
289000 1376.13550489
290000 1376.13550489
291000 1376.13550489
292000 1146.8
293000 1146.8
294000 1146.8
295000 1230.31758862
296000 1313.83517724
297000 1313.83517724
298000 1313.83517724
299000 1313.83517724
300000 1409.44705882
301000 1409.44705882
302000 1409.44705882
303000 1571.51532847
304000 1571.51532847
305000 1571.51532847
306000 1582.18807947
307000 1582.18807947
308000 1582.18807947
309000 1392.14261838
310000 1392.14261838
311000 1392.14261838
312000 1392.14261838
313000 0.0
314000 0.0
315000 0.0
316000 0.0
317000 0.0
318000 337.764251208
319000 337.764251208
320000 337.764251208
321000 337.764251208
322000 675.528502415
323000 675.528502415
324000 675.528502415
325000 675.528502415
326000 675.528502415
327000 675.528502415
328000 675.528502415
329000 675.528502415
330000 1261.29100529
331000 1261.29100529
332000 1261.29100529
333000 1261.29100529
334000 1542.74711864
335000 1542.74711864
336000 1542.74711864
337000 1082.95052755
338000 1082.95052755
339000 1082.95052755
340000 1082.95052755
341000 1235.46383521
342000 1387.97714286
343000 1387.97714286
344000 1196.72344498
345000 1196.72344498
346000 1196.72344498
347000 1196.72344498
348000 1196.72344498
349000 1462.49350649
350000 1462.49350649
351000 1462.49350649
352000 1381.89690722
353000 1381.89690722
354000 1381.89690722
355000 1381.89690722
356000 1605.83333333
357000 1605.83333333
358000 1605.83333333
359000 1530.26627353
360000 1530.26627353
361000 1530.26627353
362000 1530.26627353
363000 1444.76081633
364000 1444.76081633
365000 1444.76081633
366000 1444.76081633
367000 1444.76081633
368000 1460.33548387
369000 1460.33548387
370000 1460.33548387
371000 1460.33548387
372000 1460.33548387
373000 1460.33548387
374000 1581.00217865
375000 1581.00217865
376000 1581.00217865
377000 1581.00217865
378000 1283.13551637
379000 1283.13551637
380000 1283.13551637
381000 1283.13551637
382000 1432.35154004
383000 1432.35154004
384000 1432.35154004
385000 1432.35154004
386000 1432.35154004
387000 1960.41386667
388000 1960.41386667
389000 1960.41386667
390000 1960.41386667
391000 1065.72121212
392000 1065.72121212
393000 1330.58661338
394000 1330.58661338
395000 1330.58661338
396000 1330.58661338
397000 1330.58661338
398000 1330.58661338
399000 1330.58661338
400000 1330.58661338
401000 1330.58661338
402000 1330.58661338
403000 1595.45201465
404000 1595.45201465
405000 1506.03586648
406000 1416.61971831
407000 1416.61971831
408000 1385.08470024
409000 1353.54968217
410000 1353.54968217
411000 1353.54968217
412000 957.03
413000 1338.52494172
414000 1338.52494172
415000 1338.52494172
416000 1338.52494172
417000 1338.52494172
418000 1397.05900151
419000 1397.05900151
420000 1397.05900151
421000 1397.05900151
422000 1334.48135593
423000 1334.48135593
424000 1334.48135593
425000 1386.46518519
426000 1386.46518519
427000 1386.46518519
428000 1374.70204082
429000 1374.70204082
430000 1374.70204082
431000 1374.70204082
432000 303.592857143
433000 203.750867433
434000 203.750867433
435000 203.750867433
436000 203.750867433
437000 103.908877722
438000 103.908877722
439000 103.908877722
440000 103.908877722
441000 103.908877722
442000 103.908877722
443000 344.282540127
444000 344.282540127
445000 344.282540127
446000 344.282540127
447000 584.656202532
448000 584.656202532
449000 584.656202532
450000 584.656202532
451000 584.656202532
452000 584.656202532
453000 584.656202532
454000 584.656202532
455000 1377.91123288
456000 1377.91123288
457000 1377.91123288
458000 1377.91123288
459000 1401.23252793
460000 1401.23252793
461000 1401.23252793
462000 1401.23252793
463000 1320.27272727
464000 1320.27272727
465000 1320.27272727
466000 1320.27272727
467000 1418.32911392
468000 1418.32911392
469000 1418.32911392
470000 1418.32911392
471000 1500.74055728
472000 1500.74055728
473000 1500.74055728
474000 1283.27211268
475000 1283.27211268
476000 1283.27211268
477000 1283.27211268
478000 1297.39381443
479000 1297.39381443
480000 1297.39381443
481000 1371.75815383
482000 1446.12249322
483000 1446.12249322
484000 1446.12249322
485000 1198.9656051
486000 1198.9656051
487000 1198.9656051
