0 1652.58064516
1000 1652.58064516
2000 1652.58064516
3000 1652.58064516
4000 1652.58064516
5000 1652.58064516
6000 1652.58064516
7000 1652.58064516
8000 1652.58064516
9000 1652.58064516
10000 1652.58064516
11000 1604.34489166
12000 1556.10913816
13000 1556.10913816
14000 1483.58995051
15000 1411.07076286
16000 1411.07076286
17000 1411.07076286
18000 2031.24329595
19000 2031.24329595
20000 3104.29846692
21000 4177.3536379
22000 2605.58582773
23000 2605.58582773
24000 4120.98701299
25000 4873.49248156
26000 5625.99795012
27000 5625.99795012
28000 5625.99795012
29000 4994.99044368
30000 4994.99044368
31000 4363.98293723
32000 4363.98293723
33000 4363.98293723
34000 5440.34534932
35000 6516.70776142
36000 6516.70776142
37000 6516.70776142
38000 6516.70776142
39000 3258.35388071
40000 3258.35388071
41000 4600.98183819
42000 4600.98183819
43000 4600.98183819
44000 4600.98183819
45000 6878.19965696
46000 9155.41747573
47000 9927.44555191
48000 10699.4736281
49000 10699.4736281
50000 10751.0334188
51000 10802.5932095
52000 10802.5932095
53000 7242.97594762
54000 3683.35868573
55000 3683.35868573
56000 3683.35868573
57000 3001.5674336
58000 2319.77618147
59000 2319.77618147
60000 2319.77618147
61000 3132.79391084
62000 3945.81164021
63000 3945.81164021
64000 3945.81164021
65000 3945.81164021
66000 3942.14532872
67000 3942.14532872
68000 3942.14532872
69000 3942.14532872
70000 4821.76923058
71000 5701.39313245
72000 5701.39313245
73000 5459.22590455
74000 5217.05867665
75000 5217.05867665
76000 5217.05867665
77000 4102.15955179
78000 2987.26042693
79000 2987.26042693
80000 2987.26042693
81000 5766.45338099
82000 5766.45338099
83000 5766.45338099
84000 5688.48370252
85000 5610.51402404
86000 5610.51402404
87000 5610.51402404
88000 5610.51402404
89000 8804.8
90000 8804.8
91000 6626.83119979
92000 4448.86239959
93000 4448.86239959
94000 4448.86239959
95000 4448.86239959
96000 8119.39902439
97000 8119.39902439
98000 8119.39902439
99000 6119.54285714
100000 6119.54285714
101000 5815.61904762
102000 5815.61904762
103000 5815.61904762
104000 5815.61904762
105000 6158.09053256
106000 6500.5620175
107000 6500.5620175
108000 6500.5620175
109000 6500.5620175
110000 6706.71134556
111000 6706.71134556
112000 6912.86067361
113000 6912.86067361
114000 6912.86067361
115000 6912.86067361
116000 7294.54395696
117000 7676.22724031
118000 7676.22724031
119000 7676.22724031
120000 7676.22724031
121000 7676.22724031
122000 6579.67353999
123000 5483.11983968
124000 5483.11983968
125000 5483.11983968
126000 5483.11983968
127000 5483.11983968
128000 9783.16190476
129000 9783.16190476
130000 9783.16190476
131000 5717.87127496
132000 5717.87127496
133000 5717.87127496
134000 5717.87127496
135000 5717.87127496
136000 5717.87127496
137000 5717.87127496
138000 5717.87127496
139000 1652.58064516
140000 1652.58064516
141000 1604.34489166
142000 1556.10913816
143000 1556.10913816
144000 1556.10913816
145000 1411.07076286
146000 1411.07076286
147000 1411.07076286
148000 2031.24329595
149000 2031.24329595
150000 2031.24329595
151000 4177.3536379
152000 2605.58582773
153000 2605.58582773
154000 3363.28642036
155000 4873.49248156
156000 5625.99795012
157000 5625.99795012
158000 5625.99795012
159000 4994.99044368
160000 4994.99044368
161000 4363.98293723
162000 4363.98293723
163000 4363.98293723
164000 5440.34534932
165000 5440.34534932
166000 6516.70776142
167000 6516.70776142
168000 6516.70776142
169000 6516.70776142
170000 3258.35388071
171000 2300.4909191
172000 4600.98183819
173000 4600.98183819
174000 4600.98183819
175000 6878.19965696
176000 9155.41747573
177000 9155.41747573
178000 9927.44555191
179000 10699.4736281
180000 10699.4736281
181000 10802.5932095
182000 10802.5932095
183000 7242.97594762
184000 7242.97594762
185000 3683.35868573
186000 3683.35868573
187000 3683.35868573
188000 2319.77618147
189000 2319.77618147
190000 2319.77618147
191000 3132.79391084
192000 3945.81164021
193000 3945.81164021
194000 3945.81164021
195000 3945.81164021
196000 3943.97848447
197000 3942.14532872
198000 3942.14532872
199000 3942.14532872
200000 4821.76923058
201000 5701.39313245
202000 5701.39313245
203000 5701.39313245
204000 5217.05867665
205000 5217.05867665
206000 5217.05867665
207000 5217.05867665
208000 2987.26042693
209000 2987.26042693
210000 2987.26042693
211000 5766.45338099
212000 5766.45338099
213000 5766.45338099
214000 5688.48370252
215000 5688.48370252
216000 5610.51402404
217000 5610.51402404
218000 5610.51402404
219000 7207.65701202
220000 8804.8
221000 8804.8
222000 6626.83119979
223000 4448.86239959
224000 4448.86239959
225000 4448.86239959
226000 6284.13071199
227000 8119.39902439
228000 8119.39902439
229000 6119.54285714
230000 6119.54285714
231000 5815.61904762
232000 5815.61904762
233000 5815.61904762
234000 5815.61904762
235000 6158.09053256
236000 6158.09053256
237000 6500.5620175
238000 6500.5620175
239000 6500.5620175
240000 6500.5620175
241000 6706.71134556
242000 6912.86067361
243000 6912.86067361
244000 6912.86067361
245000 6912.86067361
246000 7294.54395696
247000 7294.54395696
248000 7676.22724031
249000 7676.22724031
250000 7676.22724031
251000 7676.22724031
252000 6579.67353999
253000 5483.11983968
254000 5483.11983968
255000 5483.11983968
256000 5483.11983968
257000 5483.11983968
258000 7633.14087222
259000 9783.16190476
260000 9783.16190476
