0 7323.82608696
1000 7323.82608696
2000 7323.82608696
3000 7323.82608696
4000 6679.68894195
5000 3200.2835443
6000 4136.63193277
7000 4136.63193277
8000 4682.16971714
9000 4682.16971714
10000 4682.16971714
11000 4682.16971714
12000 4682.16971714
13000 4682.16971714
14000 4410.85130153
15000 4139.53288591
16000 4139.53288591
17000 4139.53288591
18000 2069.76644296
19000 5185.21904762
20000 3231.74320988
21000 3231.74320988
22000 2986.89081398
23000 2742.03841808
24000 2776.59567963
25000 2811.15294118
26000 2930.0855615
27000 3049.01818182
28000 1402.13545817
29000 1402.13545817
30000 1402.13545817
31000 2244.82162162
32000 2244.82162162
33000 2856.07309645
34000 2856.07309645
35000 5093.32134831
36000 4353.06067416
37000 3612.8
38000 1806.4
39000 6108.70776053
40000 6108.70776053
41000 6108.70776053
42000 6108.70776053
43000 10771.7138686
44000 10771.7138686
45000 10771.7138686
46000 8012.05838008
47000 5252.40289157
48000 5252.40289157
49000 5252.40289157
50000 5252.40289157
51000 7557.47167235
52000 7557.47167235
53000 7557.47167235
54000 7490.3292517
55000 7490.3292517
56000 7490.3292517
57000 12279.3375
58000 12279.3375
59000 12279.3375
60000 12780.4190476
61000 12780.4190476
62000 9579.6295238
63000 6378.84
64000 6378.84
65000 6378.84
66000 6378.84
67000 12756.8601504
68000 12756.8601504
69000 6553.42068966
70000 6553.42068966
71000 6553.42068966
72000 7792.87034483
73000 9032.32
74000 9032.32
75000 9333.87256281
76000 9635.42512563
77000 9635.42512563
78000 6872.65979381
79000 6872.65979381
80000 8921.85278846
81000 8921.85278846
82000 10971.0457831
83000 7658.55748031
84000 7658.55748031
85000 7658.55748031
86000 7658.55748031
87000 10579.9473684
88000 10579.9473684
89000 10579.9473684
90000 8562.99010932
91000 6546.03285024
92000 6546.03285024
93000 6546.03285024
94000 6546.03285024
95000 7044.40096852
96000 7044.40096852
97000 7044.40096852
98000 7044.40096852
99000 6591.70835443
100000 6591.70835443
101000 6591.70835443
102000 6591.70835443
103000 10732.9699115
104000 10732.9699115
105000 10732.9699115
106000 6654.24810127
107000 6654.24810127
108000 6654.24810127
109000 10634.2527363
110000 10634.2527363
111000 9744.01254178
112000 8853.77234727
113000 8853.77234727
114000 8853.77234727
115000 6936.73233831
116000 6936.73233831
117000 6936.73233831
118000 6936.73233831
119000 15943.2
120000 15943.2
121000 11155.086296
122000 6366.97259201
123000 6366.97259201
124000 6366.97259201
125000 6366.97259201
126000 8132.85187032
127000 8132.85187032
128000 8132.85187032
129000 8132.85187032
130000 8942.94025974
131000 8942.94025974
132000 8942.94025974
133000 8406.73333333
134000 8406.73333333
135000 8406.73333333
136000 8406.73333333
137000 6559.25204819
138000 6559.25204819
139000 6559.25204819
140000 6559.25204819
141000 5076.65505226
142000 5076.65505226
143000 5076.65505226
144000 5076.65505226
145000 5076.65505226
146000 5076.65505226
147000 7010.69090909
148000 7010.69090909
149000 5606.24545455
150000 5762.81304348
151000 5762.81304348
152000 7323.82608696
153000 6679.68894195
154000 3200.2835443
155000 3668.45773854
156000 4136.63193277
157000 2341.08485857
158000 4682.16971714
159000 4682.16971714
160000 4682.16971714
161000 4682.16971714
162000 4682.16971714
163000 4682.16971714
164000 4139.53288591
165000 4139.53288591
166000 4139.53288591
167000 2069.76644296
168000 5185.21904762
169000 4208.48112875
170000 3231.74320988
171000 2986.89081398
172000 2742.03841808
173000 2776.59567963
174000 2811.15294118
175000 2930.0855615
176000 3049.01818182
177000 1402.13545817
178000 1402.13545817
179000 1402.13545817
180000 2244.82162162
181000 2244.82162162
182000 2856.07309645
183000 2856.07309645
184000 3974.69722238
185000 5093.32134831
186000 3612.8
187000 1806.4
188000 6108.70776053
189000 6108.70776053
190000 6108.70776053
191000 6108.70776053
192000 6108.70776053
193000 10771.7138686
194000 10771.7138686
195000 8012.05838008
196000 5252.40289157
197000 5252.40289157
198000 5252.40289157
199000 5252.40289157
200000 7557.47167235
201000 7557.47167235
202000 7557.47167235
203000 7490.3292517
204000 7490.3292517
205000 7490.3292517
206000 12279.3375
207000 12279.3375
208000 12279.3375
209000 12780.4190476
210000 12780.4190476
211000 9579.6295238
212000 6378.84
213000 6378.84
214000 6378.84
215000 6378.84
216000 12756.8601504
217000 12756.8601504
218000 6553.42068966
219000 6553.42068966
220000 6553.42068966
221000 7792.87034483
222000 9032.32
223000 9032.32
224000 9032.32
225000 9635.42512563
226000 9635.42512563
227000 6872.65979381
228000 6872.65979381
229000 8921.85278846
230000 8921.85278846
231000 10971.0457831
232000 9314.80163171
233000 7658.55748031
234000 7658.55748031
235000 7658.55748031
236000 9119.25242435
237000 10579.9473684
238000 10579.9473684
239000 10579.9473684
240000 6546.03285024
241000 6546.03285024
242000 6546.03285024
243000 6546.03285024
244000 7044.40096852
245000 7044.40096852
246000 7044.40096852
247000 7044.40096852
248000 6591.70835443
249000 6591.70835443
250000 6591.70835443
251000 6591.70835443
252000 8662.33913297
253000 10732.9699115
254000 10732.9699115
255000 6654.24810127
256000 6654.24810127
257000 6654.24810127
258000 8644.25041879
259000 10634.2527363
260000 10634.2527363
261000 8853.77234727
262000 8853.77234727
263000 8853.77234727
264000 6936.73233831
265000 6936.73233831
266000 6936.73233831
267000 6936.73233831
268000 15943.2
269000 15943.2
270000 11155.086296
271000 6366.97259201
272000 6366.97259201
273000 6366.97259201
274000 6366.97259201
275000 8132.85187032
276000 8132.85187032
277000 8132.85187032
278000 8132.85187032
279000 8942.94025974
280000 8942.94025974
281000 8942.94025974
282000 8406.73333333
283000 8406.73333333
284000 8406.73333333
285000 8406.73333333
286000 6559.25204819
287000 6559.25204819
288000 6559.25204819
289000 6559.25204819
290000 5817.95355023
291000 5076.65505226
292000 5076.65505226
293000 5076.65505226
294000 5076.65505226
295000 5076.65505226
296000 7010.69090909
297000 7010.69090909
298000 5606.24545455
