0 5983.57545605
1000 5983.57545605
2000 5983.57545605
3000 5860.7265616
4000 5737.87766714
5000 5869.45641026
6000 6042.95940971
7000 6286.19972953
8000 6389.63327033
9000 6384.31600695
10000 6239.97449724
11000 6238.78801635
12000 6412.74239535
13000 6604.60963531
14000 6859.47247119
15000 6250.31884058
16000 6820.01152738
17000 6529.36533333
18000 5630.98910675
19000 5771.97089921
20000 5959.8340249
21000 6504.75282309
22000 6333.76087087
23000 6162.76891864
24000 6162.76891864
25000 6162.76891864
26000 6162.76891864
27000 6171.25437236
28000 6179.73982609
29000 6179.73982609
30000 6179.73982609
31000 6578.94972067
32000 6578.94972067
33000 6578.94972067
34000 6578.94972067
35000 6462.29080119
36000 6462.29080119
37000 6462.29080119
38000 6462.29080119
39000 6395.11577096
40000 6327.94074074
41000 6327.94074074
42000 6327.94074074
43000 6327.94074074
44000 6205.78030303
45000 6205.78030303
46000 6205.78030303
47000 6205.78030303
48000 6279.7723115
49000 6353.76431996
50000 6353.76431996
51000 6353.76431996
52000 6353.76431996
53000 6284.13428281
54000 6284.13428281
55000 6284.13428281
56000 6284.13428281
57000 6233.51045146
58000 6182.8866201
59000 6182.8866201
60000 6182.8866201
61000 6251.2666539
62000 6319.6466877
63000 6319.6466877
64000 6319.6466877
65000 6319.6466877
66000 6345.31902781
67000 6345.31902781
68000 6345.31902781
69000 6345.31902781
70000 6131.52916067
71000 5917.73929353
72000 5917.73929353
73000 5917.73929353
74000 6536.25157233
75000 6536.25157233
76000 6536.25157233
77000 6536.25157233
78000 6497.05362183
79000 6497.05362183
80000 6497.05362183
81000 6612.15242668
82000 6727.25123153
83000 6727.25123153
84000 6727.25123153
85000 6172.01934066
86000 6172.01934066
87000 6172.01934066
88000 6172.01934066
89000 6172.01934066
90000 6258.80182355
91000 6258.80182355
92000 6258.80182355
93000 6258.80182355
94000 6585.27918311
95000 6585.27918311
96000 6585.27918311
97000 6585.27918311
98000 6585.27918311
99000 5942.98396186
100000 5942.98396186
101000 5942.98396186
102000 5942.98396186
103000 5942.98396186
104000 5885.00883219
105000 5885.00883219
106000 5885.00883219
107000 5885.00883219
108000 6022.9345914
109000 6160.8603506
110000 6160.8603506
111000 6160.8603506
112000 6160.8603506
113000 6160.8603506
114000 6459.13467398
115000 6459.13467398
116000 6459.13467398
117000 6395.44476746
118000 6331.75486094
119000 6331.75486094
120000 6331.75486094
121000 6331.75486094
122000 6444.30661717
123000 6444.30661717
124000 6444.30661717
125000 6444.30661717
126000 6444.30661717
127000 6157.44070601
128000 6157.44070601
129000 6157.44070601
130000 6157.44070601
131000 6315.17185386
132000 6315.17185386
133000 6315.17185386
134000 6315.17185386
135000 6702.42088773
136000 6702.42088773
137000 6702.42088773
138000 6702.42088773
139000 6471.68280011
140000 6471.68280011
141000 6471.68280011
142000 6471.68280011
143000 6332.74006396
144000 6332.74006396
145000 6332.74006396
146000 6332.74006396
147000 6332.74006396
148000 6650.81527348
149000 6650.81527348
150000 6317.19536476
151000 6317.19536476
152000 5860.7265616
153000 5860.7265616
154000 5803.6670387
155000 5935.86062522
156000 6083.65397924
157000 6488.74547983
158000 6290.52106084
159000 6478.11095306
160000 6001.83804143
161000 6475.73799127
162000 6349.74679943
163000 6859.47247119
164000 6554.89565589
165000 6535.16518398
166000 6674.68843035
167000 6529.36533333
168000 5630.98910675
169000 5912.95269168
170000 5959.8340249
171000 6504.75282309
172000 6162.76891864
173000 6162.76891864
174000 6162.76891864
175000 6162.76891864
176000 6162.76891864
177000 6179.73982609
178000 6179.73982609
179000 6179.73982609
180000 6379.34477338
181000 6578.94972067
182000 6578.94972067
183000 6578.94972067
184000 6578.94972067
185000 6462.29080119
186000 6462.29080119
187000 6462.29080119
188000 6462.29080119
189000 6395.11577096
190000 6327.94074074
191000 6327.94074074
192000 6327.94074074
193000 6327.94074074
194000 6205.78030303
195000 6205.78030303
196000 6205.78030303
197000 6205.78030303
198000 6279.7723115
199000 6353.76431996
200000 6353.76431996
201000 6353.76431996
202000 6353.76431996
203000 6284.13428281
204000 6284.13428281
205000 6284.13428281
206000 6284.13428281
207000 6182.8866201
208000 6182.8866201
209000 6182.8866201
210000 6182.8866201
211000 6319.6466877
212000 6319.6466877
213000 6319.6466877
214000 6319.6466877
215000 6332.48285775
216000 6345.31902781
217000 6345.31902781
218000 6345.31902781
219000 6345.31902781
220000 5917.73929353
221000 5917.73929353
222000 5917.73929353
223000 5917.73929353
224000 6536.25157233
225000 6536.25157233
226000 6536.25157233
227000 6516.65259708
228000 6497.05362183
229000 6497.05362183
230000 6497.05362183
231000 6727.25123153
232000 6727.25123153
233000 6727.25123153
234000 6727.25123153
235000 6172.01934066
236000 6172.01934066
237000 6172.01934066
238000 6172.01934066
239000 6215.4105821
240000 6258.80182355
241000 6258.80182355
242000 6258.80182355
243000 6258.80182355
244000 6585.27918311
245000 6585.27918311
246000 6585.27918311
247000 6585.27918311
248000 6264.13157249
249000 5942.98396186
250000 5942.98396186
251000 5942.98396186
252000 5942.98396186
253000 5913.99639703
254000 5885.00883219
255000 5885.00883219
256000 5885.00883219
257000 5885.00883219
258000 6160.8603506
259000 6160.8603506
260000 6160.8603506
261000 6160.8603506
262000 6160.8603506
263000 6309.99751229
264000 6459.13467398
265000 6459.13467398
266000 6459.13467398
267000 6331.75486094
268000 6331.75486094
269000 6331.75486094
270000 6331.75486094
271000 6388.03073906
272000 6444.30661717
273000 6444.30661717
274000 6444.30661717
275000 6444.30661717
276000 6300.87366159
277000 6157.44070601
278000 6157.44070601
279000 6157.44070601
280000 6236.30627994
281000 6315.17185386
282000 6315.17185386
283000 6315.17185386
284000 6508.7963708
285000 6702.42088773
286000 6702.42088773
287000 6702.42088773
288000 6702.42088773
289000 6471.68280011
290000 6471.68280011
291000 6471.68280011
292000 6471.68280011
293000 6332.74006396
294000 6332.74006396
295000 6332.74006396
296000 6332.74006396
297000 6491.77766872
298000 6650.81527348
299000 6650.81527348
