0 8191.57973734
1000 8191.57973734
2000 6539.67663345
3000 2652.29820051
4000 2652.29820051
5000 4513.33333333
6000 4763.60373832
7000 6124.44444444
8000 9482.70609982
9000 6234.02457002
10000 8467.24288107
11000 5975.44665885
12000 4243.78666667
13000 4243.78666667
14000 4730.18978102
15000 7393.41512126
16000 11214.8917749
17000 6391.52823087
18000 5315.7
19000 6224.0776699
20000 7887.38931298
21000 5898.41773629
22000 4789.12592593
23000 8129.33762058
24000 10237.0352875
25000 7639.96454948
26000 7291.5443038
27000 7528.98403515
28000 9227.75044563
29000 6795.68972534
30000 6795.68972534
31000 6795.68972534
32000 4363.62900506
33000 4629.42988715
34000 4629.42988715
35000 4629.42988715
36000 4629.42988715
37000 4895.23076923
38000 4853.45523564
39000 4853.45523564
40000 4853.45523564
41000 4853.45523564
42000 4811.67970205
43000 4954.94221323
44000 4954.94221323
45000 4954.94221323
46000 4954.94221323
47000 5098.20472441
48000 4633.07621842
49000 4633.07621842
50000 4633.07621842
51000 4633.07621842
52000 4167.94771242
53000 4186.74308698
54000 4186.74308698
55000 4186.74308698
56000 4186.74308698
57000 4205.53846154
58000 4589.81850613
59000 4589.81850613
60000 4589.81850613
61000 4589.81850613
62000 4974.09855072
63000 4594.97441775
64000 4594.97441775
65000 4594.97441775
66000 4594.97441775
67000 4215.85028478
68000 3260.44688152
69000 3260.44688152
70000 3260.44688152
71000 3260.44688152
72000 2305.04347826
73000 2305.04347826
74000 5248.3116078
75000 5531.32225914
76000 5100.16460413
77000 2652.29820051
78000 2652.29820051
79000 4513.33333333
80000 4763.60373832
81000 6124.44444444
82000 7858.36533492
83000 8467.24288107
84000 5975.44665885
85000 6545.00641849
86000 4243.78666667
87000 4730.18978102
88000 7393.41512126
89000 8082.51030111
90000 6391.52823087
91000 5315.7
92000 6224.0776699
93000 9483.17367459
94000 7887.38931298
95000 5343.77183111
96000 4789.12592593
97000 9307.51885099
98000 11166.5517241
99000 7291.5443038
100000 6702.13856209
101000 8355.8295082
102000 6795.68972534
103000 6795.68972534
104000 6795.68972534
105000 6795.68972534
106000 4363.62900506
107000 4629.42988715
108000 4629.42988715
109000 4629.42988715
110000 4629.42988715
111000 4895.23076923
112000 4853.45523564
113000 4853.45523564
114000 4853.45523564
115000 4853.45523564
116000 4811.67970205
117000 4954.94221323
118000 4954.94221323
119000 4954.94221323
120000 4954.94221323
121000 5098.20472441
122000 4633.07621842
123000 4633.07621842
124000 4633.07621842
125000 4633.07621842
126000 4167.94771242
127000 4186.74308698
128000 4186.74308698
129000 4186.74308698
130000 4186.74308698
131000 4205.53846154
132000 4589.81850613
133000 4589.81850613
134000 4589.81850613
135000 4589.81850613
136000 4974.09855072
137000 4594.97441775
138000 4594.97441775
139000 4594.97441775
140000 4594.97441775
141000 4215.85028478
142000 3260.44688152
143000 3260.44688152
144000 3260.44688152
145000 3260.44688152
146000 2305.04347826
