0 1040.50583879
1000 1040.50583879
2000 1040.50583879
3000 1040.50583879
4000 1040.50583879
5000 1040.50583879
6000 956.937570093
7000 956.937570093
8000 956.937570093
9000 1131.86243859
10000 1131.86243859
11000 1650.98658089
12000 2170.11072319
13000 2170.11072319
14000 1880.65119501
15000 1880.65119501
16000 1553.34838231
17000 1226.04556962
18000 1226.04556962
19000 1226.04556962
20000 1226.04556962
21000 1105.42805626
22000 1105.42805626
23000 1105.42805626
24000 1940.93091372
25000 1940.93091372
26000 1940.93091372
27000 1940.93091372
28000 1940.93091372
29000 1940.93091372
30000 1459.39013453
31000 1459.39013453
32000 1459.39013453
33000 1459.39013453
34000 2228.66174921
35000 2228.66174921
36000 2228.66174921
37000 2228.66174921
38000 2228.66174921
39000 2228.66174921
40000 2228.66174921
41000 2228.66174921
42000 2111.87416652
43000 2111.87416652
44000 2111.87416652
45000 2111.87416652
46000 2111.87416652
47000 2111.87416652
48000 2446.18517034
49000 2446.18517034
50000 2446.18517034
51000 2446.18517034
52000 2446.18517034
53000 1193.06375228
54000 1519.64459069
55000 1846.2254291
56000 1846.2254291
57000 1846.2254291
58000 1846.2254291
59000 1846.2254291
60000 1846.2254291
61000 1846.2254291
62000 1846.2254291
63000 1846.2254291
64000 2028.63386897
65000 2028.63386897
66000 2028.63386897
67000 2028.63386897
68000 2028.63386897
69000 2028.63386897
70000 2028.63386897
71000 2028.63386897
72000 244.890308839
73000 244.890308839
74000 2469.20568204
75000 2469.20568204
76000 2469.20568204
77000 2469.20568204
78000 2469.20568204
79000 1688.12886959
80000 1688.12886959
81000 1688.12886959
82000 1688.12886959
83000 1688.12886959
84000 1688.12886959
85000 1688.12886959
86000 1235.42857143
87000 1235.42857143
88000 1235.42857143
89000 1235.42857143
90000 1235.42857143
91000 1235.42857143
92000 1235.42857143
93000 1235.42857143
94000 1235.42857143
95000 1235.42857143
96000 1512.57725287
97000 1789.72593431
98000 1789.72593431
99000 1789.72593431
100000 1789.72593431
101000 1789.72593431
102000 1789.72593431
103000 1789.72593431
104000 1669.4517134
105000 1669.4517134
106000 1669.4517134
107000 1669.4517134
108000 1669.4517134
109000 2371.27793696
110000 2371.27793696
111000 2371.27793696
112000 2371.27793696
113000 2371.27793696
114000 2371.27793696
115000 2371.27793696
116000 2380.34670243
117000 2380.34670243
118000 2380.34670243
119000 2380.34670243
120000 2380.34670243
121000 2380.34670243
122000 2380.34670243
123000 2380.34670243
124000 2507.71783735
125000 2507.71783735
126000 2507.71783735
127000 2507.71783735
128000 2507.71783735
129000 2507.71783735
130000 2507.71783735
131000 2773.0764725
132000 2773.0764725
133000 2773.0764725
134000 2773.0764725
135000 2773.0764725
136000 2773.0764725
137000 882.4
138000 882.4
139000 2813.16601065
140000 2813.16601065
141000 2813.16601065
142000 2813.16601065
143000 2813.16601065
144000 2813.16601065
145000 2813.16601065
146000 2813.16601065
147000 2813.16601065
148000 2296.62918889
149000 2296.62918889
150000 2296.62918889
151000 2296.62918889
152000 2296.62918889
153000 2296.62918889
154000 2296.62918889
155000 2111.59177298
156000 2111.59177298
157000 2111.59177298
158000 2111.59177298
159000 3020.32022585
160000 3020.32022585
161000 3020.32022585
162000 3020.32022585
163000 3020.32022585
164000 4887.74190525
165000 6755.16358464
166000 6755.16358464
167000 6755.16358464
168000 6755.16358464
169000 4058.99853929
170000 4058.99853929
171000 4058.99853929
172000 4058.99853929
173000 4058.99853929
174000 4058.99853929
175000 4058.99853929
176000 5210.6481853
177000 5210.6481853
178000 5210.6481853
179000 5210.6481853
180000 5210.6481853
181000 5210.6481853
182000 4015.69802277
183000 4015.69802277
184000 4015.69802277
185000 4015.69802277
186000 4015.69802277
187000 4015.69802277
188000 4336.19524727
189000 4336.19524727
190000 4336.19524727
191000 4336.19524727
192000 4336.19524727
193000 4336.19524727
194000 4336.19524727
195000 4037.17084827
196000 4037.17084827
197000 4037.17084827
198000 4037.17084827
199000 4037.17084827
200000 4037.17084827
201000 2080.47071092
202000 582.138206178
203000 582.138206178
204000 1040.50583879
205000 1040.50583879
206000 1040.50583879
207000 998.721704442
208000 956.937570093
209000 956.937570093
210000 956.937570093
211000 1131.86243859
212000 1131.86243859
213000 2170.11072319
214000 2170.11072319
215000 1880.65119501
216000 1880.65119501
217000 1880.65119501
218000 1226.04556962
219000 1226.04556962
220000 1226.04556962
221000 1226.04556962
222000 1105.42805626
223000 1105.42805626
224000 1105.42805626
225000 1940.93091372
226000 1940.93091372
227000 1940.93091372
228000 1940.93091372
229000 1940.93091372
230000 1940.93091372
231000 1700.16052412
232000 1459.39013453
233000 1459.39013453
234000 1459.39013453
235000 1844.02594187
236000 2228.66174921
237000 2228.66174921
238000 2228.66174921
239000 2228.66174921
240000 2228.66174921
241000 2228.66174921
242000 2228.66174921
243000 2111.87416652
244000 2111.87416652
245000 2111.87416652
246000 2111.87416652
247000 2111.87416652
248000 2111.87416652
249000 2446.18517034
250000 2446.18517034
251000 2446.18517034
252000 2446.18517034
253000 2446.18517034
254000 1193.06375228
255000 1193.06375228
256000 1846.2254291
257000 1846.2254291
258000 1846.2254291
259000 1846.2254291
260000 1846.2254291
261000 1846.2254291
262000 1846.2254291
263000 1846.2254291
264000 1846.2254291
265000 2028.63386897
266000 2028.63386897
267000 2028.63386897
268000 2028.63386897
269000 2028.63386897
270000 2028.63386897
271000 2028.63386897
272000 2028.63386897
273000 244.890308839
274000 244.890308839
275000 2469.20568204
276000 2469.20568204
277000 2469.20568204
278000 2469.20568204
279000 2469.20568204
280000 2078.66727581
281000 1688.12886959
282000 1688.12886959
283000 1688.12886959
284000 1688.12886959
285000 1688.12886959
286000 1688.12886959
287000 1688.12886959
288000 1235.42857143
289000 1235.42857143
290000 1235.42857143
291000 1235.42857143
292000 1235.42857143
293000 1235.42857143
294000 1235.42857143
295000 1235.42857143
296000 1235.42857143
297000 1235.42857143
298000 1789.72593431
299000 1789.72593431
300000 1789.72593431
301000 1789.72593431
302000 1789.72593431
303000 1789.72593431
304000 1789.72593431
305000 1669.4517134
306000 1669.4517134
307000 1669.4517134
308000 1669.4517134
309000 1669.4517134
310000 2371.27793696
311000 2371.27793696
312000 2371.27793696
313000 2371.27793696
314000 2371.27793696
315000 2371.27793696
316000 2371.27793696
317000 2380.34670243
318000 2380.34670243
319000 2380.34670243
320000 2380.34670243
321000 2380.34670243
322000 2380.34670243
323000 2380.34670243
324000 2380.34670243
325000 2444.03226989
326000 2507.71783735
327000 2507.71783735
328000 2507.71783735
329000 2507.71783735
330000 2507.71783735
331000 2507.71783735
332000 2773.0764725
333000 2773.0764725
334000 2773.0764725
335000 2773.0764725
336000 2773.0764725
337000 2773.0764725
338000 1827.73823625
339000 882.4
340000 882.4
341000 2813.16601065
342000 2813.16601065
343000 2813.16601065
344000 2813.16601065
345000 2813.16601065
346000 2813.16601065
347000 2813.16601065
348000 2813.16601065
349000 2296.62918889
350000 2296.62918889
351000 2296.62918889
352000 2296.62918889
353000 2296.62918889
354000 2296.62918889
355000 2296.62918889
356000 2296.62918889
357000 2111.59177298
358000 2111.59177298
359000 2111.59177298
360000 2111.59177298
361000 3020.32022585
362000 3020.32022585
363000 3020.32022585
364000 3020.32022585
365000 3020.32022585
366000 6755.16358464
367000 6755.16358464
368000 6755.16358464
369000 6755.16358464
370000 5407.08106197
371000 4058.99853929
372000 4058.99853929
373000 4058.99853929
374000 4058.99853929
375000 4058.99853929
376000 4058.99853929
377000 4634.82336229
378000 5210.6481853
379000 5210.6481853
380000 5210.6481853
381000 5210.6481853
382000 5210.6481853
383000 4015.69802277
384000 4015.69802277
385000 4015.69802277
386000 4015.69802277
387000 4015.69802277
388000 4015.69802277
389000 4015.69802277
390000 4336.19524727
391000 4336.19524727
392000 4336.19524727
393000 4336.19524727
394000 4336.19524727
395000 4336.19524727
396000 4037.17084827
397000 4037.17084827
398000 4037.17084827
399000 4037.17084827
400000 4037.17084827
401000 4037.17084827
402000 4037.17084827
