0 2045.18446602
1000 2045.18446602
2000 2045.18446602
3000 2045.18446602
4000 2045.18446602
5000 2045.18446602
6000 2045.18446602
7000 2342.33017078
8000 2342.33017078
9000 2342.33017078
10000 2342.33017078
11000 2804.95152198
12000 2804.95152198
13000 2804.95152198
14000 2804.95152198
15000 2295.45310016
16000 2295.45310016
17000 2295.45310016
18000 2295.45310016
19000 2238.02933663
20000 2180.60557311
21000 2180.60557311
22000 2180.60557311
23000 2180.60557311
24000 2180.60557311
25000 2180.60557311
26000 2180.60557311
27000 2744.97791798
28000 2744.97791798
29000 2744.97791798
30000 2744.97791798
31000 2744.97791798
32000 3254.67515924
33000 3254.67515924
34000 3254.67515924
35000 3254.67515924
36000 3026.32149439
37000 2797.96782954
38000 2797.96782954
39000 2797.96782954
40000 2797.96782954
41000 2797.96782954
42000 2797.96782954
43000 2797.96782954
44000 2797.96782954
45000 2797.96782954
46000 3537.72375691
47000 3537.72375691
48000 3537.72375691
49000 3537.72375691
50000 3537.72375691
51000 3537.72375691
52000 3537.72375691
53000 3537.72375691
54000 3442.93595253
55000 3348.14814815
56000 2406.5952381
57000 1465.04232804
58000 1465.04232804
59000 1465.04232804
60000 1465.04232804
61000 1360.80746395
62000 1360.80746395
63000 1360.80746395
64000 1360.80746395
65000 1360.80746395
66000 1360.80746395
67000 1360.80746395
68000 1360.80746395
69000 1360.80746395
70000 1360.80746395
71000 2777.65407975
72000 2777.65407975
73000 2777.65407975
74000 1945.19680125
75000 1945.19680125
76000 1945.19680125
77000 1945.19680125
78000 1945.19680125
79000 1945.19680125
80000 2001.76445396
81000 1996.47608927
82000 1996.47608927
83000 1996.47608927
84000 1996.47608927
85000 1996.47608927
86000 1996.47608927
87000 1996.47608927
88000 1996.47608927
89000 2464.88182587
90000 2464.88182587
91000 2464.88182587
92000 2464.88182587
93000 2464.88182587
94000 2464.88182587
95000 3024.25844347
96000 3921.86424682
97000 3921.86424682
98000 3921.86424682
99000 3921.86424682
100000 3921.86424682
101000 3921.86424682
102000 3921.86424682
103000 3921.86424682
104000 3626.69065627
105000 3331.51706572
106000 3331.51706572
107000 3331.51706572
108000 3331.51706572
109000 3331.51706572
110000 3331.51706572
111000 3331.51706572
112000 3938.94508384
113000 4546.37310195
114000 4546.37310195
115000 4546.37310195
116000 3770.1729229
117000 2993.97274386
118000 2993.97274386
119000 2993.97274386
120000 2993.97274386
121000 2993.97274386
122000 2993.97274386
123000 2993.97274386
124000 2993.97274386
125000 2993.97274386
126000 2139.49387427
127000 2139.49387427
128000 2139.49387427
129000 2139.49387427
130000 2139.49387427
131000 2139.49387427
132000 2139.49387427
133000 2139.49387427
134000 2139.49387427
135000 2139.49387427
136000 1247.61098738
137000 1247.61098738
138000 1247.61098738
139000 1247.61098738
140000 1247.61098738
141000 1247.61098738
142000 1247.61098738
143000 1247.61098738
144000 1247.61098738
145000 1247.61098738
146000 1247.61098738
147000 4058.87179487
148000 4058.87179487
149000 4058.87179487
150000 3868.58062045
151000 3868.58062045
152000 3868.58062045
153000 5532.02270148
154000 3937.16363636
155000 3937.16363636
156000 3937.16363636
157000 2893.54678692
158000 2893.54678692
159000 2893.54678692
160000 2893.54678692
161000 1041.98716921
162000 1041.98716921
163000 1041.98716921
164000 1041.98716921
165000 1041.98716921
166000 1915.96377431
167000 2789.9403794
168000 2789.9403794
169000 2789.9403794
170000 2789.9403794
171000 2789.9403794
172000 6240.93282636
173000 6240.93282636
174000 8743.76407507
175000 8743.76407507
176000 7455.44038156
177000 7455.44038156
178000 6143.62322371
179000 6143.62322371
180000 4487.23916105
181000 1868.03080679
182000 905.206515182
183000 905.206515182
184000 905.206515182
185000 905.206515182
186000 4956.53123543
187000 9007.85595568
188000 9007.85595568
189000 13629.2717278
190000 18250.6875
191000 18250.6875
192000 16309.6080015
193000 14368.5285029
194000 14368.5285029
195000 17786.2706007
196000 17786.2706007
197000 21204.0126984
198000 19979.8280227
199000 19979.8280227
200000 18755.6433471
201000 18547.2579772
202000 18547.2579772
203000 18547.2579772
204000 18338.8726073
205000 18338.8726073
206000 19103.5020156
207000 19103.5020156
208000 19103.5020156
209000 19868.1314238
210000 19868.1314238
211000 20063.079545
212000 20063.079545
213000 20063.079545
214000 20258.0276662
215000 20258.0276662
216000 20258.0276662
217000 15297.1920465
218000 15297.1920465
219000 15297.1920465
220000 15297.1920465
221000 10336.3564268
222000 10336.3564268
223000 10336.3564268
224000 10336.3564268
225000 10336.3564268
226000 12331.7976118
227000 12331.7976118
228000 12331.7976118
229000 12331.7976118
230000 12331.7976118
231000 12331.7976118
232000 12331.7976118
233000 12331.7976118
234000 14327.2387968
235000 14327.2387968
236000 14327.2387968
237000 16090.2235491
238000 16090.2235491
239000 16090.2235491
240000 16090.2235491
241000 16090.2235491
242000 16090.2235491
243000 17853.2083013
244000 17853.2083013
245000 17853.2083013
246000 15560.6553298
247000 15560.6553298
248000 15560.6553298
249000 15560.6553298
250000 15560.6553298
251000 15560.6553298
252000 15560.6553298
253000 15560.6553298
254000 13268.1023583
255000 13268.1023583
256000 7656.64341216
257000 2045.18446602
258000 2045.18446602
259000 2045.18446602
260000 2045.18446602
261000 2045.18446602
262000 2342.33017078
263000 2342.33017078
264000 2342.33017078
265000 2342.33017078
266000 2342.33017078
267000 2804.95152198
268000 2804.95152198
269000 2804.95152198
270000 2295.45310016
271000 2295.45310016
272000 2295.45310016
273000 2295.45310016
274000 2295.45310016
275000 2180.60557311
276000 2180.60557311
277000 2180.60557311
278000 2180.60557311
279000 2180.60557311
280000 2180.60557311
281000 2180.60557311
282000 2744.97791798
283000 2744.97791798
284000 2744.97791798
285000 2744.97791798
286000 2744.97791798
287000 3254.67515924
288000 3254.67515924
289000 3254.67515924
290000 3254.67515924
291000 3254.67515924
292000 2797.96782954
293000 2797.96782954
294000 2797.96782954
295000 2797.96782954
296000 2797.96782954
297000 2797.96782954
298000 2797.96782954
299000 2797.96782954
300000 2797.96782954
301000 2797.96782954
302000 3537.72375691
303000 3537.72375691
304000 3537.72375691
305000 3537.72375691
306000 3537.72375691
307000 3537.72375691
308000 3537.72375691
309000 3537.72375691
310000 3348.14814815
311000 3348.14814815
312000 1465.04232804
313000 1465.04232804
314000 1465.04232804
315000 1465.04232804
316000 1465.04232804
317000 1360.80746395
318000 1360.80746395
319000 1360.80746395
320000 1360.80746395
321000 1360.80746395
322000 1360.80746395
323000 1360.80746395
324000 1360.80746395
325000 1360.80746395
326000 2777.65407975
327000 2777.65407975
328000 2777.65407975
329000 2777.65407975
330000 1945.19680125
331000 1945.19680125
332000 1945.19680125
333000 1945.19680125
334000 1945.19680125
335000 2001.76445396
336000 2001.76445396
337000 1996.47608927
338000 1996.47608927
339000 1996.47608927
340000 1996.47608927
341000 1996.47608927
342000 1996.47608927
343000 1996.47608927
344000 2464.88182587
345000 2464.88182587
346000 2464.88182587
347000 2464.88182587
348000 2464.88182587
349000 2464.88182587
350000 3024.25844347
351000 3024.25844347
352000 3921.86424682
353000 3921.86424682
354000 3921.86424682
355000 3921.86424682
356000 3921.86424682
357000 3921.86424682
358000 3921.86424682
359000 3921.86424682
360000 3331.51706572
361000 3331.51706572
362000 3331.51706572
363000 3331.51706572
364000 3331.51706572
365000 3331.51706572
366000 3331.51706572
367000 3331.51706572
368000 4546.37310195
369000 4546.37310195
370000 4546.37310195
371000 4546.37310195
372000 3770.1729229
373000 2993.97274386
374000 2993.97274386
375000 2993.97274386
376000 2993.97274386
377000 2993.97274386
378000 2993.97274386
379000 2993.97274386
380000 2993.97274386
381000 2993.97274386
382000 2139.49387427
383000 2139.49387427
384000 2139.49387427
385000 2139.49387427
386000 2139.49387427
387000 2139.49387427
388000 2139.49387427
389000 2139.49387427
390000 2139.49387427
391000 2139.49387427
392000 1247.61098738
393000 1247.61098738
394000 1247.61098738
395000 1247.61098738
396000 1247.61098738
397000 1247.61098738
398000 1247.61098738
399000 1247.61098738
400000 1247.61098738
401000 1247.61098738
402000 1247.61098738
403000 4058.87179487
404000 4058.87179487
405000 3868.58062045
406000 3868.58062045
407000 3868.58062045
408000 5532.02270148
409000 5532.02270148
410000 3937.16363636
411000 3937.16363636
412000 3937.16363636
413000 2893.54678692
414000 2893.54678692
415000 2893.54678692
416000 579.641109299
417000 1041.98716921
418000 1041.98716921
419000 1041.98716921
420000 1041.98716921
421000 1041.98716921
422000 2789.9403794
423000 2789.9403794
424000 2789.9403794
425000 2789.9403794
426000 2789.9403794
427000 6240.93282636
428000 6240.93282636
429000 6240.93282636
430000 8743.76407507
431000 7455.44038156
432000 7455.44038156
433000 6799.53180263
434000 6143.62322371
435000 6143.62322371
436000 2830.85509839
437000 905.206515182
438000 905.206515182
439000 905.206515182
440000 905.206515182
441000 905.206515182
442000 9007.85595568
443000 9007.85595568
444000 9007.85595568
445000 13629.2717278
446000 18250.6875
447000 18250.6875
448000 16309.6080015
449000 14368.5285029
450000 14368.5285029
451000 17786.2706007
452000 21204.0126984
453000 21204.0126984
454000 19979.8280227
455000 18755.6433471
456000 18755.6433471
457000 18547.2579772
458000 18547.2579772
459000 18547.2579772
460000 18338.8726073
461000 19103.5020156
462000 19103.5020156
463000 19103.5020156
464000 19103.5020156
465000 19868.1314238
466000 19868.1314238
467000 20063.079545
468000 20063.079545
469000 20063.079545
470000 20258.0276662
471000 20258.0276662
472000 15297.1920465
473000 15297.1920465
474000 15297.1920465
475000 15297.1920465
476000 15297.1920465
477000 10336.3564268
478000 10336.3564268
479000 10336.3564268
480000 10336.3564268
481000 12331.7976118
482000 12331.7976118
483000 12331.7976118
484000 12331.7976118
485000 12331.7976118
486000 12331.7976118
487000 12331.7976118
488000 12331.7976118
489000 14327.2387968
490000 14327.2387968
491000 14327.2387968
492000 14327.2387968
493000 16090.2235491
494000 16090.2235491
495000 16090.2235491
496000 16090.2235491
497000 16090.2235491
498000 16090.2235491
499000 17853.2083013
500000 17853.2083013
501000 15560.6553298
502000 15560.6553298
503000 15560.6553298
504000 15560.6553298
505000 15560.6553298
506000 15560.6553298
507000 15560.6553298
508000 15560.6553298
509000 15560.6553298
510000 13268.1023583
511000 13268.1023583
