0 5428.59087394
1000 5428.59087394
2000 5428.59087394
3000 5428.59087394
4000 4357.17589509
5000 4357.17589509
6000 4357.17589509
7000 3285.76091625
8000 3413.74188134
9000 3541.72284644
10000 3514.75136303
11000 3487.77987962
12000 3421.08493151
13000 3421.08493151
14000 4433.24978541
15000 4103.02736949
16000 3772.80495356
17000 5522.06642066
18000 5767.24273414
19000 4764.40670691
20000 3516.3943662
21000 2159.36479139
22000 6233.17980339
23000 11664.0243902
24000 11664.0243902
25000 12202.4411448
26000 12202.4411448
27000 12740.8578994
28000 12740.8578994
29000 10204.8865571
30000 7668.91521487
31000 7668.91521487
32000 7668.91521487
33000 7668.91521487
34000 10271.7799847
35000 10271.7799847
36000 10271.7799847
37000 6638.67562013
38000 3005.57125555
39000 3005.57125555
40000 3005.57125555
41000 3005.57125555
42000 3005.57125555
43000 9719.23894596
44000 9719.23894596
45000 9719.23894596
46000 10330.0989797
47000 10940.9590134
48000 10940.9590134
49000 5967.9572196
50000 5967.9572196
51000 994.955425796
52000 994.955425796
53000 994.955425796
54000 994.955425796
55000 994.955425796
56000 994.955425796
57000 994.955425796
58000 994.955425796
59000 994.955425796
60000 994.955425796
61000 994.955425796
62000 994.955425796
63000 994.955425796
64000 994.955425796
65000 994.955425796
66000 994.955425796
67000 994.955425796
68000 17899.9623037
69000 12597.9026155
70000 7295.84292726
71000 7295.84292726
72000 7295.84292726
73000 6340.43271629
74000 5385.02250531
75000 5385.02250531
76000 5642.40436277
77000 5899.78622022
78000 5899.78622022
79000 5899.78622022
80000 5208.30864866
81000 4516.8310771
82000 4516.8310771
83000 9121.33727811
84000 9121.33727811
85000 9121.33727811
86000 11717.878917
87000 14314.4205558
88000 14314.4205558
89000 9410.40192617
90000 9410.40192617
91000 4506.38329655
92000 4506.38329655
93000 4506.38329655
94000 4506.38329655
95000 4506.38329655
96000 4506.38329655
97000 10051.8504673
98000 10051.8504673
99000 10051.8504673
100000 10535.7769432
101000 11019.7034191
102000 11019.7034191
103000 11019.7034191
104000 10465.8066122
105000 9911.90980526
106000 9911.90980526
107000 9911.90980526
108000 9619.45567305
109000 9327.00154083
110000 9327.00154083
111000 9327.00154083
112000 6989.30729768
113000 4651.61305452
114000 4651.61305452
115000 4651.61305452
116000 4651.61305452
117000 4651.61305452
118000 5306.82446746
119000 5962.0358804
120000 5962.0358804
121000 5962.0358804
122000 5962.0358804
123000 5962.0358804
124000 5697.54627319
125000 5433.05666598
126000 5433.05666598
127000 5433.05666598
128000 5433.05666598
129000 6058.08741588
130000 6683.11816578
131000 6683.11816578
132000 6683.11816578
133000 7775.10403295
134000 8867.08990011
135000 8867.08990011
136000 8867.08990011
137000 7250.37871269
138000 5633.66752526
139000 5633.66752526
140000 5633.66752526
141000 5633.66752526
142000 5633.66752526
143000 4147.48046195
144000 4147.48046195
145000 4147.48046195
146000 4147.48046195
147000 4147.48046195
148000 4147.48046195
149000 4812.20842224
150000 5476.93638254
151000 5476.93638254
152000 5476.93638254
153000 5476.93638254
154000 5476.93638254
155000 7324.19204713
156000 7324.19204713
157000 7324.19204713
158000 7324.19204713
159000 6836.83850161
160000 6836.83850161
161000 6836.83850161
162000 6836.83850161
163000 6757.31576466
164000 6677.79302772
165000 6677.79302772
166000 6677.79302772
167000 6677.79302772
168000 5066.23067174
169000 5066.23067174
170000 5066.23067174
171000 5213.4438692
172000 5360.65706667
173000 5360.65706667
174000 5360.65706667
175000 5360.65706667
176000 4760.85792486
177000 4760.85792486
178000 4760.85792486
179000 4760.85792486
180000 2968.04705288
181000 1175.2361809
182000 721.987996406
183000 2848.66534293
184000 2848.66534293
185000 5428.59087394
186000 5428.59087394
187000 4357.17589509
188000 4357.17589509
189000 4357.17589509
190000 3285.76091625
191000 3413.74188134
192000 3541.72284644
193000 3487.77987962
194000 3454.43240556
195000 3421.08493151
196000 3927.16735846
197000 4433.24978541
198000 3772.80495356
199000 3772.80495356
200000 5522.06642066
201000 6012.41904762
202000 4764.40670691
203000 3516.3943662
204000 802.335216573
205000 11664.0243902
206000 11664.0243902
207000 11664.0243902
208000 12202.4411448
209000 12740.8578994
210000 12740.8578994
211000 10204.8865571
212000 10204.8865571
213000 7668.91521487
214000 7668.91521487
215000 7668.91521487
216000 8970.34759979
217000 10271.7799847
218000 10271.7799847
219000 6638.67562013
220000 6638.67562013
221000 3005.57125555
222000 3005.57125555
223000 3005.57125555
224000 3005.57125555
225000 3005.57125555
226000 9719.23894596
227000 9719.23894596
228000 10330.0989797
229000 10940.9590134
230000 10940.9590134
231000 10940.9590134
232000 5967.9572196
233000 994.955425796
234000 994.955425796
235000 994.955425796
236000 994.955425796
237000 994.955425796
238000 994.955425796
239000 994.955425796
240000 994.955425796
241000 994.955425796
242000 994.955425796
243000 994.955425796
244000 994.955425796
245000 994.955425796
246000 994.955425796
247000 994.955425796
248000 994.955425796
249000 994.955425796
250000 9447.45886475
251000 12597.9026155
252000 12597.9026155
253000 7295.84292726
254000 7295.84292726
255000 6340.43271629
256000 6340.43271629
257000 5385.02250531
258000 5385.02250531
259000 5899.78622022
260000 5899.78622022
261000 5899.78622022
262000 5899.78622022
263000 5208.30864866
264000 4516.8310771
265000 4516.8310771
266000 9121.33727811
267000 9121.33727811
268000 11717.878917
269000 14314.4205558
270000 14314.4205558
271000 9410.40192617
272000 9410.40192617
273000 9410.40192617
274000 4506.38329655
275000 4506.38329655
276000 4506.38329655
277000 4506.38329655
278000 4506.38329655
279000 7279.11688192
280000 10051.8504673
281000 10051.8504673
282000 10051.8504673
283000 10535.7769432
284000 11019.7034191
285000 11019.7034191
286000 11019.7034191
287000 10465.8066122
288000 9911.90980526
289000 9911.90980526
290000 9911.90980526
291000 9619.45567305
292000 9327.00154083
293000 9327.00154083
294000 6989.30729768
295000 6989.30729768
296000 4651.61305452
297000 4651.61305452
298000 4651.61305452
299000 4651.61305452
300000 4651.61305452
301000 5306.82446746
302000 5962.0358804
303000 5962.0358804
304000 5962.0358804
305000 5962.0358804
306000 5697.54627319
307000 5433.05666598
308000 5433.05666598
309000 5433.05666598
310000 5433.05666598
311000 5433.05666598
312000 6058.08741588
313000 6683.11816578
314000 6683.11816578
315000 6683.11816578
316000 7775.10403295
317000 8867.08990011
318000 8867.08990011
319000 7250.37871269
320000 5633.66752526
321000 5633.66752526
322000 5633.66752526
323000 5633.66752526
324000 5633.66752526
325000 4890.5739936
326000 4147.48046195
327000 4147.48046195
328000 4147.48046195
329000 4147.48046195
330000 4147.48046195
331000 4147.48046195
332000 4812.20842224
333000 5476.93638254
334000 5476.93638254
335000 5476.93638254
336000 5476.93638254
337000 6400.56421483
338000 7324.19204713
339000 7324.19204713
340000 7324.19204713
341000 7080.51527437
342000 6836.83850161
343000 6836.83850161
344000 6836.83850161
345000 6836.83850161
346000 6757.31576466
347000 6677.79302772
348000 6677.79302772
349000 6677.79302772
350000 5872.01184973
351000 5066.23067174
352000 5066.23067174
353000 5066.23067174
354000 5213.4438692
355000 5360.65706667
356000 5360.65706667
357000 5360.65706667
358000 5060.75749576
359000 4760.85792486
360000 4760.85792486
361000 4760.85792486
362000 4760.85792486
363000 2968.04705288
364000 1175.2361809
365000 268.739811912
