0 4479.86324786
1000 4479.86324786
2000 4479.86324786
3000 4048.72885033
4000 5403.61587708
5000 4853.9480684
6000 4853.9480684
7000 4853.9480684
8000 4853.9480684
9000 6037.13875598
10000 6037.13875598
11000 6037.13875598
12000 6006.6374502
13000 6006.6374502
14000 6006.6374502
15000 6006.6374502
16000 6129.23294951
17000 6129.23294951
18000 6129.23294951
19000 6129.23294951
20000 6129.23294951
21000 5414.46679991
22000 5414.46679991
23000 5414.46679991
24000 5414.46679991
25000 5414.46679991
26000 5547.09067469
27000 5547.09067469
28000 5547.09067469
29000 5547.09067469
30000 5606.63263017
31000 5666.17458564
32000 5666.17458564
33000 5666.17458564
34000 5935.63050483
35000 5935.63050483
36000 5935.63050483
37000 5935.63050483
38000 5932.78531362
39000 5932.78531362
40000 5932.78531362
41000 5932.78531362
42000 5972.59969625
43000 5972.59969625
44000 5972.59969625
45000 5972.59969625
46000 5972.59969625
47000 6147.34933333
48000 6147.34933333
49000 6147.34933333
50000 6147.34933333
51000 6147.34933333
52000 6054.5024
53000 6054.5024
54000 6054.5024
55000 6044.22416452
56000 6044.22416452
57000 6044.22416452
58000 6044.22416452
59000 6198.20578473
60000 6198.20578473
61000 6198.20578473
62000 6198.20578473
63000 6066.56392638
64000 6066.56392638
65000 6066.56392638
66000 6066.56392638
67000 6069.48874367
68000 6072.41356095
69000 6072.41356095
70000 6072.41356095
71000 6072.41356095
72000 6116.75816993
73000 6116.75816993
74000 6116.75816993
75000 6116.75816993
76000 6116.75816993
77000 5736.65515139
78000 5736.65515139
79000 5736.65515139
80000 5736.65515139
81000 5736.65515139
82000 6126.67497116
83000 6126.67497116
84000 6126.67497116
85000 6126.67497116
86000 6194.59777198
87000 6194.59777198
88000 6194.59777198
89000 6194.59777198
90000 6194.59777198
91000 5852.66206382
92000 5852.66206382
93000 5852.66206382
94000 5852.66206382
95000 5852.66206382
96000 6015.69536156
97000 6015.69536156
98000 6015.69536156
99000 6015.69536156
100000 6015.69536156
101000 6017.81587685
102000 6017.81587685
103000 6017.81587685
104000 6017.81587685
105000 6115.16845564
106000 6115.16845564
107000 6115.16845564
108000 6115.16845564
109000 6189.80408163
110000 6189.80408163
111000 6189.80408163
112000 6189.80408163
113000 6073.06605714
114000 6073.06605714
115000 6073.06605714
116000 6073.06605714
117000 6073.06605714
118000 6113.80346821
119000 6113.80346821
120000 6113.80346821
121000 6113.80346821
122000 6113.80346821
123000 6119.41016216
124000 6119.41016216
125000 6119.41016216
126000 6119.41016216
127000 6119.41016216
128000 6122.03121748
129000 6122.03121748
130000 6122.03121748
131000 6122.03121748
132000 6118.12345679
133000 6118.12345679
134000 6118.12345679
135000 6083.10049572
136000 6083.10049572
137000 6083.10049572
138000 6083.10049572
139000 6141.10319364
140000 6199.10589156
141000 6199.10589156
142000 6199.10589156
143000 6199.10589156
144000 6199.10589156
145000 6145.22107336
146000 6145.22107336
147000 6145.22107336
148000 6145.22107336
149000 6077.23841229
150000 6077.23841229
151000 6077.23841229
152000 6077.23841229
153000 6169.25118483
154000 6169.25118483
155000 6169.25118483
156000 5578.13544333
157000 5578.13544333
158000 5578.13544333
159000 5578.13544333
160000 5804.90338704
161000 6031.67133075
162000 6031.67133075
163000 6031.67133075
164000 6153.25967389
165000 6153.25967389
166000 6153.25967389
167000 6153.25967389
168000 4956.78483412
169000 4956.78483412
170000 4718.32404099
171000 4718.32404099
172000 4479.86324786
173000 5292.07466667
174000 5403.61587708
175000 4853.9480684
176000 4853.9480684
177000 4853.9480684
178000 5445.54341219
179000 6037.13875598
180000 6037.13875598
181000 6037.13875598
182000 6006.6374502
183000 6006.6374502
184000 6006.6374502
185000 6006.6374502
186000 6129.23294951
187000 6129.23294951
188000 6129.23294951
189000 6129.23294951
190000 6129.23294951
191000 5414.46679991
192000 5414.46679991
193000 5414.46679991
194000 5414.46679991
195000 5480.7787373
196000 5547.09067469
197000 5547.09067469
198000 5547.09067469
199000 5547.09067469
200000 5666.17458564
201000 5666.17458564
202000 5666.17458564
203000 5666.17458564
204000 5935.63050483
205000 5935.63050483
206000 5935.63050483
207000 5935.63050483
208000 5932.78531362
209000 5932.78531362
210000 5932.78531362
211000 5932.78531362
212000 5972.59969625
213000 5972.59969625
214000 5972.59969625
215000 5972.59969625
216000 5972.59969625
217000 6147.34933333
218000 6147.34933333
219000 6147.34933333
220000 6147.34933333
221000 6100.92586667
222000 6054.5024
223000 6054.5024
224000 6054.5024
225000 6044.22416452
226000 6044.22416452
227000 6044.22416452
228000 6044.22416452
229000 6198.20578473
230000 6198.20578473
231000 6198.20578473
232000 6198.20578473
233000 6066.56392638
234000 6066.56392638
235000 6066.56392638
236000 6066.56392638
237000 6069.48874367
238000 6072.41356095
239000 6072.41356095
240000 6072.41356095
241000 6072.41356095
242000 6116.75816993
243000 6116.75816993
244000 6116.75816993
245000 6116.75816993
246000 6116.75816993
247000 5736.65515139
248000 5736.65515139
249000 5736.65515139
250000 5736.65515139
251000 5736.65515139
252000 6126.67497116
253000 6126.67497116
254000 6126.67497116
255000 6126.67497116
256000 6194.59777198
257000 6194.59777198
258000 6194.59777198
259000 6194.59777198
260000 6023.6299179
261000 5852.66206382
262000 5852.66206382
263000 5852.66206382
264000 5852.66206382
265000 5852.66206382
266000 6015.69536156
267000 6015.69536156
268000 6015.69536156
269000 6015.69536156
270000 6015.69536156
271000 6017.81587685
272000 6017.81587685
273000 6017.81587685
274000 6066.49216624
275000 6115.16845564
276000 6115.16845564
277000 6115.16845564
278000 6115.16845564
279000 6189.80408163
280000 6189.80408163
281000 6189.80408163
282000 6189.80408163
283000 6073.06605714
284000 6073.06605714
285000 6073.06605714
286000 6073.06605714
287000 6073.06605714
288000 6113.80346821
289000 6113.80346821
290000 6113.80346821
291000 6113.80346821
292000 6113.80346821
293000 6119.41016216
294000 6119.41016216
295000 6119.41016216
296000 6119.41016216
297000 6119.41016216
298000 6122.03121748
299000 6122.03121748
300000 6122.03121748
301000 6120.07733714
302000 6118.12345679
303000 6118.12345679
304000 6118.12345679
305000 6083.10049572
306000 6083.10049572
307000 6083.10049572
308000 6083.10049572
309000 6199.10589156
310000 6199.10589156
311000 6199.10589156
312000 6199.10589156
313000 6199.10589156
314000 6199.10589156
315000 6145.22107336
316000 6145.22107336
317000 6145.22107336
318000 6145.22107336
319000 6077.23841229
320000 6077.23841229
321000 6077.23841229
322000 6077.23841229
323000 6169.25118483
324000 6169.25118483
325000 6169.25118483
326000 5578.13544333
327000 5578.13544333
328000 5578.13544333
329000 5578.13544333
330000 6031.67133075
331000 6031.67133075
332000 6031.67133075
333000 6031.67133075
334000 6153.25967389
335000 6153.25967389
336000 6153.25967389
337000 6153.25967389
338000 4956.78483412
339000 4956.78483412
