0 2522.75884774
1000 2522.75884774
2000 2522.75884774
3000 2522.75884774
4000 3866.09772884
5000 3866.09772884
6000 4628.25711961
7000 4579.60883281
8000 4813.05462845
9000 5046.50042409
10000 5600.66352498
11000 6122.1471173
12000 5507.7037037
13000 4743.91981496
14000 4743.91981496
15000 4631.54579864
16000 5285.4485739
17000 4541.55706727
18000 4541.55706727
19000 5863.56756757
20000 5863.56756757
21000 5863.56756757
22000 5863.56756757
23000 5863.56756757
24000 5863.56756757
25000 5863.56756757
26000 5863.56756757
27000 5863.56756757
28000 4728.85232152
29000 4728.85232152
30000 4728.85232152
31000 4728.85232152
32000 4728.85232152
33000 4728.85232152
34000 4728.85232152
35000 4728.85232152
36000 4728.85232152
37000 4728.85232152
38000 5110.88382337
39000 5110.88382337
40000 5110.88382337
41000 5110.88382337
42000 5110.88382337
43000 5110.88382337
44000 5110.88382337
45000 5110.88382337
46000 5110.88382337
47000 5266.01749679
48000 5266.01749679
49000 5266.01749679
50000 5266.01749679
51000 5266.01749679
52000 5266.01749679
53000 5266.01749679
54000 5266.01749679
55000 5266.01749679
56000 4825.29448233
57000 4825.29448233
58000 4825.29448233
59000 4825.29448233
60000 4825.29448233
61000 4825.29448233
62000 4825.29448233
63000 4825.29448233
64000 4825.29448233
65000 5767.67182109
66000 5767.67182109
67000 5767.67182109
68000 5767.67182109
69000 5767.67182109
70000 5767.67182109
71000 5767.67182109
72000 5767.67182109
73000 5342.53742548
74000 5342.53742548
75000 5342.53742548
76000 5342.53742548
77000 5342.53742548
78000 5342.53742548
79000 5342.53742548
80000 5342.53742548
81000 5342.53742548
82000 5580.86691878
83000 5819.19641208
84000 5819.19641208
85000 5819.19641208
86000 5819.19641208
87000 5819.19641208
88000 5819.19641208
89000 5819.19641208
90000 4760.4088506
91000 4760.4088506
92000 4760.4088506
93000 4760.4088506
94000 4760.4088506
95000 4760.4088506
96000 4760.4088506
97000 4760.4088506
98000 4760.4088506
99000 4760.4088506
100000 5226.22070583
101000 5692.03256105
102000 5692.03256105
103000 5692.03256105
104000 5692.03256105
105000 5692.03256105
106000 5692.03256105
107000 5692.03256105
108000 5692.03256105
109000 6278.217968
110000 6278.217968
111000 6278.217968
112000 6278.217968
113000 6278.217968
114000 6278.217968
115000 6278.217968
116000 5407.49147431
117000 5407.49147431
118000 5407.49147431
119000 5407.49147431
120000 5407.49147431
121000 5407.49147431
122000 5407.49147431
123000 5407.49147431
124000 5407.49147431
125000 4677.59397334
126000 4677.59397334
127000 4677.59397334
128000 4677.59397334
129000 4677.59397334
130000 4677.59397334
131000 4677.59397334
132000 4677.59397334
133000 4677.59397334
134000 4677.59397334
135000 4928.61326781
136000 4928.61326781
137000 4928.61326781
138000 4928.61326781
139000 4928.61326781
140000 3725.68605778
141000 2522.75884774
142000 2522.75884774
143000 3866.09772884
144000 3866.09772884
145000 4628.25711961
146000 4579.60883281
147000 4813.05462845
148000 5046.50042409
149000 5600.66352498
150000 6122.1471173
151000 5507.7037037
152000 4743.91981496
153000 4743.91981496
154000 4631.54579864
155000 5285.4485739
156000 4541.55706727
157000 4541.55706727
158000 5863.56756757
159000 5863.56756757
160000 5863.56756757
161000 5863.56756757
162000 5863.56756757
163000 5863.56756757
164000 5863.56756757
165000 5863.56756757
166000 5863.56756757
167000 4728.85232152
168000 4728.85232152
169000 4728.85232152
170000 4728.85232152
171000 4728.85232152
172000 4728.85232152
173000 4728.85232152
174000 4728.85232152
175000 4728.85232152
176000 4728.85232152
177000 5110.88382337
178000 5110.88382337
179000 5110.88382337
180000 5110.88382337
181000 5110.88382337
182000 5110.88382337
183000 5110.88382337
184000 5110.88382337
185000 5110.88382337
186000 5266.01749679
187000 5266.01749679
188000 5266.01749679
189000 5266.01749679
190000 5266.01749679
191000 5266.01749679
192000 5266.01749679
193000 5266.01749679
194000 5266.01749679
195000 4825.29448233
196000 4825.29448233
197000 4825.29448233
198000 4825.29448233
199000 4825.29448233
200000 4825.29448233
201000 4825.29448233
202000 4825.29448233
203000 4825.29448233
204000 5767.67182109
205000 5767.67182109
206000 5767.67182109
207000 5767.67182109
208000 5767.67182109
209000 5767.67182109
210000 5767.67182109
211000 5767.67182109
212000 5342.53742548
213000 5342.53742548
214000 5342.53742548
215000 5342.53742548
216000 5342.53742548
217000 5342.53742548
218000 5342.53742548
219000 5342.53742548
220000 5342.53742548
221000 5580.86691878
222000 5819.19641208
223000 5819.19641208
224000 5819.19641208
225000 5819.19641208
226000 5819.19641208
227000 5819.19641208
228000 5819.19641208
229000 4760.4088506
230000 4760.4088506
231000 4760.4088506
232000 4760.4088506
233000 4760.4088506
234000 4760.4088506
235000 4760.4088506
236000 4760.4088506
237000 4760.4088506
238000 4760.4088506
239000 5226.22070583
240000 5692.03256105
241000 5692.03256105
242000 5692.03256105
243000 5692.03256105
244000 5692.03256105
245000 5692.03256105
246000 5692.03256105
247000 5692.03256105
248000 6278.217968
249000 6278.217968
250000 6278.217968
251000 6278.217968
252000 6278.217968
253000 6278.217968
254000 6278.217968
255000 5407.49147431
256000 5407.49147431
257000 5407.49147431
258000 5407.49147431
259000 5407.49147431
260000 5407.49147431
261000 5407.49147431
262000 5407.49147431
263000 5407.49147431
264000 4677.59397334
265000 4677.59397334
266000 4677.59397334
267000 4677.59397334
268000 4677.59397334
269000 4677.59397334
270000 4677.59397334
271000 4677.59397334
272000 4677.59397334
273000 4677.59397334
274000 4928.61326781
275000 4928.61326781
276000 4928.61326781
277000 4928.61326781
278000 4928.61326781
