0 4504.94197952
1000 4504.94197952
2000 4504.94197952
3000 4504.94197952
4000 4504.94197952
5000 4504.94197952
6000 6207.58646154
7000 6207.58646154
8000 6191.27123513
9000 6191.27123513
10000 6191.27123513
11000 2066.31249049
12000 4132.62498098
13000 4132.62498098
14000 4132.62498098
15000 4132.62498098
16000 4132.62498098
17000 4132.62498098
18000 3746.0866482
19000 3746.0866482
20000 3746.0866482
21000 3746.0866482
22000 3746.0866482
23000 3746.0866482
24000 3746.0866482
25000 3746.0866482
26000 3746.0866482
27000 4288.28213879
28000 4288.28213879
29000 4288.28213879
30000 4288.28213879
31000 5548.89738588
32000 5548.89738588
33000 5548.89738588
34000 5655.51836426
35000 5655.51836426
36000 5059.456
37000 5059.456
38000 5059.456
39000 5609.90519442
40000 6160.35438884
41000 6160.35438884
42000 3400.75276983
43000 6677.63353965
44000 6677.63353965
45000 6677.63353965
46000 6677.63353965
47000 6677.63353965
48000 6677.63353965
49000 6677.63353965
50000 6677.63353965
51000 6669.6155758
52000 6661.59761194
53000 6661.59761194
54000 6661.59761194
55000 6661.59761194
56000 6661.59761194
57000 6661.59761194
58000 6661.59761194
59000 6661.59761194
60000 6340.63081674
61000 6340.63081674
62000 6340.63081674
63000 6340.63081674
64000 6340.63081674
65000 6340.63081674
66000 6340.63081674
67000 6340.63081674
68000 6340.63081674
69000 6321.16145803
70000 6301.69209932
71000 6301.69209932
72000 6301.69209932
73000 6301.69209932
74000 6301.69209932
75000 6301.69209932
76000 6301.69209932
77000 6301.69209932
78000 6359.3736331
79000 6417.05516688
80000 6417.05516688
81000 6417.05516688
82000 6417.05516688
83000 6417.05516688
84000 6417.05516688
85000 6417.05516688
86000 6417.05516688
87000 5840.91373802
88000 5840.91373802
89000 5840.91373802
90000 5840.91373802
91000 5840.91373802
92000 5840.91373802
93000 5840.91373802
94000 5840.91373802
95000 5840.91373802
96000 5840.91373802
97000 5352.98239174
98000 4865.05104546
99000 4865.05104546
100000 4865.05104546
101000 4865.05104546
102000 4865.05104546
103000 4865.05104546
104000 4865.05104546
105000 4865.05104546
106000 4865.05104546
107000 4865.05104546
108000 4865.05104546
109000 4392.58526172
110000 3920.11947798
111000 3920.11947798
112000 3920.11947798
113000 3920.11947798
114000 3920.11947798
115000 3920.11947798
116000 3920.11947798
117000 3920.11947798
118000 3920.11947798
119000 3920.11947798
120000 3920.11947798
121000 3920.11947798
122000 3920.11947798
123000 3920.11947798
124000 6891.30058009
125000 6891.30058009
126000 6891.30058009
127000 6891.30058009
128000 6891.30058009
129000 6891.30058009
130000 6891.30058009
131000 6891.30058009
132000 5926.23301637
133000 4961.16545265
134000 4961.16545265
135000 4961.16545265
136000 4961.16545265
137000 4961.16545265
138000 4961.16545265
139000 4961.16545265
140000 4961.16545265
141000 4961.16545265
142000 4961.16545265
143000 5841.57674155
144000 5841.57674155
145000 5841.57674155
146000 5841.57674155
147000 5841.57674155
148000 5290.12543427
149000 5290.12543427
150000 5290.12543427
151000 5290.12543427
152000 5290.12543427
153000 5290.12543427
154000 5290.12543427
155000 5290.12543427
156000 5290.12543427
157000 5290.12543427
158000 5290.12543427
159000 5741.55959416
160000 5741.55959416
161000 5741.55959416
162000 5741.55959416
163000 5741.55959416
164000 5741.55959416
165000 5741.55959416
166000 5741.55959416
167000 5741.55959416
168000 6294.65083135
169000 6294.65083135
170000 6294.65083135
171000 6294.65083135
172000 6294.65083135
173000 6294.65083135
174000 6294.65083135
175000 6294.65083135
176000 5231.16631485
177000 5231.16631485
178000 5231.16631485
179000 5231.16631485
180000 5231.16631485
181000 5231.16631485
182000 5231.16631485
183000 5231.16631485
184000 5231.16631485
185000 6047.78819529
186000 6047.78819529
187000 6047.78819529
188000 6047.78819529
189000 6047.78819529
190000 6047.78819529
191000 6047.78819529
192000 6047.78819529
193000 5612.13844367
194000 5612.13844367
195000 5612.13844367
196000 5612.13844367
197000 5612.13844367
198000 5612.13844367
199000 5612.13844367
200000 5612.13844367
201000 5612.13844367
202000 5805.91746032
203000 5805.91746032
204000 5805.91746032
205000 5805.91746032
206000 5805.91746032
207000 5805.91746032
208000 5805.91746032
209000 5805.91746032
210000 6346.0683968
211000 6346.0683968
212000 6346.0683968
213000 6346.0683968
214000 6346.0683968
215000 6346.0683968
216000 6346.0683968
217000 6346.0683968
218000 6272.04752261
219000 6272.04752261
220000 6272.04752261
221000 6272.04752261
222000 6272.04752261
223000 6272.04752261
224000 6272.04752261
225000 6272.04752261
226000 7145.29325557
227000 7145.29325557
228000 7145.29325557
229000 7145.29325557
230000 7145.29325557
231000 7145.29325557
232000 7145.29325557
233000 3609.11457773
234000 3609.11457773
235000 4057.02827862
236000 4057.02827862
237000 4057.02827862
238000 4057.02827862
239000 4504.94197952
240000 4504.94197952
241000 6207.58646154
242000 6207.58646154
243000 6191.27123513
244000 6191.27123513
245000 6191.27123513
246000 4132.62498098
247000 4132.62498098
248000 4132.62498098
249000 4132.62498098
250000 4132.62498098
251000 4132.62498098
252000 4132.62498098
253000 3746.0866482
254000 3746.0866482
255000 3746.0866482
256000 3746.0866482
257000 3746.0866482
258000 3746.0866482
259000 3746.0866482
260000 3746.0866482
261000 3746.0866482
262000 4288.28213879
263000 4288.28213879
264000 4288.28213879
265000 4288.28213879
266000 5548.89738588
267000 5548.89738588
268000 5602.20787507
269000 5655.51836426
270000 5655.51836426
271000 5059.456
272000 5059.456
273000 5059.456
274000 6160.35438884
275000 6160.35438884
276000 6160.35438884
277000 3400.75276983
278000 6677.63353965
279000 6677.63353965
280000 6677.63353965
281000 6677.63353965
282000 6677.63353965
283000 6677.63353965
284000 6677.63353965
285000 6677.63353965
286000 6661.59761194
287000 6661.59761194
288000 6661.59761194
289000 6661.59761194
290000 6661.59761194
291000 6661.59761194
292000 6661.59761194
293000 6661.59761194
294000 6661.59761194
295000 6340.63081674
296000 6340.63081674
297000 6340.63081674
298000 6340.63081674
299000 6340.63081674
300000 6340.63081674
301000 6340.63081674
302000 6340.63081674
303000 6340.63081674
304000 6301.69209932
305000 6301.69209932
306000 6301.69209932
307000 6301.69209932
308000 6301.69209932
309000 6301.69209932
310000 6301.69209932
311000 6301.69209932
312000 6301.69209932
313000 6417.05516688
314000 6417.05516688
315000 6417.05516688
316000 6417.05516688
317000 6417.05516688
318000 6417.05516688
319000 6417.05516688
320000 6417.05516688
321000 6417.05516688
322000 5840.91373802
323000 5840.91373802
324000 5840.91373802
325000 5840.91373802
326000 5840.91373802
327000 5840.91373802
328000 5840.91373802
329000 5840.91373802
330000 5840.91373802
331000 5840.91373802
332000 4865.05104546
333000 4865.05104546
334000 4865.05104546
335000 4865.05104546
336000 4865.05104546
337000 4865.05104546
338000 4865.05104546
339000 4865.05104546
340000 4865.05104546
341000 4865.05104546
342000 4865.05104546
343000 4865.05104546
344000 3920.11947798
345000 3920.11947798
346000 3920.11947798
347000 3920.11947798
348000 3920.11947798
349000 3920.11947798
350000 3920.11947798
351000 3920.11947798
352000 3920.11947798
353000 3920.11947798
354000 3920.11947798
355000 3920.11947798
356000 3920.11947798
357000 3920.11947798
358000 3920.11947798
359000 6891.30058009
360000 6891.30058009
361000 6891.30058009
362000 6891.30058009
363000 6891.30058009
364000 6891.30058009
365000 6891.30058009
366000 6891.30058009
367000 5926.23301637
368000 4961.16545265
369000 4961.16545265
370000 4961.16545265
371000 4961.16545265
372000 4961.16545265
373000 4961.16545265
374000 4961.16545265
375000 4961.16545265
376000 4961.16545265
377000 5841.57674155
378000 5841.57674155
379000 5841.57674155
380000 5841.57674155
381000 5841.57674155
382000 5841.57674155
383000 5290.12543427
384000 5290.12543427
385000 5290.12543427
386000 5290.12543427
387000 5290.12543427
388000 5290.12543427
389000 5290.12543427
390000 5290.12543427
391000 5290.12543427
392000 5290.12543427
393000 5290.12543427
394000 5741.55959416
395000 5741.55959416
396000 5741.55959416
397000 5741.55959416
398000 5741.55959416
399000 5741.55959416
400000 5741.55959416
401000 5741.55959416
402000 5741.55959416
403000 6294.65083135
404000 6294.65083135
405000 6294.65083135
406000 6294.65083135
407000 6294.65083135
408000 6294.65083135
409000 6294.65083135
410000 5762.9085731
411000 5231.16631485
412000 5231.16631485
413000 5231.16631485
414000 5231.16631485
415000 5231.16631485
416000 5231.16631485
417000 5231.16631485
418000 5231.16631485
419000 5231.16631485
420000 6047.78819529
421000 6047.78819529
422000 6047.78819529
423000 6047.78819529
424000 6047.78819529
425000 6047.78819529
426000 6047.78819529
427000 6047.78819529
428000 5612.13844367
429000 5612.13844367
430000 5612.13844367
431000 5612.13844367
432000 5612.13844367
433000 5612.13844367
434000 5612.13844367
435000 5612.13844367
436000 5612.13844367
437000 5805.91746032
438000 5805.91746032
439000 5805.91746032
440000 5805.91746032
441000 5805.91746032
442000 5805.91746032
443000 5805.91746032
444000 5805.91746032
445000 6346.0683968
446000 6346.0683968
447000 6346.0683968
448000 6346.0683968
449000 6346.0683968
450000 6346.0683968
451000 6346.0683968
452000 6346.0683968
453000 6272.04752261
454000 6272.04752261
455000 6272.04752261
456000 6272.04752261
457000 6272.04752261
458000 6272.04752261
459000 6272.04752261
460000 6272.04752261
461000 7145.29325557
462000 7145.29325557
463000 7145.29325557
464000 7145.29325557
465000 7145.29325557
466000 7145.29325557
467000 5022.82559598
468000 3609.11457773
469000 3609.11457773
