0 2867.11762603
1000 2867.11762603
2000 2867.11762603
3000 2867.11762603
4000 2867.11762603
5000 2598.53835097
6000 2329.95907591
7000 2428.29506595
8000 2428.29506595
9000 2170.4688137
10000 2170.4688137
11000 2170.4688137
12000 2714.17218543
13000 2714.17218543
14000 1448.05251641
15000 1762.4648731
16000 2076.8772298
17000 2284.67615336
18000 2492.47507692
19000 1124.5483871
20000 1124.5483871
21000 1317.20325203
22000 1317.20325203
23000 1317.20325203
24000 1317.20325203
25000 1317.20325203
26000 1317.20325203
27000 1471.40322581
28000 1471.40322581
29000 2456.86534216
30000 2456.86534216
31000 2359.83564262
32000 2359.83564262
33000 2103.82274742
34000 2103.82274742
35000 1912.13284731
36000 1912.13284731
37000 1912.13284731
38000 2079.47118644
39000 2079.47118644
40000 104.831059811
41000 1295.8273551
42000 2486.82365039
43000 2486.82365039
44000 2486.82365039
45000 2486.82365039
46000 2280.4570899
47000 2074.09052941
48000 2074.09052941
49000 2074.09052941
50000 2074.09052941
51000 2074.09052941
52000 2074.09052941
53000 2074.09052941
54000 2074.09052941
55000 2074.09052941
56000 2764.43511717
57000 2764.43511717
58000 2764.43511717
59000 1014.72704403
60000 1014.72704403
61000 1014.72704403
62000 1014.72704403
63000 1014.72704403
64000 1014.72704403
65000 1622.82163899
66000 1622.82163899
67000 1622.82163899
68000 1622.82163899
69000 1654.72452649
70000 1654.72452649
71000 1654.72452649
72000 1654.72452649
73000 2484.44101773
74000 2484.44101773
75000 2484.44101773
76000 3335.95690584
77000 3335.95690584
78000 3335.95690584
79000 3335.95690584
80000 3335.95690584
81000 2152.55586855
82000 4305.11173709
83000 4305.11173709
84000 4305.11173709
85000 4305.11173709
86000 4305.11173709
87000 4305.11173709
88000 4445.39428571
89000 4445.39428571
90000 4445.39428571
91000 4445.39428571
92000 4445.39428571
93000 4445.39428571
94000 4445.39428571
95000 3534.75071659
96000 2624.10714746
97000 2624.10714746
98000 2624.10714746
99000 2624.10714746
100000 2624.10714746
101000 2624.10714746
102000 2624.10714746
103000 2624.10714746
104000 3813.35378715
105000 3813.35378715
106000 3813.35378715
107000 3813.35378715
108000 3663.54480797
109000 3663.54480797
110000 3663.54480797
111000 3154.21658115
112000 3154.21658115
113000 3154.21658115
114000 3154.21658115
115000 3154.21658115
116000 3154.21658115
117000 3154.21658115
118000 3154.21658115
119000 1240.544
120000 1240.544
121000 1240.544
122000 1240.544
123000 1240.544
124000 1240.544
125000 1240.544
126000 1514.6905738
127000 1788.8371476
128000 1788.8371476
129000 1788.8371476
130000 2432.83885891
131000 2432.83885891
132000 2174.51054545
133000 2174.51054545
134000 2174.51054545
135000 2422.68437181
136000 2422.68437181
137000 2422.68437181
138000 1904.26453333
139000 1904.26453333
140000 1904.26453333
141000 1904.26453333
142000 2077.24410823
143000 2077.24410823
144000 2077.24410823
145000 1583.58195908
146000 1089.91980992
147000 1089.91980992
148000 1089.91980992
149000 1089.91980992
150000 1089.91980992
151000 1089.91980992
152000 2208.11985019
153000 2208.11985019
154000 2208.11985019
155000 2225.25702097
156000 2225.25702097
157000 2225.25702097
158000 2779.01547117
159000 2779.01547117
160000 2779.01547117
161000 0.0
162000 2029.68108974
163000 2029.68108974
164000 2029.68108974
165000 2029.68108974
166000 2029.68108974
167000 2029.68108974
168000 2029.68108974
169000 2029.68108974
170000 2029.68108974
171000 2029.68108974
172000 1618.98108449
173000 1618.98108449
174000 1618.98108449
175000 1618.98108449
176000 1618.98108449
177000 1618.98108449
178000 2170.46732993
179000 2170.46732993
180000 2170.46732993
181000 2170.46732993
182000 1070.66243874
183000 1070.66243874
184000 1070.66243874
185000 1070.66243874
186000 1070.66243874
187000 1070.66243874
188000 1070.66243874
189000 1123.97348292
190000 1123.97348292
191000 1123.97348292
192000 1123.97348292
193000 1842.47763248
194000 1842.47763248
195000 1842.47763248
196000 1929.83504309
197000 1929.83504309
198000 2797.65034965
199000 2797.65034965
200000 2132.00308404
201000 2132.00308404
202000 2996.28051948
203000 2996.28051948
204000 2996.28051948
205000 2996.28051948
206000 2996.28051948
207000 3318.59071916
208000 3318.59071916
209000 3318.59071916
210000 3318.59071916
211000 3318.59071916
212000 1207.59779203
213000 1207.59779203
214000 1207.59779203
215000 1207.59779203
216000 1207.59779203
217000 1207.59779203
218000 1207.59779203
219000 810.259247346
220000 810.259247346
221000 810.259247346
222000 900.510404397
223000 900.510404397
224000 900.510404397
225000 900.510404397
226000 900.510404397
227000 872.067226891
228000 872.067226891
229000 872.067226891
230000 872.067226891
231000 872.067226891
232000 872.067226891
233000 1118.95212106
234000 1118.95212106
235000 1118.95212106
236000 1118.95212106
237000 1681.16610169
238000 1681.16610169
239000 1681.16610169
240000 463.110475509
241000 463.110475509
242000 463.110475509
243000 463.110475509
244000 463.110475509
245000 463.110475509
246000 463.110475509
247000 463.110475509
248000 463.110475509
249000 463.110475509
250000 463.110475509
251000 1088.27365517
252000 1088.27365517
253000 1088.27365517
254000 1088.27365517
255000 1667.38258961
256000 1667.38258961
257000 2413.27130604
258000 3159.16002246
259000 1440.74451902
260000 1440.74451902
261000 1440.74451902
262000 1298.88615309
263000 1999.50030618
264000 1999.50030618
265000 1999.50030618
266000 1503.74547968
267000 1503.74547968
268000 2867.11762603
269000 2867.11762603
270000 2867.11762603
271000 2329.95907591
272000 2329.95907591
273000 2428.29506595
274000 2428.29506595
275000 2170.4688137
276000 2170.4688137
277000 2714.17218543
278000 2714.17218543
279000 1448.05251641
280000 1448.05251641
281000 2076.8772298
282000 2076.8772298
283000 2492.47507692
284000 2492.47507692
285000 1124.5483871
286000 1124.5483871
287000 1317.20325203
288000 1317.20325203
289000 1317.20325203
290000 1317.20325203
291000 1317.20325203
292000 1317.20325203
293000 1471.40322581
294000 1471.40322581
295000 2456.86534216
296000 2456.86534216
297000 2359.83564262
298000 2359.83564262
299000 2103.82274742
300000 2103.82274742
301000 1912.13284731
302000 1912.13284731
303000 1912.13284731
304000 2079.47118644
305000 2079.47118644
306000 104.831059811
307000 1295.8273551
308000 2486.82365039
309000 2486.82365039
310000 2486.82365039
311000 2486.82365039
312000 2280.4570899
313000 2074.09052941
314000 2074.09052941
315000 2074.09052941
316000 2074.09052941
317000 2074.09052941
318000 2074.09052941
319000 2074.09052941
320000 2074.09052941
321000 2419.26282329
322000 2764.43511717
323000 2764.43511717
324000 1014.72704403
325000 1014.72704403
326000 1014.72704403
327000 1014.72704403
328000 1014.72704403
329000 1014.72704403
330000 1014.72704403
331000 1622.82163899
332000 1622.82163899
333000 1622.82163899
334000 1622.82163899
335000 1654.72452649
336000 1654.72452649
337000 1654.72452649
338000 1654.72452649
339000 2484.44101773
340000 2484.44101773
341000 2484.44101773
342000 3335.95690584
343000 3335.95690584
344000 3335.95690584
345000 3335.95690584
346000 3335.95690584
347000 4305.11173709
348000 4305.11173709
349000 4305.11173709
350000 4305.11173709
351000 4305.11173709
352000 4305.11173709
353000 4305.11173709
354000 4445.39428571
355000 4445.39428571
356000 4445.39428571
357000 4445.39428571
358000 4445.39428571
359000 4445.39428571
360000 4445.39428571
361000 2624.10714746
362000 2624.10714746
363000 2624.10714746
364000 2624.10714746
365000 2624.10714746
366000 2624.10714746
367000 2624.10714746
368000 2624.10714746
369000 3813.35378715
370000 3813.35378715
371000 3813.35378715
372000 3813.35378715
373000 3738.44929756
374000 3663.54480797
375000 3663.54480797
376000 3663.54480797
377000 3154.21658115
378000 3154.21658115
379000 3154.21658115
380000 3154.21658115
381000 3154.21658115
382000 3154.21658115
383000 3154.21658115
384000 3154.21658115
385000 1240.544
386000 1240.544
387000 1240.544
388000 1240.544
389000 1240.544
390000 1240.544
391000 1240.544
392000 1788.8371476
393000 1788.8371476
394000 1788.8371476
395000 2432.83885891
396000 2432.83885891
397000 2432.83885891
398000 2174.51054545
399000 2174.51054545
400000 2174.51054545
401000 2422.68437181
402000 2422.68437181
403000 2422.68437181
404000 1904.26453333
405000 1904.26453333
406000 1904.26453333
407000 1904.26453333
408000 2077.24410823
409000 2077.24410823
410000 2077.24410823
411000 1089.91980992
412000 1089.91980992
413000 1089.91980992
414000 1089.91980992
415000 1089.91980992
416000 1089.91980992
417000 1089.91980992
418000 2208.11985019
419000 2208.11985019
420000 2208.11985019
421000 2225.25702097
422000 2225.25702097
423000 2225.25702097
424000 2779.01547117
425000 2779.01547117
426000 2779.01547117
427000 2029.68108974
428000 2029.68108974
429000 2029.68108974
430000 2029.68108974
431000 2029.68108974
432000 2029.68108974
433000 2029.68108974
434000 2029.68108974
435000 2029.68108974
436000 2029.68108974
437000 1618.98108449
438000 1618.98108449
439000 1618.98108449
440000 1618.98108449
441000 1618.98108449
442000 1618.98108449
443000 1618.98108449
444000 2170.46732993
445000 2170.46732993
446000 2170.46732993
447000 1620.56488433
448000 1070.66243874
449000 1070.66243874
450000 1070.66243874
451000 1070.66243874
452000 1070.66243874
453000 1070.66243874
454000 1070.66243874
455000 1123.97348292
456000 1123.97348292
457000 1123.97348292
458000 1123.97348292
459000 1842.47763248
460000 1842.47763248
461000 1842.47763248
462000 1929.83504309
463000 1929.83504309
464000 2797.65034965
465000 2797.65034965
466000 2132.00308404
467000 2996.28051948
468000 2996.28051948
469000 2996.28051948
470000 2996.28051948
471000 2996.28051948
472000 2996.28051948
473000 3318.59071916
474000 3318.59071916
475000 3318.59071916
476000 3318.59071916
477000 2263.0942556
478000 1207.59779203
479000 1207.59779203
480000 1207.59779203
481000 1207.59779203
482000 1207.59779203
483000 1207.59779203
484000 810.259247346
485000 810.259247346
486000 810.259247346
487000 900.510404397
488000 900.510404397
489000 900.510404397
490000 900.510404397
491000 900.510404397
492000 900.510404397
493000 872.067226891
494000 872.067226891
495000 872.067226891
496000 872.067226891
497000 872.067226891
498000 872.067226891
499000 1118.95212106
500000 1118.95212106
501000 1118.95212106
502000 1118.95212106
503000 1681.16610169
504000 1681.16610169
505000 463.110475509
506000 463.110475509
507000 463.110475509
508000 463.110475509
509000 463.110475509
510000 463.110475509
511000 463.110475509
512000 463.110475509
513000 463.110475509
514000 463.110475509
515000 463.110475509
516000 463.110475509
517000 1088.27365517
518000 1088.27365517
519000 1088.27365517
520000 1667.38258961
521000 1667.38258961
522000 1667.38258961
523000 3159.16002246
524000 3159.16002246
525000 1440.74451902
526000 1440.74451902
527000 598.272
528000 1999.50030618
529000 1999.50030618
530000 1999.50030618
531000 1069.93681976
