0 2984.15852048
1000 2984.15852048
2000 2984.15852048
3000 2984.15852048
4000 2671.00864553
5000 2825.50243902
6000 2825.50243902
7000 4406.86601942
8000 3743.98856527
9000 3081.11111111
10000 3340.66355763
11000 3340.66355763
12000 1555.05562423
13000 5156.66816749
14000 5156.66816749
15000 4327.93904762
16000 4327.93904762
17000 0.0
18000 3660.23684605
19000 3660.23684605
20000 3660.23684605
21000 3660.23684605
22000 3660.23684605
23000 3660.23684605
24000 3660.23684605
25000 7200.92053218
26000 7200.92053218
27000 7200.92053218
28000 5928.22264253
29000 5928.22264253
30000 5928.22264253
31000 5928.22264253
32000 11271.214193
33000 11271.214193
34000 8874.70248112
35000 6478.19076923
36000 6478.19076923
37000 6478.19076923
38000 7357.03837472
39000 7357.03837472
40000 7357.03837472
41000 8220.90960135
42000 8220.90960135
43000 8220.90960135
44000 8220.90960135
45000 8444.83836993
46000 8668.7671385
47000 8668.7671385
48000 8668.7671385
49000 7298.18160994
50000 5927.59608139
51000 5927.59608139
52000 5927.59608139
53000 5927.59608139
54000 8329.19295915
55000 8329.19295915
56000 8329.19295915
57000 8663.85503599
58000 8998.51711284
59000 8998.51711284
60000 8998.51711284
61000 7560.78965626
62000 7560.78965626
63000 7560.78965626
64000 7560.78965626
65000 7395.32631579
66000 7395.32631579
67000 8385.38566978
68000 8385.38566978
69000 8385.38566978
70000 8385.38566978
71000 6454.27961819
72000 6454.27961819
73000 6454.27961819
74000 6454.27961819
75000 7109.1987055
76000 7109.1987055
77000 7109.1987055
78000 7803.53411978
79000 8497.86953405
80000 8497.86953405
81000 8531.89251351
82000 8565.91549296
83000 8565.91549296
84000 8565.91549296
85000 8987.21304502
86000 8987.21304502
87000 8987.21304502
88000 10285.3316327
89000 11583.4502203
90000 11583.4502203
91000 9402.35389205
92000 9402.35389205
93000 7221.2575638
94000 7221.2575638
95000 7221.2575638
96000 7221.2575638
97000 7061.02857143
98000 7061.02857143
99000 7061.02857143
100000 7760.38463055
101000 8459.74068966
102000 8459.74068966
103000 6547.80788311
104000 4635.87507655
105000 4635.87507655
106000 4635.87507655
107000 4635.87507655
108000 4635.87507655
109000 4635.87507655
110000 4635.87507655
111000 5792.90666667
112000 5792.90666667
113000 5792.90666667
114000 5792.90666667
115000 6920.93906621
116000 6920.93906621
117000 6920.93906621
118000 7033.92175116
119000 7146.90443611
120000 7146.90443611
121000 7146.90443611
122000 7146.90443611
123000 6591.55608706
124000 6591.55608706
125000 6591.55608706
126000 6591.55608706
127000 4952.85193034
128000 3314.14777361
129000 3314.14777361
130000 3314.14777361
131000 3314.14777361
132000 3314.14777361
133000 3314.14777361
134000 7507.41673307
135000 7507.41673307
136000 8175.59014791
137000 8843.76356275
138000 8843.76356275
139000 8412.05475435
140000 7980.34594595
141000 7980.34594595
142000 7980.34594595
143000 9445.78817929
144000 9445.78817929
145000 9445.78817929
146000 13263.041458
147000 17080.2947368
148000 12970.9192656
149000 12970.9192656
150000 8861.54379449
151000 8861.54379449
152000 8861.54379449
153000 7076.82378965
154000 5292.10378481
155000 5292.10378481
156000 5292.10378481
157000 5292.10378481
158000 9679.87969925
159000 9679.87969925
160000 9679.87969925
161000 6938.19595326
162000 4196.51220727
163000 4196.51220727
164000 4196.51220727
165000 4196.51220727
166000 4196.51220727
167000 4196.51220727
168000 5133.53387937
169000 5133.53387937
170000 5133.53387937
171000 5133.53387937
172000 5133.53387937
173000 2554.76756757
174000 2554.76756757
175000 2769.46304403
176000 2769.46304403
177000 2984.15852048
178000 2671.00864553
179000 2671.00864553
180000 2825.50243902
181000 4406.86601942
182000 3743.98856527
183000 3081.11111111
184000 3340.66355763
185000 3340.66355763
186000 1555.05562423
187000 5156.66816749
188000 5156.66816749
189000 4327.93904762
190000 4327.93904762
191000 4327.93904762
192000 3660.23684605
193000 3660.23684605
194000 3660.23684605
195000 3660.23684605
196000 3660.23684605
197000 3660.23684605
198000 3660.23684605
199000 7200.92053218
200000 7200.92053218
201000 7200.92053218
202000 5928.22264253
203000 5928.22264253
204000 5928.22264253
205000 5928.22264253
206000 11271.214193
207000 11271.214193
208000 8874.70248112
209000 6478.19076923
210000 6478.19076923
211000 6478.19076923
212000 7357.03837472
213000 7357.03837472
214000 7357.03837472
215000 7788.97398804
216000 8220.90960135
217000 8220.90960135
218000 8220.90960135
219000 8444.83836993
220000 8668.7671385
221000 8668.7671385
222000 8668.7671385
223000 8668.7671385
224000 5927.59608139
225000 5927.59608139
226000 5927.59608139
227000 5927.59608139
228000 8329.19295915
229000 8329.19295915
230000 8329.19295915
231000 8663.85503599
232000 8998.51711284
233000 8998.51711284
234000 8998.51711284
235000 8279.65338455
236000 7560.78965626
237000 7560.78965626
238000 7560.78965626
239000 7395.32631579
240000 7395.32631579
241000 7395.32631579
242000 8385.38566978
243000 8385.38566978
244000 8385.38566978
245000 6454.27961819
246000 6454.27961819
247000 6454.27961819
248000 6454.27961819
249000 7109.1987055
250000 7109.1987055
251000 7109.1987055
252000 7803.53411978
253000 8497.86953405
254000 8497.86953405
255000 8497.86953405
256000 8565.91549296
257000 8565.91549296
258000 8565.91549296
259000 8776.56426899
260000 8987.21304502
261000 8987.21304502
262000 8987.21304502
263000 11583.4502203
264000 11583.4502203
265000 11583.4502203
266000 9402.35389205
267000 7221.2575638
268000 7221.2575638
269000 7221.2575638
270000 7221.2575638
271000 7061.02857143
272000 7061.02857143
273000 7061.02857143
274000 7061.02857143
275000 8459.74068966
276000 8459.74068966
277000 8459.74068966
278000 6547.80788311
279000 4635.87507655
280000 4635.87507655
281000 4635.87507655
282000 4635.87507655
283000 4635.87507655
284000 4635.87507655
285000 5792.90666667
286000 5792.90666667
287000 5792.90666667
288000 5792.90666667
289000 6920.93906621
290000 6920.93906621
291000 6920.93906621
292000 6920.93906621
293000 7146.90443611
294000 7146.90443611
295000 7146.90443611
296000 7146.90443611
297000 6869.23026159
298000 6591.55608706
299000 6591.55608706
300000 6591.55608706
301000 6591.55608706
302000 3314.14777361
303000 3314.14777361
304000 3314.14777361
305000 3314.14777361
306000 3314.14777361
307000 3314.14777361
308000 7507.41673307
309000 7507.41673307
310000 7507.41673307
311000 8843.76356275
312000 8843.76356275
313000 8843.76356275
314000 7980.34594595
315000 7980.34594595
316000 7980.34594595
317000 8713.06706262
318000 9445.78817929
319000 9445.78817929
320000 13263.041458
321000 17080.2947368
322000 12970.9192656
323000 12970.9192656
324000 8861.54379449
325000 8861.54379449
326000 8861.54379449
327000 7076.82378965
328000 5292.10378481
329000 5292.10378481
330000 5292.10378481
331000 5292.10378481
332000 9679.87969925
333000 9679.87969925
334000 9679.87969925
335000 6938.19595326
336000 4196.51220727
337000 4196.51220727
338000 4196.51220727
339000 4196.51220727
340000 4196.51220727
341000 4196.51220727
342000 5133.53387937
343000 5133.53387937
344000 5133.53387937
345000 5133.53387937
346000 5133.53387937
347000 5133.53387937
348000 2554.76756757
