0 4494.88477952
1000 4494.88477952
2000 4494.88477952
3000 6652.51428571
4000 5833.27853881
5000 4134.85315904
6000 4134.85315904
7000 4134.85315904
8000 4134.85315904
9000 3851.18203804
10000 7538.8
11000 7362.75522755
12000 9705.37016575
13000 7296.26446281
14000 4031.78713969
15000 4056.94957331
16000 4982.41409692
17000 5185.21604396
18000 5388.017991
19000 4820.70582808
20000 4253.39366516
21000 3713.96023585
22000 3174.52680653
23000 2975.49869739
24000 2776.47058824
25000 4562.07706697
26000 4562.07706697
27000 4562.07706697
28000 2927.32105685
29000 2927.32105685
30000 2927.32105685
31000 1381.73410405
32000 1381.73410405
33000 1381.73410405
34000 1381.73410405
35000 3442.06848358
36000 3442.06848358
37000 3442.06848358
38000 3442.06848358
39000 3442.06848358
40000 3442.06848358
41000 3698.49476229
42000 3698.49476229
43000 3698.49476229
44000 3698.49476229
45000 3698.49476229
46000 4359.0803636
47000 5019.66596491
48000 5019.66596491
49000 5019.66596491
50000 2793.05726521
51000 2793.05726521
52000 2793.05726521
53000 2793.05726521
54000 2793.05726521
55000 2793.05726521
56000 2793.05726521
57000 2793.05726521
58000 2793.05726521
59000 2793.05726521
60000 3010.45470867
61000 3010.45470867
62000 3010.45470867
63000 3010.45470867
64000 3010.45470867
65000 3010.45470867
66000 3014.86568219
67000 3019.27665571
68000 3019.27665571
69000 3019.27665571
70000 3019.27665571
71000 3019.27665571
72000 3019.27665571
73000 3019.27665571
74000 3019.27665571
75000 9339.36479278
76000 9339.36479278
77000 9339.36479278
78000 2113.84885912
79000 2113.84885912
80000 2113.84885912
81000 2113.84885912
82000 2113.84885912
83000 2113.84885912
84000 2113.84885912
85000 2113.84885912
86000 2113.84885912
87000 2113.84885912
88000 1626.28895184
89000 1626.28895184
90000 4002.69979775
91000 4002.69979775
92000 4002.69979775
93000 4002.69979775
94000 3412.07860752
95000 3412.07860752
96000 3412.07860752
97000 3412.07860752
98000 3137.13324841
99000 3137.13324841
100000 3137.13324841
101000 3574.17663157
102000 4011.22001472
103000 4011.22001472
104000 5004.99316629
105000 2443.97929985
106000 2443.97929985
107000 2443.97929985
108000 2443.97929985
109000 2443.97929985
110000 2443.97929985
111000 2443.97929985
112000 2443.97929985
113000 2443.97929985
114000 2443.97929985
115000 4987.59874608
116000 4987.59874608
117000 4987.59874608
118000 2668.83710145
119000 2668.83710145
120000 2668.83710145
121000 2668.83710145
122000 2989.97723188
123000 2989.97723188
124000 2989.97723188
125000 3752.10324044
126000 4514.22924901
127000 4514.22924901
128000 6164.34944869
129000 6164.34944869
130000 6895.12204094
131000 7625.89463319
132000 7625.89463319
133000 7625.89463319
134000 7625.89463319
135000 2514.75008062
136000 2514.75008062
137000 2514.75008062
138000 2514.75008062
139000 2514.75008062
140000 2514.75008062
141000 2514.75008062
142000 2514.75008062
143000 2514.75008062
144000 2436.86448369
145000 2358.97888676
146000 4583.57590361
147000 4583.57590361
148000 3412.40732051
149000 3412.40732051
150000 3558.43298969
151000 3558.43298969
152000 4148.0
153000 4148.0
154000 5606.4
155000 5140.49729729
156000 4674.59459459
157000 4439.9147929
158000 4439.9147929
159000 2851.44186047
160000 2851.44186047
161000 1597.36040201
162000 1597.36040201
163000 1597.36040201
164000 1597.36040201
165000 1597.36040201
166000 1597.36040201
167000 1597.36040201
168000 1597.36040201
169000 1597.36040201
170000 1597.36040201
171000 5197.33919414
172000 5197.33919414
173000 5197.33919414
174000 3498.10623026
175000 3498.10623026
176000 3498.10623026
177000 3498.10623026
178000 2932.12252252
179000 2932.12252252
180000 2932.12252252
181000 4190.66345382
182000 4190.66345382
183000 4190.66345382
184000 5113.6
185000 5113.6
186000 5200.7633191
187000 5200.7633191
188000 5200.7633191
189000 5200.7633191
190000 5200.7633191
191000 4619.17921465
192000 4037.59511021
193000 4037.59511021
194000 4037.59511021
195000 4037.59511021
196000 4037.59511021
197000 3453.24649857
198000 2868.89788693
199000 2868.89788693
200000 2868.89788693
201000 2868.89788693
202000 2868.89788693
203000 2868.89788693
204000 2868.89788693
205000 2868.89788693
206000 2868.89788693
207000 2892.6795225
208000 2892.6795225
209000 2892.6795225
210000 2892.6795225
211000 2892.6795225
212000 2892.6795225
213000 2893.85184231
214000 2895.02416212
215000 2895.02416212
216000 2895.02416212
217000 2895.02416212
218000 2895.02416212
219000 2895.02416212
220000 2895.02416212
221000 3262.13783768
222000 3629.25151325
223000 3629.25151325
224000 3629.25151325
225000 3629.25151325
226000 3939.36687597
227000 4249.48223869
228000 4249.48223869
229000 4249.48223869
230000 4249.48223869
231000 3559.81655035
232000 3559.81655035
233000 3559.81655035
234000 3559.81655035
235000 3559.81655035
236000 3178.36784409
237000 3178.36784409
238000 3178.36784409
239000 3178.36784409
240000 3178.36784409
241000 3178.36784409
242000 2957.02093096
243000 2957.02093096
244000 2957.02093096
245000 2957.02093096
246000 2957.02093096
247000 2957.02093096
248000 2957.02093096
249000 2418.15191941
250000 2418.15191941
251000 2418.15191941
252000 2418.15191941
253000 2418.15191941
254000 2418.15191941
255000 2418.15191941
256000 1209.07595971
257000 2222.56049638
258000 2222.56049638
259000 2222.56049638
260000 4173.83949045
261000 4173.83949045
262000 1841.56444444
263000 1841.56444444
264000 1841.56444444
265000 1841.56444444
266000 2426.35479115
267000 2426.35479115
268000 2426.35479115
269000 3299.50740584
270000 3299.50740584
271000 2461.89006655
272000 3185.38944405
273000 3185.38944405
274000 3185.38944405
275000 3185.38944405
276000 3185.38944405
277000 3185.38944405
278000 3185.38944405
279000 3172.61826275
280000 3159.84708146
281000 3159.84708146
282000 3159.84708146
283000 3159.84708146
284000 3159.84708146
285000 3159.84708146
286000 3159.84708146
287000 3402.80364117
288000 3645.76020088
289000 3645.76020088
290000 3645.76020088
291000 3645.76020088
292000 3645.76020088
293000 3645.76020088
294000 3151.33236804
295000 3151.33236804
296000 3151.33236804
297000 3151.33236804
298000 3151.33236804
299000 3151.33236804
300000 3151.33236804
301000 3151.33236804
302000 3221.53738154
303000 3221.53738154
304000 3221.53738154
305000 3221.53738154
306000 3221.53738154
307000 3221.53738154
308000 7621.55357143
309000 7621.55357143
310000 7303.14679545
311000 6984.74001947
312000 6984.74001947
313000 4210.18782502
314000 4210.18782502
315000 4210.18782502
316000 3453.89391251
317000 3596.24238976
318000 3596.24238976
319000 6652.51428571
320000 5658.25242718
321000 4134.85315904
322000 4134.85315904
323000 4134.85315904
324000 4134.85315904
325000 4134.85315904
326000 7538.8
327000 7450.77761378
328000 9705.37016575
329000 7296.26446281
330000 4031.78713969
331000 4056.94957331
332000 4056.94957331
333000 4982.41409692
334000 5388.017991
335000 4820.70582808
336000 4253.39366516
337000 4253.39366516
338000 3174.52680653
339000 3174.52680653
340000 2776.47058824
341000 3669.2738276
342000 4562.07706697
343000 4562.07706697
344000 3744.69906191
345000 2927.32105685
346000 2927.32105685
347000 1381.73410405
348000 1381.73410405
349000 1381.73410405
350000 1381.73410405
351000 2411.90129381
352000 3442.06848358
353000 3442.06848358
354000 3442.06848358
355000 3442.06848358
356000 3442.06848358
357000 3570.28162294
358000 3698.49476229
359000 3698.49476229
360000 3698.49476229
361000 3698.49476229
362000 3698.49476229
363000 5019.66596491
364000 5019.66596491
365000 5019.66596491
366000 2793.05726521
367000 2793.05726521
368000 2793.05726521
369000 2793.05726521
370000 2793.05726521
371000 2793.05726521
372000 2793.05726521
373000 2793.05726521
374000 2793.05726521
375000 2793.05726521
376000 2901.75598694
377000 3010.45470867
378000 3010.45470867
379000 3010.45470867
380000 3010.45470867
381000 3010.45470867
382000 3010.45470867
383000 3019.27665571
384000 3019.27665571
385000 3019.27665571
386000 3019.27665571
387000 3019.27665571
388000 3019.27665571
389000 3019.27665571
390000 3019.27665571
391000 3019.27665571
392000 9339.36479278
393000 9339.36479278
394000 2113.84885912
395000 2113.84885912
396000 2113.84885912
397000 2113.84885912
398000 2113.84885912
399000 2113.84885912
400000 2113.84885912
401000 2113.84885912
402000 2113.84885912
403000 2113.84885912
404000 1626.28895184
405000 1626.28895184
406000 1626.28895184
407000 4002.69979775
408000 4002.69979775
409000 4002.69979775
410000 3412.07860752
411000 3412.07860752
412000 3412.07860752
413000 3412.07860752
414000 3137.13324841
415000 3137.13324841
416000 3137.13324841
417000 3137.13324841
418000 4011.22001472
419000 4011.22001472
420000 4011.22001472
421000 5004.99316629
422000 2443.97929985
423000 2443.97929985
424000 2443.97929985
425000 2443.97929985
426000 2443.97929985
427000 2443.97929985
428000 2443.97929985
429000 2443.97929985
430000 2443.97929985
431000 2443.97929985
432000 4987.59874608
433000 4987.59874608
434000 3828.21792376
435000 2668.83710145
436000 2668.83710145
437000 2668.83710145
438000 2989.97723188
439000 2989.97723188
440000 2989.97723188
441000 2989.97723188
442000 4514.22924901
443000 4514.22924901
444000 6164.34944869
445000 6164.34944869
446000 6164.34944869
447000 7625.89463319
448000 7625.89463319
449000 7625.89463319
450000 7625.89463319
451000 2514.75008062
452000 2514.75008062
453000 2514.75008062
454000 2514.75008062
455000 2514.75008062
456000 2514.75008062
457000 2514.75008062
458000 2514.75008062
459000 2514.75008062
460000 2514.75008062
461000 2358.97888676
462000 4583.57590361
463000 4583.57590361
464000 3412.40732051
465000 3412.40732051
466000 3485.4201551
467000 3558.43298969
468000 3853.21649484
469000 4148.0
470000 4877.2
471000 5606.4
472000 4674.59459459
473000 4557.25469375
474000 4439.9147929
475000 3645.67832668
476000 2851.44186047
477000 1597.36040201
478000 1597.36040201
479000 1597.36040201
480000 1597.36040201
481000 1597.36040201
482000 1597.36040201
483000 1597.36040201
484000 1597.36040201
485000 1597.36040201
486000 1597.36040201
487000 5197.33919414
488000 5197.33919414
489000 5197.33919414
490000 4347.7227122
491000 3498.10623026
492000 3498.10623026
493000 3498.10623026
494000 2932.12252252
495000 2932.12252252
496000 2932.12252252
497000 4190.66345382
498000 4190.66345382
499000 4190.66345382
500000 5113.6
501000 5113.6
502000 5200.7633191
503000 5200.7633191
504000 5200.7633191
505000 5200.7633191
506000 5200.7633191
507000 5200.7633191
508000 4037.59511021
509000 4037.59511021
510000 4037.59511021
511000 4037.59511021
512000 4037.59511021
513000 4037.59511021
514000 2868.89788693
515000 2868.89788693
516000 2868.89788693
517000 2868.89788693
518000 2868.89788693
519000 2868.89788693
520000 2868.89788693
521000 2868.89788693
522000 2868.89788693
523000 2892.6795225
524000 2892.6795225
525000 2892.6795225
526000 2892.6795225
527000 2892.6795225
528000 2892.6795225
529000 2892.6795225
530000 2895.02416212
531000 2895.02416212
532000 2895.02416212
533000 2895.02416212
534000 2895.02416212
535000 2895.02416212
536000 2895.02416212
537000 2895.02416212
538000 3629.25151325
539000 3629.25151325
540000 3629.25151325
541000 3629.25151325
542000 3629.25151325
543000 4249.48223869
544000 4249.48223869
545000 4249.48223869
546000 4249.48223869
547000 3559.81655035
548000 3559.81655035
549000 3559.81655035
550000 3559.81655035
551000 3559.81655035
552000 3369.09219722
553000 3178.36784409
554000 3178.36784409
555000 3178.36784409
556000 3178.36784409
557000 3178.36784409
558000 3067.69438752
559000 2957.02093096
560000 2957.02093096
561000 2957.02093096
562000 2957.02093096
563000 2957.02093096
564000 2957.02093096
565000 2418.15191941
566000 2418.15191941
567000 2418.15191941
568000 2418.15191941
569000 2418.15191941
570000 2418.15191941
571000 2418.15191941
572000 2418.15191941
573000 2222.56049638
574000 2222.56049638
575000 2222.56049638
576000 4173.83949045
577000 4173.83949045
578000 1841.56444444
579000 1841.56444444
580000 1841.56444444
581000 1841.56444444
582000 2133.95961779
583000 2426.35479115
584000 2426.35479115
585000 3299.50740584
586000 3299.50740584
587000 3299.50740584
588000 2404.83108566
589000 3185.38944405
590000 3185.38944405
591000 3185.38944405
592000 3185.38944405
593000 3185.38944405
594000 3185.38944405
595000 3185.38944405
596000 3159.84708146
597000 3159.84708146
598000 3159.84708146
599000 3159.84708146
600000 3159.84708146
601000 3159.84708146
602000 3159.84708146
603000 3159.84708146
604000 3645.76020088
605000 3645.76020088
606000 3645.76020088
607000 3645.76020088
608000 3645.76020088
609000 3645.76020088
610000 3398.54628446
611000 3151.33236804
612000 3151.33236804
613000 3151.33236804
614000 3151.33236804
615000 3151.33236804
616000 3151.33236804
617000 3151.33236804
618000 3186.43487479
619000 3221.53738154
620000 3221.53738154
621000 3221.53738154
622000 3221.53738154
623000 3221.53738154
624000 5421.54547649
625000 7621.55357143
626000 7303.14679545
627000 6984.74001947
628000 6984.74001947
629000 4210.18782502
630000 4210.18782502
631000 4210.18782502
632000 4210.18782502
