0 2467.5099631
1000 2467.5099631
2000 2467.5099631
3000 2467.5099631
4000 2467.5099631
5000 2467.5099631
6000 2467.5099631
7000 2012.02920071
8000 1556.54843833
9000 1556.54843833
10000 1556.54843833
11000 1556.54843833
12000 1019.80266038
13000 1019.80266038
14000 1019.80266038
15000 1019.80266038
16000 1019.80266038
17000 1019.80266038
18000 1408.21807227
19000 1796.63348416
20000 1796.63348416
21000 1796.63348416
22000 1979.34140081
23000 1979.34140081
24000 1979.34140081
25000 2097.27493917
26000 2097.27493917
27000 2097.27493917
28000 2197.26904853
29000 2297.26315789
30000 2128.39538715
31000 2128.39538715
32000 2128.39538715
33000 2128.39538715
34000 2128.39538715
35000 2280.12845349
36000 2431.86151982
37000 2431.86151982
38000 2431.86151982
39000 2431.86151982
40000 2431.86151982
41000 2431.86151982
42000 2270.65734266
43000 2270.65734266
44000 2270.65734266
45000 2270.65734266
46000 2270.65734266
47000 2270.65734266
48000 2270.65734266
49000 2096.73036575
50000 2096.73036575
51000 2096.73036575
52000 2096.73036575
53000 2096.73036575
54000 2096.73036575
55000 2096.73036575
56000 1706.38236541
57000 1316.03436507
58000 1316.03436507
59000 1316.03436507
60000 1316.03436507
61000 1316.03436507
62000 1316.03436507
63000 1316.03436507
64000 1316.03436507
65000 2730.76318511
66000 2730.76318511
67000 2730.76318511
68000 2730.76318511
69000 2875.29952397
70000 3019.83586284
71000 3019.83586284
72000 3019.83586284
73000 2867.57127072
74000 2867.57127072
75000 2867.57127072
76000 2867.57127072
77000 2830.13654618
78000 2830.13654618
79000 2830.13654618
80000 2830.85732318
81000 2831.57810018
82000 2831.57810018
83000 2831.57810018
84000 2831.57810018
85000 2831.57810018
86000 2831.57810018
87000 2831.57810018
88000 2831.57810018
89000 2831.57810018
90000 3889.84172662
91000 3889.84172662
92000 3889.84172662
93000 3889.84172662
94000 3702.35350699
95000 3514.86528736
96000 3514.86528736
97000 3514.86528736
98000 3514.86528736
99000 3221.94750212
100000 3221.94750212
101000 3221.94750212
102000 3221.94750212
103000 3221.94750212
104000 1498.25641026
105000 1498.25641026
106000 2839.47668232
107000 2839.47668232
108000 2839.47668232
109000 2839.47668232
110000 2839.47668232
111000 2839.47668232
112000 2839.47668232
113000 2839.47668232
114000 2839.47668232
115000 3255.87774097
116000 3672.27879961
117000 3672.27879961
118000 3672.27879961
119000 3672.27879961
120000 3907.21044046
121000 3907.21044046
122000 3907.21044046
123000 3907.21044046
124000 3595.05916306
125000 3595.05916306
126000 3595.05916306
127000 3595.05916306
128000 3567.84852125
129000 3540.63787944
130000 3540.63787944
131000 3763.49355954
132000 3986.34923964
133000 3986.34923964
134000 3986.34923964
135000 3986.34923964
136000 3986.34923964
137000 3986.34923964
138000 3986.34923964
139000 3986.34923964
140000 3986.34923964
141000 3986.34923964
142000 3986.34923964
143000 3221.97168114
144000 3221.97168114
145000 3221.97168114
146000 3221.97168114
147000 3221.97168114
148000 3221.97168114
149000 3221.97168114
150000 3221.97168114
151000 3221.97168114
152000 3221.97168114
153000 3221.97168114
154000 3221.97168114
155000 3221.97168114
156000 2844.74082212
157000 2844.74082212
158000 2844.74082212
159000 2844.74082212
160000 2467.5099631
161000 2467.5099631
162000 2467.5099631
163000 2012.02920071
164000 1556.54843833
165000 1556.54843833
166000 1556.54843833
167000 1556.54843833
168000 1019.80266038
169000 1019.80266038
170000 1019.80266038
171000 1019.80266038
172000 1019.80266038
173000 1019.80266038
174000 1796.63348416
175000 1796.63348416
176000 1796.63348416
177000 1796.63348416
178000 1979.34140081
179000 1979.34140081
180000 1979.34140081
181000 2097.27493917
182000 2097.27493917
183000 2097.27493917
184000 2297.26315789
185000 2297.26315789
186000 2128.39538715
187000 2128.39538715
188000 2128.39538715
189000 2128.39538715
190000 2128.39538715
191000 2280.12845349
192000 2431.86151982
193000 2431.86151982
194000 2431.86151982
195000 2431.86151982
196000 2431.86151982
197000 2431.86151982
198000 2270.65734266
199000 2270.65734266
200000 2270.65734266
201000 2270.65734266
202000 2270.65734266
203000 2270.65734266
204000 2270.65734266
205000 2096.73036575
206000 2096.73036575
207000 2096.73036575
208000 2096.73036575
209000 2096.73036575
210000 2096.73036575
211000 2096.73036575
212000 1316.03436507
213000 1316.03436507
214000 1316.03436507
215000 1316.03436507
216000 1316.03436507
217000 1316.03436507
218000 1316.03436507
219000 1316.03436507
220000 1316.03436507
221000 2730.76318511
222000 2730.76318511
223000 2730.76318511
224000 2730.76318511
225000 3019.83586284
226000 3019.83586284
227000 3019.83586284
228000 3019.83586284
229000 2867.57127072
230000 2867.57127072
231000 2867.57127072
232000 2867.57127072
233000 2830.13654618
234000 2830.13654618
235000 2830.13654618
236000 2830.85732318
237000 2831.57810018
238000 2831.57810018
239000 2831.57810018
240000 2831.57810018
241000 2831.57810018
242000 2831.57810018
243000 2831.57810018
244000 2831.57810018
245000 2831.57810018
246000 3889.84172662
247000 3889.84172662
248000 3889.84172662
249000 3889.84172662
250000 3514.86528736
251000 3514.86528736
252000 3514.86528736
253000 3514.86528736
254000 3514.86528736
255000 3221.94750212
256000 3221.94750212
257000 3221.94750212
258000 3221.94750212
259000 3221.94750212
260000 1498.25641026
261000 2839.47668232
262000 2839.47668232
263000 2839.47668232
264000 2839.47668232
265000 2839.47668232
266000 2839.47668232
267000 2839.47668232
268000 2839.47668232
269000 2839.47668232
270000 2839.47668232
271000 3672.27879961
272000 3672.27879961
273000 3672.27879961
274000 3672.27879961
275000 3672.27879961
276000 3907.21044046
277000 3907.21044046
278000 3907.21044046
279000 3907.21044046
280000 3595.05916306
281000 3595.05916306
282000 3595.05916306
283000 3595.05916306
284000 3540.63787944
285000 3540.63787944
286000 3540.63787944
287000 3986.34923964
288000 3986.34923964
289000 3986.34923964
290000 3986.34923964
291000 3986.34923964
292000 3986.34923964
293000 3986.34923964
294000 3986.34923964
295000 3986.34923964
296000 3986.34923964
297000 3986.34923964
298000 3986.34923964
299000 3221.97168114
300000 3221.97168114
301000 3221.97168114
302000 3221.97168114
303000 3221.97168114
304000 3221.97168114
305000 3221.97168114
306000 3221.97168114
307000 3221.97168114
308000 3221.97168114
309000 3221.97168114
310000 3221.97168114
311000 3221.97168114
