0 897.928648649
1000 897.928648649
2000 897.928648649
3000 897.928648649
4000 897.928648649
5000 897.928648649
6000 897.928648649
7000 897.928648649
8000 897.928648649
9000 897.928648649
10000 897.928648649
11000 985.860029844
12000 1073.79141104
13000 1073.79141104
14000 1754.09826153
15000 1754.09826153
16000 1121.53724108
17000 1121.53724108
18000 1067.27035263
19000 1067.27035263
20000 1036.74521652
21000 1036.74521652
22000 1065.68065328
23000 1094.61609004
24000 1094.61609004
25000 1849.62509387
26000 2604.63409771
27000 5170.17504655
28000 4892.88311688
29000 5223.88898526
30000 5223.88898526
31000 5223.88898526
32000 5223.88898526
33000 4926.40212802
34000 4628.91527078
35000 4628.91527078
36000 4628.91527078
37000 4628.91527078
38000 4628.91527078
39000 4628.91527078
40000 4393.89119171
41000 4393.89119171
42000 4393.89119171
43000 4393.89119171
44000 4393.89119171
45000 4393.89119171
46000 5677.87545788
47000 5677.87545788
48000 5677.87545788
49000 5677.87545788
50000 5581.18238913
51000 5484.48932039
52000 5484.48932039
53000 5484.48932039
54000 5495.98186855
55000 5495.98186855
56000 5495.98186855
57000 5495.98186855
58000 6149.69916949
59000 6149.69916949
60000 6149.69916949
61000 6149.69916949
62000 5037.45418247
63000 5037.45418247
64000 5037.45418247
65000 5037.45418247
66000 5037.45418247
67000 6088.14308943
68000 6088.14308943
69000 6088.14308943
70000 5676.20689389
71000 5264.27069834
72000 5264.27069834
73000 5264.27069834
74000 5264.27069834
75000 5264.27069834
76000 5172.03355408
77000 5172.03355408
78000 5172.03355408
79000 5172.03355408
80000 5172.03355408
81000 5757.53846154
82000 5757.53846154
83000 5757.53846154
84000 5757.53846154
85000 6342.18208734
86000 6342.18208734
87000 6342.18208734
88000 6342.18208734
89000 6067.40753725
90000 6067.40753725
91000 6067.40753725
92000 6067.40753725
93000 6194.14071357
94000 6320.87388988
95000 6320.87388988
96000 6320.87388988
97000 6320.87388988
98000 6345.50379085
99000 6345.50379085
100000 6345.50379085
101000 6345.50379085
102000 6108.27407076
103000 6108.27407076
104000 6108.27407076
105000 6108.27407076
106000 6108.27407076
107000 5706.94035562
108000 5706.94035562
109000 5706.94035562
110000 5706.94035562
111000 5667.9325107
112000 5667.9325107
113000 5667.9325107
114000 5667.9325107
115000 3999.9289539
116000 3999.9289539
117000 3999.9289539
118000 3999.9289539
119000 3999.9289539
120000 3999.9289539
121000 3999.9289539
122000 3999.9289539
123000 4915.9065006
124000 4915.9065006
125000 4915.9065006
126000 4915.9065006
127000 4915.9065006
128000 4915.9065006
129000 5340.51021725
130000 5340.51021725
131000 5340.51021725
132000 5340.51021725
133000 5340.51021725
134000 4125.68312976
135000 4125.68312976
136000 4125.68312976
137000 4125.68312976
138000 4125.68312976
139000 4125.68312976
140000 3472.58865965
141000 3472.58865965
142000 3472.58865965
143000 3472.58865965
144000 3472.58865965
145000 3472.58865965
146000 3472.58865965
147000 3631.4925015
148000 3631.4925015
149000 3631.4925015
150000 3631.4925015
151000 3631.4925015
152000 3631.4925015
153000 3397.81596229
154000 3164.13942308
155000 3164.13942308
156000 3164.13942308
157000 3164.13942308
158000 3164.13942308
159000 3164.13942308
160000 3164.13942308
161000 4874.67936886
162000 4874.67936886
163000 4874.67936886
164000 4797.82026331
165000 4797.82026331
166000 4797.82026331
167000 4797.82026331
168000 5300.71423694
169000 5300.71423694
170000 5300.71423694
171000 4738.7990912
172000 4738.7990912
173000 4738.7990912
174000 4043.58554217
175000 4043.58554217
176000 4043.58554217
177000 4043.58554217
178000 4043.58554217
179000 4043.58554217
180000 4043.58554217
181000 5869.1031513
182000 5869.1031513
183000 5869.1031513
184000 5869.1031513
185000 5869.1031513
186000 5053.80952381
187000 5053.80952381
188000 2975.86908623
189000 2975.86908623
190000 2975.86908623
191000 2975.86908623
192000 2975.86908623
193000 2975.86908623
194000 2975.86908623
195000 897.928648649
196000 897.928648649
197000 897.928648649
198000 985.860029844
199000 1073.79141104
200000 1073.79141104
201000 1073.79141104
202000 1754.09826153
203000 1121.53724108
204000 1121.53724108
205000 1121.53724108
206000 1067.27035263
207000 1067.27035263
208000 1036.74521652
209000 1036.74521652
210000 1094.61609004
211000 1094.61609004
212000 1094.61609004
213000 2604.63409771
214000 4725.97113402
215000 4892.88311688
216000 5223.88898526
217000 5223.88898526
218000 5223.88898526
219000 5223.88898526
220000 5223.88898526
221000 4628.91527078
222000 4628.91527078
223000 4628.91527078
224000 4628.91527078
225000 4628.91527078
226000 4628.91527078
227000 4393.89119171
228000 4393.89119171
229000 4393.89119171
230000 4393.89119171
231000 4393.89119171
232000 4393.89119171
233000 4393.89119171
234000 5677.87545788
235000 5677.87545788
236000 5677.87545788
237000 5677.87545788
238000 5484.48932039
239000 5484.48932039
240000 5484.48932039
241000 5484.48932039
242000 5495.98186855
243000 5495.98186855
244000 5495.98186855
245000 5495.98186855
246000 6149.69916949
247000 6149.69916949
248000 6149.69916949
249000 5037.45418247
250000 5037.45418247
251000 5037.45418247
252000 5037.45418247
253000 5037.45418247
254000 6088.14308943
255000 6088.14308943
256000 6088.14308943
257000 6088.14308943
258000 5264.27069834
259000 5264.27069834
260000 5264.27069834
261000 5264.27069834
262000 5264.27069834
263000 5264.27069834
264000 5172.03355408
265000 5172.03355408
266000 5172.03355408
267000 5172.03355408
268000 5464.78600781
269000 5757.53846154
270000 5757.53846154
271000 5757.53846154
272000 6342.18208734
273000 6342.18208734
274000 6342.18208734
275000 6342.18208734
276000 6067.40753725
277000 6067.40753725
278000 6067.40753725
279000 6067.40753725
280000 6067.40753725
281000 6320.87388988
282000 6320.87388988
283000 6320.87388988
284000 6320.87388988
285000 6320.87388988
286000 6345.50379085
287000 6345.50379085
288000 6345.50379085
289000 6345.50379085
290000 6108.27407076
291000 6108.27407076
292000 6108.27407076
293000 6108.27407076
294000 5706.94035562
295000 5706.94035562
296000 5706.94035562
297000 5706.94035562
298000 5706.94035562
299000 5667.9325107
300000 5667.9325107
301000 5667.9325107
302000 5667.9325107
303000 3999.9289539
304000 3999.9289539
305000 3999.9289539
306000 3999.9289539
307000 3999.9289539
308000 3999.9289539
309000 3999.9289539
310000 3999.9289539
311000 4915.9065006
312000 4915.9065006
313000 4915.9065006
314000 4915.9065006
315000 4915.9065006
316000 4915.9065006
317000 5340.51021725
318000 5340.51021725
319000 5340.51021725
320000 5340.51021725
321000 4125.68312976
322000 4125.68312976
323000 4125.68312976
324000 4125.68312976
325000 4125.68312976
326000 4125.68312976
327000 3472.58865965
328000 3472.58865965
329000 3472.58865965
330000 3472.58865965
331000 3472.58865965
332000 3472.58865965
333000 3472.58865965
334000 3631.4925015
335000 3631.4925015
336000 3631.4925015
337000 3631.4925015
338000 3631.4925015
339000 3631.4925015
340000 3631.4925015
341000 3164.13942308
342000 3164.13942308
343000 3164.13942308
344000 3164.13942308
345000 3164.13942308
346000 3164.13942308
347000 3164.13942308
348000 4874.67936886
349000 4874.67936886
350000 4874.67936886
351000 4874.67936886
352000 4797.82026331
353000 4797.82026331
354000 4797.82026331
355000 5300.71423694
356000 5300.71423694
357000 5300.71423694
358000 4738.7990912
359000 4738.7990912
360000 4738.7990912
361000 4738.7990912
362000 4043.58554217
363000 4043.58554217
364000 4043.58554217
365000 4043.58554217
366000 4043.58554217
367000 4043.58554217
368000 5869.1031513
369000 5869.1031513
370000 5869.1031513
371000 5869.1031513
372000 5869.1031513
373000 5461.45633756
374000 5053.80952381
375000 5053.80952381
