0 3004.10362694
1000 3004.10362694
2000 3004.10362694
3000 3004.10362694
4000 3004.10362694
5000 3004.10362694
6000 3004.10362694
7000 3004.10362694
8000 5642.41999935
9000 5642.41999935
10000 8280.73637176
11000 8280.73637176
12000 3154.05594724
13000 3154.05594724
14000 3154.05594724
15000 3154.05594724
16000 3154.05594724
17000 2762.06540814
18000 2762.06540814
19000 2762.06540814
20000 2762.06540814
21000 3632.13317479
22000 3632.13317479
23000 3632.13317479
24000 3612.90409801
25000 3612.90409801
26000 3910.04302091
27000 4207.1819438
28000 4207.1819438
29000 3892.64314264
30000 3578.10434148
31000 3578.10434148
32000 3578.10434148
33000 5276.60509045
34000 6975.10583942
35000 6975.10583942
36000 6975.10583942
37000 6975.10583942
38000 5190.68149114
39000 3406.25714286
40000 3406.25714286
41000 3406.25714286
42000 3406.25714286
43000 3406.25714286
44000 3406.25714286
45000 3406.25714286
46000 3406.25714286
47000 3406.25714286
48000 5815.99402106
49000 8225.73089926
50000 8225.73089926
51000 8225.73089926
52000 8225.73089926
53000 7560.70345586
54000 6895.67601246
55000 6895.67601246
56000 6895.67601246
57000 6895.67601246
58000 6895.67601246
59000 4631.50354935
60000 4631.50354935
61000 4631.50354935
62000 4631.50354935
63000 4631.50354935
64000 474.792234614
65000 474.792234614
66000 474.792234614
67000 474.792234614
68000 474.792234614
69000 2309.91242983
70000 2309.91242983
71000 2309.91242983
72000 2309.91242983
73000 2309.91242983
74000 2309.91242983
75000 1923.5061094
76000 1537.09978897
77000 1537.09978897
78000 1537.09978897
79000 1537.09978897
80000 1537.09978897
81000 1537.09978897
82000 1537.09978897
83000 2709.14556972
84000 3881.19135047
85000 3881.19135047
86000 4075.70098745
87000 4270.21062442
88000 4270.21062442
89000 4270.21062442
90000 3314.92335022
91000 3314.92335022
92000 3314.92335022
93000 3314.92335022
94000 3314.92335022
95000 3314.92335022
96000 3314.92335022
97000 3314.92335022
98000 3314.92335022
99000 3314.92335022
100000 3314.92335022
101000 3314.92335022
102000 3314.92335022
103000 3314.92335022
104000 3314.92335022
105000 2043.07326222
106000 771.223174215
107000 771.223174215
108000 771.223174215
109000 771.223174215
110000 771.223174215
111000 2085.48135455
112000 3399.73953488
113000 3399.73953488
114000 3399.73953488
115000 3399.73953488
116000 9150.6201232
117000 9150.6201232
118000 4145.07501631
119000 4145.07501631
120000 4145.07501631
121000 3078.86934672
122000 2012.66367713
123000 2012.66367713
124000 2012.66367713
125000 2012.66367713
126000 2978.12864563
127000 2978.12864563
128000 2978.12864563
129000 2978.12864563
130000 2978.12864563
131000 2978.12864563
132000 2978.12864563
133000 2978.12864563
134000 2978.12864563
135000 2978.12864563
136000 1585.06432281
137000 192.0
138000 192.0
139000 192.0
140000 192.0
141000 1598.05181347
142000 1598.05181347
143000 1598.05181347
144000 1598.05181347
145000 3004.10362694
146000 3004.10362694
147000 3004.10362694
148000 5642.41999935
149000 5642.41999935
150000 5642.41999935
151000 8280.73637176
152000 3154.05594724
153000 3154.05594724
154000 3154.05594724
155000 3154.05594724
156000 3154.05594724
157000 2762.06540814
158000 2762.06540814
159000 2762.06540814
160000 2762.06540814
161000 3632.13317479
162000 3632.13317479
163000 3632.13317479
164000 3612.90409801
165000 3612.90409801
166000 3612.90409801
167000 4207.1819438
168000 4207.1819438
169000 4207.1819438
170000 3578.10434148
171000 3578.10434148
172000 3578.10434148
173000 5276.60509045
174000 6975.10583942
175000 6975.10583942
176000 6975.10583942
177000 6975.10583942
178000 5190.68149114
179000 3406.25714286
180000 3406.25714286
181000 3406.25714286
182000 3406.25714286
183000 3406.25714286
184000 3406.25714286
185000 3406.25714286
186000 3406.25714286
187000 3406.25714286
188000 5815.99402106
189000 8225.73089926
190000 8225.73089926
191000 8225.73089926
192000 8225.73089926
193000 7560.70345586
194000 6895.67601246
195000 6895.67601246
196000 6895.67601246
197000 6895.67601246
198000 6895.67601246
199000 5763.58978091
200000 4631.50354935
201000 4631.50354935
202000 4631.50354935
203000 4631.50354935
204000 474.792234614
205000 474.792234614
206000 474.792234614
207000 474.792234614
208000 474.792234614
209000 2309.91242983
210000 2309.91242983
211000 2309.91242983
212000 2309.91242983
213000 2309.91242983
214000 2309.91242983
215000 2309.91242983
216000 1537.09978897
217000 1537.09978897
218000 1537.09978897
219000 1537.09978897
220000 1537.09978897
221000 1537.09978897
222000 1537.09978897
223000 2709.14556972
224000 3881.19135047
225000 3881.19135047
226000 3881.19135047
227000 4075.70098745
228000 4270.21062442
229000 4270.21062442
230000 3314.92335022
231000 3314.92335022
232000 3314.92335022
233000 3314.92335022
234000 3314.92335022
235000 3314.92335022
236000 3314.92335022
237000 3314.92335022
238000 3314.92335022
239000 3314.92335022
240000 3314.92335022
241000 3314.92335022
242000 3314.92335022
243000 3314.92335022
244000 3314.92335022
245000 3314.92335022
246000 771.223174215
247000 771.223174215
248000 771.223174215
249000 771.223174215
250000 771.223174215
251000 2085.48135455
252000 3399.73953488
253000 3399.73953488
254000 3399.73953488
255000 3399.73953488
256000 9150.6201232
257000 9150.6201232
258000 6647.84756976
259000 4145.07501631
260000 4145.07501631
261000 4145.07501631
262000 3078.86934672
263000 2012.66367713
264000 2012.66367713
265000 2012.66367713
266000 2978.12864563
267000 2978.12864563
268000 2978.12864563
269000 2978.12864563
270000 2978.12864563
271000 2978.12864563
272000 2978.12864563
273000 2978.12864563
274000 2978.12864563
275000 2978.12864563
276000 1585.06432281
277000 192.0
278000 192.0
279000 192.0
280000 192.0
