0 4983.9665272
1000 4983.9665272
2000 4983.9665272
3000 4983.9665272
4000 4983.9665272
5000 2718.8907563
6000 2718.8907563
7000 3093.45454545
8000 3093.45454545
9000 3267.09243697
10000 3104.70389171
11000 2743.14465409
12000 2743.14465409
13000 3086.61818182
14000 3086.61818182
15000 3027.05066667
16000 4051.64521739
17000 4051.64521739
18000 3073.47503201
19000 3631.12903226
20000 3446.57597685
21000 3446.57597685
22000 3524.59640906
23000 3917.34153846
24000 3917.34153846
25000 4772.50020516
26000 4409.39065421
27000 2940.10781671
28000 12403.6698656
29000 12403.6698656
30000 10885.1905206
31000 10885.1905206
32000 10885.1905206
33000 9366.71117562
34000 9366.71117562
35000 10196.0600888
36000 10196.0600888
37000 10196.0600888
38000 11025.409002
39000 11025.409002
40000 10686.1859825
41000 10686.1859825
42000 10346.962963
43000 10346.962963
44000 9830.52893317
45000 9830.52893317
46000 9830.52893317
47000 9314.09490334
48000 9314.09490334
49000 9674.84700622
50000 9674.84700622
51000 10035.5991091
52000 10035.5991091
53000 9785.61090826
54000 9785.61090826
55000 9785.61090826
56000 9535.62270742
57000 9535.62270742
58000 9762.54126955
59000 9762.54126955
60000 9989.45983168
61000 9989.45983168
62000 9989.45983168
63000 9774.32006676
64000 9774.32006676
65000 9559.18030183
66000 9559.18030183
67000 9559.18030183
68000 9377.22618167
69000 9377.22618167
70000 9195.27206152
71000 9195.27206152
72000 9172.20745933
73000 9172.20745933
74000 9172.20745933
75000 9149.14285714
76000 9149.14285714
77000 9345.55898043
78000 9345.55898043
79000 9345.55898043
80000 9541.97510373
81000 9541.97510373
82000 9541.97510373
83000 9655.58365215
84000 9655.58365215
85000 9655.58365215
86000 9769.19220056
87000 9769.19220056
88000 9862.78441643
89000 9862.78441643
90000 9862.78441643
91000 9956.3766323
92000 9956.3766323
93000 9956.3766323
94000 7791.04907564
95000 7791.04907564
96000 7791.04907564
97000 5625.72151899
98000 5625.72151899
99000 5625.72151899
100000 5625.72151899
101000 5625.72151899
102000 5831.1129749
103000 6036.50443081
104000 6036.50443081
105000 6036.50443081
106000 6036.50443081
107000 6322.51546952
108000 6608.52650823
109000 6608.52650823
110000 6608.52650823
111000 7050.01195609
112000 7491.49740395
113000 7491.49740395
114000 7491.49740395
115000 7491.49740395
116000 9831.42380403
117000 9831.42380403
118000 9831.42380403
119000 9831.42380403
120000 9831.42380403
121000 9831.42380403
122000 12171.3502041
123000 12171.3502041
124000 8826.32503099
125000 5481.29985789
126000 5481.29985789
127000 5481.29985789
128000 5481.29985789
129000 4475.16104429
130000 4475.16104429
131000 4475.16104429
132000 4475.16104429
133000 4475.16104429
134000 4475.16104429
135000 4475.16104429
136000 4654.00170503
137000 4654.00170503
138000 4654.00170503
139000 4654.00170503
140000 4934.45718635
141000 5214.91266766
142000 5214.91266766
143000 5214.91266766
144000 5450.09211553
145000 5450.09211553
146000 5450.09211553
147000 5450.09211553
148000 5450.09211553
149000 5682.18793829
150000 5682.18793829
151000 5682.18793829
152000 2915.45510836
153000 2915.45510836
154000 2915.45510836
155000 2915.45510836
156000 2915.45510836
157000 2915.45510836
158000 4454.84897694
159000 4454.84897694
160000 4454.84897694
161000 4719.40775207
162000 4719.40775207
163000 4719.40775207
164000 4983.9665272
165000 5643.51401869
166000 2718.8907563
167000 2718.8907563
168000 3093.45454545
169000 3267.09243697
170000 3104.70389171
171000 3104.70389171
172000 2743.14465409
173000 3086.61818182
174000 3086.61818182
175000 3027.05066667
176000 3027.05066667
177000 4051.64521739
178000 3073.47503201
179000 3073.47503201
180000 3631.12903226
181000 3446.57597685
182000 3524.59640906
183000 3720.96897376
184000 3917.34153846
185000 5135.6097561
186000 4409.39065421
187000 4850.50134771
188000 12403.6698656
189000 12403.6698656
190000 10885.1905206
191000 10885.1905206
192000 10885.1905206
193000 9366.71117562
194000 9366.71117562
195000 9366.71117562
196000 10196.0600888
197000 10196.0600888
198000 11025.409002
199000 11025.409002
200000 10686.1859825
201000 10686.1859825
202000 10346.962963
203000 10346.962963
204000 10346.962963
205000 9830.52893317
206000 9830.52893317
207000 9314.09490334
208000 9314.09490334
209000 9674.84700622
210000 9674.84700622
211000 10035.5991091
212000 10035.5991091
213000 10035.5991091
214000 9785.61090826
215000 9785.61090826
216000 9535.62270742
217000 9535.62270742
218000 9762.54126955
219000 9762.54126955
220000 9989.45983168
221000 9989.45983168
222000 9989.45983168
223000 9774.32006676
224000 9774.32006676
225000 9559.18030183
226000 9559.18030183
227000 9559.18030183
228000 9377.22618167
229000 9377.22618167
230000 9195.27206152
231000 9195.27206152
232000 9195.27206152
233000 9172.20745933
234000 9172.20745933
235000 9149.14285714
236000 9149.14285714
237000 9149.14285714
238000 9345.55898043
239000 9345.55898043
240000 9541.97510373
241000 9541.97510373
242000 9541.97510373
243000 9655.58365215
244000 9655.58365215
245000 9655.58365215
246000 9769.19220056
247000 9769.19220056
248000 9769.19220056
249000 9862.78441643
250000 9862.78441643
251000 9956.3766323
252000 9956.3766323
253000 9956.3766323
254000 7791.04907564
255000 7791.04907564
256000 7791.04907564
257000 5625.72151899
258000 5625.72151899
259000 5625.72151899
260000 5625.72151899
261000 5625.72151899
262000 5625.72151899
263000 6036.50443081
264000 6036.50443081
265000 6036.50443081
266000 6036.50443081
267000 6036.50443081
268000 6608.52650823
269000 6608.52650823
270000 6608.52650823
271000 7050.01195609
272000 7491.49740395
273000 7491.49740395
274000 7491.49740395
275000 7491.49740395
276000 9831.42380403
277000 9831.42380403
278000 9831.42380403
279000 9831.42380403
280000 9831.42380403
281000 9831.42380403
282000 12171.3502041
283000 12171.3502041
284000 8826.32503099
285000 5481.29985789
286000 5481.29985789
287000 5481.29985789
288000 5481.29985789
289000 4475.16104429
290000 4475.16104429
291000 4475.16104429
292000 4475.16104429
293000 4475.16104429
294000 4475.16104429
295000 4475.16104429
296000 4654.00170503
297000 4654.00170503
298000 4654.00170503
299000 4654.00170503
300000 4654.00170503
301000 5214.91266766
302000 5214.91266766
303000 5214.91266766
304000 5450.09211553
305000 5450.09211553
306000 5450.09211553
307000 5450.09211553
308000 5450.09211553
309000 5566.14002691
310000 5682.18793829
311000 5682.18793829
312000 5682.18793829
313000 2915.45510836
314000 2915.45510836
315000 2915.45510836
316000 2915.45510836
317000 2915.45510836
318000 4454.84897694
319000 4454.84897694
320000 4454.84897694
