0 6602.11764706
1000 6602.11764706
2000 6602.11764706
3000 5231.52862219
4000 5231.52862219
5000 4859.49262971
6000 5858.0456621
7000 6154.92369478
8000 6441.63471971
9000 6400.37745741
10000 6569.89777195
11000 4070.43815201
12000 3983.8155938
13000 3897.19303558
14000 6486.11477411
15000 5298.28068803
16000 4110.44660194
17000 7339.77746077
18000 7114.66666667
19000 7455.33425798
20000 7202.53892216
21000 7245.49544978
22000 5797.98362417
23000 4307.51527094
24000 3242.46387833
25000 3242.46387833
26000 6495.74481659
27000 4187.38548539
28000 5358.98204256
29000 6898.45944912
30000 7366.83961704
31000 7211.66946779
32000 7127.37302977
33000 5393.6141012
34000 6013.20026971
35000 8537.91839656
36000 8537.91839656
37000 8537.91839656
38000 9004.38459205
39000 9004.38459205
40000 9004.38459205
41000 9004.38459205
42000 9125.71980676
43000 9125.71980676
44000 9125.71980676
45000 8947.09398632
46000 8947.09398632
47000 8947.09398632
48000 9038.53982985
49000 9038.53982985
50000 9038.53982985
51000 9118.19531018
52000 9118.19531018
53000 9118.19531018
54000 7000.17887751
55000 4882.16244484
56000 4882.16244484
57000 4882.16244484
58000 4882.16244484
59000 4882.16244484
60000 4882.16244484
61000 8201.17808219
62000 8201.17808219
63000 8201.17808219
64000 8045.5047619
65000 8045.5047619
66000 6756.3387674
67000 6756.3387674
68000 6756.3387674
69000 9004.38601982
70000 9004.38601982
71000 8454.25398192
72000 8454.25398192
73000 8454.25398192
74000 8684.51593323
75000 8684.51593323
76000 8684.51593323
77000 8773.63353293
78000 8773.63353293
79000 8773.63353293
80000 8349.96655518
81000 8349.96655518
82000 8016.68696345
83000 8016.68696345
84000 8016.68696345
85000 7683.40737172
86000 7683.40737172
87000 7683.40737172
88000 7683.40737172
89000 7610.31037172
90000 7610.31037172
91000 7610.31037172
92000 7610.31037172
93000 7765.77159017
94000 7765.77159017
95000 7921.23280862
96000 7921.23280862
97000 7921.23280862
98000 7921.23280862
99000 7787.54004834
100000 7653.84728805
101000 7653.84728805
102000 7653.84728805
103000 7771.55373637
104000 7771.55373637
105000 7889.26018468
106000 7889.26018468
107000 7889.26018468
108000 7889.26018468
109000 7670.9802869
110000 7452.70038911
111000 7452.70038911
112000 7452.70038911
113000 8105.88565831
114000 8759.07092751
115000 8759.07092751
116000 8759.07092751
117000 8828.3537286
118000 8828.3537286
119000 8828.3537286
120000 8897.63652968
121000 8897.63652968
122000 8897.63652968
123000 8795.57056933
124000 8693.50460898
125000 8693.50460898
126000 8693.50460898
127000 6228.09038278
128000 6228.09038278
129000 3762.67615658
130000 3762.67615658
131000 5182.39690182
132000 5182.39690182
133000 6602.11764706
134000 5231.52862219
135000 3860.93959732
136000 5858.0456621
137000 6154.92369478
138000 6652.41229656
139000 6230.85714286
140000 6569.89777195
141000 4070.43815201
142000 4070.43815201
143000 3897.19303558
144000 5191.65390485
145000 6486.11477411
146000 4110.44660194
147000 5725.11203135
148000 7227.22206372
149000 7285.00046233
150000 7455.33425798
151000 7202.53892216
152000 7288.4519774
153000 4307.51527094
154000 3774.98957464
155000 3242.46387833
156000 6495.74481659
157000 4187.38548539
158000 4187.38548539
159000 6530.57859974
160000 7266.34029851
161000 7467.33893557
162000 6956.0
163000 7298.74605954
164000 3488.48214286
165000 6013.20026971
166000 8537.91839656
167000 8537.91839656
168000 8771.15149431
169000 9004.38459205
170000 9004.38459205
171000 9004.38459205
172000 9125.71980676
173000 9125.71980676
174000 9125.71980676
175000 8947.09398632
176000 8947.09398632
177000 8947.09398632
178000 8992.81690809
179000 9038.53982985
180000 9038.53982985
181000 9118.19531018
182000 9118.19531018
183000 9118.19531018
184000 9118.19531018
185000 4882.16244484
186000 4882.16244484
187000 4882.16244484
188000 4882.16244484
189000 4882.16244484
190000 4882.16244484
191000 6541.67026351
192000 8201.17808219
193000 8201.17808219
194000 8045.5047619
195000 8045.5047619
196000 6756.3387674
197000 6756.3387674
198000 6756.3387674
199000 9004.38601982
200000 9004.38601982
201000 8729.32000087
202000 8454.25398192
203000 8454.25398192
204000 8684.51593323
205000 8684.51593323
206000 8684.51593323
207000 8773.63353293
208000 8773.63353293
209000 8773.63353293
210000 8349.96655518
211000 8349.96655518
212000 8016.68696345
213000 8016.68696345
214000 8016.68696345
215000 7683.40737172
216000 7683.40737172
217000 7683.40737172
218000 7683.40737172
219000 7683.40737172
220000 7610.31037172
221000 7610.31037172
222000 7610.31037172
223000 7610.31037172
224000 7765.77159017
225000 7921.23280862
226000 7921.23280862
227000 7921.23280862
228000 7921.23280862
229000 7787.54004834
230000 7653.84728805
231000 7653.84728805
232000 7653.84728805
233000 7653.84728805
234000 7771.55373637
235000 7889.26018468
236000 7889.26018468
237000 7889.26018468
238000 7889.26018468
239000 7670.9802869
240000 7452.70038911
241000 7452.70038911
242000 7452.70038911
243000 7452.70038911
244000 8105.88565831
245000 8759.07092751
246000 8759.07092751
247000 8828.3537286
248000 8828.3537286
249000 8828.3537286
250000 8897.63652968
251000 8897.63652968
252000 8897.63652968
253000 8795.57056933
254000 8693.50460898
255000 8693.50460898
256000 8693.50460898
257000 6228.09038278
258000 6228.09038278
259000 6228.09038278
260000 3762.67615658
