0 2214.2128234
1000 2214.2128234
2000 2214.2128234
3000 2214.2128234
4000 2214.2128234
5000 2214.2128234
6000 2108.91543086
7000 2108.91543086
8000 2108.91543086
9000 2108.91543086
10000 2108.91543086
11000 1147.87096774
12000 1147.87096774
13000 1147.87096774
14000 1147.87096774
15000 1147.87096774
16000 1147.87096774
17000 1147.87096774
18000 1147.87096774
19000 1147.87096774
20000 1254.00536193
21000 1254.00536193
22000 1254.00536193
23000 1254.00536193
24000 1254.00536193
25000 1254.00536193
26000 1254.00536193
27000 1254.00536193
28000 1351.85474403
29000 1351.85474403
30000 1351.85474403
31000 1351.85474403
32000 1351.85474403
33000 1351.85474403
34000 1351.85474403
35000 1127.16258352
36000 1127.16258352
37000 1127.16258352
38000 1127.16258352
39000 1127.16258352
40000 1127.16258352
41000 1127.16258352
42000 1127.16258352
43000 1127.16258352
44000 1066.60104275
45000 1066.60104275
46000 1066.60104275
47000 1066.60104275
48000 1066.60104275
49000 1066.60104275
50000 1066.60104275
51000 1066.60104275
52000 1066.60104275
53000 1066.60104275
54000 1479.74911243
55000 1479.74911243
56000 1479.74911243
57000 1479.74911243
58000 1479.74911243
59000 1479.74911243
60000 1479.74911243
61000 1129.28620296
62000 1129.28620296
63000 1129.28620296
64000 1129.28620296
65000 1129.28620296
66000 1129.28620296
67000 1129.28620296
68000 1129.28620296
69000 1166.20602663
70000 1166.20602663
71000 1166.20602663
72000 1166.20602663
73000 1166.20602663
74000 1166.20602663
75000 1166.20602663
76000 1166.20602663
77000 1166.20602663
78000 1593.45996759
79000 1593.45996759
80000 1593.45996759
81000 1593.45996759
82000 1593.45996759
83000 1593.45996759
84000 1414.86619519
85000 1414.86619519
86000 1414.86619519
87000 1414.86619519
88000 1414.86619519
89000 1414.86619519
90000 1414.86619519
91000 1427.23016835
92000 1427.23016835
93000 1427.23016835
94000 1427.23016835
95000 1427.23016835
96000 1427.23016835
97000 1427.23016835
98000 1427.23016835
99000 1823.60093677
100000 1823.60093677
101000 1823.60093677
102000 1823.60093677
103000 1566.35714013
104000 1309.11334348
105000 1309.11334348
106000 1309.11334348
107000 1309.11334348
108000 1309.11334348
109000 1309.11334348
110000 1309.11334348
111000 1309.11334348
112000 1309.11334348
113000 1782.22731872
114000 1782.22731872
115000 1782.22731872
116000 1782.22731872
117000 1782.22731872
118000 1782.22731872
119000 1527.64779874
120000 1527.64779874
121000 1527.64779874
122000 1527.64779874
123000 1527.64779874
124000 1527.64779874
125000 1527.64779874
126000 1134.10091131
127000 1134.10091131
128000 1134.10091131
129000 1134.10091131
130000 1134.10091131
131000 1134.10091131
132000 1134.10091131
133000 1134.10091131
134000 1134.10091131
135000 991.136431784
136000 991.136431784
137000 991.136431784
138000 1571.22949309
139000 1571.22949309
140000 1571.22949309
141000 1571.22949309
142000 1571.22949309
143000 1571.22949309
144000 1571.22949309
145000 1473.92
146000 1473.92
147000 1473.92
148000 1473.92
149000 1473.92
150000 1473.92
151000 1473.92
152000 1132.46666667
153000 1132.46666667
154000 1409.57649363
155000 1409.57649363
156000 1409.57649363
157000 1409.57649363
158000 1409.57649363
159000 1409.57649363
160000 1409.57649363
161000 1409.57649363
162000 1409.57649363
163000 1409.57649363
164000 1430.85947047
165000 1430.85947047
166000 1430.85947047
167000 1430.85947047
168000 1430.85947047
169000 1430.85947047
170000 1430.85947047
171000 1430.85947047
172000 1430.85947047
173000 1430.85947047
174000 1817.57227036
175000 1817.57227036
176000 1817.57227036
177000 1817.57227036
178000 1817.57227036
179000 1628.40689255
180000 1439.24151473
181000 1439.24151473
182000 1439.24151473
183000 1439.24151473
184000 1439.24151473
185000 1439.24151473
186000 1439.24151473
187000 1430.36066522
188000 1430.36066522
189000 1430.36066522
190000 1430.36066522
191000 1430.36066522
192000 1430.36066522
193000 1430.36066522
194000 2214.2128234
195000 2214.2128234
196000 2214.2128234
197000 2214.2128234
198000 2214.2128234
199000 2108.91543086
200000 2108.91543086
201000 2108.91543086
202000 2108.91543086
203000 2108.91543086
204000 1147.87096774
205000 1147.87096774
206000 1147.87096774
207000 1147.87096774
208000 1147.87096774
209000 1147.87096774
210000 1147.87096774
211000 1147.87096774
212000 1147.87096774
213000 1254.00536193
214000 1254.00536193
215000 1254.00536193
216000 1254.00536193
217000 1254.00536193
218000 1254.00536193
219000 1254.00536193
220000 1254.00536193
221000 1351.85474403
222000 1351.85474403
223000 1351.85474403
224000 1351.85474403
225000 1351.85474403
226000 1351.85474403
227000 1351.85474403
228000 1127.16258352
229000 1127.16258352
230000 1127.16258352
231000 1127.16258352
232000 1127.16258352
233000 1127.16258352
234000 1127.16258352
235000 1127.16258352
236000 1127.16258352
237000 1066.60104275
238000 1066.60104275
239000 1066.60104275
240000 1066.60104275
241000 1066.60104275
242000 1066.60104275
243000 1066.60104275
244000 1066.60104275
245000 1066.60104275
246000 1066.60104275
247000 1479.74911243
248000 1479.74911243
249000 1479.74911243
250000 1479.74911243
251000 1479.74911243
252000 1479.74911243
253000 1479.74911243
254000 1129.28620296
255000 1129.28620296
256000 1129.28620296
257000 1129.28620296
258000 1129.28620296
259000 1129.28620296
260000 1129.28620296
261000 1129.28620296
262000 1129.28620296
263000 1166.20602663
264000 1166.20602663
265000 1166.20602663
266000 1166.20602663
267000 1166.20602663
268000 1166.20602663
269000 1166.20602663
270000 1166.20602663
271000 1593.45996759
272000 1593.45996759
273000 1593.45996759
274000 1593.45996759
275000 1593.45996759
276000 1593.45996759
277000 1414.86619519
278000 1414.86619519
279000 1414.86619519
280000 1414.86619519
281000 1414.86619519
282000 1414.86619519
283000 1414.86619519
284000 1414.86619519
285000 1427.23016835
286000 1427.23016835
287000 1427.23016835
288000 1427.23016835
289000 1427.23016835
290000 1427.23016835
291000 1427.23016835
292000 1823.60093677
293000 1823.60093677
294000 1823.60093677
295000 1823.60093677
296000 1566.35714013
297000 1309.11334348
298000 1309.11334348
299000 1309.11334348
300000 1309.11334348
301000 1309.11334348
302000 1309.11334348
303000 1309.11334348
304000 1309.11334348
305000 1309.11334348
306000 1309.11334348
307000 1782.22731872
308000 1782.22731872
309000 1782.22731872
310000 1782.22731872
311000 1782.22731872
312000 1782.22731872
313000 1527.64779874
314000 1527.64779874
315000 1527.64779874
316000 1527.64779874
317000 1527.64779874
318000 1527.64779874
319000 1134.10091131
320000 1134.10091131
321000 1134.10091131
322000 1134.10091131
323000 1134.10091131
324000 1134.10091131
325000 1134.10091131
326000 1134.10091131
327000 1134.10091131
328000 991.136431784
329000 991.136431784
330000 991.136431784
331000 991.136431784
332000 1571.22949309
333000 1571.22949309
334000 1571.22949309
335000 1571.22949309
336000 1571.22949309
337000 1571.22949309
338000 1473.92
339000 1473.92
340000 1473.92
341000 1473.92
342000 1473.92
343000 1473.92
344000 1473.92
345000 1132.46666667
346000 1132.46666667
347000 1409.57649363
348000 1409.57649363
349000 1409.57649363
350000 1409.57649363
351000 1409.57649363
352000 1409.57649363
353000 1409.57649363
354000 1409.57649363
355000 1409.57649363
356000 1409.57649363
357000 1430.85947047
358000 1430.85947047
359000 1430.85947047
360000 1430.85947047
361000 1430.85947047
362000 1430.85947047
363000 1430.85947047
364000 1430.85947047
365000 1430.85947047
366000 1430.85947047
367000 1817.57227036
368000 1817.57227036
369000 1817.57227036
370000 1817.57227036
371000 1817.57227036
372000 1817.57227036
373000 1439.24151473
374000 1439.24151473
375000 1439.24151473
376000 1439.24151473
377000 1439.24151473
378000 1439.24151473
379000 1439.24151473
380000 1430.36066522
381000 1430.36066522
382000 1430.36066522
383000 1430.36066522
384000 1430.36066522
385000 1430.36066522
386000 1430.36066522
