0 3395.70124481
1000 3395.70124481
2000 3395.70124481
3000 3410.92438658
4000 3410.92438658
5000 3426.71097794
6000 3426.71097794
7000 3426.71097794
8000 3426.71097794
9000 3450.73071791
10000 3450.73071791
11000 3450.73071791
12000 3450.73071791
13000 3479.91587693
14000 3479.91587693
15000 3479.91587693
16000 3479.91587693
17000 3479.91587693
18000 3479.91587693
19000 3479.91587693
20000 3479.91587693
21000 3313.59206059
22000 3313.59206059
23000 3313.59206059
24000 3313.59206059
25000 3406.25216374
26000 3406.25216374
27000 3406.25216374
28000 3406.25216374
29000 3438.75897198
30000 3438.75897198
31000 3438.75897198
32000 3438.75897198
33000 3438.75897198
34000 3427.57787482
35000 3427.57787482
36000 3427.57787482
37000 3510.33378847
38000 3510.33378847
39000 3510.33378847
40000 3510.33378847
41000 3510.33378847
42000 3510.33378847
43000 3510.33378847
44000 3510.33378847
45000 3510.33378847
46000 3510.33378847
47000 3519.63838285
48000 3519.63838285
49000 3519.63838285
50000 3519.63838285
51000 3519.63838285
52000 3519.63838285
53000 3519.63838285
54000 3519.63838285
55000 3519.63838285
56000 3519.63838285
57000 3509.53928315
58000 3509.53928315
59000 3509.53928315
60000 3509.53928315
61000 3509.53928315
62000 3509.53928315
63000 3509.53928315
64000 3509.53928315
65000 3509.53928315
66000 3509.53928315
67000 3509.13152863
68000 3509.13152863
69000 3509.13152863
70000 3509.13152863
71000 3509.13152863
72000 3509.13152863
73000 3509.13152863
74000 3509.13152863
75000 3509.13152863
76000 3509.13152863
77000 3480.82020289
78000 3480.82020289
79000 3480.82020289
80000 3480.82020289
81000 3480.82020289
82000 3480.82020289
83000 3480.82020289
84000 3480.82020289
85000 3480.82020289
86000 2955.1339609
87000 2955.1339609
88000 2872.61246904
89000 2872.61246904
90000 2872.61246904
91000 2872.61246904
92000 2872.61246904
93000 2872.61246904
94000 2872.61246904
95000 2872.61246904
96000 2872.61246904
97000 1449.46097593
98000 1449.46097593
99000 1449.46097593
100000 1449.46097593
101000 1449.46097593
102000 1449.46097593
103000 1449.46097593
104000 1449.46097593
105000 1449.46097593
106000 1449.46097593
107000 1449.46097593
108000 1449.46097593
109000 1449.46097593
110000 1449.46097593
111000 1449.46097593
112000 2205.83443176
113000 2205.83443176
114000 2205.83443176
115000 2205.83443176
116000 2205.83443176
117000 2205.83443176
118000 2674.44374649
119000 3143.05306122
120000 3143.05306122
121000 3143.05306122
122000 3072.52805281
123000 3072.52805281
124000 3072.52805281
125000 2933.10238169
126000 2933.10238169
127000 2933.10238169
128000 2281.64866282
129000 2281.64866282
130000 2281.64866282
131000 2281.64866282
132000 3162.79487413
133000 3162.79487413
134000 3162.79487413
135000 3162.79487413
136000 3162.79487413
137000 3162.79487413
138000 3162.79487413
139000 3162.79487413
140000 3162.79487413
141000 3162.79487413
142000 3162.79487413
143000 2947.09859155
144000 2947.09859155
145000 2947.09859155
146000 2947.09859155
147000 2947.09859155
148000 2947.09859155
149000 2947.09859155
150000 2947.09859155
151000 2947.09859155
152000 1523.14934823
153000 1523.14934823
154000 1523.14934823
155000 1523.14934823
156000 1523.14934823
157000 1523.14934823
158000 1523.14934823
159000 1523.14934823
160000 1523.14934823
161000 1523.14934823
162000 1523.14934823
163000 688.161849711
164000 688.161849711
165000 688.161849711
166000 688.161849711
167000 688.161849711
168000 908.401829015
169000 908.401829015
170000 908.401829015
171000 908.401829015
172000 908.401829015
173000 908.401829015
174000 908.401829015
175000 741.644957201
176000 741.644957201
177000 741.644957201
178000 741.644957201
179000 741.644957201
180000 741.644957201
181000 741.644957201
182000 741.644957201
183000 749.39147671
184000 749.39147671
185000 749.39147671
186000 749.39147671
187000 749.39147671
188000 749.39147671
189000 749.39147671
190000 749.39147671
191000 749.39147671
192000 551.080612145
193000 551.080612145
194000 551.080612145
195000 551.080612145
196000 551.080612145
197000 551.080612145
198000 551.080612145
199000 551.080612145
200000 551.080612145
201000 551.080612145
202000 890.199063963
203000 890.199063963
204000 890.199063963
205000 890.199063963
206000 890.199063963
207000 890.199063963
208000 550.165137615
209000 550.165137615
210000 550.165137615
211000 550.165137615
212000 550.165137615
213000 550.165137615
214000 550.165137615
215000 550.165137615
216000 550.165137615
217000 550.165137615
218000 550.165137615
219000 646.323414169
220000 646.323414169
221000 646.323414169
222000 646.323414169
223000 646.323414169
224000 646.323414169
225000 646.323414169
226000 646.323414169
227000 646.323414169
228000 986.009724473
229000 986.009724473
230000 986.009724473
231000 986.009724473
232000 986.009724473
233000 986.009724473
234000 1552.84305852
235000 2119.67639257
236000 2119.67639257
237000 2119.67639257
238000 1513.11929665
239000 1513.11929665
240000 1513.11929665
241000 1513.11929665
242000 1513.11929665
243000 1513.11929665
244000 2278.02352941
245000 2278.02352941
246000 2278.02352941
247000 2278.02352941
248000 2620.65136454
249000 2620.65136454
250000 2620.65136454
251000 2620.65136454
252000 2620.65136454
253000 2620.65136454
254000 2217.38639281
255000 2217.38639281
256000 3395.70124481
257000 3395.70124481
258000 3410.92438658
259000 3410.92438658
260000 3418.81768226
261000 3426.71097794
262000 3426.71097794
263000 3426.71097794
264000 3450.73071791
265000 3450.73071791
266000 3450.73071791
267000 3450.73071791
268000 3479.91587693
269000 3479.91587693
270000 3479.91587693
271000 3479.91587693
272000 3479.91587693
273000 3479.91587693
274000 3479.91587693
275000 3479.91587693
276000 3313.59206059
277000 3313.59206059
278000 3313.59206059
279000 3313.59206059
280000 3406.25216374
281000 3406.25216374
282000 3406.25216374
283000 3406.25216374
284000 3422.50556786
285000 3438.75897198
286000 3438.75897198
287000 3438.75897198
288000 3438.75897198
289000 3427.57787482
290000 3427.57787482
291000 3427.57787482
292000 3510.33378847
293000 3510.33378847
294000 3510.33378847
295000 3510.33378847
296000 3510.33378847
297000 3510.33378847
298000 3510.33378847
299000 3510.33378847
300000 3510.33378847
301000 3510.33378847
302000 3519.63838285
303000 3519.63838285
304000 3519.63838285
305000 3519.63838285
306000 3519.63838285
307000 3519.63838285
308000 3519.63838285
309000 3519.63838285
310000 3519.63838285
311000 3519.63838285
312000 3509.53928315
313000 3509.53928315
314000 3509.53928315
315000 3509.53928315
316000 3509.53928315
317000 3509.53928315
318000 3509.53928315
319000 3509.53928315
320000 3509.53928315
321000 3509.53928315
322000 3509.13152863
323000 3509.13152863
324000 3509.13152863
325000 3509.13152863
326000 3509.13152863
327000 3509.13152863
328000 3509.13152863
329000 3509.13152863
330000 3509.13152863
331000 3509.13152863
332000 3480.82020289
333000 3480.82020289
334000 3480.82020289
335000 3480.82020289
336000 3480.82020289
337000 3480.82020289
338000 3480.82020289
339000 3480.82020289
340000 3480.82020289
341000 2955.1339609
342000 2955.1339609
343000 2872.61246904
344000 2872.61246904
345000 2872.61246904
346000 2872.61246904
347000 2872.61246904
348000 2872.61246904
349000 2872.61246904
350000 2872.61246904
351000 2872.61246904
352000 1449.46097593
353000 1449.46097593
354000 1449.46097593
355000 1449.46097593
356000 1449.46097593
357000 1449.46097593
358000 1449.46097593
359000 1449.46097593
360000 1449.46097593
361000 1449.46097593
362000 1449.46097593
363000 1449.46097593
364000 1449.46097593
365000 1449.46097593
366000 1449.46097593
367000 2205.83443176
368000 2205.83443176
369000 2205.83443176
370000 2205.83443176
371000 2205.83443176
372000 2205.83443176
373000 2674.44374649
374000 3143.05306122
375000 3143.05306122
376000 3143.05306122
377000 3072.52805281
378000 3072.52805281
379000 3072.52805281
380000 2933.10238169
381000 2933.10238169
382000 2933.10238169
383000 2281.64866282
384000 2281.64866282
385000 2281.64866282
386000 2281.64866282
387000 3162.79487413
388000 3162.79487413
389000 3162.79487413
390000 3162.79487413
391000 3162.79487413
392000 3162.79487413
393000 3162.79487413
394000 3162.79487413
395000 3162.79487413
396000 3162.79487413
397000 3162.79487413
398000 2947.09859155
399000 2947.09859155
400000 2947.09859155
401000 2947.09859155
402000 2947.09859155
403000 2947.09859155
404000 2947.09859155
405000 2947.09859155
406000 2947.09859155
407000 1523.14934823
408000 1523.14934823
409000 1523.14934823
410000 1523.14934823
411000 1523.14934823
412000 1523.14934823
413000 1523.14934823
414000 1523.14934823
415000 1523.14934823
416000 1523.14934823
417000 1523.14934823
418000 688.161849711
419000 688.161849711
420000 688.161849711
421000 688.161849711
422000 688.161849711
423000 908.401829015
424000 908.401829015
425000 908.401829015
426000 908.401829015
427000 908.401829015
428000 908.401829015
429000 908.401829015
430000 741.644957201
431000 741.644957201
432000 741.644957201
433000 741.644957201
434000 741.644957201
435000 741.644957201
436000 741.644957201
437000 741.644957201
438000 745.518216956
439000 749.39147671
440000 749.39147671
441000 749.39147671
442000 749.39147671
443000 749.39147671
444000 749.39147671
445000 749.39147671
446000 749.39147671
447000 551.080612145
448000 551.080612145
449000 551.080612145
450000 551.080612145
451000 551.080612145
452000 551.080612145
453000 551.080612145
454000 551.080612145
455000 551.080612145
456000 551.080612145
457000 890.199063963
458000 890.199063963
459000 890.199063963
460000 890.199063963
461000 890.199063963
462000 890.199063963
463000 550.165137615
464000 550.165137615
465000 550.165137615
466000 550.165137615
467000 550.165137615
468000 550.165137615
469000 550.165137615
470000 550.165137615
471000 550.165137615
472000 550.165137615
473000 550.165137615
474000 646.323414169
475000 646.323414169
476000 646.323414169
477000 646.323414169
478000 646.323414169
479000 646.323414169
480000 646.323414169
481000 646.323414169
482000 646.323414169
483000 986.009724473
484000 986.009724473
485000 986.009724473
486000 986.009724473
487000 986.009724473
488000 986.009724473
489000 986.009724473
490000 2119.67639257
491000 2119.67639257
492000 2119.67639257
493000 1513.11929665
494000 1513.11929665
495000 1513.11929665
496000 1513.11929665
497000 1513.11929665
498000 1513.11929665
499000 2278.02352941
500000 2278.02352941
501000 2278.02352941
502000 2278.02352941
503000 2620.65136454
504000 2620.65136454
505000 2620.65136454
506000 2620.65136454
507000 2620.65136454
508000 2620.65136454
509000 2217.38639281
510000 2217.38639281
