0 3697.95379538
1000 3697.95379538
2000 3697.95379538
3000 1017.22502815
4000 1017.22502815
5000 1017.22502815
6000 1017.22502815
7000 1017.22502815
8000 1017.22502815
9000 1017.22502815
10000 603.790291262
11000 603.790291262
12000 603.790291262
13000 603.790291262
14000 603.790291262
15000 603.790291262
16000 603.790291262
17000 603.790291262
18000 603.790291262
19000 603.790291262
20000 1315.57345764
21000 2027.35662401
22000 2027.35662401
23000 2312.95412783
24000 2598.55163165
25000 2598.55163165
26000 3131.82172003
27000 1813.46206287
28000 495.102405705
29000 495.102405705
30000 495.102405705
31000 495.102405705
32000 495.102405705
33000 495.102405705
34000 495.102405705
35000 495.102405705
36000 495.102405705
37000 495.102405705
38000 495.102405705
39000 495.102405705
40000 495.102405705
41000 495.102405705
42000 495.102405705
43000 495.102405705
44000 495.102405705
45000 495.102405705
46000 495.102405705
47000 495.102405705
48000 3114.33570702
49000 2075.10850223
50000 1035.88129745
51000 1035.88129745
52000 1035.88129745
53000 1035.88129745
54000 1035.88129745
55000 1477.92562814
56000 1477.92562814
57000 1477.92562814
58000 1477.92562814
59000 1257.15870114
60000 1036.39177414
61000 1036.39177414
62000 1036.39177414
63000 1036.39177414
64000 1036.39177414
65000 1437.97993311
66000 1437.97993311
67000 1437.97993311
68000 1437.97993311
69000 1437.97993311
70000 2239.83673469
71000 2239.83673469
72000 2239.83673469
73000 1338.92682927
74000 1338.92682927
75000 1338.92682927
76000 1338.92682927
77000 1338.92682927
78000 1338.92682927
79000 1338.92682927
80000 1338.92682927
81000 1338.92682927
82000 1338.92682927
83000 0.0
84000 2457.92592593
85000 2457.92592593
86000 2457.92592593
87000 3233.9258546
88000 3233.9258546
89000 2137.00705882
90000 2137.00705882
91000 2137.00705882
92000 2164.32390039
93000 2191.64074195
94000 2191.64074195
95000 2191.64074195
96000 695.044997816
97000 695.044997816
98000 695.044997816
99000 695.044997816
100000 695.044997816
101000 695.044997816
102000 695.044997816
103000 695.044997816
104000 695.044997816
105000 535.746084457
106000 535.746084457
107000 376.447171097
108000 5838.7732042
109000 5838.7732042
110000 1118.11591084
111000 1118.11591084
112000 1118.11591084
113000 1118.11591084
114000 1118.11591084
115000 1118.11591084
116000 974.564595723
117000 974.564595723
118000 974.564595723
119000 974.564595723
120000 974.564595723
121000 974.564595723
122000 974.564595723
123000 974.564595723
124000 836.792849632
125000 836.792849632
126000 836.792849632
127000 836.792849632
128000 861.326532694
129000 861.326532694
130000 861.326532694
131000 861.326532694
132000 861.326532694
133000 861.326532694
134000 861.326532694
135000 861.326532694
136000 861.326532694
137000 861.326532694
138000 1875.63908001
139000 1875.63908001
140000 1875.63908001
141000 1875.63908001
142000 1875.63908001
143000 2477.61917303
144000 2477.61917303
145000 2477.61917303
146000 2477.61917303
147000 1896.32396935
148000 1896.32396935
149000 1896.32396935
150000 1896.32396935
151000 1896.32396935
152000 1896.32396935
153000 3779.08326725
154000 3779.08326725
155000 4668.52488688
156000 4668.52488688
157000 4668.52488688
158000 837.270255333
159000 837.270255333
160000 837.270255333
161000 837.270255333
162000 837.270255333
163000 837.270255333
164000 837.270255333
165000 837.270255333
166000 837.270255333
167000 2267.61202536
168000 3697.95379538
169000 3697.95379538
170000 1017.22502815
171000 1017.22502815
172000 1017.22502815
173000 1017.22502815
174000 1017.22502815
175000 1017.22502815
176000 1017.22502815
177000 603.790291262
178000 603.790291262
179000 603.790291262
180000 603.790291262
181000 603.790291262
182000 603.790291262
183000 603.790291262
184000 603.790291262
185000 603.790291262
186000 603.790291262
187000 1315.57345764
188000 2027.35662401
189000 2027.35662401
190000 2312.95412783
191000 2598.55163165
192000 2598.55163165
193000 3131.82172003
194000 1813.46206287
195000 495.102405705
196000 495.102405705
197000 495.102405705
198000 495.102405705
199000 495.102405705
200000 495.102405705
201000 495.102405705
202000 495.102405705
203000 495.102405705
204000 495.102405705
205000 495.102405705
206000 495.102405705
207000 495.102405705
208000 495.102405705
209000 495.102405705
210000 495.102405705
211000 495.102405705
212000 495.102405705
213000 495.102405705
214000 495.102405705
215000 3114.33570702
216000 2075.10850223
217000 1035.88129745
218000 1035.88129745
219000 1035.88129745
220000 1035.88129745
221000 1035.88129745
222000 1477.92562814
223000 1477.92562814
224000 1477.92562814
225000 1477.92562814
226000 1257.15870114
227000 1036.39177414
228000 1036.39177414
229000 1036.39177414
230000 1036.39177414
231000 1036.39177414
232000 1437.97993311
233000 1437.97993311
234000 1437.97993311
235000 1437.97993311
236000 1437.97993311
237000 2239.83673469
238000 2239.83673469
239000 2239.83673469
240000 1338.92682927
241000 1338.92682927
242000 1338.92682927
243000 1338.92682927
244000 1338.92682927
245000 1338.92682927
246000 1338.92682927
247000 1338.92682927
248000 1338.92682927
249000 1338.92682927
250000 0.0
251000 2457.92592593
252000 2457.92592593
253000 2457.92592593
254000 3233.9258546
255000 3233.9258546
256000 2137.00705882
257000 2137.00705882
258000 2137.00705882
259000 2164.32390039
260000 2191.64074195
261000 2191.64074195
262000 2191.64074195
263000 695.044997816
264000 695.044997816
265000 695.044997816
266000 695.044997816
267000 695.044997816
268000 695.044997816
269000 695.044997816
270000 695.044997816
271000 695.044997816
272000 535.746084457
273000 535.746084457
274000 376.447171097
275000 5838.7732042
276000 5838.7732042
277000 1118.11591084
278000 1118.11591084
279000 1118.11591084
280000 1118.11591084
281000 1118.11591084
282000 1118.11591084
283000 974.564595723
284000 974.564595723
285000 974.564595723
286000 974.564595723
287000 974.564595723
288000 974.564595723
289000 974.564595723
290000 974.564595723
291000 836.792849632
292000 836.792849632
293000 836.792849632
294000 836.792849632
295000 861.326532694
296000 861.326532694
297000 861.326532694
298000 861.326532694
299000 861.326532694
300000 861.326532694
301000 861.326532694
302000 861.326532694
303000 861.326532694
304000 861.326532694
305000 1875.63908001
306000 1875.63908001
307000 1875.63908001
308000 1875.63908001
309000 1875.63908001
310000 2477.61917303
311000 2477.61917303
312000 2477.61917303
313000 2477.61917303
314000 1896.32396935
315000 1896.32396935
316000 1896.32396935
317000 1896.32396935
318000 1896.32396935
319000 1896.32396935
320000 3779.08326725
321000 3779.08326725
322000 4668.52488688
323000 4668.52488688
324000 4668.52488688
325000 837.270255333
326000 837.270255333
327000 837.270255333
328000 837.270255333
329000 837.270255333
330000 837.270255333
331000 837.270255333
332000 837.270255333
333000 837.270255333
