0 2309.84634603
1000 2309.84634603
2000 2309.84634603
3000 3093.24758247
4000 3876.6488189
5000 3876.6488189
6000 4619.75312905
7000 4619.75312905
8000 4619.75312905
9000 6864.30789648
10000 2799.94324693
11000 2799.94324693
12000 2799.94324693
13000 2799.94324693
14000 3037.23542117
15000 3037.23542117
16000 3037.23542117
17000 3002.46491228
18000 3002.46491228
19000 3143.92456692
20000 3285.38422155
21000 3285.38422155
22000 3285.38422155
23000 3285.38422155
24000 3285.38422155
25000 3285.38422155
26000 3285.38422155
27000 3285.38422155
28000 3338.9980301
29000 3392.61183866
30000 3392.61183866
31000 3392.61183866
32000 3392.61183866
33000 3392.61183866
34000 5746.54800937
35000 5746.54800937
36000 5746.54800937
37000 3681.97792494
38000 3681.97792494
39000 3681.97792494
40000 3681.97792494
41000 3946.23108026
42000 4210.48423557
43000 4210.48423557
44000 4210.48423557
45000 4280.7816092
46000 4280.7816092
47000 4280.7816092
48000 4280.7816092
49000 3747.81884337
50000 5071.52679564
51000 5071.52679564
52000 5071.52679564
53000 5071.52679564
54000 5071.52679564
55000 5071.52679564
56000 5071.52679564
57000 5071.52679564
58000 5071.52679564
59000 8183.47917117
60000 11295.4315467
61000 11295.4315467
62000 11295.4315467
63000 9715.25878655
64000 9715.25878655
65000 8135.0860264
66000 8135.0860264
67000 8135.0860264
68000 8135.0860264
69000 6573.09147772
70000 6573.09147772
71000 6573.09147772
72000 6573.09147772
73000 6573.09147772
74000 6573.09147772
75000 6475.00556962
76000 6475.00556962
77000 6475.00556962
78000 6475.00556962
79000 6475.00556962
80000 6475.00556962
81000 6475.00556962
82000 6475.00556962
83000 8865.18518519
84000 8865.18518519
85000 8865.18518519
86000 8865.18518519
87000 8865.18518519
88000 8865.18518519
89000 8403.59914603
90000 7942.01310686
91000 7942.01310686
92000 7942.01310686
93000 7942.01310686
94000 7942.01310686
95000 7942.01310686
96000 7942.01310686
97000 5627.09585799
98000 5627.09585799
99000 5627.09585799
100000 5627.09585799
101000 5627.09585799
102000 5627.09585799
103000 5627.09585799
104000 5627.09585799
105000 5627.09585799
106000 5627.09585799
107000 5627.09585799
108000 4057.35394996
109000 4057.35394996
110000 4057.35394996
111000 4057.35394996
112000 4057.35394996
113000 4057.35394996
114000 4057.35394996
115000 4057.35394996
116000 4057.35394996
117000 4057.35394996
118000 4057.35394996
119000 4057.35394996
120000 4057.35394996
121000 4057.35394996
122000 3391.6759641
123000 3391.6759641
124000 3391.6759641
125000 3391.6759641
126000 3391.6759641
127000 3391.6759641
128000 3391.6759641
129000 3391.6759641
130000 4842.43592372
131000 4842.43592372
132000 4842.43592372
133000 4842.43592372
134000 4842.43592372
135000 4842.43592372
136000 4842.43592372
137000 4842.43592372
138000 4842.43592372
139000 4842.43592372
140000 9634.37665782
141000 9634.37665782
142000 9634.37665782
143000 5972.11150192
144000 2309.84634603
145000 2309.84634603
146000 3876.6488189
147000 3876.6488189
148000 3876.6488189
149000 4619.75312905
150000 4619.75312905
151000 6864.30789648
152000 6864.30789648
153000 2799.94324693
154000 2799.94324693
155000 2799.94324693
156000 2918.58933405
157000 3037.23542117
158000 3037.23542117
159000 3037.23542117
160000 3002.46491228
161000 3002.46491228
162000 3285.38422155
163000 3285.38422155
164000 3285.38422155
165000 3285.38422155
166000 3285.38422155
167000 3285.38422155
168000 3285.38422155
169000 3285.38422155
170000 3285.38422155
171000 3392.61183866
172000 3392.61183866
173000 3392.61183866
174000 3392.61183866
175000 3392.61183866
176000 3392.61183866
177000 5746.54800937
178000 5746.54800937
179000 4714.26296716
180000 3681.97792494
181000 3681.97792494
182000 3681.97792494
183000 3681.97792494
184000 4210.48423557
185000 4210.48423557
186000 4210.48423557
187000 4210.48423557
188000 4280.7816092
189000 4280.7816092
190000 4280.7816092
191000 2424.11089109
192000 3747.81884337
193000 5071.52679564
194000 5071.52679564
195000 5071.52679564
196000 5071.52679564
197000 5071.52679564
198000 5071.52679564
199000 5071.52679564
200000 5071.52679564
201000 5071.52679564
202000 11295.4315467
203000 11295.4315467
204000 11295.4315467
205000 11295.4315467
206000 9715.25878655
207000 8135.0860264
208000 8135.0860264
209000 8135.0860264
210000 8135.0860264
211000 8135.0860264
212000 6573.09147772
213000 6573.09147772
214000 6573.09147772
215000 6573.09147772
216000 6573.09147772
217000 6524.04852367
218000 6475.00556962
219000 6475.00556962
220000 6475.00556962
221000 6475.00556962
222000 6475.00556962
223000 6475.00556962
224000 6475.00556962
225000 7670.0953774
226000 8865.18518519
227000 8865.18518519
228000 8865.18518519
229000 8865.18518519
230000 8865.18518519
231000 8865.18518519
232000 7942.01310686
233000 7942.01310686
234000 7942.01310686
235000 7942.01310686
236000 7942.01310686
237000 7942.01310686
238000 7942.01310686
239000 7942.01310686
240000 5627.09585799
241000 5627.09585799
242000 5627.09585799
243000 5627.09585799
244000 5627.09585799
245000 5627.09585799
246000 5627.09585799
247000 5627.09585799
248000 5627.09585799
249000 5627.09585799
250000 4057.35394996
251000 4057.35394996
252000 4057.35394996
253000 4057.35394996
254000 4057.35394996
255000 4057.35394996
256000 4057.35394996
257000 4057.35394996
258000 4057.35394996
259000 4057.35394996
260000 4057.35394996
261000 4057.35394996
262000 4057.35394996
263000 4057.35394996
264000 3724.51495703
265000 3391.6759641
266000 3391.6759641
267000 3391.6759641
268000 3391.6759641
269000 3391.6759641
270000 3391.6759641
271000 3391.6759641
272000 3391.6759641
273000 4842.43592372
274000 4842.43592372
275000 4842.43592372
276000 4842.43592372
277000 4842.43592372
278000 4842.43592372
279000 4842.43592372
280000 4842.43592372
281000 4842.43592372
282000 4842.43592372
283000 9634.37665782
284000 9634.37665782
285000 9634.37665782
