0 6036.83102493
1000 6036.83102493
2000 6036.83102493
3000 6036.83102493
4000 6036.83102493
5000 4032.74109386
6000 4032.74109386
7000 2028.65116279
8000 5294.59098424
9000 8560.53080569
10000 8827.8689384
11000 8827.8689384
12000 8560.80054091
13000 8560.80054091
14000 8560.80054091
15000 11116.4745948
16000 13672.1486486
17000 11809.300991
18000 9946.45333333
19000 9946.45333333
20000 9644.00351413
21000 9341.55369494
22000 9341.55369494
23000 10458.4911332
24000 11575.4285714
25000 11575.4285714
26000 11291.8002412
27000 11008.171911
28000 10855.7608389
29000 10703.3497668
30000 11113.0871739
31000 11522.824581
32000 11021.1256456
33000 10519.4267101
34000 10519.4267101
35000 11132.8810795
36000 11746.3354488
37000 11746.3354488
38000 11671.6279626
39000 11596.9204764
40000 11596.9204764
41000 11596.9204764
42000 7982.16461981
43000 7982.16461981
44000 7982.16461981
45000 7982.16461981
46000 7560.94594627
47000 7139.72727273
48000 7139.72727273
49000 7139.72727273
50000 7139.72727273
51000 6533.55697356
52000 6533.55697356
53000 6533.55697356
54000 6533.55697356
55000 7877.78789117
56000 9222.01880878
57000 9222.01880878
58000 9222.01880878
59000 9002.22559456
60000 8782.43238034
61000 8782.43238034
62000 8782.43238034
63000 8163.20323874
64000 7543.97409714
65000 7543.97409714
66000 7543.97409714
67000 7543.97409714
68000 7140.82800825
69000 6737.68191937
70000 6737.68191937
71000 6737.68191937
72000 6737.68191937
73000 6442.86406407
74000 6148.04620878
75000 6148.04620878
76000 6148.04620878
77000 6148.04620878
78000 5546.34349471
79000 4944.64078065
80000 4944.64078065
81000 4944.64078065
82000 4944.64078065
83000 4944.64078065
84000 6533.28359846
85000 6533.28359846
86000 6533.28359846
87000 6533.28359846
88000 3169.9086985
89000 3169.9086985
90000 3169.9086985
91000 3169.9086985
92000 3169.9086985
93000 3169.9086985
94000 3169.9086985
95000 3169.9086985
96000 3499.21603149
97000 3828.52336449
98000 3828.52336449
99000 3828.52336449
100000 3828.52336449
101000 3828.52336449
102000 3828.52336449
103000 6208.47504479
104000 6208.47504479
105000 6208.47504479
106000 6208.47504479
107000 3868.70088066
108000 3868.70088066
109000 3868.70088066
110000 3868.70088066
111000 3868.70088066
112000 3868.70088066
113000 3868.70088066
114000 6329.06330792
115000 6329.06330792
116000 6329.06330792
117000 3164.53165396
118000 3144.59968896
119000 3144.59968896
120000 3144.59968896
121000 3144.59968896
122000 3144.59968896
123000 3144.59968896
124000 3144.59968896
125000 3144.59968896
126000 3144.59968896
127000 3144.59968896
128000 3270.20445867
129000 3395.80922838
130000 3395.80922838
131000 3395.80922838
132000 3395.80922838
133000 3395.80922838
134000 5824.5384127
135000 5824.5384127
136000 5824.5384127
137000 5824.5384127
138000 7513.01277584
139000 7513.01277584
140000 7226.58804166
141000 6940.16330749
142000 6596.69057423
143000 6253.21784098
144000 6253.21784098
145000 6253.21784098
146000 6253.21784098
147000 5485.95796528
148000 5485.95796528
149000 5485.95796528
150000 4906.97371409
151000 4327.9894629
152000 4327.9894629
153000 4327.9894629
154000 4327.9894629
155000 4327.9894629
156000 4327.9894629
157000 4327.9894629
158000 11238.3606247
159000 11238.3606247
160000 8875.93640991
161000 6513.51219512
162000 6513.51219512
163000 6513.51219512
164000 8194.61165736
165000 9875.7111196
166000 9875.7111196
167000 8318.62655217
168000 6761.54198473
169000 6761.54198473
170000 6761.54198473
171000 6761.54198473
172000 6758.72350705
173000 6755.90502936
174000 6755.90502936
175000 6755.90502936
176000 6755.90502936
177000 2871.68055422
178000 2871.68055422
179000 2871.68055422
180000 2871.68055422
181000 2871.68055422
182000 2871.68055422
183000 2871.68055422
184000 2871.68055422
185000 2871.68055422
186000 2871.68055422
187000 2871.68055422
188000 5936.37742207
189000 5936.37742207
190000 4017.0968598
191000 4017.0968598
192000 4017.0968598
193000 4017.0968598
194000 5800.89610174
195000 7584.69534368
196000 7584.69534368
197000 5316.85782216
198000 3049.02030064
199000 3049.02030064
200000 3049.02030064
201000 3049.02030064
202000 3049.02030064
203000 3049.02030064
204000 4573.3243871
205000 4573.3243871
206000 4573.3243871
207000 4573.3243871
208000 3466.22724505
209000 2359.13010301
210000 2359.13010301
211000 2203.20933973
212000 2047.28857645
213000 2047.28857645
214000 1570.54768759
215000 1093.80679873
216000 1093.80679873
217000 1093.80679873
218000 1093.80679873
219000 3565.31891183
220000 3565.31891183
221000 3565.31891183
222000 3565.31891183
223000 6036.83102493
224000 4032.74109386
225000 2028.65116279
226000 2028.65116279
227000 5294.59098424
228000 8694.19987204
229000 8827.8689384
230000 8694.33473966
231000 8560.80054091
232000 8560.80054091
233000 8560.80054091
234000 11116.4745948
235000 13672.1486486
236000 9946.45333333
237000 9946.45333333
238000 9946.45333333
239000 9341.55369494
240000 9341.55369494
241000 9341.55369494
242000 11575.4285714
243000 11575.4285714
244000 11575.4285714
245000 11008.171911
246000 11008.171911
247000 10703.3497668
248000 10703.3497668
249000 11522.824581
250000 11522.824581
251000 11021.1256456
252000 10519.4267101
253000 10519.4267101
254000 11132.8810795
255000 11746.3354488
256000 11746.3354488
257000 11671.6279626
258000 11596.9204764
259000 11596.9204764
260000 11596.9204764
261000 7982.16461981
262000 7982.16461981
263000 7982.16461981
264000 7982.16461981
265000 7139.72727273
266000 7139.72727273
267000 7139.72727273
268000 7139.72727273
269000 6836.64212315
270000 6533.55697356
271000 6533.55697356
272000 6533.55697356
273000 6533.55697356
274000 7877.78789117
275000 9222.01880878
276000 9222.01880878
277000 9222.01880878
278000 9002.22559456
279000 8782.43238034
280000 8782.43238034
281000 8782.43238034
282000 8163.20323874
283000 7543.97409714
284000 7543.97409714
285000 7543.97409714
286000 7543.97409714
287000 7140.82800825
288000 6737.68191937
289000 6737.68191937
290000 6737.68191937
291000 6737.68191937
292000 6148.04620878
293000 6148.04620878
294000 6148.04620878
295000 6148.04620878
296000 6148.04620878
297000 5546.34349471
298000 4944.64078065
299000 4944.64078065
300000 4944.64078065
301000 4944.64078065
302000 4944.64078065
303000 6533.28359846
304000 6533.28359846
305000 6533.28359846
306000 6533.28359846
307000 3169.9086985
308000 3169.9086985
309000 3169.9086985
310000 3169.9086985
311000 3169.9086985
312000 3169.9086985
313000 3169.9086985
314000 3169.9086985
315000 3828.52336449
316000 3828.52336449
317000 3828.52336449
318000 3828.52336449
319000 3828.52336449
320000 3828.52336449
321000 5018.49920464
322000 6208.47504479
323000 6208.47504479
324000 6208.47504479
325000 5038.58796272
326000 3868.70088066
327000 3868.70088066
328000 3868.70088066
329000 3868.70088066
330000 3868.70088066
331000 3868.70088066
332000 3868.70088066
333000 6329.06330792
334000 6329.06330792
335000 6329.06330792
336000 3164.53165396
337000 3144.59968896
338000 3144.59968896
339000 3144.59968896
340000 3144.59968896
341000 3144.59968896
342000 3144.59968896
343000 3144.59968896
344000 3144.59968896
345000 3144.59968896
346000 3144.59968896
347000 3270.20445867
348000 3395.80922838
349000 3395.80922838
350000 3395.80922838
351000 3395.80922838
352000 3395.80922838
353000 5824.5384127
354000 5824.5384127
355000 5824.5384127
356000 6668.77559427
357000 7513.01277584
358000 7513.01277584
359000 6940.16330749
360000 6940.16330749
361000 6596.69057423
362000 6253.21784098
363000 6253.21784098
364000 6253.21784098
365000 5869.58790313
366000 5485.95796528
367000 5485.95796528
368000 5485.95796528
369000 4327.9894629
370000 4327.9894629
371000 4327.9894629
372000 4327.9894629
373000 4327.9894629
374000 4327.9894629
375000 4327.9894629
376000 7783.1750438
377000 11238.3606247
378000 11238.3606247
379000 8875.93640991
380000 6513.51219512
381000 6513.51219512
382000 6513.51219512
383000 9875.7111196
384000 9875.7111196
385000 9875.7111196
386000 8318.62655217
387000 6761.54198473
388000 6761.54198473
389000 6761.54198473
390000 6761.54198473
391000 6758.72350705
392000 6755.90502936
393000 6755.90502936
394000 6755.90502936
395000 6755.90502936
396000 2871.68055422
397000 2871.68055422
398000 2871.68055422
399000 2871.68055422
400000 2871.68055422
401000 2871.68055422
402000 2871.68055422
403000 2871.68055422
404000 2871.68055422
405000 2871.68055422
406000 2871.68055422
407000 5936.37742207
408000 4976.73714093
409000 4017.0968598
410000 4017.0968598
411000 4017.0968598
412000 4017.0968598
413000 5800.89610174
414000 7584.69534368
415000 7584.69534368
416000 3049.02030064
417000 3049.02030064
418000 3049.02030064
419000 3049.02030064
420000 3049.02030064
421000 3049.02030064
422000 3049.02030064
423000 4573.3243871
424000 4573.3243871
425000 4573.3243871
426000 4573.3243871
427000 2359.13010301
428000 2359.13010301
429000 2359.13010301
430000 2047.28857645
431000 2047.28857645
432000 2047.28857645
433000 1570.54768759
434000 1093.80679873
435000 1093.80679873
436000 1093.80679873
437000 1093.80679873
