0 2976.69502262
1000 2976.69502262
2000 2976.69502262
3000 2976.69502262
4000 2976.69502262
5000 2976.69502262
6000 8244.81927711
7000 10368.2031183
8000 7943.92052228
9000 7943.92052228
10000 7943.92052228
11000 6630.65976853
12000 6559.3012023
13000 7801.20338983
14000 7801.20338983
15000 8669.32823454
16000 8669.32823454
17000 4205.30368637
18000 4205.30368637
19000 4205.30368637
20000 4205.30368637
21000 5143.82026282
22000 5143.82026282
23000 4970.06463479
24000 4796.30900676
25000 4796.30900676
26000 4796.30900676
27000 9098.91851852
28000 5614.59112628
29000 5614.59112628
30000 5614.59112628
31000 5614.59112628
32000 6128.81717164
33000 6643.04321701
34000 6643.04321701
35000 6643.04321701
36000 6643.04321701
37000 5392.49065462
38000 4141.93809223
39000 4141.93809223
40000 4141.93809223
41000 4141.93809223
42000 4141.93809223
43000 4141.93809223
44000 1742.82089144
45000 1742.82089144
46000 1742.82089144
47000 1742.82089144
48000 2905.07892108
49000 2905.07892108
50000 3520.66884801
51000 4136.25877495
52000 3259.53192387
53000 2382.8050728
54000 2382.8050728
55000 2631.51041667
56000 2631.51041667
57000 2631.51041667
58000 4832.58918517
59000 7033.66795367
60000 6320.07252947
61000 5043.87270663
62000 3767.67288379
63000 4935.25966851
64000 4935.25966851
65000 4935.25966851
66000 4935.25966851
67000 4935.25966851
68000 4935.25966851
69000 6055.7899309
70000 6055.7899309
71000 6055.7899309
72000 6055.7899309
73000 6055.7899309
74000 6703.6773215
75000 7351.5647121
76000 7351.5647121
77000 7351.5647121
78000 5984.63819427
79000 4617.71167645
80000 4617.71167645
81000 4617.71167645
82000 4617.71167645
83000 4617.71167645
84000 4617.71167645
85000 4078.48086092
86000 4078.48086092
87000 4078.48086092
88000 4078.48086092
89000 4078.48086092
90000 4078.48086092
91000 4078.48086092
92000 4078.48086092
93000 4781.58490566
94000 4781.58490566
95000 4781.58490566
96000 4781.58490566
97000 4781.58490566
98000 4315.81354307
99000 4315.81354307
100000 4315.81354307
101000 4315.81354307
102000 4315.81354307
103000 3150.36057628
104000 3150.36057628
105000 3150.36057628
106000 3150.36057628
107000 3150.36057628
108000 3150.36057628
109000 3150.36057628
110000 3150.36057628
111000 3826.42424242
112000 3826.42424242
113000 3826.42424242
114000 3826.42424242
115000 3826.42424242
116000 5529.19533308
117000 5529.19533308
118000 6375.59097585
119000 7221.98661863
120000 7221.98661863
121000 4681.30909091
122000 4681.30909091
123000 5871.49359457
124000 5871.49359457
125000 5871.49359457
126000 10848.6876033
127000 10848.6876033
128000 7280.36191897
129000 7280.36191897
130000 7280.36191897
131000 7280.36191897
132000 7280.36191897
133000 6783.11919579
134000 6783.11919579
135000 6783.11919579
136000 6783.11919579
137000 10684.8837222
138000 14586.6482486
139000 14586.6482486
140000 11502.0540513
141000 11502.0540513
142000 8417.45985401
143000 8417.45985401
144000 8417.45985401
145000 5362.27047886
146000 5362.27047886
147000 5362.27047886
148000 5362.27047886
149000 5362.27047886
150000 5362.27047886
151000 8724.73156973
152000 12087.1926606
153000 12087.1926606
154000 5758.8454902
155000 5758.8454902
156000 5758.8454902
157000 5758.8454902
158000 5758.8454902
159000 4519.54143946
160000 3280.23738872
161000 3280.23738872
162000 3280.23738872
163000 3280.23738872
164000 3280.23738872
165000 3280.23738872
166000 3280.23738872
167000 3280.23738872
168000 4114.15490062
169000 4114.15490062
170000 4114.15490062
171000 4114.15490062
172000 4114.15490062
173000 4114.15490062
174000 4325.79993397
175000 4325.79993397
176000 4325.79993397
177000 4325.79993397
178000 4325.79993397
179000 4325.79993397
180000 4265.61381122
181000 4265.61381122
182000 4265.61381122
183000 4265.61381122
184000 4265.61381122
185000 3730.60984062
186000 3195.60587002
187000 3195.60587002
188000 3195.60587002
189000 3195.60587002
190000 3195.60587002
191000 3195.60587002
192000 3195.60587002
193000 3163.57754011
194000 3163.57754011
195000 3163.57754011
196000 3163.57754011
197000 3163.57754011
198000 3163.57754011
199000 4866.32313167
200000 4866.32313167
201000 7624.79935275
202000 8406.09415121
203000 8198.49299591
204000 9214.08399001
205000 9690.72745518
206000 8944.17877095
207000 3484.29835651
208000 3484.29835651
209000 3484.29835651
210000 3484.29835651
211000 4205.88632873
212000 4205.88632873
213000 5799.81651376
214000 7546.55296469
215000 7546.55296469
216000 7546.55296469
217000 7850.86360621
218000 8155.17424773
219000 8155.17424773
220000 5599.51614039
221000 3043.85803305
222000 3043.85803305
223000 3043.85803305
224000 3043.85803305
225000 3043.85803305
226000 3043.85803305
227000 3043.85803305
228000 3308.67058655
229000 3308.67058655
230000 3308.67058655
231000 3308.67058655
232000 3308.67058655
233000 3308.67058655
234000 3308.67058655
235000 5222.28016644
236000 5222.28016644
237000 5222.28016644
238000 5222.28016644
239000 5222.28016644
240000 7796.47495069
241000 7796.47495069
242000 3335.38427279
243000 3335.38427279
244000 3335.38427279
245000 3335.38427279
246000 3335.38427279
247000 3335.38427279
248000 3335.38427279
249000 3335.38427279
250000 6269.20811099
251000 6269.20811099
252000 6269.20811099
253000 6503.74757671
254000 6738.28704242
255000 6738.28704242
256000 6738.28704242
257000 4496.44616805
258000 4496.44616805
259000 4496.44616805
260000 4496.44616805
261000 4496.44616805
262000 4496.44616805
263000 5316.41497939
264000 5316.41497939
265000 5316.41497939
266000 5316.41497939
267000 5316.41497939
268000 3302.52166977
269000 3302.52166977
270000 3302.52166977
271000 3302.52166977
272000 3302.52166977
273000 3302.52166977
274000 3302.52166977
275000 3302.52166977
276000 8165.16129032
277000 8165.16129032
278000 8165.16129032
279000 1869.18711656
280000 1869.18711656
281000 1869.18711656
282000 1869.18711656
283000 1869.18711656
284000 1869.18711656
285000 1869.18711656
286000 1869.18711656
287000 1869.18711656
288000 1869.18711656
289000 1418.38054053
290000 5252.76369673
291000 5252.76369673
292000 5252.76369673
293000 5252.76369673
294000 7050.57705977
295000 7050.57705977
296000 7050.57705977
297000 9801.01612903
298000 9801.01612903
299000 4533.07603951
300000 4533.07603951
301000 4533.07603951
302000 4533.07603951
303000 4533.07603951
304000 1310.97822932
305000 1852.03374849
306000 1852.03374849
307000 1852.03374849
308000 1852.03374849
309000 1852.03374849
310000 1852.03374849
311000 1852.03374849
312000 1852.03374849
313000 1852.03374849
314000 1852.03374849
315000 2733.85909642
316000 2733.85909642
317000 2733.85909642
318000 2733.85909642
319000 2733.85909642
320000 2733.85909642
321000 6618.3891561
322000 6618.3891561
323000 6308.42568478
324000 6308.42568478
325000 6308.42568478
326000 6718.03117309
327000 6718.03117309
328000 6342.65207877
329000 6342.65207877
330000 6022.90742084
331000 6022.90742084
332000 6022.90742084
333000 6022.90742084
334000 8330.24101947
335000 10637.5746181
336000 10637.5746181
337000 9332.61520222
338000 8027.65578635
339000 8027.65578635
340000 9737.94422428
341000 11448.2326622
342000 11448.2326622
343000 16445.415091
344000 21442.5975197
345000 13671.6393571
346000 5900.68119451
347000 5900.68119451
348000 5900.68119451
349000 5900.68119451
350000 7675.24195154
351000 7675.24195154
352000 7675.24195154
353000 7470.19049204
354000 7265.13903255
355000 7265.13903255
356000 7265.13903255
357000 11264.2121547
358000 11264.2121547
359000 11264.2121547
360000 7120.45358866
361000 7120.45358866
362000 7120.45358866
363000 7120.45358866
364000 2976.69502262
365000 6197.17491749
366000 10518.6524957
367000 7943.92052228
368000 7943.92052228
369000 7943.92052228
370000 7943.92052228
371000 5317.39901478
372000 7801.20338983
373000 7801.20338983
374000 8235.26581218
375000 8669.32823454
376000 6437.31596046
377000 4205.30368637
378000 4205.30368637
379000 4205.30368637
380000 4674.56197459
381000 5143.82026282
382000 5143.82026282
383000 4796.30900676
384000 4796.30900676
385000 4796.30900676
386000 6947.61376264
387000 7356.7548224
388000 5614.59112628
389000 5614.59112628
390000 5614.59112628
391000 5614.59112628
392000 6643.04321701
393000 6643.04321701
394000 6643.04321701
395000 6643.04321701
396000 6643.04321701
397000 4141.93809223
398000 4141.93809223
399000 4141.93809223
400000 4141.93809223
401000 4141.93809223
402000 4141.93809223
403000 2942.37949183
404000 1742.82089144
405000 1742.82089144
406000 1742.82089144
407000 2323.94990626
408000 2905.07892108
409000 2905.07892108
410000 4136.25877495
411000 4136.25877495
412000 2382.8050728
413000 2382.8050728
414000 2507.15774474
415000 2631.51041667
416000 2631.51041667
417000 2631.51041667
418000 7033.66795367
419000 6676.87024157
420000 6320.07252947
421000 3767.67288379
422000 4351.46627615
423000 4935.25966851
424000 4935.25966851
425000 4935.25966851
426000 4935.25966851
427000 4935.25966851
428000 5495.52479971
429000 6055.7899309
430000 6055.7899309
431000 6055.7899309
432000 6055.7899309
433000 6055.7899309
434000 7351.5647121
435000 7351.5647121
436000 7351.5647121
437000 7351.5647121
438000 4617.71167645
439000 4617.71167645
440000 4617.71167645
441000 4617.71167645
442000 4617.71167645
443000 4617.71167645
444000 4617.71167645
445000 4078.48086092
446000 4078.48086092
447000 4078.48086092
448000 4078.48086092
449000 4078.48086092
450000 4078.48086092
451000 4078.48086092
452000 4430.03288329
453000 4781.58490566
454000 4781.58490566
455000 4781.58490566
456000 4781.58490566
457000 4548.69922437
458000 4315.81354307
459000 4315.81354307
460000 4315.81354307
461000 4315.81354307
462000 4315.81354307
463000 3150.36057628
464000 3150.36057628
465000 3150.36057628
466000 3150.36057628
467000 3150.36057628
468000 3150.36057628
469000 3150.36057628
470000 3826.42424242
471000 3826.42424242
472000 3826.42424242
473000 3826.42424242
474000 3826.42424242
475000 5529.19533308
476000 5529.19533308
477000 5529.19533308
478000 7221.98661863
479000 7221.98661863
480000 4681.30909091
481000 4681.30909091
482000 4681.30909091
483000 5871.49359457
484000 5871.49359457
485000 5871.49359457
486000 10848.6876033
487000 12213.12
488000 7280.36191897
489000 7280.36191897
490000 7280.36191897
491000 7280.36191897
492000 6783.11919579
493000 6783.11919579
494000 6783.11919579
495000 6783.11919579
496000 6783.11919579
497000 14586.6482486
498000 14586.6482486
499000 11502.0540513
500000 11502.0540513
501000 8417.45985401
502000 8417.45985401
503000 8417.45985401
504000 6889.86516643
505000 5362.27047886
506000 5362.27047886
507000 5362.27047886
508000 5362.27047886
509000 5362.27047886
510000 5362.27047886
511000 12087.1926606
512000 12087.1926606
513000 8923.0190754
514000 5758.8454902
515000 5758.8454902
516000 5758.8454902
517000 5758.8454902
518000 5758.8454902
519000 3280.23738872
520000 3280.23738872
521000 3280.23738872
522000 3280.23738872
523000 3280.23738872
524000 3280.23738872
525000 3280.23738872
526000 3280.23738872
527000 3697.19614467
528000 4114.15490062
529000 4114.15490062
530000 4114.15490062
531000 4114.15490062
532000 4114.15490062
533000 4325.79993397
534000 4325.79993397
535000 4325.79993397
536000 4325.79993397
537000 4325.79993397
538000 4325.79993397
539000 4295.70687259
540000 4265.61381122
541000 4265.61381122
542000 4265.61381122
543000 4265.61381122
544000 4265.61381122
545000 3195.60587002
546000 3195.60587002
547000 3195.60587002
548000 3195.60587002
549000 3195.60587002
550000 3195.60587002
551000 3195.60587002
552000 3179.59170507
553000 3163.57754011
554000 3163.57754011
555000 3163.57754011
556000 3163.57754011
557000 3163.57754011
558000 3163.57754011
559000 4866.32313167
560000 5801.49489917
561000 8512.93203883
562000 8406.09415121
563000 7990.89184061
564000 10437.2761394
565000 8944.17877095
566000 6214.23856373
567000 3484.29835651
568000 3484.29835651
569000 3484.29835651
570000 4205.88632873
571000 4205.88632873
572000 4205.88632873
573000 5799.81651376
574000 7546.55296469
575000 7546.55296469
576000 7546.55296469
577000 8155.17424773
578000 8155.17424773
579000 8155.17424773
580000 3043.85803305
581000 3043.85803305
582000 3043.85803305
583000 3043.85803305
584000 3043.85803305
585000 3043.85803305
586000 3043.85803305
587000 3043.85803305
588000 3308.67058655
589000 3308.67058655
590000 3308.67058655
591000 3308.67058655
592000 3308.67058655
593000 3308.67058655
594000 3308.67058655
595000 5222.28016644
596000 5222.28016644
597000 5222.28016644
598000 5222.28016644
599000 7796.47495069
600000 7796.47495069
601000 7796.47495069
602000 3335.38427279
603000 3335.38427279
604000 3335.38427279
605000 3335.38427279
606000 3335.38427279
607000 3335.38427279
608000 3335.38427279
609000 6269.20811099
610000 6269.20811099
611000 6269.20811099
612000 6269.20811099
613000 6738.28704242
614000 6738.28704242
615000 6738.28704242
616000 6738.28704242
617000 4496.44616805
618000 4496.44616805
619000 4496.44616805
620000 4496.44616805
621000 4496.44616805
622000 5316.41497939
623000 5316.41497939
624000 5316.41497939
625000 5316.41497939
626000 5316.41497939
627000 5316.41497939
628000 3302.52166977
629000 3302.52166977
630000 3302.52166977
631000 3302.52166977
632000 3302.52166977
633000 3302.52166977
634000 3302.52166977
635000 8165.16129032
636000 8165.16129032
637000 8165.16129032
638000 5017.17420344
639000 1869.18711656
640000 1869.18711656
641000 1869.18711656
642000 1869.18711656
643000 1869.18711656
644000 1869.18711656
645000 1869.18711656
646000 1869.18711656
647000 1869.18711656
648000 1869.18711656
649000 5252.76369673
650000 5252.76369673
651000 5252.76369673
652000 5252.76369673
653000 7050.57705977
654000 7050.57705977
655000 7050.57705977
656000 8425.7965944
657000 9801.01612903
658000 9801.01612903
659000 4533.07603951
660000 4533.07603951
661000 4533.07603951
662000 4533.07603951
663000 1310.97822932
664000 1310.97822932
665000 1852.03374849
666000 1852.03374849
667000 1852.03374849
668000 1852.03374849
669000 1852.03374849
670000 1852.03374849
671000 1852.03374849
672000 1852.03374849
673000 1852.03374849
674000 1852.03374849
675000 2733.85909642
676000 2733.85909642
677000 2733.85909642
678000 2733.85909642
679000 2733.85909642
680000 6618.3891561
681000 6618.3891561
682000 6618.3891561
683000 6308.42568478
684000 6308.42568478
685000 6718.03117309
686000 6718.03117309
687000 6718.03117309
688000 6342.65207877
689000 6342.65207877
690000 6022.90742084
691000 6022.90742084
692000 6022.90742084
693000 6022.90742084
694000 10637.5746181
695000 10637.5746181
696000 10637.5746181
697000 8027.65578635
698000 8027.65578635
699000 8027.65578635
700000 9737.94422428
701000 11448.2326622
702000 16445.415091
703000 21442.5975197
704000 13671.6393571
705000 13671.6393571
706000 5900.68119451
707000 5900.68119451
708000 5900.68119451
709000 6787.96157302
710000 7675.24195154
711000 7675.24195154
712000 7675.24195154
713000 7265.13903255
714000 7265.13903255
715000 7265.13903255
716000 9264.67559363
717000 11264.2121547
718000 11264.2121547
719000 11264.2121547
