0 4130.47797063
1000 4130.47797063
2000 4130.47797063
3000 4130.47797063
4000 4130.47797063
5000 4130.47797063
6000 4130.47797063
7000 4130.47797063
8000 3059.43156002
9000 3059.43156002
10000 3059.43156002
11000 1988.38514941
12000 1988.38514941
13000 1988.38514941
14000 2814.77641065
15000 3641.16767189
16000 3662.16748856
17000 3683.16730524
18000 3505.43736691
19000 3327.70742857
20000 3352.20114285
21000 3376.69485714
22000 2657.38407779
23000 1938.07329843
24000 1938.07329843
25000 1938.07329843
26000 2693.22539098
27000 2693.22539098
28000 2525.39906824
29000 2357.57274549
30000 2357.57274549
31000 3595.57116899
32000 3595.57116899
33000 3451.69246919
34000 3307.8137694
35000 3307.8137694
36000 3307.8137694
37000 3307.8137694
38000 3307.8137694
39000 3307.8137694
40000 3307.8137694
41000 3307.8137694
42000 3307.8137694
43000 4085.54150798
44000 4863.26924655
45000 4863.26924655
46000 4863.26924655
47000 4863.26924655
48000 4863.26924655
49000 4863.26924655
50000 4863.26924655
51000 4179.74740859
52000 3496.22557064
53000 3496.22557064
54000 3496.22557064
55000 3496.22557064
56000 3496.22557064
57000 3496.22557064
58000 3669.75466211
59000 3843.28375359
60000 3843.28375359
61000 3843.28375359
62000 3843.28375359
63000 3843.28375359
64000 3843.28375359
65000 3843.28375359
66000 3843.28375359
67000 3843.28375359
68000 3843.28375359
69000 6853.38053097
70000 6853.38053097
71000 6853.38053097
72000 6853.38053097
73000 6853.38053097
74000 4501.46510443
75000 4501.46510443
76000 4501.46510443
77000 4501.46510443
78000 4501.46510443
79000 4501.46510443
80000 4501.46510443
81000 4501.46510443
82000 2371.2698908
83000 2371.2698908
84000 3951.67906067
85000 3951.67906067
86000 3951.67906067
87000 3951.67906067
88000 3951.67906067
89000 3951.67906067
90000 3951.67906067
91000 3951.67906067
92000 3951.67906067
93000 3951.67906067
94000 3951.67906067
95000 3951.67906067
96000 3866.9698201
97000 3782.26057953
98000 3782.26057953
99000 3782.26057953
100000 3782.26057953
101000 3782.26057953
102000 3782.26057953
103000 3782.26057953
104000 3782.26057953
105000 3782.26057953
106000 2631.02090618
107000 2631.02090618
108000 2631.02090618
109000 2631.02090618
110000 2631.02090618
111000 2631.02090618
112000 2631.02090618
113000 2631.02090618
114000 2631.02090618
115000 2631.02090618
116000 2631.02090618
117000 2631.02090618
118000 2631.02090618
119000 2631.02090618
120000 3203.53083968
121000 3203.53083968
122000 3203.53083968
123000 3203.53083968
124000 3203.53083968
125000 3203.53083968
126000 3203.53083968
127000 3203.53083968
128000 3203.53083968
129000 2991.3719739
130000 2779.21310812
131000 2779.21310812
132000 2779.21310812
133000 2779.21310812
134000 2779.21310812
135000 2779.21310812
136000 2779.21310812
137000 2779.21310812
138000 2779.21310812
139000 2779.21310812
140000 3053.46532826
141000 3053.46532826
142000 3053.46532826
143000 3053.46532826
144000 3053.46532826
145000 3053.46532826
146000 3053.46532826
147000 3053.46532826
148000 3053.46532826
149000 2712.72459962
150000 2371.98387097
151000 2371.98387097
152000 2371.98387097
153000 2371.98387097
154000 2371.98387097
155000 2371.98387097
156000 2296.78778304
157000 2296.78778304
158000 2296.78778304
159000 2296.78778304
160000 2296.78778304
161000 2296.78778304
162000 3195.64851126
163000 3195.64851126
164000 3195.64851126
165000 3788.66217595
166000 3788.66217595
167000 3788.66217595
168000 3788.66217595
169000 3788.66217595
170000 2477.36753507
171000 2477.36753507
172000 2477.36753507
173000 2477.36753507
174000 2477.36753507
175000 2477.36753507
176000 2477.36753507
177000 2477.36753507
178000 2477.36753507
179000 2477.36753507
180000 8540.12004802
181000 8540.12004802
182000 1977.58970923
183000 1977.58970923
184000 1977.58970923
185000 1977.58970923
186000 1977.58970923
187000 1977.58970923
188000 1977.58970923
189000 1580.26499661
190000 1182.94028399
191000 1182.94028399
192000 1182.94028399
193000 1182.94028399
194000 1182.94028399
195000 2656.70912731
196000 2656.70912731
197000 2656.70912731
198000 2656.70912731
199000 2656.70912731
200000 4130.47797063
201000 4130.47797063
202000 4130.47797063
203000 3059.43156002
204000 3059.43156002
205000 1988.38514941
206000 1988.38514941
207000 1988.38514941
208000 2814.77641065
209000 3641.16767189
210000 3641.16767189
211000 3683.16730524
212000 3683.16730524
213000 3327.70742857
214000 3327.70742857
215000 3376.69485714
216000 3376.69485714
217000 1938.07329843
218000 1938.07329843
219000 1938.07329843
220000 2693.22539098
221000 2693.22539098
222000 2693.22539098
223000 2357.57274549
224000 2357.57274549
225000 2976.57195724
226000 3595.57116899
227000 3451.69246919
228000 3307.8137694
229000 3307.8137694
230000 3307.8137694
231000 3307.8137694
232000 3307.8137694
233000 3307.8137694
234000 3307.8137694
235000 3307.8137694
236000 3307.8137694
237000 3307.8137694
238000 4863.26924655
239000 4863.26924655
240000 4863.26924655
241000 4863.26924655
242000 4863.26924655
243000 4863.26924655
244000 4863.26924655
245000 4863.26924655
246000 3496.22557064
247000 3496.22557064
248000 3496.22557064
249000 3496.22557064
250000 3496.22557064
251000 3496.22557064
252000 3496.22557064
253000 3843.28375359
254000 3843.28375359
255000 3843.28375359
256000 3843.28375359
257000 3843.28375359
258000 3843.28375359
259000 3843.28375359
260000 3843.28375359
261000 3843.28375359
262000 3843.28375359
263000 6853.38053097
264000 6853.38053097
265000 6853.38053097
266000 6853.38053097
267000 6853.38053097
268000 5677.4228177
269000 4501.46510443
270000 4501.46510443
271000 4501.46510443
272000 4501.46510443
273000 4501.46510443
274000 4501.46510443
275000 4501.46510443
276000 3436.36749762
277000 2371.2698908
278000 3951.67906067
279000 3951.67906067
280000 3951.67906067
281000 3951.67906067
282000 3951.67906067
283000 3951.67906067
284000 3951.67906067
285000 3951.67906067
286000 3951.67906067
287000 3951.67906067
288000 3951.67906067
289000 3951.67906067
290000 3866.9698201
291000 3782.26057953
292000 3782.26057953
293000 3782.26057953
294000 3782.26057953
295000 3782.26057953
296000 3782.26057953
297000 3782.26057953
298000 3782.26057953
299000 3782.26057953
300000 3782.26057953
301000 2631.02090618
302000 2631.02090618
303000 2631.02090618
304000 2631.02090618
305000 2631.02090618
306000 2631.02090618
307000 2631.02090618
308000 2631.02090618
309000 2631.02090618
310000 2631.02090618
311000 2631.02090618
312000 2631.02090618
313000 2631.02090618
314000 2917.27587293
315000 3203.53083968
316000 3203.53083968
317000 3203.53083968
318000 3203.53083968
319000 3203.53083968
320000 3203.53083968
321000 3203.53083968
322000 3203.53083968
323000 3203.53083968
324000 2779.21310812
325000 2779.21310812
326000 2779.21310812
327000 2779.21310812
328000 2779.21310812
329000 2779.21310812
330000 2779.21310812
331000 2779.21310812
332000 2779.21310812
333000 2779.21310812
334000 2916.33921819
335000 3053.46532826
336000 3053.46532826
337000 3053.46532826
338000 3053.46532826
339000 3053.46532826
340000 3053.46532826
341000 3053.46532826
342000 3053.46532826
343000 2712.72459962
344000 2371.98387097
345000 2371.98387097
346000 2371.98387097
347000 2371.98387097
348000 2371.98387097
349000 2371.98387097
350000 2296.78778304
351000 2296.78778304
352000 2296.78778304
353000 2296.78778304
354000 2296.78778304
355000 2296.78778304
356000 3195.64851126
357000 3195.64851126
358000 3195.64851126
359000 3788.66217595
360000 3788.66217595
361000 3788.66217595
362000 3788.66217595
363000 3788.66217595
364000 2477.36753507
365000 2477.36753507
366000 2477.36753507
367000 2477.36753507
368000 2477.36753507
369000 2477.36753507
370000 2477.36753507
371000 2477.36753507
372000 2477.36753507
373000 2477.36753507
374000 8540.12004802
375000 8540.12004802
376000 1977.58970923
377000 1977.58970923
378000 1977.58970923
379000 1977.58970923
380000 1977.58970923
381000 1977.58970923
382000 1977.58970923
383000 1977.58970923
384000 1182.94028399
385000 1182.94028399
386000 1182.94028399
387000 1182.94028399
388000 1182.94028399
