0 1866.57617533
1000 1866.57617533
2000 1866.57617533
3000 1866.57617533
4000 1866.57617533
5000 1926.28941685
6000 1926.28941685
7000 1527.46856888
8000 1527.46856888
9000 1671.60995025
10000 1671.60995025
11000 1745.8147071
12000 1745.8147071
13000 1745.8147071
14000 1984.27494033
15000 1984.27494033
16000 2096.86191303
17000 2209.44888574
18000 2209.44888574
19000 1853.32469826
20000 1853.32469826
21000 1853.32469826
22000 1853.32469826
23000 1994.55700935
24000 1994.55700935
25000 1994.55700935
26000 2108.55382935
27000 2222.55064935
28000 2222.55064935
29000 2222.55064935
30000 2222.55064935
31000 2222.55064935
32000 2222.55064935
33000 2475.27914217
34000 2475.27914217
35000 2475.27914217
36000 2809.99136691
37000 2809.99136691
38000 2809.99136691
39000 2777.35700197
40000 2777.35700197
41000 4029.0
42000 4123.3026208
43000 4217.60524161
44000 3948.32027257
45000 3948.32027257
46000 4614.9273743
47000 5363.23298969
48000 5118.70912951
49000 4784.62445794
50000 4784.62445794
51000 4517.67975831
52000 4053.82173382
53000 4053.82173382
54000 2926.58141517
55000 2926.58141517
56000 3177.74446337
57000 3177.74446337
58000 3177.74446337
59000 3037.13767519
60000 3037.13767519
61000 1816.20351665
62000 1816.20351665
63000 1816.20351665
64000 1597.12842499
65000 1378.05333333
66000 1378.05333333
67000 1378.05333333
68000 1378.05333333
69000 1378.05333333
70000 1378.05333333
71000 1378.05333333
72000 1378.05333333
73000 1378.05333333
74000 1274.53458034
75000 1274.53458034
76000 1171.01582734
77000 1171.01582734
78000 1171.01582734
79000 1171.01582734
80000 1171.01582734
81000 1171.01582734
82000 1171.01582734
83000 1171.01582734
84000 1257.53205584
85000 1344.04828434
86000 1344.04828434
87000 1344.04828434
88000 1344.04828434
89000 1344.04828434
90000 1344.04828434
91000 1344.04828434
92000 1344.04828434
93000 1344.04828434
94000 3389.84888889
95000 3389.84888889
96000 1573.81742739
97000 1573.81742739
98000 1573.81742739
99000 1573.81742739
100000 1593.97714542
101000 1593.97714542
102000 1593.97714542
103000 1593.97714542
104000 1593.97714542
105000 1586.9584636
106000 1586.9584636
107000 1586.9584636
108000 1586.9584636
109000 1734.61717056
110000 1734.61717056
111000 1734.61717056
112000 1734.61717056
113000 1734.61717056
114000 1734.61717056
115000 1734.61717056
116000 1734.61717056
117000 2147.49961627
118000 2147.49961627
119000 2147.49961627
120000 1959.77388193
121000 1959.77388193
122000 1959.77388193
123000 1537.12007418
124000 1537.12007418
125000 1537.12007418
126000 1537.12007418
127000 1556.61538462
128000 1556.61538462
129000 1711.59577997
130000 1711.59577997
131000 1866.57617533
132000 1866.57617533
133000 1866.57617533
134000 1926.28941685
135000 1926.28941685
136000 1527.46856888
137000 1527.46856888
138000 1671.60995025
139000 1671.60995025
140000 1745.8147071
141000 1745.8147071
142000 1984.27494033
143000 1984.27494033
144000 1984.27494033
145000 2209.44888574
146000 2209.44888574
147000 2209.44888574
148000 1853.32469826
149000 1853.32469826
150000 1853.32469826
151000 1923.94085381
152000 1994.55700935
153000 1994.55700935
154000 1994.55700935
155000 2222.55064935
156000 2222.55064935
157000 2222.55064935
158000 2222.55064935
159000 2222.55064935
160000 2222.55064935
161000 2222.55064935
162000 2475.27914217
163000 2475.27914217
164000 2475.27914217
165000 2809.99136691
166000 2809.99136691
167000 2793.67418444
168000 2777.35700197
169000 2777.35700197
170000 4029.0
171000 4217.60524161
172000 4082.96275709
173000 3948.32027257
174000 4614.9273743
175000 4614.9273743
176000 5363.23298969
177000 5118.70912951
178000 4784.62445794
179000 4517.67975831
180000 4517.67975831
181000 4053.82173382
182000 4053.82173382
183000 2926.58141517
184000 2926.58141517
185000 3177.74446337
186000 3177.74446337
187000 3107.44106928
188000 3037.13767519
189000 3037.13767519
190000 1816.20351665
191000 1816.20351665
192000 1816.20351665
193000 1378.05333333
194000 1378.05333333
195000 1378.05333333
196000 1378.05333333
197000 1378.05333333
198000 1378.05333333
199000 1378.05333333
200000 1378.05333333
201000 1378.05333333
202000 1378.05333333
203000 1274.53458034
204000 1274.53458034
205000 1171.01582734
206000 1171.01582734
207000 1171.01582734
208000 1171.01582734
209000 1171.01582734
210000 1171.01582734
211000 1171.01582734
212000 1171.01582734
213000 1257.53205584
214000 1344.04828434
215000 1344.04828434
216000 1344.04828434
217000 1344.04828434
218000 1344.04828434
219000 1344.04828434
220000 1344.04828434
221000 1344.04828434
222000 1344.04828434
223000 3389.84888889
224000 3389.84888889
225000 1573.81742739
226000 1573.81742739
227000 1573.81742739
228000 1573.81742739
229000 1593.97714542
230000 1593.97714542
231000 1593.97714542
232000 1593.97714542
233000 1586.9584636
234000 1586.9584636
235000 1586.9584636
236000 1586.9584636
237000 1586.9584636
238000 1734.61717056
239000 1734.61717056
240000 1734.61717056
241000 1734.61717056
242000 1734.61717056
243000 1734.61717056
244000 1734.61717056
245000 1734.61717056
246000 2147.49961627
247000 2147.49961627
248000 2147.49961627
249000 1959.77388193
250000 1959.77388193
251000 1959.77388193
252000 1537.12007418
253000 1537.12007418
254000 1537.12007418
255000 1537.12007418
256000 1556.61538462
257000 1556.61538462
