0 931.229450968
1000 931.229450968
2000 931.229450968
3000 931.229450968
4000 931.229450968
5000 931.229450968
6000 931.229450968
7000 931.229450968
8000 976.731073054
9000 1022.23269514
10000 1022.23269514
11000 1240.46887337
12000 1240.46887337
13000 1240.46887337
14000 1240.46887337
15000 1059.08043956
16000 1059.08043956
17000 1028.59178082
18000 1028.59178082
19000 1028.59178082
20000 1569.34738741
21000 2110.10299401
22000 1432.79561043
23000 1432.79561043
24000 1432.79561043
25000 1141.10150434
26000 849.407398243
27000 849.407398243
28000 849.407398243
29000 849.407398243
30000 849.407398243
31000 849.407398243
32000 849.407398243
33000 849.407398243
34000 1224.08730996
35000 1598.76722168
36000 1598.76722168
37000 1598.76722168
38000 1544.68196721
39000 1544.68196721
40000 1361.27872048
41000 1177.87547374
42000 1177.87547374
43000 1177.87547374
44000 968.088271397
45000 758.301069055
46000 758.301069055
47000 758.301069055
48000 758.301069055
49000 758.301069055
50000 758.301069055
51000 1096.37335735
52000 1434.44564565
53000 1434.44564565
54000 1434.44564565
55000 1589.34119381
56000 1589.34119381
57000 1589.34119381
58000 1729.37311431
59000 1729.37311431
60000 1729.37311431
61000 1642.10928443
62000 1554.84545455
63000 1554.84545455
64000 1554.84545455
65000 1759.28374913
66000 1759.28374913
67000 1759.28374913
68000 1759.28374913
69000 1759.28374913
70000 1915.01214575
71000 1915.01214575
72000 1915.01214575
73000 1915.01214575
74000 1396.66971638
75000 1396.66971638
76000 1396.66971638
77000 1396.66971638
78000 1398.17300848
79000 1399.67630058
80000 1399.67630058
81000 1399.67630058
82000 1399.67630058
83000 1399.67630058
84000 2381.72377985
85000 2381.72377985
86000 2500.498813
87000 2619.27384615
88000 2619.27384615
89000 1357.98774209
90000 1357.98774209
91000 1357.98774209
92000 1357.98774209
93000 1348.63538528
94000 1348.63538528
95000 1348.63538528
96000 1386.9250646
97000 1386.9250646
98000 1386.9250646
99000 1386.9250646
100000 1386.9250646
101000 1386.9250646
102000 1020.41983792
103000 653.914611243
104000 653.914611243
105000 653.914611243
106000 653.914611243
107000 653.914611243
108000 653.914611243
109000 653.914611243
110000 653.914611243
111000 1165.51736264
112000 1165.51736264
113000 1165.51736264
114000 1165.51736264
115000 1231.65901513
116000 1297.80066762
117000 1297.80066762
118000 1297.80066762
119000 1297.80066762
120000 1021.0387556
121000 1021.0387556
122000 1021.0387556
123000 1021.0387556
124000 1299.4765625
125000 1299.4765625
126000 1299.4765625
127000 1299.4765625
128000 1141.97092084
129000 1141.97092084
130000 1141.97092084
131000 1141.97092084
132000 1463.59915905
133000 1785.22739726
134000 1785.22739726
135000 2655.26006541
136000 3525.29273356
137000 1249.76607837
138000 1249.76607837
139000 1249.76607837
140000 1249.76607837
141000 892.05383642
142000 892.05383642
143000 892.05383642
144000 892.05383642
145000 892.05383642
146000 892.05383642
147000 892.05383642
148000 892.05383642
149000 892.05383642
150000 1005.84368399
151000 1005.84368399
152000 1005.84368399
153000 1005.84368399
154000 1005.84368399
155000 1086.63511053
156000 1086.63511053
157000 1086.63511053
158000 1086.63511053
159000 1525.72253896
160000 1525.72253896
161000 1525.72253896
162000 1194.26333558
163000 1194.26333558
164000 1194.26333558
165000 1194.26333558
166000 1563.74739813
167000 1933.23146067
168000 1933.23146067
169000 1069.88926863
170000 1069.88926863
171000 1542.4
172000 1542.4
173000 1542.4
174000 1542.4
175000 1618.310907
176000 1618.310907
177000 1618.310907
178000 1618.310907
179000 1618.310907
180000 1474.53636568
181000 1474.53636568
182000 1474.53636568
183000 1474.53636568
184000 1474.53636568
185000 1480.94570018
186000 1480.94570018
187000 1480.94570018
188000 1480.94570018
189000 2367.88723571
190000 2367.88723571
191000 2143.84950021
192000 1425.52060784
193000 1425.52060784
194000 1425.52060784
195000 1425.52060784
196000 931.229450968
197000 931.229450968
198000 931.229450968
199000 976.731073054
200000 1022.23269514
201000 1022.23269514
202000 1022.23269514
203000 1240.46887337
204000 1240.46887337
205000 1240.46887337
206000 1059.08043956
207000 1059.08043956
208000 1043.83611019
209000 1028.59178082
210000 1028.59178082
211000 1569.34738741
212000 2110.10299401
213000 1771.44930222
214000 1432.79561043
215000 1432.79561043
216000 1432.79561043
217000 849.407398243
218000 849.407398243
219000 849.407398243
220000 849.407398243
221000 849.407398243
222000 849.407398243
223000 849.407398243
224000 849.407398243
225000 1224.08730996
226000 1598.76722168
227000 1598.76722168
228000 1598.76722168
229000 1544.68196721
230000 1544.68196721
231000 1544.68196721
232000 1177.87547374
233000 1177.87547374
234000 1177.87547374
235000 968.088271397
236000 758.301069055
237000 758.301069055
238000 758.301069055
239000 758.301069055
240000 758.301069055
241000 758.301069055
242000 758.301069055
243000 1434.44564565
244000 1434.44564565
245000 1434.44564565
246000 1589.34119381
247000 1589.34119381
248000 1589.34119381
249000 1729.37311431
250000 1729.37311431
251000 1729.37311431
252000 1642.10928443
253000 1554.84545455
254000 1554.84545455
255000 1554.84545455
256000 1657.06460184
257000 1759.28374913
258000 1759.28374913
259000 1759.28374913
260000 1759.28374913
261000 1915.01214575
262000 1915.01214575
263000 1915.01214575
264000 1915.01214575
265000 1396.66971638
266000 1396.66971638
267000 1396.66971638
268000 1396.66971638
269000 1396.66971638
270000 1399.67630058
271000 1399.67630058
272000 1399.67630058
273000 1399.67630058
274000 1399.67630058
275000 1890.70004022
276000 2381.72377985
277000 2381.72377985
278000 2619.27384615
279000 2619.27384615
280000 1357.98774209
281000 1357.98774209
282000 1357.98774209
283000 1357.98774209
284000 1348.63538528
285000 1348.63538528
286000 1348.63538528
287000 1386.9250646
288000 1386.9250646
289000 1386.9250646
290000 1386.9250646
291000 1386.9250646
292000 1386.9250646
293000 1020.41983792
294000 653.914611243
295000 653.914611243
296000 653.914611243
297000 653.914611243
298000 653.914611243
299000 653.914611243
300000 653.914611243
301000 653.914611243
302000 1165.51736264
303000 1165.51736264
304000 1165.51736264
305000 1165.51736264
306000 1165.51736264
307000 1297.80066762
308000 1297.80066762
309000 1297.80066762
310000 1297.80066762
311000 1021.0387556
312000 1021.0387556
313000 1021.0387556
314000 1021.0387556
315000 1299.4765625
316000 1299.4765625
317000 1299.4765625
318000 1299.4765625
319000 1220.72374167
320000 1141.97092084
321000 1141.97092084
322000 1141.97092084
323000 1463.59915905
324000 1785.22739726
325000 1785.22739726
326000 1785.22739726
327000 3525.29273356
328000 2387.52940597
329000 1249.76607837
330000 1249.76607837
331000 1249.76607837
332000 892.05383642
333000 892.05383642
334000 892.05383642
335000 892.05383642
336000 892.05383642
337000 892.05383642
338000 892.05383642
339000 892.05383642
340000 892.05383642
341000 1005.84368399
342000 1005.84368399
343000 1005.84368399
344000 1005.84368399
345000 1005.84368399
346000 1086.63511053
347000 1086.63511053
348000 1086.63511053
349000 1086.63511053
350000 1525.72253896
351000 1525.72253896
352000 1525.72253896
353000 1194.26333558
354000 1194.26333558
355000 1194.26333558
356000 1194.26333558
357000 1194.26333558
358000 1933.23146067
359000 1933.23146067
360000 1501.56036465
361000 1069.88926863
362000 1542.4
363000 1542.4
364000 1542.4
365000 1542.4
366000 1580.3554535
367000 1618.310907
368000 1618.310907
369000 1618.310907
370000 1618.310907
371000 1474.53636568
372000 1474.53636568
373000 1474.53636568
374000 1474.53636568
375000 1474.53636568
376000 1480.94570018
377000 1480.94570018
378000 1480.94570018
379000 1480.94570018
380000 2367.88723571
381000 2367.88723571
382000 2367.88723571
