0 2871.59481743
1000 2871.59481743
2000 2871.59481743
3000 3002.11843575
4000 3327.94593116
5000 3653.77342657
6000 4047.43111111
7000 3834.60110469
8000 3621.77109827
9000 3460.75555556
10000 3460.75555556
11000 3319.17777778
12000 3177.6
13000 3177.6
14000 3177.6
15000 3177.6
16000 1116.39017544
17000 2232.78035088
18000 2232.78035088
19000 4075.75690608
20000 4075.75690608
21000 3878.23899371
22000 3878.23899371
23000 5970.07633588
24000 5010.10139375
25000 4050.12645161
26000 6617.6
27000 6489.07636364
28000 6489.07636364
29000 5114.68985507
30000 5114.68985507
31000 5247.01538462
32000 4436.61966427
33000 4436.61966427
34000 4436.61966427
35000 4436.61966427
36000 5234.02248722
37000 5234.02248722
38000 5234.02248722
39000 5234.02248722
40000 5234.02248722
41000 5234.02248722
42000 3626.27478261
43000 3626.27478261
44000 3626.27478261
45000 3626.27478261
46000 3626.27478261
47000 6739.94920635
48000 6739.94920635
49000 5052.85686591
50000 5052.85686591
51000 5052.85686591
52000 5052.85686591
53000 5052.85686591
54000 5052.85686591
55000 5052.85686591
56000 4453.33675762
57000 4453.33675762
58000 4453.33675762
59000 4453.33675762
60000 4453.33675762
61000 4453.33675762
62000 4862.28823529
63000 4862.28823529
64000 4862.28823529
65000 4862.28823529
66000 4862.28823529
67000 3843.0598344
68000 2823.83143351
69000 2823.83143351
70000 2823.83143351
71000 2823.83143351
72000 2823.83143351
73000 2895.27784679
74000 2895.27784679
75000 2895.27784679
76000 2895.27784679
77000 2895.27784679
78000 4255.65604607
79000 4255.65604607
80000 4255.65604607
81000 4255.65604607
82000 4255.65604607
83000 4255.65604607
84000 3186.19544304
85000 3186.19544304
86000 3186.19544304
87000 3186.19544304
88000 3186.19544304
89000 3186.19544304
90000 3186.19544304
91000 3186.19544304
92000 2879.42982983
93000 2879.42982983
94000 2879.42982983
95000 2879.42982983
96000 2879.42982983
97000 2879.42982983
98000 2879.42982983
99000 2879.42982983
100000 2879.42982983
101000 2879.42982983
102000 2750.16644295
103000 2750.16644295
104000 2750.16644295
105000 2626.97298772
106000 2626.97298772
107000 2626.97298772
108000 2626.97298772
109000 2626.97298772
110000 2626.97298772
111000 2626.97298772
112000 2595.80353635
113000 2595.80353635
114000 2595.80353635
115000 2595.80353635
116000 2595.80353635
117000 2702.073698
118000 2808.34385965
119000 2808.34385965
120000 4223.76605744
121000 4223.76605744
122000 4223.76605744
123000 4223.76605744
124000 2350.61272431
125000 2350.61272431
126000 2350.61272431
127000 2350.61272431
128000 2350.61272431
129000 2350.61272431
130000 1583.92420185
131000 1583.92420185
132000 1583.92420185
133000 1583.92420185
134000 1583.92420185
135000 1583.92420185
136000 1583.92420185
137000 1583.92420185
138000 1583.92420185
139000 1583.92420185
140000 658.193814433
141000 658.193814433
142000 658.193814433
143000 658.193814433
144000 658.193814433
145000 658.193814433
146000 4078.92048193
147000 2845.01145374
148000 2845.01145374
149000 2559.53333333
150000 2335.69700997
151000 2335.69700997
152000 2335.69700997
153000 2335.69700997
154000 2335.69700997
155000 2335.69700997
156000 1404.30825688
157000 1404.30825688
158000 1404.30825688
159000 1404.30825688
160000 1404.30825688
161000 967.494071146
162000 967.494071146
163000 967.494071146
164000 967.494071146
165000 967.494071146
166000 1409.46285714
167000 1409.46285714
168000 1409.46285714
169000 1898.85155241
170000 2388.24024768
171000 2388.24024768
172000 2388.24024768
173000 1773.85645933
174000 1773.85645933
175000 1773.85645933
176000 1773.85645933
177000 2597.39238754
178000 2597.39238754
179000 2597.39238754
180000 2556.8
181000 2556.8
182000 2556.8
183000 2556.8
184000 2556.8
185000 2764.80935673
186000 2764.80935673
187000 2764.80935673
188000 2764.80935673
189000 3390.3037594
190000 4869.9084058
191000 4869.9084058
192000 4869.9084058
193000 4869.9084058
194000 3771.95725191
195000 3262.92201592
196000 3262.92201592
197000 3262.92201592
198000 3262.92201592
199000 3262.92201592
200000 3262.92201592
201000 3262.92201592
202000 3262.92201592
203000 2404.87050847
204000 2404.87050847
205000 2404.87050847
206000 2404.87050847
207000 2404.87050847
208000 2404.87050847
209000 1958.94237288
210000 2415.26859516
211000 2871.59481743
212000 3002.11843575
213000 3002.11843575
214000 3653.77342657
215000 3653.77342657
216000 4047.43111111
217000 3621.77109827
218000 3621.77109827
219000 3460.75555556
220000 3460.75555556
221000 3177.6
222000 3177.6
223000 3177.6
224000 3177.6
225000 3177.6
226000 2232.78035088
227000 2232.78035088
228000 2232.78035088
229000 4075.75690608
230000 4075.75690608
231000 3878.23899371
232000 3878.23899371
233000 5970.07633588
234000 4050.12645161
235000 4050.12645161
236000 6617.6
237000 6489.07636364
238000 6447.86285714
239000 5114.68985507
240000 5180.85261984
241000 4436.61966427
242000 4436.61966427
243000 4436.61966427
244000 4436.61966427
245000 4835.32107574
246000 5234.02248722
247000 5234.02248722
248000 5234.02248722
249000 5234.02248722
250000 5234.02248722
251000 5234.02248722
252000 3626.27478261
253000 3626.27478261
254000 3626.27478261
255000 3626.27478261
256000 6739.94920635
257000 6739.94920635
258000 6739.94920635
259000 5052.85686591
260000 5052.85686591
261000 5052.85686591
262000 5052.85686591
263000 5052.85686591
264000 5052.85686591
265000 4453.33675762
266000 4453.33675762
267000 4453.33675762
268000 4453.33675762
269000 4453.33675762
270000 4453.33675762
271000 4453.33675762
272000 4862.28823529
273000 4862.28823529
274000 4862.28823529
275000 4862.28823529
276000 4862.28823529
277000 2823.83143351
278000 2823.83143351
279000 2823.83143351
280000 2823.83143351
281000 2823.83143351
282000 2823.83143351
283000 2895.27784679
284000 2895.27784679
285000 2895.27784679
286000 2895.27784679
287000 2895.27784679
288000 4255.65604607
289000 4255.65604607
290000 4255.65604607
291000 4255.65604607
292000 4255.65604607
293000 3186.19544304
294000 3186.19544304
295000 3186.19544304
296000 3186.19544304
297000 3186.19544304
298000 3186.19544304
299000 3186.19544304
300000 3186.19544304
301000 2879.42982983
302000 2879.42982983
303000 2879.42982983
304000 2879.42982983
305000 2879.42982983
306000 2879.42982983
307000 2879.42982983
308000 2879.42982983
309000 2879.42982983
310000 2879.42982983
311000 2750.16644295
312000 2750.16644295
313000 2750.16644295
314000 2688.56971534
315000 2626.97298772
316000 2626.97298772
317000 2626.97298772
318000 2626.97298772
319000 2626.97298772
320000 2626.97298772
321000 2626.97298772
322000 2595.80353635
323000 2595.80353635
324000 2595.80353635
325000 2595.80353635
326000 2595.80353635
327000 2808.34385965
328000 2808.34385965
329000 2808.34385965
330000 4223.76605744
331000 4223.76605744
332000 4223.76605744
333000 2350.61272431
334000 2350.61272431
335000 2350.61272431
336000 2350.61272431
337000 2350.61272431
338000 2350.61272431
339000 2350.61272431
340000 1583.92420185
341000 1583.92420185
342000 1583.92420185
343000 1583.92420185
344000 1583.92420185
345000 1583.92420185
346000 1583.92420185
347000 1583.92420185
348000 1583.92420185
349000 658.193814433
350000 658.193814433
351000 658.193814433
352000 658.193814433
353000 658.193814433
354000 658.193814433
355000 4078.92048193
356000 2845.01145374
357000 2845.01145374
358000 2845.01145374
359000 2559.53333333
360000 2335.69700997
361000 2335.69700997
362000 2335.69700997
363000 2335.69700997
364000 2335.69700997
365000 2335.69700997
366000 1404.30825688
367000 1404.30825688
368000 1404.30825688
369000 1404.30825688
370000 967.494071146
371000 967.494071146
372000 967.494071146
373000 967.494071146
374000 967.494071146
375000 1188.47846414
376000 1409.46285714
377000 1409.46285714
378000 1409.46285714
379000 2388.24024768
380000 2388.24024768
381000 2388.24024768
382000 1773.85645933
383000 1773.85645933
384000 1773.85645933
385000 1773.85645933
386000 1773.85645933
387000 2597.39238754
388000 2597.39238754
389000 2597.39238754
390000 2556.8
391000 2556.8
392000 2556.8
393000 2556.8
394000 2556.8
395000 2764.80935673
396000 2764.80935673
397000 2764.80935673
398000 3390.3037594
399000 3390.3037594
400000 4869.9084058
401000 4869.9084058
402000 4869.9084058
403000 4320.93282886
404000 3771.95725191
405000 3262.92201592
406000 3262.92201592
407000 3262.92201592
408000 3262.92201592
409000 3262.92201592
410000 3262.92201592
411000 3262.92201592
412000 2833.89626219
413000 2404.87050847
414000 2404.87050847
415000 2404.87050847
416000 2404.87050847
417000 2404.87050847
418000 2181.90644067
419000 1958.94237288
