0 4703.68627451
1000 4703.68627451
2000 4703.68627451
3000 5132.98954704
4000 4863.40186916
5000 4863.40186916
6000 4863.40186916
7000 2621.13782991
8000 7187.3458445
9000 7187.3458445
10000 8718.14067278
11000 4693.49535865
12000 4693.49535865
13000 3842.74991834
14000 2992.00447803
15000 2992.00447803
16000 2992.00447803
17000 2742.01689021
18000 2742.01689021
19000 2742.01689021
20000 2742.01689021
21000 3092.03001072
22000 3092.03001072
23000 2499.9402503
24000 2499.9402503
25000 2499.9402503
26000 2499.9402503
27000 2499.9402503
28000 2499.9402503
29000 2499.9402503
30000 2499.9402503
31000 2499.9402503
32000 2499.9402503
33000 2329.44772659
34000 2329.44772659
35000 2329.44772659
36000 2329.44772659
37000 2329.44772659
38000 2329.44772659
39000 2329.44772659
40000 2329.44772659
41000 2329.44772659
42000 2329.44772659
43000 3231.63993733
44000 3231.63993733
45000 3231.63993733
46000 3231.63993733
47000 3231.63993733
48000 3231.63993733
49000 3231.63993733
50000 2913.72024237
51000 2595.80054742
52000 2595.80054742
53000 2595.80054742
54000 2595.80054742
55000 2595.80054742
56000 2595.80054742
57000 2595.80054742
58000 2595.80054742
59000 1335.65264342
60000 1335.65264342
61000 1335.65264342
62000 1335.65264342
63000 1335.65264342
64000 1093.84384384
65000 1093.84384384
66000 1093.84384384
67000 1093.84384384
68000 1093.84384384
69000 1093.84384384
70000 1093.84384384
71000 1093.84384384
72000 1093.84384384
73000 1093.84384384
74000 2345.81251708
75000 2345.81251708
76000 2345.81251708
77000 2345.81251708
78000 2996.29985856
79000 2996.29985856
80000 2996.29985856
81000 1829.53704863
82000 1829.53704863
83000 1829.53704863
84000 1829.53704863
85000 1829.53704863
86000 2156.74638795
87000 2156.74638795
88000 2156.74638795
89000 4846.29448649
90000 4846.29448649
91000 4846.29448649
92000 4846.29448649
93000 4846.29448649
94000 5346.10343378
95000 5346.10343378
96000 5346.10343378
97000 5346.10343378
98000 5346.10343378
99000 5346.10343378
100000 5346.10343378
101000 5261.89227211
102000 5177.68111044
103000 5177.68111044
104000 5177.68111044
105000 5177.68111044
106000 5177.68111044
107000 5177.68111044
108000 5177.68111044
109000 5177.68111044
110000 6093.53719252
111000 6093.53719252
112000 6093.53719252
113000 6093.53719252
114000 6093.53719252
115000 6093.53719252
116000 6093.53719252
117000 8280.33557922
118000 8280.33557922
119000 8280.33557922
120000 8280.33557922
121000 8127.23318566
122000 8127.23318566
123000 8127.23318566
124000 8127.23318566
125000 8127.23318566
126000 6650.17852636
127000 5173.12386707
128000 5173.12386707
129000 5173.12386707
130000 5173.12386707
131000 5173.12386707
132000 5173.12386707
133000 5173.12386707
134000 5111.4647613
135000 5049.80565553
136000 5049.80565553
137000 5049.80565553
138000 5049.80565553
139000 5049.80565553
140000 5049.80565553
141000 5049.80565553
142000 4621.72796318
143000 4621.72796318
144000 4621.72796318
145000 4621.72796318
146000 4621.72796318
147000 4621.72796318
148000 4621.72796318
149000 4621.72796318
150000 4621.72796318
151000 4607.06415094
152000 4607.06415094
153000 4655.37521272
154000 4703.68627451
155000 5132.98954704
156000 5132.98954704
157000 4863.40186916
158000 4863.40186916
159000 4863.40186916
160000 2621.13782991
161000 7187.3458445
162000 8718.14067278
163000 8718.14067278
164000 4693.49535865
165000 4693.49535865
166000 2992.00447803
167000 2992.00447803
168000 2992.00447803
169000 2992.00447803
170000 2742.01689021
171000 2742.01689021
172000 2742.01689021
173000 2742.01689021
174000 3092.03001072
175000 3092.03001072
176000 2499.9402503
177000 2499.9402503
178000 2499.9402503
179000 2499.9402503
180000 2499.9402503
181000 2499.9402503
182000 2499.9402503
183000 2499.9402503
184000 2499.9402503
185000 2499.9402503
186000 2329.44772659
187000 2329.44772659
188000 2329.44772659
189000 2329.44772659
190000 2329.44772659
191000 2329.44772659
192000 2329.44772659
193000 2329.44772659
194000 2329.44772659
195000 2329.44772659
196000 3231.63993733
197000 3231.63993733
198000 3231.63993733
199000 3231.63993733
200000 3231.63993733
201000 3231.63993733
202000 3231.63993733
203000 2595.80054742
204000 2595.80054742
205000 2595.80054742
206000 2595.80054742
207000 2595.80054742
208000 2595.80054742
209000 2595.80054742
210000 2595.80054742
211000 2595.80054742
212000 1335.65264342
213000 1335.65264342
214000 1335.65264342
215000 1335.65264342
216000 1093.84384384
217000 1093.84384384
218000 1093.84384384
219000 1093.84384384
220000 1093.84384384
221000 1093.84384384
222000 1093.84384384
223000 1093.84384384
224000 1093.84384384
225000 1093.84384384
226000 1093.84384384
227000 2345.81251708
228000 2345.81251708
229000 2345.81251708
230000 2345.81251708
231000 2996.29985856
232000 2996.29985856
233000 2996.29985856
234000 1829.53704863
235000 1829.53704863
236000 1829.53704863
237000 1829.53704863
238000 1993.14171829
239000 2156.74638795
240000 2156.74638795
241000 2156.74638795
242000 4846.29448649
243000 4846.29448649
244000 4846.29448649
245000 4846.29448649
246000 4846.29448649
247000 5346.10343378
248000 5346.10343378
249000 5346.10343378
250000 5346.10343378
251000 5346.10343378
252000 5346.10343378
253000 5346.10343378
254000 5177.68111044
255000 5177.68111044
256000 5177.68111044
257000 5177.68111044
258000 5177.68111044
259000 5177.68111044
260000 5177.68111044
261000 5177.68111044
262000 5177.68111044
263000 6093.53719252
264000 6093.53719252
265000 6093.53719252
266000 6093.53719252
267000 6093.53719252
268000 6093.53719252
269000 7186.93638587
270000 8280.33557922
271000 8280.33557922
272000 8280.33557922
273000 8280.33557922
274000 8127.23318566
275000 8127.23318566
276000 8127.23318566
277000 8127.23318566
278000 8127.23318566
279000 5173.12386707
280000 5173.12386707
281000 5173.12386707
282000 5173.12386707
283000 5173.12386707
284000 5173.12386707
285000 5173.12386707
286000 5173.12386707
287000 5049.80565553
288000 5049.80565553
289000 5049.80565553
290000 5049.80565553
291000 5049.80565553
292000 5049.80565553
293000 5049.80565553
294000 5049.80565553
295000 4621.72796318
296000 4621.72796318
297000 4621.72796318
298000 4621.72796318
299000 4621.72796318
300000 4621.72796318
301000 4621.72796318
302000 4621.72796318
303000 4621.72796318
304000 4607.06415094
305000 4607.06415094
