0 7160.02622951
1000 5517.23760684
2000 7137.84474886
3000 10119.9972872
4000 10119.9972872
5000 10119.9972872
6000 6205.18716848
7000 6205.18716848
8000 6205.18716848
9000 6205.18716848
10000 4784.92757347
11000 4784.92757347
12000 4784.92757347
13000 4784.92757347
14000 4784.92757347
15000 4784.92757347
16000 4784.92757347
17000 5888.01043365
18000 5888.01043365
19000 5888.01043365
20000 872.114677973
21000 872.114677973
22000 872.114677973
23000 872.114677973
24000 872.114677973
25000 3029.82568558
26000 5187.53669319
27000 1680.5323475
28000 1680.5323475
29000 3098.92191436
30000 4489.35508156
31000 4173.6966581
32000 7833.87826087
33000 7341.05844746
34000 5115.52468007
35000 5115.52468007
36000 4009.52337514
37000 4870.85261071
38000 4870.85261071
39000 6395.61222707
40000 9165.16584333
41000 9165.16584333
42000 9165.16584333
43000 10639.6450202
44000 12114.124197
45000 9740.30470205
46000 7366.4852071
47000 7366.4852071
48000 7366.4852071
49000 7366.4852071
50000 5643.95789474
51000 5643.95789474
52000 5643.95789474
53000 5643.95789474
54000 3798.70775483
55000 3798.70775483
56000 3798.70775483
57000 3798.70775483
58000 3798.70775483
59000 3798.70775483
60000 4023.4130801
61000 4023.4130801
62000 4023.4130801
63000 4023.4130801
64000 4023.4130801
65000 4023.4130801
66000 7130.88239305
67000 10238.351706
68000 10238.351706
69000 10238.351706
70000 11183.7231834
71000 11183.7231834
72000 4982.78298992
73000 4982.78298992
74000 4982.78298992
75000 4982.78298992
76000 4982.78298992
77000 11663.9206939
78000 11663.9206939
79000 6405.65617433
80000 6405.65617433
81000 6405.65617433
82000 7977.39176627
83000 7977.39176627
84000 7977.39176627
85000 10683.3184165
86000 10683.3184165
87000 7740.57696031
88000 7740.57696031
89000 7740.57696031
90000 7740.57696031
91000 7842.55359644
92000 7944.53023256
93000 7944.53023256
94000 7944.53023256
95000 4991.85176607
96000 4991.85176607
97000 4991.85176607
98000 4991.85176607
99000 4991.85176607
100000 5488.75178637
101000 5985.65180666
102000 5985.65180666
103000 5985.65180666
104000 5985.65180666
105000 8060.46942493
106000 8060.46942493
107000 8060.46942493
108000 8060.46942493
109000 9879.09450878
110000 9879.09450878
111000 9879.09450878
112000 13177.722293
113000 13177.722293
114000 13074.7653259
115000 12971.8083588
116000 12971.8083588
117000 10358.6017271
118000 7745.39509537
119000 7745.39509537
120000 9323.6900369
121000 9323.6900369
122000 9323.6900369
123000 9323.6900369
124000 7937.08370607
125000 7937.08370607
126000 7937.08370607
127000 9376.11615245
128000 9376.11615245
129000 9376.11615245
130000 6465.40141957
131000 3554.68668669
132000 3554.68668669
133000 3554.68668669
134000 3554.68668669
135000 3554.68668669
136000 3554.68668669
137000 3554.68668669
138000 3554.68668669
139000 4940.1359045
140000 4940.1359045
141000 4940.1359045
142000 4940.1359045
143000 1859.50155763
144000 1859.50155763
145000 1859.50155763
146000 1859.50155763
147000 1859.50155763
148000 1859.50155763
149000 1859.50155763
150000 1859.50155763
151000 1859.50155763
152000 1859.50155763
153000 1859.50155763
154000 1859.50155763
155000 1859.50155763
156000 3130.49585864
157000 3130.49585864
158000 3130.49585864
159000 3130.49585864
160000 3130.49585864
161000 3130.49585864
162000 3130.49585864
163000 3130.49585864
164000 3395.10351259
165000 3395.10351259
166000 3395.10351259
167000 3395.10351259
168000 3395.10351259
169000 3395.10351259
170000 4064.04245439
171000 4064.04245439
172000 4064.04245439
173000 4064.04245439
174000 4064.04245439
175000 4064.04245439
176000 5369.36368235
177000 5369.36368235
178000 5369.36368235
179000 5369.36368235
180000 5369.36368235
181000 5369.36368235
182000 3229.25756187
183000 3229.25756187
184000 3229.25756187
185000 3229.25756187
186000 3229.25756187
187000 3229.25756187
188000 3229.25756187
189000 3229.25756187
190000 3229.25756187
191000 3104.53566478
192000 3104.53566478
193000 3104.53566478
194000 3104.53566478
195000 3104.53566478
196000 3104.53566478
197000 3104.53566478
198000 3104.53566478
199000 3104.53566478
200000 3104.53566478
201000 5929.78732023
202000 5929.78732023
203000 5929.78732023
204000 5929.78732023
205000 5929.78732023
206000 8911.90943396
207000 8911.90943396
208000 8911.90943396
209000 6876.87786076
210000 6876.87786076
211000 6876.87786076
212000 6876.87786076
213000 6140.19682511
214000 5403.51578947
215000 5403.51578947
216000 5403.51578947
217000 5403.51578947
218000 8135.55014493
219000 8135.55014493
220000 9145.12751678
221000 9145.12751678
222000 12979.0484145
223000 16812.9693122
224000 12688.4150454
225000 12688.4150454
226000 5760.62538071
227000 5760.62538071
228000 5760.62538071
229000 5760.62538071
230000 5017.04324947
231000 5017.04324947
232000 5017.04324947
233000 5017.04324947
234000 5017.04324947
235000 5017.04324947
236000 5017.04324947
237000 7123.73217307
238000 7123.73217307
239000 7123.73217307
240000 7123.73217307
241000 7775.39622642
242000 7775.39622642
243000 7775.39622642
244000 7775.39622642
245000 4738.23173245
246000 4738.23173245
247000 4738.23173245
248000 4738.23173245
249000 4738.23173245
250000 4738.23173245
251000 4651.72113991
252000 4651.72113991
253000 4651.72113991
254000 4651.72113991
255000 4651.72113991
256000 4651.72113991
257000 3421.37393686
258000 2191.02673382
259000 2191.02673382
260000 2191.02673382
261000 2191.02673382
262000 2191.02673382
263000 2191.02673382
264000 2191.02673382
265000 2191.02673382
266000 2191.02673382
267000 2191.02673382
268000 2191.02673382
269000 2191.02673382
270000 4189.95589183
271000 6188.88504983
272000 6188.88504983
273000 6188.88504983
274000 6188.88504983
275000 7436.95705521
276000 7436.95705521
277000 7436.95705521
278000 7436.95705521
279000 5175.04188097
280000 5175.04188097
281000 5175.04188097
282000 5175.04188097
283000 5175.04188097
284000 5175.04188097
285000 5474.50704225
286000 5474.50704225
287000 5474.50704225
288000 5474.50704225
289000 5474.50704225
290000 5474.50704225
291000 6320.05296844
292000 6320.05296844
293000 6320.05296844
294000 6320.05296844
295000 6947.28476821
296000 6947.28476821
297000 6947.28476821
298000 6947.28476821
299000 4819.54347826
300000 4819.54347826
301000 4819.54347826
302000 4819.54347826
303000 4819.54347826
304000 6082.91281002
305000 6082.91281002
306000 6082.91281002
307000 6082.91281002
308000 8584.14345992
309000 8584.14345992
310000 8584.14345992
311000 8584.14345992
312000 3753.16236779
313000 3753.16236779
314000 3753.16236779
315000 3753.16236779
316000 3753.16236779
317000 3753.16236779
318000 7891.07300636
319000 7891.07300636
320000 7891.07300636
321000 6889.77629382
322000 6889.77629382
323000 6889.77629382
324000 4144.06052963
325000 5652.04337957
326000 5517.23760684
327000 8628.92101803
328000 10119.9972872
329000 10119.9972872
330000 10119.9972872
331000 6205.18716848
332000 6205.18716848
333000 6205.18716848
334000 6205.18716848
335000 4784.92757347
336000 4784.92757347
337000 4784.92757347
338000 4784.92757347
339000 4784.92757347
340000 4784.92757347
341000 5336.46900356
342000 5888.01043365
343000 5888.01043365
344000 5888.01043365
345000 872.114677973
346000 872.114677973
347000 872.114677973
348000 872.114677973
349000 872.114677973
350000 5187.53669319
351000 3434.03452034
352000 1680.5323475
353000 1680.5323475
354000 3098.92191436
355000 4489.35508156
356000 4173.6966581
357000 7886.79959555
358000 6742.39596469
359000 5115.52468007
360000 4009.52337514
361000 4009.52337514
362000 4870.85261071
363000 4870.85261071
364000 6395.61222707
365000 9165.16584333
366000 9165.16584333
367000 9165.16584333
368000 12114.124197
369000 12114.124197
370000 9740.30470205
371000 7366.4852071
372000 7366.4852071
373000 7366.4852071
374000 7366.4852071
375000 5643.95789474
376000 5643.95789474
377000 5643.95789474
378000 4721.33282478
379000 3798.70775483
380000 3798.70775483
381000 3798.70775483
382000 3798.70775483
383000 3798.70775483
384000 3911.06041746
385000 4023.4130801
386000 4023.4130801
387000 4023.4130801
388000 4023.4130801
389000 4023.4130801
390000 4023.4130801
391000 10238.351706
392000 10238.351706
393000 10238.351706
394000 10711.0374447
395000 11183.7231834
396000 11183.7231834
397000 4982.78298992
398000 4982.78298992
399000 4982.78298992
400000 4982.78298992
401000 4982.78298992
402000 11663.9206939
403000 9034.78843412
404000 6405.65617433
405000 6405.65617433
406000 7977.39176627
407000 7977.39176627
408000 7977.39176627
409000 9330.35509138
410000 10683.3184165
411000 9211.94768841
412000 7740.57696031
413000 7740.57696031
414000 7740.57696031
415000 7740.57696031
416000 7944.53023256
417000 7944.53023256
418000 7944.53023256
419000 7944.53023256
420000 4991.85176607
421000 4991.85176607
422000 4991.85176607
423000 4991.85176607
424000 4991.85176607
425000 5985.65180666
426000 5985.65180666
427000 5985.65180666
428000 5985.65180666
429000 7023.0606158
430000 8060.46942493
431000 8060.46942493
432000 8060.46942493
433000 8969.78196686
434000 9879.09450878
435000 9879.09450878
436000 13177.722293
437000 13177.722293
438000 13177.722293
439000 13074.7653259
440000 12971.8083588
441000 10358.6017271
442000 7745.39509537
443000 7745.39509537
444000 7745.39509537
445000 9323.6900369
446000 9323.6900369
447000 9323.6900369
448000 7937.08370607
449000 7937.08370607
450000 7937.08370607
451000 7937.08370607
452000 9376.11615245
453000 9376.11615245
454000 9376.11615245
455000 3554.68668669
456000 3554.68668669
457000 3554.68668669
458000 3554.68668669
459000 3554.68668669
460000 3554.68668669
461000 3554.68668669
462000 3554.68668669
463000 4940.1359045
464000 4940.1359045
465000 4940.1359045
466000 4940.1359045
467000 4940.1359045
468000 1859.50155763
469000 1859.50155763
470000 1859.50155763
471000 1859.50155763
472000 1859.50155763
473000 1859.50155763
474000 1859.50155763
475000 1859.50155763
476000 1859.50155763
477000 1859.50155763
478000 1859.50155763
479000 1859.50155763
480000 1859.50155763
481000 3130.49585864
482000 3130.49585864
483000 3130.49585864
484000 3130.49585864
485000 3130.49585864
486000 3130.49585864
487000 3130.49585864
488000 3395.10351259
489000 3395.10351259
490000 3395.10351259
491000 3395.10351259
492000 3395.10351259
493000 3395.10351259
494000 3395.10351259
495000 4064.04245439
496000 4064.04245439
497000 4064.04245439
498000 4064.04245439
499000 4064.04245439
500000 4064.04245439
501000 5369.36368235
502000 5369.36368235
503000 5369.36368235
504000 5369.36368235
505000 5369.36368235
506000 5369.36368235
507000 3229.25756187
508000 3229.25756187
509000 3229.25756187
510000 3229.25756187
511000 3229.25756187
512000 3229.25756187
513000 3229.25756187
514000 3229.25756187
515000 3229.25756187
516000 3104.53566478
517000 3104.53566478
518000 3104.53566478
519000 3104.53566478
520000 3104.53566478
521000 3104.53566478
522000 3104.53566478
523000 3104.53566478
524000 3104.53566478
525000 5929.78732023
526000 5929.78732023
527000 5929.78732023
528000 5929.78732023
529000 5929.78732023
530000 8911.90943396
531000 8911.90943396
532000 8911.90943396
533000 8911.90943396
534000 6876.87786076
535000 6876.87786076
536000 6876.87786076
537000 6876.87786076
538000 5403.51578947
539000 5403.51578947
540000 5403.51578947
541000 5403.51578947
542000 5403.51578947
543000 8135.55014493
544000 8135.55014493
545000 9145.12751678
546000 9145.12751678
547000 16812.9693122
548000 14750.6921788
549000 12688.4150454
550000 12688.4150454
551000 5760.62538071
552000 5760.62538071
553000 5760.62538071
554000 5760.62538071
555000 5017.04324947
556000 5017.04324947
557000 5017.04324947
558000 5017.04324947
559000 5017.04324947
560000 5017.04324947
561000 7123.73217307
562000 7123.73217307
563000 7123.73217307
564000 7123.73217307
565000 7449.56419975
566000 7775.39622642
567000 7775.39622642
568000 7775.39622642
569000 4738.23173245
570000 4738.23173245
571000 4738.23173245
572000 4738.23173245
573000 4738.23173245
574000 4738.23173245
575000 4738.23173245
576000 4651.72113991
577000 4651.72113991
578000 4651.72113991
579000 4651.72113991
580000 4651.72113991
581000 4651.72113991
582000 2191.02673382
583000 2191.02673382
584000 2191.02673382
585000 2191.02673382
586000 2191.02673382
587000 2191.02673382
588000 2191.02673382
589000 2191.02673382
590000 2191.02673382
591000 2191.02673382
592000 2191.02673382
593000 2191.02673382
594000 2191.02673382
595000 6188.88504983
596000 6188.88504983
597000 6188.88504983
598000 6188.88504983
599000 6188.88504983
600000 7436.95705521
601000 7436.95705521
602000 7436.95705521
603000 7436.95705521
604000 5175.04188097
605000 5175.04188097
606000 5175.04188097
607000 5175.04188097
608000 5175.04188097
609000 5474.50704225
610000 5474.50704225
611000 5474.50704225
612000 5474.50704225
613000 5474.50704225
614000 5474.50704225
615000 6320.05296844
616000 6320.05296844
617000 6320.05296844
618000 6320.05296844
619000 6320.05296844
620000 6947.28476821
621000 6947.28476821
622000 6947.28476821
623000 6947.28476821
624000 4819.54347826
625000 4819.54347826
626000 4819.54347826
627000 4819.54347826
628000 5451.22814414
629000 6082.91281002
630000 6082.91281002
631000 6082.91281002
632000 6082.91281002
633000 8584.14345992
634000 8584.14345992
635000 8584.14345992
636000 8584.14345992
637000 3753.16236779
638000 3753.16236779
639000 3753.16236779
640000 3753.16236779
641000 3753.16236779
642000 5822.11768708
643000 7891.07300636
644000 7891.07300636
645000 7390.42465009
646000 6889.77629382
647000 6889.77629382
648000 6889.77629382
649000 4144.06052963
