0 4146.76961395
1000 4146.76961395
2000 4880.19234973
3000 3661.59903962
4000 3661.59903962
5000 6789.04989858
6000 6789.04989858
7000 6789.04989858
8000 3143.69924812
9000 3143.69924812
10000 3143.69924812
11000 3143.69924812
12000 2994.24485554
13000 2994.24485554
14000 2994.24485554
15000 2994.24485554
16000 2994.24485554
17000 3469.60882648
18000 3469.60882648
19000 2719.1416309
20000 2719.1416309
21000 3350.55965293
22000 3350.55965293
23000 3558.89281998
24000 3558.89281998
25000 4141.30937099
26000 4416.65630827
27000 4416.65630827
28000 3862.25853386
29000 3862.25853386
30000 4681.64463311
31000 2340.82231655
32000 2671.49795362
33000 2671.49795362
34000 2671.49795362
35000 2671.49795362
36000 2671.49795362
37000 2671.49795362
38000 2671.49795362
39000 2671.49795362
40000 4358.45773979
41000 4358.45773979
42000 4358.45773979
43000 4358.45773979
44000 4358.45773979
45000 4358.45773979
46000 3765.99167825
47000 3173.5256167
48000 3173.5256167
49000 3173.5256167
50000 3173.5256167
51000 3061.38065661
52000 3061.38065661
53000 3061.38065661
54000 3061.38065661
55000 3061.38065661
56000 3073.59116022
57000 4026.53164557
58000 4026.53164557
59000 4026.53164557
60000 4026.53164557
61000 4026.53164557
62000 4026.53164557
63000 5426.0638354
64000 5426.0638354
65000 5426.0638354
66000 5054.70107147
67000 4683.33830755
68000 4683.33830755
69000 4683.33830755
70000 4683.33830755
71000 4683.33830755
72000 5136.30188679
73000 5136.30188679
74000 5136.30188679
75000 5136.30188679
76000 6630.94162631
77000 6630.94162631
78000 6630.94162631
79000 6630.94162631
80000 3716.93705632
81000 3716.93705632
82000 3716.93705632
83000 3716.93705632
84000 3716.93705632
85000 3716.93705632
86000 3716.93705632
87000 3716.93705632
88000 3716.93705632
89000 5142.5168052
90000 5142.5168052
91000 5142.5168052
92000 3352.48998639
93000 3352.48998639
94000 3352.48998639
95000 3352.48998639
96000 3352.48998639
97000 3891.11451469
98000 3891.11451469
99000 3891.11451469
100000 3891.11451469
101000 3891.11451469
102000 3891.11451469
103000 3173.66013396
104000 3173.66013396
105000 3173.66013396
106000 3173.66013396
107000 4793.77001049
108000 4793.77001049
109000 4793.77001049
110000 2571.38019336
111000 2571.38019336
112000 2571.38019336
113000 2571.38019336
114000 2571.38019336
115000 2571.38019336
116000 2571.38019336
117000 2266.04390503
118000 1960.70761671
119000 1960.70761671
120000 1960.70761671
121000 1960.70761671
122000 5061.42245989
123000 5061.42245989
124000 5061.42245989
125000 4445.10938875
126000 3828.79631761
127000 3828.79631761
128000 3828.79631761
129000 4213.22759715
130000 4213.22759715
131000 4213.22759715
132000 3759.49766199
133000 3759.49766199
134000 3759.49766199
135000 4111.00889996
136000 4111.00889996
137000 4111.00889996
138000 5767.68745304
139000 5767.68745304
140000 5767.68745304
141000 5767.68745304
142000 5767.68745304
143000 4521.76181132
144000 4521.76181132
145000 4521.76181132
146000 4521.76181132
147000 4521.76181132
148000 4521.76181132
149000 4521.76181132
150000 5087.91791865
151000 5087.91791865
152000 5087.91791865
153000 5087.91791865
154000 5087.91791865
155000 8279.00682128
156000 8279.00682128
157000 8279.00682128
158000 4146.76961395
159000 4880.19234973
160000 3661.59903962
161000 3661.59903962
162000 6789.04989858
163000 6789.04989858
164000 6789.04989858
165000 3143.69924812
166000 3143.69924812
167000 3143.69924812
168000 3143.69924812
169000 2994.24485554
170000 2994.24485554
171000 2994.24485554
172000 2994.24485554
173000 2994.24485554
174000 3469.60882648
175000 3469.60882648
176000 2719.1416309
177000 2719.1416309
178000 3350.55965293
179000 3350.55965293
180000 3558.89281998
181000 3558.89281998
182000 4141.30937099
183000 4416.65630827
184000 4416.65630827
185000 3862.25853386
186000 3862.25853386
187000 4681.64463311
188000 4681.64463311
189000 2671.49795362
190000 2671.49795362
191000 2671.49795362
192000 2671.49795362
193000 2671.49795362
194000 2671.49795362
195000 2671.49795362
196000 2671.49795362
197000 4358.45773979
198000 4358.45773979
199000 4358.45773979
200000 4358.45773979
201000 4358.45773979
202000 4358.45773979
203000 3765.99167825
204000 3173.5256167
205000 3173.5256167
206000 3173.5256167
207000 3173.5256167
208000 3061.38065661
209000 3061.38065661
210000 3061.38065661
211000 3061.38065661
212000 3061.38065661
213000 3073.59116022
214000 4026.53164557
215000 4026.53164557
216000 4026.53164557
217000 4026.53164557
218000 4026.53164557
219000 4026.53164557
220000 5426.0638354
221000 5426.0638354
222000 5426.0638354
223000 5426.0638354
224000 4683.33830755
225000 4683.33830755
226000 4683.33830755
227000 4683.33830755
228000 4683.33830755
229000 5136.30188679
230000 5136.30188679
231000 5136.30188679
232000 5136.30188679
233000 6630.94162631
234000 6630.94162631
235000 6630.94162631
236000 6630.94162631
237000 3716.93705632
238000 3716.93705632
239000 3716.93705632
240000 3716.93705632
241000 3716.93705632
242000 3716.93705632
243000 3716.93705632
244000 3716.93705632
245000 3716.93705632
246000 5142.5168052
247000 5142.5168052
248000 5142.5168052
249000 3352.48998639
250000 3352.48998639
251000 3352.48998639
252000 3352.48998639
253000 3352.48998639
254000 3891.11451469
255000 3891.11451469
256000 3891.11451469
257000 3891.11451469
258000 3891.11451469
259000 3891.11451469
260000 3173.66013396
261000 3173.66013396
262000 3173.66013396
263000 3173.66013396
264000 4793.77001049
265000 4793.77001049
266000 4793.77001049
267000 2571.38019336
268000 2571.38019336
269000 2571.38019336
270000 2571.38019336
271000 2571.38019336
272000 2571.38019336
273000 2571.38019336
274000 2571.38019336
275000 1960.70761671
276000 1960.70761671
277000 1960.70761671
278000 1960.70761671
279000 3511.0650383
280000 5061.42245989
281000 5061.42245989
282000 5061.42245989
283000 3828.79631761
284000 3828.79631761
285000 3828.79631761
286000 4213.22759715
287000 4213.22759715
288000 4213.22759715
289000 3759.49766199
290000 3759.49766199
291000 3759.49766199
292000 4111.00889996
293000 4111.00889996
294000 4111.00889996
295000 5767.68745304
296000 5767.68745304
297000 5767.68745304
298000 5767.68745304
299000 5767.68745304
300000 4521.76181132
301000 4521.76181132
302000 4521.76181132
303000 4521.76181132
304000 4521.76181132
305000 4521.76181132
306000 4521.76181132
307000 5087.91791865
308000 5087.91791865
309000 5087.91791865
310000 5087.91791865
311000 5087.91791865
312000 8279.00682128
313000 8279.00682128
314000 8279.00682128
