0 6757.76096823
1000 6757.76096823
2000 6927.815486
3000 3850.71393402
4000 3850.71393402
5000 2348.51157125
6000 2348.51157125
7000 2348.51157125
8000 4242.6052898
9000 1733.16531792
10000 1578.28827548
11000 1423.41123305
12000 1423.41123305
13000 1423.41123305
14000 1423.41123305
15000 1423.41123305
16000 1423.41123305
17000 1423.41123305
18000 950.953199618
19000 950.953199618
20000 950.953199618
21000 950.953199618
22000 1960.97292929
23000 1960.97292929
24000 1251.45088615
25000 1251.45088615
26000 1251.45088615
27000 1202.94374212
28000 1154.4365981
29000 1154.4365981
30000 1154.4365981
31000 624.998055348
32000 624.998055348
33000 624.998055348
34000 624.998055348
35000 624.998055348
36000 624.998055348
37000 624.998055348
38000 1390.06998765
39000 1390.06998765
40000 1240.27082541
41000 1240.27082541
42000 1240.27082541
43000 2903.5012987
44000 5420.95950156
45000 3683.80416549
46000 1946.64882943
47000 1946.64882943
48000 1552.35724918
49000 1552.35724918
50000 1552.35724918
51000 1552.35724918
52000 1214.16498578
53000 1214.16498578
54000 1214.16498578
55000 1214.16498578
56000 2932.98004789
57000 2932.98004789
58000 3237.88787734
59000 3237.88787734
60000 3310.74497445
61000 4033.93439335
62000 4033.93439335
63000 4033.93439335
64000 4033.93439335
65000 4033.93439335
66000 4033.93439335
67000 4033.93439335
68000 5331.18529158
69000 5331.18529158
70000 5331.18529158
71000 1986.07567568
72000 1986.07567568
73000 1986.07567568
74000 1986.07567568
75000 1986.07567568
76000 1986.07567568
77000 1986.07567568
78000 1986.07567568
79000 1986.07567568
80000 1406.42309375
81000 1406.42309375
82000 1406.42309375
83000 1406.42309375
84000 1406.42309375
85000 1406.42309375
86000 1406.42309375
87000 1406.42309375
88000 1406.42309375
89000 1406.42309375
90000 1406.42309375
91000 1406.42309375
92000 1406.42309375
93000 1406.42309375
94000 1403.36368664
95000 1403.36368664
96000 1403.36368664
97000 1403.36368664
98000 1403.36368664
99000 1658.42330149
100000 1913.48291633
101000 1913.48291633
102000 1913.48291633
103000 1304.30654072
104000 1304.30654072
105000 1304.30654072
106000 1304.30654072
107000 1304.30654072
108000 1304.30654072
109000 1428.53364817
110000 1428.53364817
111000 1428.53364817
112000 1428.53364817
113000 1428.53364817
114000 1834.10763278
115000 1834.10763278
116000 1834.10763278
117000 2117.93988627
118000 2117.93988627
119000 2117.93988627
120000 3728.35016835
121000 2398.64742268
122000 2398.64742268
123000 1886.9393597
124000 1886.9393597
125000 1886.9393597
126000 2086.92238358
127000 2086.92238358
128000 1847.80888889
129000 1847.80888889
130000 2893.43657539
131000 2893.43657539
132000 2893.43657539
133000 2893.43657539
134000 2893.43657539
135000 2893.43657539
136000 10208.4462674
137000 6371.39520731
138000 2534.34414722
139000 2534.34414722
140000 2534.34414722
141000 2534.34414722
142000 2534.34414722
143000 2003.30364372
144000 4380.53230597
145000 6757.76096823
146000 5179.76140351
147000 3850.71393402
148000 3850.71393402
149000 2348.51157125
150000 2348.51157125
151000 2348.51157125
152000 1733.16531792
153000 1733.16531792
154000 1423.41123305
155000 1423.41123305
156000 1423.41123305
157000 1423.41123305
158000 1423.41123305
159000 1423.41123305
160000 1423.41123305
161000 1423.41123305
162000 950.953199618
163000 950.953199618
164000 950.953199618
165000 1960.97292929
166000 1960.97292929
167000 1960.97292929
168000 1251.45088615
169000 1251.45088615
170000 1251.45088615
171000 1154.4365981
172000 1154.4365981
173000 1154.4365981
174000 1154.4365981
175000 624.998055348
176000 624.998055348
177000 624.998055348
178000 624.998055348
179000 624.998055348
180000 624.998055348
181000 1390.06998765
182000 1390.06998765
183000 1390.06998765
184000 1240.27082541
185000 1240.27082541
186000 1240.27082541
187000 2903.5012987
188000 5420.95950156
189000 1946.64882943
190000 1946.64882943
191000 1946.64882943
192000 1552.35724918
193000 1552.35724918
194000 1552.35724918
195000 1214.16498578
196000 1214.16498578
197000 1214.16498578
198000 1214.16498578
199000 2932.98004789
200000 2932.98004789
201000 2932.98004789
202000 3237.88787734
203000 3237.88787734
204000 4033.93439335
205000 4033.93439335
206000 4033.93439335
207000 4033.93439335
208000 4033.93439335
209000 4033.93439335
210000 4033.93439335
211000 4682.55984246
212000 5331.18529158
213000 5331.18529158
214000 5331.18529158
215000 1986.07567568
216000 1986.07567568
217000 1986.07567568
218000 1986.07567568
219000 1986.07567568
220000 1986.07567568
221000 1986.07567568
222000 1986.07567568
223000 1986.07567568
224000 1406.42309375
225000 1406.42309375
226000 1406.42309375
227000 1406.42309375
228000 1406.42309375
229000 1406.42309375
230000 1406.42309375
231000 1406.42309375
232000 1406.42309375
233000 1406.42309375
234000 1406.42309375
235000 1406.42309375
236000 1406.42309375
237000 1406.42309375
238000 1403.36368664
239000 1403.36368664
240000 1403.36368664
241000 1403.36368664
242000 1403.36368664
243000 1913.48291633
244000 1913.48291633
245000 1913.48291633
246000 1913.48291633
247000 1304.30654072
248000 1304.30654072
249000 1304.30654072
250000 1304.30654072
251000 1304.30654072
252000 1304.30654072
253000 1428.53364817
254000 1428.53364817
255000 1428.53364817
256000 1428.53364817
257000 1428.53364817
258000 1834.10763278
259000 1834.10763278
260000 1834.10763278
261000 2117.93988627
262000 2117.93988627
263000 3728.35016835
264000 3728.35016835
265000 2398.64742268
266000 2398.64742268
267000 1886.9393597
268000 1886.9393597
269000 2086.92238358
270000 2086.92238358
271000 1967.36563623
272000 1847.80888889
273000 2893.43657539
274000 2893.43657539
275000 2893.43657539
276000 2893.43657539
277000 2893.43657539
278000 2893.43657539
279000 2893.43657539
280000 10208.4462674
281000 2534.34414722
282000 2534.34414722
283000 2534.34414722
284000 2534.34414722
285000 2534.34414722
286000 2534.34414722
287000 2003.30364372
