0 7917.69230769
1000 7917.69230769
2000 7604.8758465
3000 8351.18315252
4000 8351.18315252
5000 8392.32
6000 8196.98103263
7000 8001.64206525
8000 8001.64206525
9000 8001.64206525
10000 8542.63326726
11000 8542.63326726
12000 8542.63326726
13000 8542.63326726
14000 8542.63326726
15000 8542.63326726
16000 8567.30722892
17000 8567.30722892
18000 8567.30722892
19000 8567.30722892
20000 8567.30722892
21000 8387.487615
22000 8387.487615
23000 8387.487615
24000 8387.487615
25000 8387.487615
26000 8387.487615
27000 8508.73532841
28000 8508.73532841
29000 8508.73532841
30000 8508.73532841
31000 8508.73532841
32000 8362.37641723
33000 8362.37641723
34000 8362.37641723
35000 8362.37641723
36000 8362.37641723
37000 8362.37641723
38000 8550.3202847
39000 8550.3202847
40000 8550.3202847
41000 8550.3202847
42000 8550.3202847
43000 8431.35305129
44000 8431.35305129
45000 8431.35305129
46000 8431.35305129
47000 8431.35305129
48000 8431.35305129
49000 7445.35125229
50000 7445.35125229
51000 7445.35125229
52000 7445.35125229
53000 7445.35125229
54000 7445.35125229
55000 7959.78995787
56000 7959.78995787
57000 8474.22866345
58000 8474.22866345
59000 8474.22866345
60000 8474.22866345
61000 8474.22866345
62000 8506.15644251
63000 8538.08422156
64000 8538.08422156
65000 8538.08422156
66000 8538.08422156
67000 8538.08422156
68000 6601.67463844
69000 4665.26505531
70000 4665.26505531
71000 4665.26505531
72000 4665.26505531
73000 4665.26505531
74000 4665.26505531
75000 4665.26505531
76000 4665.26505531
77000 4665.26505531
78000 4665.26505531
79000 4425.6486692
80000 4425.6486692
81000 4425.6486692
82000 4425.6486692
83000 4425.6486692
84000 4425.6486692
85000 4425.6486692
86000 4425.6486692
87000 4425.6486692
88000 4425.6486692
89000 4425.6486692
90000 4776.00834899
91000 4776.00834899
92000 4776.00834899
93000 4776.00834899
94000 4776.00834899
95000 4776.00834899
96000 4776.00834899
97000 4776.00834899
98000 4776.00834899
99000 4776.00834899
100000 5774.76398294
101000 5774.76398294
102000 5774.76398294
103000 5774.76398294
104000 5774.76398294
105000 5774.76398294
106000 5774.76398294
107000 5774.76398294
108000 5306.64214914
109000 4838.52031534
110000 4838.52031534
111000 4838.52031534
112000 4838.52031534
113000 4838.52031534
114000 4838.52031534
115000 4838.52031534
116000 4838.52031534
117000 4838.52031534
118000 4215.17244403
119000 3591.82457272
120000 3591.82457272
121000 3591.82457272
122000 3591.82457272
123000 3591.82457272
124000 3591.82457272
125000 3591.82457272
126000 3591.82457272
127000 3591.82457272
128000 3591.82457272
129000 3591.82457272
130000 3591.82457272
131000 3642.68682217
132000 3693.54907162
133000 3693.54907162
134000 3693.54907162
135000 3693.54907162
136000 3693.54907162
137000 3693.54907162
138000 3796.101744
139000 3898.65441637
140000 3898.65441637
141000 3898.65441637
142000 3898.65441637
143000 3898.65441637
144000 3898.65441637
145000 3898.65441637
146000 3898.65441637
147000 3898.65441637
148000 3548.9122807
149000 3548.9122807
150000 3548.9122807
151000 3548.9122807
152000 3548.9122807
153000 3709.41704036
154000 3709.41704036
155000 3709.41704036
156000 3709.41704036
157000 3709.41704036
158000 3709.41704036
159000 3709.41704036
160000 3709.41704036
161000 3709.41704036
162000 3709.41704036
163000 3709.41704036
164000 3709.41704036
165000 4301.16786987
166000 4301.16786987
167000 4301.16786987
168000 4301.16786987
169000 4301.16786987
170000 4301.16786987
171000 4301.16786987
172000 4301.16786987
173000 4301.16786987
174000 4301.16786987
175000 4301.16786987
176000 4926.41130082
177000 4926.41130082
178000 5551.65473177
179000 5551.65473177
180000 5551.65473177
181000 5551.65473177
182000 5551.65473177
183000 5551.65473177
184000 5551.65473177
185000 5551.65473177
186000 4470.0368127
187000 3388.41889363
188000 3388.41889363
189000 3388.41889363
190000 3388.41889363
191000 3388.41889363
192000 3388.41889363
193000 3388.41889363
194000 3388.41889363
195000 3388.41889363
196000 3388.41889363
197000 3388.41889363
198000 3388.41889363
199000 3388.41889363
200000 2970.8031257
201000 2553.18735777
202000 2553.18735777
203000 2553.18735777
204000 2553.18735777
205000 7917.69230769
206000 7604.8758465
207000 8351.18315252
208000 8351.18315252
209000 8392.32
210000 8196.98103263
211000 8001.64206525
212000 8001.64206525
213000 8001.64206525
214000 8542.63326726
215000 8542.63326726
216000 8542.63326726
217000 8542.63326726
218000 8542.63326726
219000 8542.63326726
220000 8567.30722892
221000 8567.30722892
222000 8567.30722892
223000 8567.30722892
224000 8567.30722892
225000 8387.487615
226000 8387.487615
227000 8387.487615
228000 8387.487615
229000 8387.487615
230000 8387.487615
231000 8508.73532841
232000 8508.73532841
233000 8508.73532841
234000 8508.73532841
235000 8508.73532841
236000 8362.37641723
237000 8362.37641723
238000 8362.37641723
239000 8362.37641723
240000 8362.37641723
241000 8362.37641723
242000 8550.3202847
243000 8550.3202847
244000 8550.3202847
245000 8550.3202847
246000 8550.3202847
247000 8431.35305129
248000 8431.35305129
249000 8431.35305129
250000 8431.35305129
251000 8431.35305129
252000 8431.35305129
253000 7445.35125229
254000 7445.35125229
255000 7445.35125229
256000 7445.35125229
257000 7445.35125229
258000 7445.35125229
259000 7959.78995787
260000 7959.78995787
261000 8474.22866345
262000 8474.22866345
263000 8474.22866345
264000 8474.22866345
265000 8474.22866345
266000 8506.15644251
267000 8538.08422156
268000 8538.08422156
269000 8538.08422156
270000 8538.08422156
271000 8538.08422156
272000 6601.67463844
273000 4665.26505531
274000 4665.26505531
275000 4665.26505531
276000 4665.26505531
277000 4665.26505531
278000 4665.26505531
279000 4665.26505531
280000 4665.26505531
281000 4665.26505531
282000 4665.26505531
283000 4425.6486692
284000 4425.6486692
285000 4425.6486692
286000 4425.6486692
287000 4425.6486692
288000 4425.6486692
289000 4425.6486692
290000 4425.6486692
291000 4425.6486692
292000 4425.6486692
293000 4425.6486692
294000 4776.00834899
295000 4776.00834899
296000 4776.00834899
297000 4776.00834899
298000 4776.00834899
299000 4776.00834899
300000 4776.00834899
301000 4776.00834899
302000 4776.00834899
303000 4776.00834899
304000 5774.76398294
305000 5774.76398294
306000 5774.76398294
307000 5774.76398294
308000 5774.76398294
309000 5774.76398294
310000 5774.76398294
311000 5774.76398294
312000 5306.64214914
313000 4838.52031534
314000 4838.52031534
315000 4838.52031534
316000 4838.52031534
317000 4838.52031534
318000 4838.52031534
319000 4838.52031534
320000 4838.52031534
321000 4838.52031534
322000 4215.17244403
323000 3591.82457272
324000 3591.82457272
325000 3591.82457272
326000 3591.82457272
327000 3591.82457272
328000 3591.82457272
329000 3591.82457272
330000 3591.82457272
331000 3591.82457272
332000 3591.82457272
333000 3591.82457272
334000 3591.82457272
335000 3642.68682217
336000 3693.54907162
337000 3693.54907162
338000 3693.54907162
339000 3693.54907162
340000 3693.54907162
341000 3693.54907162
342000 3796.101744
343000 3898.65441637
344000 3898.65441637
345000 3898.65441637
346000 3898.65441637
347000 3898.65441637
348000 3898.65441637
349000 3898.65441637
350000 3898.65441637
351000 3898.65441637
352000 3723.78334854
353000 3548.9122807
354000 3548.9122807
355000 3548.9122807
356000 3548.9122807
357000 3709.41704036
358000 3709.41704036
359000 3709.41704036
360000 3709.41704036
361000 3709.41704036
362000 3709.41704036
363000 3709.41704036
364000 3709.41704036
365000 3709.41704036
366000 3709.41704036
367000 3709.41704036
368000 3709.41704036
369000 4301.16786987
370000 4301.16786987
371000 4301.16786987
372000 4301.16786987
373000 4301.16786987
374000 4301.16786987
375000 4301.16786987
376000 4301.16786987
377000 4301.16786987
378000 4301.16786987
379000 4301.16786987
380000 4926.41130082
381000 4926.41130082
382000 5551.65473177
383000 5551.65473177
384000 5551.65473177
385000 5551.65473177
386000 5551.65473177
387000 5551.65473177
388000 5551.65473177
389000 5551.65473177
390000 4470.0368127
391000 3388.41889363
392000 3388.41889363
393000 3388.41889363
394000 3388.41889363
395000 3388.41889363
396000 3388.41889363
397000 3388.41889363
398000 3388.41889363
399000 3388.41889363
400000 3388.41889363
401000 3388.41889363
402000 3388.41889363
403000 3388.41889363
404000 2970.8031257
405000 2553.18735777
406000 2553.18735777
407000 2553.18735777
408000 2553.18735777
