0 8723.2
1000 8723.2
2000 1254.97435897
3000 1817.04977376
4000 1817.04977376
5000 1817.04977376
6000 1817.04977376
7000 4202.79441118
8000 2358.10221205
9000 2358.10221205
10000 2358.10221205
11000 1776.7277023
12000 1776.7277023
13000 1776.7277023
14000 994.165525825
15000 994.165525825
16000 994.165525825
17000 994.165525825
18000 994.165525825
19000 994.165525825
20000 994.165525825
21000 459.633410673
22000 459.633410673
23000 1425.83047288
24000 2392.02753508
25000 2392.02753508
26000 2392.02753508
27000 2392.02753508
28000 1188.05775501
29000 1188.05775501
30000 1188.05775501
31000 1188.05775501
32000 1172.96382049
33000 1157.86988598
34000 1157.86988598
35000 1157.86988598
36000 1157.86988598
37000 2341.96396987
38000 2341.96396987
39000 2341.96396987
40000 3245.47368421
41000 3245.47368421
42000 3245.47368421
43000 1485.735218
44000 1485.735218
45000 1485.735218
46000 1485.735218
47000 1485.735218
48000 939.261602497
49000 939.261602497
50000 939.261602497
51000 939.261602497
52000 939.261602497
53000 2540.62151394
54000 2540.62151394
55000 2540.62151394
56000 2540.62151394
57000 2223.29251701
58000 1895.52978681
59000 1895.52978681
60000 1895.52978681
61000 1895.52978681
62000 1895.52978681
63000 1895.52978681
64000 1895.52978681
65000 1895.52978681
66000 1895.52978681
67000 1895.52978681
68000 1585.52699874
69000 1585.52699874
70000 1585.52699874
71000 1585.52699874
72000 1585.52699874
73000 1585.52699874
74000 1585.52699874
75000 1585.52699874
76000 1585.52699874
77000 2044.05738497
78000 2502.5877712
79000 2502.5877712
80000 2502.5877712
81000 2502.5877712
82000 3131.83770883
83000 3131.83770883
84000 3131.83770883
85000 1503.79442318
86000 1503.79442318
87000 1503.79442318
88000 1503.79442318
89000 1503.79442318
90000 1503.79442318
91000 1503.79442318
92000 902.442013129
93000 1874.23358238
94000 1874.23358238
95000 1874.23358238
96000 1874.23358238
97000 1874.23358238
98000 1874.23358238
99000 1874.23358238
100000 1874.23358238
101000 2506.19348749
102000 2506.19348749
103000 2506.19348749
104000 2506.19348749
105000 1660.21857594
106000 1660.21857594
107000 1660.21857594
108000 1660.21857594
109000 1660.21857594
110000 1660.21857594
111000 1660.21857594
112000 2150.38232795
113000 2277.19831899
114000 2277.19831899
115000 2277.19831899
116000 2277.19831899
117000 2277.19831899
118000 2277.19831899
119000 2277.19831899
120000 2277.19831899
121000 2277.19831899
122000 2277.19831899
123000 4825.48752197
124000 4825.48752197
125000 4825.48752197
126000 2337.64440378
127000 2337.64440378
128000 2337.64440378
129000 2337.64440378
130000 2337.64440378
131000 2337.64440378
132000 2337.64440378
133000 2799.60075614
134000 2799.60075614
135000 2799.60075614
136000 2799.60075614
137000 2799.60075614
138000 5761.40037807
139000 8723.2
140000 1817.04977376
141000 1817.04977376
142000 1817.04977376
143000 1817.04977376
144000 4202.79441118
145000 4202.79441118
146000 2358.10221205
147000 2358.10221205
148000 1776.7277023
149000 1776.7277023
150000 1776.7277023
151000 1776.7277023
152000 994.165525825
153000 994.165525825
154000 994.165525825
155000 994.165525825
156000 994.165525825
157000 994.165525825
158000 459.633410673
159000 459.633410673
160000 1425.83047288
161000 2392.02753508
162000 2392.02753508
163000 2392.02753508
164000 2392.02753508
165000 1188.05775501
166000 1188.05775501
167000 1188.05775501
168000 1188.05775501
169000 1188.05775501
170000 1157.86988598
171000 1157.86988598
172000 1157.86988598
173000 1157.86988598
174000 1157.86988598
175000 2341.96396987
176000 2341.96396987
177000 2341.96396987
178000 3245.47368421
179000 3245.47368421
180000 1485.735218
181000 1485.735218
182000 1485.735218
183000 1485.735218
184000 1485.735218
185000 939.261602497
186000 939.261602497
187000 939.261602497
188000 939.261602497
189000 939.261602497
190000 2540.62151394
191000 2540.62151394
192000 2540.62151394
193000 2540.62151394
194000 2223.29251701
195000 1895.52978681
196000 1895.52978681
197000 1895.52978681
198000 1895.52978681
199000 1895.52978681
200000 1895.52978681
201000 1895.52978681
202000 1895.52978681
203000 1895.52978681
204000 1895.52978681
205000 1585.52699874
206000 1585.52699874
207000 1585.52699874
208000 1585.52699874
209000 1585.52699874
210000 1585.52699874
211000 1585.52699874
212000 1585.52699874
213000 1585.52699874
214000 1585.52699874
215000 2502.5877712
216000 2502.5877712
217000 2502.5877712
218000 2502.5877712
219000 3131.83770883
220000 3131.83770883
221000 3131.83770883
222000 1503.79442318
223000 1503.79442318
224000 1503.79442318
225000 1503.79442318
226000 1503.79442318
227000 1503.79442318
228000 1503.79442318
229000 1503.79442318
230000 1874.23358238
231000 1874.23358238
232000 1874.23358238
233000 1874.23358238
234000 1874.23358238
235000 1874.23358238
236000 1874.23358238
237000 1874.23358238
238000 2506.19348749
239000 2506.19348749
240000 2506.19348749
241000 2506.19348749
242000 1660.21857594
243000 1660.21857594
244000 1660.21857594
245000 1660.21857594
246000 1660.21857594
247000 1660.21857594
248000 1660.21857594
249000 2150.38232795
250000 2277.19831899
251000 2277.19831899
252000 2277.19831899
253000 2277.19831899
254000 2277.19831899
255000 2277.19831899
256000 2277.19831899
257000 2277.19831899
258000 2277.19831899
259000 2277.19831899
260000 4825.48752197
261000 4825.48752197
262000 4825.48752197
263000 2337.64440378
264000 2337.64440378
265000 2337.64440378
266000 2337.64440378
267000 2337.64440378
268000 2337.64440378
269000 2337.64440378
270000 2799.60075614
271000 2799.60075614
272000 2799.60075614
273000 2799.60075614
274000 2799.60075614
