0 958.011976048
1000 958.011976048
2000 958.011976048
3000 958.011976048
4000 958.011976048
5000 958.011976048
6000 958.011976048
7000 1986.80969408
8000 1986.80969408
9000 1986.80969408
10000 1700.30372208
11000 1700.30372208
12000 2495.60508601
13000 2495.60508601
14000 2495.60508601
15000 2507.70731707
16000 2507.70731707
17000 2133.71214953
18000 2186.73684211
19000 2186.73684211
20000 1556.66760802
21000 1556.66760802
22000 1556.66760802
23000 1556.66760802
24000 1529.03930131
25000 1529.03930131
26000 1529.03930131
27000 1801.12363036
28000 2073.20795942
29000 2073.20795942
30000 1909.55874894
31000 1909.55874894
32000 1909.55874894
33000 1909.55874894
34000 1886.78769387
35000 1886.78769387
36000 1886.78769387
37000 1886.78769387
38000 1990.93472585
39000 1990.93472585
40000 1836.72796898
41000 1682.52121212
42000 1408.71676055
43000 1408.71676055
44000 1408.71676055
45000 1408.71676055
46000 1408.71676055
47000 1408.71676055
48000 1408.71676055
49000 1408.71676055
50000 1408.71676055
51000 1408.71676055
52000 3243.88148954
53000 3243.88148954
54000 3243.88148954
55000 3243.88148954
56000 3466.30211323
57000 3466.30211323
58000 3466.30211323
59000 2538.60807703
60000 1610.91404084
61000 1610.91404084
62000 1610.91404084
63000 1610.91404084
64000 1610.91404084
65000 1610.91404084
66000 1610.91404084
67000 1826.25793184
68000 2041.60182284
69000 2041.60182284
70000 2041.60182284
71000 2041.60182284
72000 2041.60182284
73000 2041.60182284
74000 2041.60182284
75000 1232.73957788
76000 1232.73957788
77000 1232.73957788
78000 1232.73957788
79000 1232.73957788
80000 1307.48016223
81000 1307.48016223
82000 1307.48016223
83000 1307.48016223
84000 1307.48016223
85000 1307.48016223
86000 362.15498155
87000 884.446437813
88000 884.446437813
89000 884.446437813
90000 884.446437813
91000 884.446437813
92000 884.446437813
93000 924.546813187
94000 924.546813187
95000 924.546813187
96000 924.546813187
97000 1223.3492823
98000 1223.3492823
99000 1223.3492823
100000 1223.3492823
101000 1223.3492823
102000 1034.07501995
103000 1034.07501995
104000 1034.07501995
105000 1034.07501995
106000 1034.07501995
107000 1093.56521739
108000 1093.56521739
109000 1093.56521739
110000 1093.56521739
111000 1027.17756301
112000 1027.17756301
113000 1027.17756301
114000 1027.17756301
115000 1027.17756301
116000 1027.17756301
117000 1229.07121364
118000 1229.07121364
119000 1229.07121364
120000 1229.07121364
121000 1189.41394442
122000 1189.41394442
123000 1189.41394442
124000 1189.41394442
125000 1200.54066798
126000 1200.54066798
127000 1200.54066798
128000 1200.54066798
129000 1200.54066798
130000 1292.9122807
131000 1292.9122807
132000 1292.9122807
133000 1292.9122807
134000 1211.07829479
135000 1211.07829479
136000 1211.07829479
137000 1771.48125215
138000 1771.48125215
139000 1771.48125215
140000 1200.19875776
141000 1200.19875776
142000 2154.0965039
143000 2154.0965039
144000 2154.0965039
145000 1752.23891343
146000 1350.38132296
147000 1350.38132296
148000 1350.38132296
149000 1350.38132296
150000 1350.38132296
151000 1437.4295082
152000 1437.4295082
153000 1437.4295082
154000 1437.4295082
155000 1437.4295082
156000 2146.15242494
157000 2146.15242494
158000 2146.15242494
159000 2981.73471933
160000 2981.73471933
161000 2981.73471933
162000 4870.07572868
163000 4870.07572868
164000 4870.07572868
165000 4870.07572868
166000 1994.17862739
167000 1994.17862739
168000 1994.17862739
169000 1476.09530172
170000 1476.09530172
171000 958.011976048
172000 958.011976048
173000 958.011976048
174000 958.011976048
175000 958.011976048
176000 1986.80969408
177000 1986.80969408
178000 1700.30372208
179000 1700.30372208
180000 1700.30372208
181000 2495.60508601
182000 2495.60508601
183000 2501.65620154
184000 2507.70731707
185000 2320.7097333
186000 2133.71214953
187000 2186.73684211
188000 2186.73684211
189000 1556.66760802
190000 1556.66760802
191000 1556.66760802
192000 1556.66760802
193000 1529.03930131
194000 1529.03930131
195000 1529.03930131
196000 2073.20795942
197000 2073.20795942
198000 2073.20795942
199000 1909.55874894
200000 1909.55874894
201000 1909.55874894
202000 1909.55874894
203000 1886.78769387
204000 1886.78769387
205000 1886.78769387
206000 1886.78769387
207000 1990.93472585
208000 1990.93472585
209000 1682.52121212
210000 1545.61898634
211000 1408.71676055
212000 1408.71676055
213000 1408.71676055
214000 1408.71676055
215000 1408.71676055
216000 1408.71676055
217000 1408.71676055
218000 1408.71676055
219000 1408.71676055
220000 2326.29912504
221000 3243.88148954
222000 3243.88148954
223000 3243.88148954
224000 3466.30211323
225000 3466.30211323
226000 3466.30211323
227000 3466.30211323
228000 1610.91404084
229000 1610.91404084
230000 1610.91404084
231000 1610.91404084
232000 1610.91404084
233000 1610.91404084
234000 1610.91404084
235000 1610.91404084
236000 2041.60182284
237000 2041.60182284
238000 2041.60182284
239000 2041.60182284
240000 2041.60182284
241000 2041.60182284
242000 2041.60182284
243000 1232.73957788
244000 1232.73957788
245000 1232.73957788
246000 1232.73957788
247000 1232.73957788
248000 1232.73957788
249000 1307.48016223
250000 1307.48016223
251000 1307.48016223
252000 1307.48016223
253000 1307.48016223
254000 1307.48016223
255000 362.15498155
256000 884.446437813
257000 884.446437813
258000 884.446437813
259000 884.446437813
260000 884.446437813
261000 924.546813187
262000 924.546813187
263000 924.546813187
264000 924.546813187
265000 924.546813187
266000 1223.3492823
267000 1223.3492823
268000 1223.3492823
269000 1223.3492823
270000 1128.71215112
271000 1034.07501995
272000 1034.07501995
273000 1034.07501995
274000 1034.07501995
275000 1034.07501995
276000 1093.56521739
277000 1093.56521739
278000 1093.56521739
279000 1093.56521739
280000 1027.17756301
281000 1027.17756301
282000 1027.17756301
283000 1027.17756301
284000 1027.17756301
285000 1229.07121364
286000 1229.07121364
287000 1229.07121364
288000 1229.07121364
289000 1189.41394442
290000 1189.41394442
291000 1189.41394442
292000 1189.41394442
293000 1189.41394442
294000 1200.54066798
295000 1200.54066798
296000 1200.54066798
297000 1200.54066798
298000 1200.54066798
299000 1292.9122807
300000 1292.9122807
301000 1292.9122807
302000 1251.99528775
303000 1211.07829479
304000 1211.07829479
305000 1211.07829479
306000 1771.48125215
307000 1771.48125215
308000 1771.48125215
309000 1200.19875776
310000 1200.19875776
311000 2154.0965039
312000 2154.0965039
313000 2154.0965039
314000 1350.38132296
315000 1350.38132296
316000 1350.38132296
317000 1350.38132296
318000 1350.38132296
319000 1393.90541558
320000 1437.4295082
321000 1437.4295082
322000 1437.4295082
323000 1437.4295082
324000 2146.15242494
325000 2146.15242494
326000 2146.15242494
327000 2146.15242494
328000 2981.73471933
329000 2981.73471933
330000 2277.95533499
331000 4870.07572868
332000 4870.07572868
333000 4870.07572868
334000 4870.07572868
335000 1994.17862739
336000 1994.17862739
337000 1994.17862739
