0 0.0
1000 0.0
2000 0.0
3000 0.0
4000 0.0
5000 0.0
6000 0.0
7000 0.0
8000 0.0
9000 0.0
10000 0.0
11000 1112.29155556
12000 1112.29155556
13000 1112.29155556
14000 2224.58311111
15000 1877.20646578
16000 1529.82982045
17000 1765.40186675
18000 1765.40186675
19000 2000.97391304
20000 2187.35781366
21000 2187.35781366
22000 2241.00774603
23000 2241.00774603
24000 2108.27377778
25000 1842.96469299
26000 1842.96469299
27000 1577.65560821
28000 1335.67692691
29000 1093.69824561
30000 1387.46865142
31000 1681.23905724
32000 1773.90524291
33000 1866.57142857
34000 1862.19011994
35000 1857.80881131
36000 1728.5558908
37000 1599.3029703
38000 1599.3029703
39000 1893.70932915
40000 2188.11568799
41000 1094.05784399
42000 0.0
43000 3147.5323871
44000 3147.5323871
45000 6295.06477419
46000 6295.06477419
47000 6295.06477419
48000 6295.06477419
49000 9910.71804649
50000 9910.71804649
51000 13526.3713188
52000 12406.3001173
53000 12406.3001173
54000 12406.3001173
55000 11286.2289157
56000 11286.2289157
57000 11286.2289157
58000 9993.9912403
59000 9993.9912403
60000 9993.9912403
61000 8701.7535649
62000 8701.7535649
63000 9638.55580735
64000 9638.55580735
65000 10575.3580498
66000 10575.3580498
67000 8154.57662838
68000 8154.57662838
69000 8154.57662838
70000 5733.79520697
71000 5733.79520697
72000 5733.79520697
73000 5733.79520697
74000 7658.97268881
75000 7658.97268881
76000 9584.15017065
77000 9584.15017065
78000 9703.44544208
79000 9703.44544208
80000 9703.44544208
81000 9822.7407135
82000 9822.7407135
83000 9822.7407135
84000 9668.19540023
85000 9668.19540023
86000 9513.65008696
87000 9513.65008696
88000 9513.65008696
89000 9623.99850948
90000 9623.99850948
91000 9623.99850948
92000 9623.99850948
93000 9734.34693201
94000 9734.34693201
95000 9734.34693201
96000 10914.7045751
97000 10914.7045751
98000 12095.0622182
99000 12095.0622182
100000 11173.6765989
101000 11173.6765989
102000 11173.6765989
103000 10252.2909796
104000 10252.2909796
105000 8847.14209669
106000 8847.14209669
107000 8847.14209669
108000 8847.14209669
109000 7441.99321377
110000 7441.99321377
111000 7776.91616813
112000 7776.91616813
113000 7776.91616813
114000 8111.83912249
115000 8111.83912249
116000 8364.23498982
117000 8364.23498982
118000 8616.63085714
119000 8616.63085714
120000 8616.63085714
121000 9648.38479272
122000 10680.1387283
123000 10680.1387283
124000 10680.1387283
125000 10289.7087084
126000 10289.7087084
127000 9899.27868852
128000 9899.27868852
129000 9899.27868852
130000 9780.31254047
131000 9780.31254047
132000 9661.34639243
133000 9661.34639243
134000 9661.34639243
135000 9397.16964051
136000 9397.16964051
137000 9132.99288859
138000 9132.99288859
139000 9132.99288859
140000 10950.6112346
141000 10950.6112346
142000 12768.2295806
143000 12768.2295806
144000 11713.9317885
145000 11713.9317885
146000 11713.9317885
147000 10659.6339964
148000 10659.6339964
149000 10659.6339964
150000 10882.6309024
151000 10882.6309024
152000 10882.6309024
153000 11105.6278084
154000 11105.6278084
155000 5552.8139042
156000 5552.8139042
157000 5552.8139042
158000 5552.8139042
159000 5552.8139042
160000 5552.8139042
161000 5552.8139042
162000 5552.8139042
163000 5552.8139042
164000 0.0
165000 0.0
166000 1112.29155556
167000 1112.29155556
168000 2224.58311111
169000 1877.20646578
170000 1877.20646578
171000 1529.82982045
172000 1765.40186675
173000 2000.97391304
174000 2000.97391304
175000 2187.35781366
176000 2373.74171429
177000 2241.00774603
178000 2241.00774603
179000 2108.27377778
180000 1842.96469299
181000 1842.96469299
182000 1577.65560821
183000 1335.67692691
184000 1093.69824561
185000 1387.46865142
186000 1681.23905724
187000 1773.90524291
188000 1866.57142857
189000 1862.19011994
190000 1857.80881131
191000 1728.5558908
192000 1599.3029703
193000 1893.70932915
194000 2188.11568799
195000 1094.05784399
196000 1094.05784399
197000 0.0
198000 3147.5323871
199000 3147.5323871
200000 6295.06477419
201000 6295.06477419
202000 6295.06477419
203000 6295.06477419
204000 9910.71804649
205000 13526.3713188
206000 13526.3713188
207000 12406.3001173
208000 12406.3001173
209000 12406.3001173
210000 11286.2289157
211000 11286.2289157
212000 11286.2289157
213000 9993.9912403
214000 9993.9912403
215000 8701.7535649
216000 8701.7535649
217000 8701.7535649
218000 9638.55580735
219000 9638.55580735
220000 10575.3580498
221000 10575.3580498
222000 8154.57662838
223000 8154.57662838
224000 8154.57662838
225000 5733.79520697
226000 5733.79520697
227000 5733.79520697
228000 5733.79520697
229000 7658.97268881
230000 7658.97268881
231000 9584.15017065
232000 9584.15017065
233000 9703.44544208
234000 9703.44544208
235000 9703.44544208
236000 9822.7407135
237000 9822.7407135
238000 9822.7407135
239000 9668.19540023
240000 9668.19540023
241000 9513.65008696
242000 9513.65008696
243000 9513.65008696
244000 9623.99850948
245000 9623.99850948
246000 9623.99850948
247000 9623.99850948
248000 9734.34693201
249000 9734.34693201
250000 9734.34693201
251000 10914.7045751
252000 10914.7045751
253000 12095.0622182
254000 12095.0622182
255000 11173.6765989
256000 11173.6765989
257000 11173.6765989
258000 10252.2909796
259000 10252.2909796
260000 8847.14209669
261000 8847.14209669
262000 8847.14209669
263000 7441.99321377
264000 7441.99321377
265000 7776.91616813
266000 7776.91616813
267000 7776.91616813
268000 8111.83912249
269000 8111.83912249
270000 8111.83912249
271000 8364.23498982
272000 8364.23498982
273000 8616.63085714
274000 8616.63085714
275000 9648.38479272
276000 9648.38479272
277000 10680.1387283
278000 10680.1387283
279000 10289.7087084
280000 10289.7087084
281000 10289.7087084
282000 9899.27868852
283000 9899.27868852
284000 9780.31254047
285000 9780.31254047
286000 9780.31254047
287000 9661.34639243
288000 9661.34639243
289000 9661.34639243
290000 9397.16964051
291000 9397.16964051
292000 9132.99288859
293000 9132.99288859
294000 9132.99288859
295000 10950.6112346
296000 10950.6112346
297000 12768.2295806
298000 12768.2295806
299000 11713.9317885
300000 11713.9317885
301000 11713.9317885
302000 10659.6339964
303000 10659.6339964
304000 10882.6309024
305000 10882.6309024
306000 10882.6309024
307000 10882.6309024
308000 11105.6278084
309000 11105.6278084
