0 3642.24175824
1000 3642.24175824
2000 5168.17278618
3000 5908.03960396
4000 2559.37370753
5000 4040.90047605
6000 5522.42724458
7000 6399.65508982
8000 6365.55899881
9000 6143.77956372
10000 5560.57440166
11000 6374.52205006
12000 5862.63157895
13000 6922.68046572
14000 6332.81893491
15000 6727.32578616
16000 6676.93383271
17000 6833.2244898
18000 6484.51878788
19000 6712.33124216
20000 5656.69344609
21000 5542.20103627
22000 3868.82778582
23000 5583.14911366
24000 3701.19307958
25000 3701.19307958
26000 5650.72016895
27000 6697.41176471
28000 6060.33560091
29000 6732.01007557
30000 6592.45531347
31000 6592.45531347
32000 6592.45531347
33000 6592.45531347
34000 7411.77647359
35000 7411.77647359
36000 7411.77647359
37000 7411.77647359
38000 7428.68433239
39000 7428.68433239
40000 7428.68433239
41000 7428.68433239
42000 5321.27152318
43000 5321.27152318
44000 5494.14124872
45000 6681.95024876
46000 6654.59088793
47000 6627.23152709
48000 6586.3270912
49000 6586.3270912
50000 6586.3270912
51000 6586.3270912
52000 6545.4226553
53000 5856.58043256
54000 5856.58043256
55000 5856.58043256
56000 5856.58043256
57000 5167.73820982
58000 4972.22110491
59000 4972.22110491
60000 4972.22110491
61000 4972.22110491
62000 4776.704
63000 5699.18943842
64000 5699.18943842
65000 5699.18943842
66000 5699.18943842
67000 6621.67487685
68000 6719.14162093
69000 6719.14162093
70000 6719.14162093
71000 6719.14162093
72000 6816.60836502
73000 5008.98989679
74000 5008.98989679
75000 5008.98989679
76000 5008.98989679
77000 3201.37142857
78000 3201.37142857
79000 4474.37127578
80000 4474.37127578
81000 4474.37127578
82000 5747.37112299
83000 6197.73006088
84000 6197.73006088
85000 6197.73006088
86000 6197.73006088
87000 6648.08899876
88000 5995.99683305
89000 5995.99683305
90000 5995.99683305
91000 5995.99683305
92000 5343.90466733
93000 5514.60772478
94000 5514.60772478
95000 5514.60772478
96000 5514.60772478
97000 5685.31078224
98000 6157.95415655
99000 6157.95415655
100000 6157.95415655
101000 6157.95415655
102000 6630.59753086
103000 5016.69281982
104000 5016.69281982
105000 5016.69281982
106000 5016.69281982
107000 3402.78810879
108000 3402.78810879
109000 4230.71985477
110000 4230.71985477
111000 4230.71985477
112000 5058.65160075
113000 5785.86817326
114000 5785.86817326
115000 5785.86817326
116000 5785.86817326
117000 6513.08474576
118000 6481.87751535
119000 6481.87751535
120000 6481.87751535
121000 6481.87751535
122000 6450.67028494
123000 5046.45602159
124000 3642.24175824
125000 4422.54275093
126000 4233.70665574
127000 4040.90047605
128000 5522.42724458
129000 6399.65508982
130000 6365.55899881
131000 6143.77956372
132000 5560.57440166
133000 6374.52205006
134000 6751.87894073
135000 5862.63157895
136000 6922.68046572
137000 6332.81893491
138000 6727.32578616
139000 6676.93383271
140000 6484.51878788
141000 6712.33124216
142000 5656.69344609
143000 5542.20103627
144000 3868.82778582
145000 3868.82778582
146000 5583.14911366
147000 3701.19307958
148000 4675.95662426
149000 6174.06596683
150000 6060.33560091
151000 6732.01007557
152000 6592.45531347
153000 6592.45531347
154000 6592.45531347
155000 6592.45531347
156000 6592.45531347
157000 7411.77647359
158000 7411.77647359
159000 7411.77647359
160000 7411.77647359
161000 7428.68433239
162000 7428.68433239
163000 7428.68433239
164000 7428.68433239
165000 5321.27152318
166000 5321.27152318
167000 5494.14124872
168000 6681.95024876
169000 6654.59088793
170000 6627.23152709
171000 6586.3270912
172000 6586.3270912
173000 6586.3270912
174000 6586.3270912
175000 6545.4226553
176000 5856.58043256
177000 5856.58043256
178000 5856.58043256
179000 5856.58043256
180000 5167.73820982
181000 4972.22110491
182000 4972.22110491
183000 4972.22110491
184000 4972.22110491
185000 4776.704
186000 5699.18943842
187000 5699.18943842
188000 5699.18943842
189000 5699.18943842
190000 6621.67487685
191000 6719.14162093
192000 6719.14162093
193000 6719.14162093
194000 6719.14162093
195000 6816.60836502
196000 5008.98989679
197000 5008.98989679
198000 5008.98989679
199000 5008.98989679
200000 3201.37142857
201000 3201.37142857
202000 4474.37127578
203000 4474.37127578
204000 4474.37127578
205000 5747.37112299
206000 6197.73006088
207000 6197.73006088
208000 6197.73006088
209000 6197.73006088
210000 6648.08899876
211000 5995.99683305
212000 5995.99683305
213000 5995.99683305
214000 5995.99683305
215000 5343.90466733
216000 5514.60772478
217000 5514.60772478
218000 5514.60772478
219000 5514.60772478
220000 5685.31078224
221000 6157.95415655
222000 6157.95415655
223000 6157.95415655
224000 6157.95415655
225000 6630.59753086
226000 5016.69281982
227000 5016.69281982
228000 5016.69281982
229000 5016.69281982
230000 3402.78810879
231000 3402.78810879
232000 4230.71985477
233000 4230.71985477
234000 4230.71985477
235000 5058.65160075
236000 5785.86817326
237000 5785.86817326
238000 5785.86817326
239000 5785.86817326
240000 6513.08474576
241000 6481.87751535
242000 6481.87751535
243000 6481.87751535
244000 6481.87751535
245000 6450.67028494
