0 14923.0222222
1000 14923.0222222
2000 14923.0222222
3000 1492.48
4000 1492.48
5000 2905.56540541
6000 2905.56540541
7000 11614.1827027
8000 3219.67407407
9000 2148.42001409
10000 2148.42001409
11000 2065.22947368
12000 2065.22947368
13000 2020.96425856
14000 2020.96425856
15000 2020.96425856
16000 2229.28421053
17000 2229.28421053
18000 2637.40653595
19000 2637.40653595
20000 2932.4021164
21000 2932.4021164
22000 2841.16936421
23000 2749.93661202
24000 2749.93661202
25000 3022.06618705
26000 2585.58515964
27000 2149.10413223
28000 2149.10413223
29000 2233.06800815
30000 2317.03188406
31000 2317.03188406
32000 12336.2976744
33000 19141.8181818
34000 2721.94509804
35000 2721.94509804
36000 2677.40473293
37000 2632.86436782
38000 2852.75499093
39000 3072.64561404
40000 2752.08376963
41000 2752.08376963
42000 2884.36994237
43000 3016.65611511
44000 2624.39728832
45000 2232.13846154
46000 2232.13846154
47000 3107.97687861
48000 3107.97687861
49000 2482.35959596
50000 2482.35959596
51000 2704.49783076
52000 2926.63606557
53000 2926.63606557
54000 3414.51594203
55000 3414.51594203
56000 2960.28689655
57000 2960.28689655
58000 2541.33831776
59000 2541.33831776
60000 2548.70935027
61000 2556.08038278
62000 2556.08038278
63000 3048.40597015
64000 3048.40597015
65000 2657.06666667
66000 2657.06666667
67000 2724.00941176
68000 2724.00941176
69000 2741.90769231
70000 2741.90769231
71000 2625.87677299
72000 2509.84585366
73000 2509.84585366
74000 2885.62484472
75000 2885.62484472
76000 3255.01456954
77000 3255.01456954
78000 3113.76516129
79000 3113.76516129
80000 5022.53211009
81000 4479.87380699
82000 3937.21550388
83000 4295.34042521
84000 4653.46534653
85000 4894.70099009
86000 5135.93663366
87000 4394.00801148
88000 4394.00801148
89000 4394.00801148
90000 4394.00801148
91000 4394.00801148
92000 3652.07938931
93000 3636.05157585
94000 3636.05157585
95000 3636.05157585
96000 3620.02376238
97000 4032.85919302
98000 4032.85919302
99000 4032.85919302
100000 4032.85919302
101000 4445.69462366
102000 3597.52247106
103000 3597.52247106
104000 3597.52247106
105000 2749.35031847
106000 2749.35031847
107000 3270.05548995
108000 3270.05548995
109000 3270.05548995
110000 3790.76066144
111000 3894.02921961
112000 3894.02921961
113000 3894.02921961
114000 3894.02921961
115000 3894.02921961
116000 3997.29777778
117000 4135.91204678
118000 4135.91204678
119000 4135.91204678
120000 4135.91204678
121000 4274.52631579
122000 9598.77426899
123000 9598.77426899
124000 8207.7511111
125000 1492.48
126000 1492.48
127000 2905.56540541
128000 2905.56540541
129000 3219.67407407
130000 3219.67407407
131000 2148.42001409
132000 2106.82474389
133000 2065.22947368
134000 2043.09686612
135000 2020.96425856
136000 2020.96425856
137000 2020.96425856
138000 2229.28421053
139000 2229.28421053
140000 2637.40653595
141000 2784.90432618
142000 2932.4021164
143000 2932.4021164
144000 2749.93661202
145000 2749.93661202
146000 2886.00139954
147000 3022.06618705
148000 2149.10413223
149000 2149.10413223
150000 2149.10413223
151000 2317.03188406
152000 2317.03188406
153000 7326.66477923
154000 15739.0579281
155000 10931.8816399
156000 2721.94509804
157000 2721.94509804
158000 2632.86436782
159000 2632.86436782
160000 3072.64561404
161000 3072.64561404
162000 2752.08376963
163000 2752.08376963
164000 3016.65611511
165000 3016.65611511
166000 2232.13846154
167000 2232.13846154
168000 2670.05767007
169000 3107.97687861
170000 2795.16823729
171000 2482.35959596
172000 2482.35959596
173000 2926.63606557
174000 2926.63606557
175000 3170.5760038
176000 3414.51594203
177000 3187.40141929
178000 2960.28689655
179000 2750.81260716
180000 2541.33831776
181000 2541.33831776
182000 2556.08038278
183000 2556.08038278
184000 2802.24317647
185000 3048.40597015
186000 2852.73631841
187000 2657.06666667
188000 2690.53803922
189000 2724.00941176
190000 2732.95855204
191000 2741.90769231
192000 2741.90769231
193000 2509.84585366
194000 2509.84585366
195000 2697.73534919
196000 2885.62484472
197000 3070.31970713
198000 3255.01456954
199000 3184.38986541
200000 3113.76516129
201000 4068.14863569
202000 5022.53211009
203000 3937.21550388
204000 3937.21550388
205000 4653.46534653
206000 4894.70099009
207000 5135.93663366
208000 4394.00801148
209000 4394.00801148
210000 4394.00801148
211000 4394.00801148
212000 4394.00801148
213000 3652.07938931
214000 3636.05157585
215000 3636.05157585
216000 3636.05157585
217000 3636.05157585
218000 3620.02376238
219000 4032.85919302
220000 4032.85919302
221000 4032.85919302
222000 4445.69462366
223000 3597.52247106
224000 3597.52247106
225000 3597.52247106
226000 3597.52247106
227000 2749.35031847
228000 3270.05548995
229000 3270.05548995
230000 3270.05548995
231000 3790.76066144
232000 3790.76066144
233000 3894.02921961
234000 3894.02921961
235000 3894.02921961
236000 3894.02921961
237000 3894.02921961
238000 3997.29777778
239000 4135.91204678
240000 4135.91204678
241000 4135.91204678
242000 4135.91204678
243000 4274.52631579
