0 2317.07455227
1000 2317.07455227
2000 2317.07455227
3000 2317.07455227
4000 4378.41347626
5000 2986.3679031
6000 1077.96528581
7000 1077.96528581
8000 1077.96528581
9000 1077.96528581
10000 1453.6047648
11000 1829.24424379
12000 1829.24424379
13000 2229.60080241
14000 2229.60080241
15000 2222.82826552
16000 2222.82826552
17000 3801.84615385
18000 3801.84615385
19000 2231.16981132
20000 2231.16981132
21000 2138.66418258
22000 2138.66418258
23000 862.70938231
24000 1514.09746498
25000 1514.09746498
26000 1514.09746498
27000 1514.09746498
28000 1514.09746498
29000 1514.09746498
30000 1514.09746498
31000 1514.09746498
32000 1692.50659932
33000 1870.91573365
34000 1870.91573365
35000 1870.91573365
36000 1604.78524848
37000 1604.78524848
38000 1604.78524848
39000 1604.78524848
40000 1604.78524848
41000 2585.19800843
42000 2585.19800843
43000 2463.17280453
44000 2463.17280453
45000 2463.17280453
46000 3084.2632862
47000 3084.2632862
48000 2391.31960609
49000 2391.31960609
50000 2391.31960609
51000 1216.2518668
52000 1216.2518668
53000 1216.2518668
54000 1216.2518668
55000 1216.2518668
56000 1355.75717145
57000 1355.75717145
58000 1355.75717145
59000 1355.75717145
60000 1355.75717145
61000 1355.75717145
62000 640.357771261
63000 640.357771261
64000 640.357771261
65000 640.357771261
66000 640.357771261
67000 640.357771261
68000 640.357771261
69000 640.357771261
70000 640.357771261
71000 640.357771261
72000 640.357771261
73000 903.865276664
74000 903.865276664
75000 903.865276664
76000 903.865276664
77000 903.865276664
78000 1190.16047388
79000 1190.16047388
80000 1190.16047388
81000 1774.87042884
82000 2359.5803838
83000 2359.5803838
84000 2191.80487805
85000 2191.80487805
86000 1415.2598338
87000 1415.2598338
88000 1415.2598338
89000 1415.2598338
90000 2662.60465116
91000 2662.60465116
92000 308.52
93000 3221.09240246
94000 3221.09240246
95000 3221.09240246
96000 3221.09240246
97000 3221.09240246
98000 3221.09240246
99000 1565.8049617
100000 1565.8049617
101000 1565.8049617
102000 1565.8049617
103000 1565.8049617
104000 1565.8049617
105000 1565.8049617
106000 1565.8049617
107000 1565.8049617
108000 1905.12058072
109000 1905.12058072
110000 1905.12058072
111000 1905.12058072
112000 1905.12058072
113000 1905.12058072
114000 1905.12058072
115000 1905.12058072
116000 2247.9297561
117000 2247.9297561
118000 2993.63819629
119000 2993.63819629
120000 2138.86494118
121000 2138.86494118
122000 1988.13337694
123000 1837.40181269
124000 1837.40181269
125000 2669.84977006
126000 2669.84977006
127000 1334.92488503
128000 0.0
129000 3545.53690967
130000 3545.53690967
131000 3545.53690967
132000 3545.53690967
133000 3070.69343119
134000 2595.84995272
135000 2595.84995272
136000 2595.84995272
137000 2595.84995272
138000 2595.84995272
139000 2595.84995272
140000 2595.84995272
141000 2595.84995272
142000 2595.84995272
143000 3444.73159145
144000 3444.73159145
145000 3444.73159145
146000 3444.73159145
147000 2041.83881835
148000 2041.83881835
149000 2041.83881835
150000 2041.83881835
151000 2041.83881835
152000 2041.83881835
153000 2041.83881835
154000 2041.83881835
155000 82.9774887444
156000 82.9774887444
157000 82.9774887444
158000 82.9774887444
159000 942.349561649
160000 942.349561649
161000 942.349561649
162000 942.349561649
163000 942.349561649
164000 1573.28865979
165000 1573.28865979
166000 1573.28865979
167000 1809.22544353
168000 1809.22544353
169000 1809.22544353
170000 2490.77073171
171000 1081.64541647
172000 1081.64541647
173000 1081.64541647
174000 1237.17729872
175000 1237.17729872
176000 1237.17729872
177000 1237.17729872
178000 1237.17729872
179000 1237.17729872
180000 1237.17729872
181000 1237.17729872
182000 1237.17729872
183000 2276.37326911
184000 989.79546427
185000 989.79546427
186000 989.79546427
187000 1583.03308853
188000 2317.07455227
189000 2317.07455227
190000 2317.07455227
191000 4378.41347626
192000 2986.3679031
193000 1077.96528581
194000 1077.96528581
195000 1077.96528581
196000 1077.96528581
197000 1453.6047648
198000 1829.24424379
199000 1829.24424379
200000 2229.60080241
201000 2229.60080241
202000 2222.82826552
203000 2222.82826552
204000 3801.84615385
205000 3801.84615385
206000 2231.16981132
207000 2231.16981132
208000 2138.66418258
209000 2138.66418258
210000 862.70938231
211000 1514.09746498
212000 1514.09746498
213000 1514.09746498
214000 1514.09746498
215000 1514.09746498
216000 1514.09746498
217000 1514.09746498
218000 1514.09746498
219000 1692.50659932
220000 1870.91573365
221000 1870.91573365
222000 1870.91573365
223000 1604.78524848
224000 1604.78524848
225000 1604.78524848
226000 1604.78524848
227000 1604.78524848
228000 2585.19800843
229000 2585.19800843
230000 2463.17280453
231000 2463.17280453
232000 2463.17280453
233000 3084.2632862
234000 3084.2632862
235000 2391.31960609
236000 2391.31960609
237000 2391.31960609
238000 1216.2518668
239000 1216.2518668
240000 1216.2518668
241000 1216.2518668
242000 1216.2518668
243000 1355.75717145
244000 1355.75717145
245000 1355.75717145
246000 1355.75717145
247000 1355.75717145
248000 1355.75717145
249000 640.357771261
250000 640.357771261
251000 640.357771261
252000 640.357771261
253000 640.357771261
254000 640.357771261
255000 640.357771261
256000 640.357771261
257000 640.357771261
258000 640.357771261
259000 640.357771261
260000 903.865276664
261000 903.865276664
262000 903.865276664
263000 903.865276664
264000 903.865276664
265000 1190.16047388
266000 1190.16047388
267000 1190.16047388
268000 1774.87042884
269000 2359.5803838
270000 2359.5803838
271000 2191.80487805
272000 2191.80487805
273000 1415.2598338
274000 1415.2598338
275000 1415.2598338
276000 1415.2598338
277000 2662.60465116
278000 2662.60465116
279000 308.52
280000 3221.09240246
281000 3221.09240246
282000 3221.09240246
283000 3221.09240246
284000 3221.09240246
285000 3221.09240246
286000 1565.8049617
287000 1565.8049617
288000 1565.8049617
289000 1565.8049617
290000 1565.8049617
291000 1565.8049617
292000 1565.8049617
293000 1565.8049617
294000 1565.8049617
295000 1905.12058072
296000 1905.12058072
297000 1905.12058072
298000 1905.12058072
299000 1905.12058072
300000 1905.12058072
301000 1905.12058072
302000 1905.12058072
303000 2247.9297561
304000 2247.9297561
305000 2993.63819629
306000 2993.63819629
307000 2138.86494118
308000 2138.86494118
309000 1988.13337694
310000 1837.40181269
311000 1837.40181269
312000 2669.84977006
313000 2669.84977006
314000 1334.92488503
315000 0.0
316000 3545.53690967
317000 3545.53690967
318000 3545.53690967
319000 3545.53690967
320000 3070.69343119
321000 2595.84995272
322000 2595.84995272
323000 2595.84995272
324000 2595.84995272
325000 2595.84995272
326000 2595.84995272
327000 2595.84995272
328000 2595.84995272
329000 2595.84995272
330000 3444.73159145
331000 3444.73159145
332000 3444.73159145
333000 3444.73159145
334000 2041.83881835
335000 2041.83881835
336000 2041.83881835
337000 2041.83881835
338000 2041.83881835
339000 2041.83881835
340000 2041.83881835
341000 2041.83881835
342000 82.9774887444
343000 82.9774887444
344000 82.9774887444
345000 82.9774887444
346000 942.349561649
347000 942.349561649
348000 942.349561649
349000 942.349561649
350000 942.349561649
351000 1573.28865979
352000 1573.28865979
353000 1573.28865979
354000 1809.22544353
355000 1809.22544353
356000 1809.22544353
357000 2490.77073171
358000 1081.64541647
359000 1081.64541647
360000 1081.64541647
361000 1237.17729872
362000 1237.17729872
363000 1237.17729872
364000 1237.17729872
365000 1237.17729872
366000 1237.17729872
367000 1237.17729872
368000 1237.17729872
369000 1237.17729872
370000 2276.37326911
371000 989.79546427
372000 989.79546427
373000 989.79546427
