0 815.555680857
1000 815.555680857
2000 815.555680857
3000 815.555680857
4000 815.555680857
5000 815.555680857
6000 976.1917603
7000 976.1917603
8000 976.1917603
9000 981.528005035
10000 981.528005035
11000 981.528005035
12000 1867.99017199
13000 1867.99017199
14000 1945.09407115
15000 1917.71428571
16000 1896.2551382
17000 1896.2551382
18000 1820.25753101
19000 1820.25753101
20000 1938.21771467
21000 1938.69759144
22000 1781.94818653
23000 1781.94818653
24000 1993.91074796
25000 1993.91074796
26000 1993.91074796
27000 1993.91074796
28000 1993.91074796
29000 1993.91074796
30000 1927.97770207
31000 1927.97770207
32000 1927.97770207
33000 1927.97770207
34000 1912.51150246
35000 1912.51150246
36000 1912.51150246
37000 1912.51150246
38000 1912.51150246
39000 1912.51150246
40000 1990.29903354
41000 1990.29903354
42000 1990.29903354
43000 1990.29903354
44000 1990.29903354
45000 1990.29903354
46000 1990.29903354
47000 1985.87644505
48000 1981.45385656
49000 1981.45385656
50000 1981.45385656
51000 1969.24844438
52000 1957.0430322
53000 1957.0430322
54000 1957.0430322
55000 1962.83009874
56000 1962.83009874
57000 1962.83009874
58000 1877.03937008
59000 1877.03937008
60000 1877.03937008
61000 1877.03937008
62000 1964.61031833
63000 1964.61031833
64000 1964.61031833
65000 1964.61031833
66000 1994.07177898
67000 1994.07177898
68000 1994.07177898
69000 1994.07177898
70000 2005.10524719
71000 2005.10524719
72000 2005.10524719
73000 2005.10524719
74000 2005.10524719
75000 2005.10524719
76000 1896.59836748
77000 1896.59836748
78000 1896.59836748
79000 1896.59836748
80000 1896.59836748
81000 1896.59836748
82000 1823.64789286
83000 1750.69741824
84000 1750.69741824
85000 1750.69741824
86000 1750.69741824
87000 1750.69741824
88000 705.934065934
89000 1107.38450654
90000 1107.38450654
91000 1107.38450654
92000 1107.38450654
93000 1107.38450654
94000 1297.13091498
95000 1486.87732342
96000 1486.87732342
97000 1486.87732342
98000 1486.87732342
99000 788.475343573
100000 788.475343573
101000 788.475343573
102000 788.475343573
103000 788.475343573
104000 788.475343573
105000 788.475343573
106000 1268.55636687
107000 1268.55636687
108000 1268.55636687
109000 1268.55636687
110000 1268.55636687
111000 1268.55636687
112000 695.380266377
113000 695.380266377
114000 695.380266377
115000 695.380266377
116000 652.986419996
117000 652.986419996
118000 652.986419996
119000 652.986419996
120000 652.986419996
121000 1214.94601019
122000 1214.94601019
123000 1214.94601019
124000 1310.47832168
125000 1310.47832168
126000 1310.47832168
127000 1310.47832168
128000 1336.94067797
129000 1644.46561992
130000 1644.46561992
131000 1644.46561992
132000 1644.46561992
133000 1229.35393147
134000 1229.35393147
135000 1229.35393147
136000 1229.35393147
137000 1229.35393147
138000 1621.03085299
139000 1621.03085299
140000 1621.03085299
141000 1621.03085299
142000 1584.35483871
143000 1584.35483871
144000 1584.35483871
145000 1584.35483871
146000 1584.35483871
147000 1593.34653465
148000 1593.34653465
149000 1593.34653465
150000 1593.34653465
151000 1598.33554309
152000 1598.33554309
153000 1598.33554309
154000 1598.33554309
155000 1546.26187717
156000 1546.26187717
157000 1546.26187717
158000 1546.26187717
159000 1660.40648478
160000 1660.40648478
161000 1660.40648478
162000 1660.40648478
163000 1660.40648478
164000 1293.73709398
165000 1293.73709398
166000 1293.73709398
167000 1293.73709398
168000 1293.73709398
169000 1293.73709398
170000 1293.73709398
171000 1293.73709398
172000 1293.73709398
173000 1293.73709398
174000 1193.11537572
175000 1193.11537572
176000 1193.11537572
177000 1193.11537572
178000 1301.24642958
179000 1409.37748344
180000 1409.37748344
181000 1409.37748344
182000 1409.37748344
183000 1409.37748344
184000 1284.32863071
185000 1284.32863071
186000 1284.32863071
187000 1267.39753266
188000 1250.46643461
189000 1250.46643461
190000 1250.46643461
191000 1250.46643461
192000 1534.75618375
193000 1534.75618375
194000 1606.43554516
195000 1606.43554516
196000 1606.43554516
197000 1606.43554516
198000 1210.20081633
199000 1012.87824859
200000 815.555680857
201000 815.555680857
202000 815.555680857
203000 815.555680857
204000 895.873720579
205000 976.1917603
206000 976.1917603
207000 981.528005035
208000 981.528005035
209000 981.528005035
210000 1867.99017199
211000 1867.99017199
212000 1945.09407115
213000 1917.71428571
214000 1917.71428571
215000 1896.2551382
216000 1820.25753101
217000 1820.25753101
218000 1938.21771467
219000 1938.21771467
220000 1938.69759144
221000 1781.94818653
222000 1993.91074796
223000 1993.91074796
224000 1993.91074796
225000 1993.91074796
226000 1993.91074796
227000 1993.91074796
228000 1993.91074796
229000 1927.97770207
230000 1927.97770207
231000 1927.97770207
232000 1912.51150246
233000 1912.51150246
234000 1912.51150246
235000 1912.51150246
236000 1912.51150246
237000 1912.51150246
238000 1912.51150246
239000 1990.29903354
240000 1990.29903354
241000 1990.29903354
242000 1990.29903354
243000 1990.29903354
244000 1990.29903354
245000 1990.29903354
246000 1981.45385656
247000 1981.45385656
248000 1981.45385656
249000 1981.45385656
250000 1957.0430322
251000 1957.0430322
252000 1957.0430322
253000 1957.0430322
254000 1962.83009874
255000 1962.83009874
256000 1962.83009874
257000 1877.03937008
258000 1877.03937008
259000 1877.03937008
260000 1920.8248442
261000 1964.61031833
262000 1964.61031833
263000 1964.61031833
264000 1994.07177898
265000 1994.07177898
266000 1994.07177898
267000 1994.07177898
268000 2005.10524719
269000 2005.10524719
270000 2005.10524719
271000 2005.10524719
272000 2005.10524719
273000 2005.10524719
274000 2005.10524719
275000 1896.59836748
276000 1896.59836748
277000 1896.59836748
278000 1896.59836748
279000 1896.59836748
280000 1896.59836748
281000 1750.69741824
282000 1750.69741824
283000 1750.69741824
284000 1750.69741824
285000 1750.69741824
286000 1750.69741824
287000 1107.38450654
288000 1107.38450654
289000 1107.38450654
290000 1107.38450654
291000 1107.38450654
292000 1107.38450654
293000 1486.87732342
294000 1486.87732342
295000 1486.87732342
296000 1486.87732342
297000 788.475343573
298000 788.475343573
299000 788.475343573
300000 788.475343573
301000 788.475343573
302000 788.475343573
303000 788.475343573
304000 788.475343573
305000 1268.55636687
306000 1268.55636687
307000 1268.55636687
308000 1268.55636687
309000 1268.55636687
310000 981.968316623
311000 695.380266377
312000 695.380266377
313000 695.380266377
314000 652.986419996
315000 652.986419996
316000 652.986419996
317000 652.986419996
318000 652.986419996
319000 652.986419996
320000 1214.94601019
321000 1214.94601019
322000 1214.94601019
323000 1310.47832168
324000 1310.47832168
325000 1310.47832168
326000 1336.94067797
327000 1644.46561992
328000 1644.46561992
329000 1644.46561992
330000 1644.46561992
331000 1229.35393147
332000 1229.35393147
333000 1229.35393147
334000 1229.35393147
335000 1229.35393147
336000 1621.03085299
337000 1621.03085299
338000 1621.03085299
339000 1621.03085299
340000 1621.03085299
341000 1584.35483871
342000 1584.35483871
343000 1584.35483871
344000 1584.35483871
345000 1584.35483871
346000 1593.34653465
347000 1593.34653465
348000 1593.34653465
349000 1593.34653465
350000 1598.33554309
351000 1598.33554309
352000 1598.33554309
353000 1598.33554309
354000 1546.26187717
355000 1546.26187717
356000 1546.26187717
357000 870.212121212
358000 1660.40648478
359000 1660.40648478
360000 1660.40648478
361000 1660.40648478
362000 1660.40648478
363000 1293.73709398
364000 1293.73709398
365000 1293.73709398
366000 1293.73709398
367000 1293.73709398
368000 1293.73709398
369000 1293.73709398
370000 1293.73709398
371000 1293.73709398
372000 646.86854699
373000 1193.11537572
374000 1193.11537572
375000 1193.11537572
376000 1193.11537572
377000 1409.37748344
378000 1409.37748344
379000 1409.37748344
380000 1409.37748344
381000 1409.37748344
382000 1284.32863071
383000 1284.32863071
384000 1284.32863071
385000 1284.32863071
386000 1250.46643461
387000 1250.46643461
388000 1250.46643461
389000 1250.46643461
390000 1534.75618375
391000 1534.75618375
392000 1534.75618375
393000 1606.43554516
394000 1606.43554516
395000 1606.43554516
396000 1210.20081633
