0 11078.1356932
1000 11078.1356932
2000 11078.1356932
3000 11078.1356932
4000 11078.1356932
5000 11078.1356932
6000 11078.1356932
7000 11078.1356932
8000 2652.40310078
9000 2652.40310078
10000 987.0
11000 987.0
12000 987.0
13000 987.0
14000 987.0
15000 3530.19316375
16000 6073.3863275
17000 3639.42540967
18000 1205.46449184
19000 1205.46449184
20000 1205.46449184
21000 1205.46449184
22000 2143.07263831
23000 2143.07263831
24000 2143.07263831
25000 2110.89169874
26000 2110.89169874
27000 2176.98550725
28000 2176.98550725
29000 2699.19098822
30000 2699.19098822
31000 4329.55163446
32000 4267.40223769
33000 2574.89219467
34000 2574.89219467
35000 2574.89219467
36000 2574.89219467
37000 2574.89219467
38000 1864.48536339
39000 1154.07853211
40000 1154.07853211
41000 1154.07853211
42000 1154.07853211
43000 1154.07853211
44000 8865.80487805
45000 5936.90243902
46000 3008.0
47000 3008.0
48000 4920.45780795
49000 2986.87385511
50000 1053.28990228
51000 1053.28990228
52000 1053.28990228
53000 1053.28990228
54000 1053.28990228
55000 1053.28990228
56000 1053.28990228
57000 2011.94458424
58000 2970.5992662
59000 2970.5992662
60000 1576.29491367
61000 1576.29491367
62000 1576.29491367
63000 1860.80690399
64000 1860.80690399
65000 1860.80690399
66000 1860.80690399
67000 1860.80690399
68000 6761.43549952
69000 1435.72139303
70000 1435.72139303
71000 1435.72139303
72000 1435.72139303
73000 1435.72139303
74000 1838.88878461
75000 1838.88878461
76000 1838.88878461
77000 1838.88878461
78000 1838.88878461
79000 1728.80231437
80000 1728.80231437
81000 1728.80231437
82000 1728.80231437
83000 2272.20278834
84000 2272.20278834
85000 2272.20278834
86000 2272.20278834
87000 2274.01640958
88000 2274.01640958
89000 2274.01640958
90000 3151.02392344
91000 3151.02392344
92000 9410.63714637
93000 6673.7405512
94000 3936.84395604
95000 3936.84395604
96000 8444.085789
97000 3887.27347781
98000 3887.27347781
99000 12286.3711002
100000 6767.8104765
101000 1249.2498528
102000 1249.2498528
103000 1249.2498528
104000 1249.2498528
105000 1249.2498528
106000 2492.0
107000 318.152100691
108000 318.152100691
109000 318.152100691
110000 318.152100691
111000 318.152100691
112000 318.152100691
113000 3009.65730028
114000 3009.65730028
115000 1581.83477981
116000 1581.83477981
117000 1581.83477981
118000 1546.13689908
119000 1546.13689908
120000 1546.13689908
121000 1546.13689908
122000 2131.66295707
123000 2131.66295707
124000 1880.71005216
125000 1629.75714725
126000 1629.75714725
127000 1629.75714725
128000 1441.93301435
129000 1441.93301435
130000 1441.93301435
131000 1441.93301435
132000 2232.09737182
133000 4464.19474364
134000 4464.19474364
135000 4464.19474364
136000 4464.19474364
137000 4097.96065307
138000 3731.7265625
139000 3731.7265625
140000 3731.7265625
141000 3731.7265625
142000 3731.7265625
143000 3731.7265625
144000 3731.7265625
145000 3731.7265625
146000 5111.55771096
147000 5111.55771096
148000 5111.55771096
149000 5111.55771096
150000 5111.55771096
151000 5111.55771096
152000 9784.75412111
153000 9784.75412111
154000 9784.75412111
155000 9784.75412111
156000 9784.75412111
157000 9784.75412111
158000 9784.75412111
159000 6865.26939699
160000 2652.40310078
161000 2652.40310078
162000 987.0
163000 987.0
164000 987.0
165000 987.0
166000 987.0
167000 3530.19316375
168000 6073.3863275
169000 3639.42540967
170000 1205.46449184
171000 1205.46449184
172000 1205.46449184
173000 1205.46449184
174000 2143.07263831
175000 2143.07263831
176000 2143.07263831
177000 2110.89169874
178000 2110.89169874
179000 2176.98550725
180000 2176.98550725
181000 2699.19098822
182000 2699.19098822
183000 5959.9122807
184000 2574.89219467
185000 2574.89219467
186000 2574.89219467
187000 2574.89219467
188000 2574.89219467
189000 2574.89219467
190000 1154.07853211
191000 1154.07853211
192000 1154.07853211
193000 1154.07853211
194000 1154.07853211
195000 1154.07853211
196000 8865.80487805
197000 3008.0
198000 3008.0
199000 3964.22890397
200000 4920.45780795
201000 1053.28990228
202000 1053.28990228
203000 1053.28990228
204000 1053.28990228
205000 1053.28990228
206000 1053.28990228
207000 1053.28990228
208000 1053.28990228
209000 2970.5992662
210000 2970.5992662
211000 2970.5992662
212000 1576.29491367
213000 1576.29491367
214000 1718.55090883
215000 1860.80690399
216000 1860.80690399
217000 1860.80690399
218000 1860.80690399
219000 4311.12120175
220000 6761.43549952
221000 1435.72139303
222000 1435.72139303
223000 1435.72139303
224000 1435.72139303
225000 1435.72139303
226000 1838.88878461
227000 1838.88878461
228000 1838.88878461
229000 1838.88878461
230000 1783.84554949
231000 1728.80231437
232000 1728.80231437
233000 1728.80231437
234000 1728.80231437
235000 2272.20278834
236000 2272.20278834
237000 2272.20278834
238000 2273.10959896
239000 2274.01640958
240000 2274.01640958
241000 2274.01640958
242000 3151.02392344
243000 3151.02392344
244000 9410.63714637
245000 6673.7405512
246000 3936.84395604
247000 8468.87102812
248000 8444.085789
249000 3887.27347781
250000 3887.27347781
251000 12286.3711002
252000 1249.2498528
253000 1249.2498528
254000 1249.2498528
255000 1249.2498528
256000 1249.2498528
257000 1870.6249264
258000 2492.0
259000 318.152100691
260000 318.152100691
261000 318.152100691
262000 318.152100691
263000 318.152100691
264000 318.152100691
265000 3009.65730028
266000 3009.65730028
267000 1581.83477981
268000 1581.83477981
269000 1581.83477981
270000 1546.13689908
271000 1546.13689908
272000 1546.13689908
273000 1838.89992807
274000 2131.66295707
275000 2131.66295707
276000 1880.71005216
277000 1629.75714725
278000 1629.75714725
279000 1629.75714725
280000 1441.93301435
281000 1441.93301435
282000 1441.93301435
283000 720.966507175
284000 2232.09737182
285000 4464.19474364
286000 4464.19474364
287000 4464.19474364
288000 4464.19474364
289000 4097.96065307
290000 3731.7265625
291000 3731.7265625
292000 3731.7265625
293000 3731.7265625
294000 3731.7265625
295000 3731.7265625
296000 3731.7265625
297000 3731.7265625
298000 5111.55771096
299000 5111.55771096
300000 5111.55771096
301000 5111.55771096
302000 5111.55771096
303000 5111.55771096
