0 6082.51169252
1000 6082.51169252
2000 6082.51169252
3000 6082.51169252
4000 6082.51169252
5000 6082.51169252
6000 2671.25330456
7000 2671.25330456
8000 2671.25330456
9000 2671.25330456
10000 4024.22880282
11000 5377.20430108
12000 5377.20430108
13000 4255.36507937
14000 4255.36507937
15000 4255.36507937
16000 4828.37668727
17000 5401.38829517
18000 5401.38829517
19000 6701.93574758
20000 8002.4832
21000 7216.50661767
22000 6430.53003534
23000 6430.53003534
24000 5139.56835604
25000 3848.60667674
26000 3848.60667674
27000 3848.60667674
28000 3848.60667674
29000 3848.60667674
30000 3848.60667674
31000 3848.60667674
32000 3848.60667674
33000 3848.60667674
34000 3848.60667674
35000 3848.60667674
36000 3848.60667674
37000 3848.60667674
38000 3848.60667674
39000 3848.60667674
40000 5391.64417411
41000 5391.64417411
42000 5391.64417411
43000 5391.64417411
44000 5391.64417411
45000 5712.33826638
46000 5712.33826638
47000 5712.33826638
48000 5712.33826638
49000 5712.33826638
50000 2483.85081673
51000 2483.85081673
52000 2483.85081673
53000 2483.85081673
54000 2483.85081673
55000 2483.85081673
56000 2483.85081673
57000 2483.85081673
58000 2483.85081673
59000 2483.85081673
60000 2483.85081673
61000 2756.54944772
62000 3029.2480787
63000 3029.2480787
64000 3029.2480787
65000 3541.56104581
66000 3541.56104581
67000 3541.56104581
68000 3541.56104581
69000 3541.56104581
70000 3135.60601064
71000 3135.60601064
72000 3135.60601064
73000 3135.60601064
74000 3135.60601064
75000 2729.65097548
76000 2729.65097548
77000 2729.65097548
78000 2729.65097548
79000 2729.65097548
80000 2729.65097548
81000 2853.00424953
82000 2853.00424953
83000 2976.35752358
84000 2976.35752358
85000 3346.87954653
86000 3346.87954653
87000 3346.87954653
88000 3346.87954653
89000 3346.87954653
90000 3346.87954653
91000 3346.87954653
92000 3346.87954653
93000 3346.87954653
94000 3346.87954653
95000 3346.87954653
96000 3346.87954653
97000 3346.87954653
98000 3346.87954653
99000 3346.87954653
100000 3346.87954653
101000 3346.87954653
102000 3070.07461894
103000 2793.26969135
104000 2793.26969135
105000 2793.26969135
106000 2793.26969135
107000 2793.26969135
108000 2793.26969135
109000 2692.45643154
110000 2692.45643154
111000 2692.45643154
112000 2692.45643154
113000 3091.78125112
114000 3491.10607071
115000 3491.10607071
116000 3491.10607071
117000 3228.5046893
118000 2965.90330789
119000 2965.90330789
120000 2965.90330789
121000 2965.90330789
122000 1482.95165395
123000 0.0
124000 1974.5377036
125000 1974.5377036
126000 1974.5377036
127000 1974.5377036
128000 1974.5377036
129000 2338.46929193
130000 2338.46929193
131000 2338.46929193
132000 2338.46929193
133000 2702.40088025
134000 2702.40088025
135000 2702.40088025
136000 2702.40088025
137000 2702.40088025
138000 2702.40088025
139000 2933.46255507
140000 2933.46255507
141000 2933.46255507
142000 2933.46255507
143000 2856.25197471
144000 2856.25197471
145000 2779.04139434
146000 2779.04139434
147000 2779.04139434
148000 1389.52069717
149000 1389.52069717
150000 1389.52069717
151000 1389.52069717
152000 1389.52069717
153000 0.0
154000 1139.67613637
155000 2279.35227273
156000 2279.35227273
157000 2279.35227273
158000 2279.35227273
159000 2600.13183257
160000 2920.91139241
161000 2920.91139241
162000 2920.91139241
163000 4501.71154247
164000 4501.71154247
165000 6082.51169252
166000 6082.51169252
167000 6082.51169252
168000 6082.51169252
169000 2671.25330456
170000 2671.25330456
171000 2671.25330456
172000 2671.25330456
173000 5377.20430108
174000 5377.20430108
175000 4816.28469023
176000 4255.36507937
177000 4255.36507937
178000 4255.36507937
179000 4828.37668727
180000 5401.38829517
181000 5401.38829517
182000 6701.93574758
183000 8002.4832
184000 7216.50661767
185000 6430.53003534
186000 6430.53003534
187000 5139.56835604
188000 3848.60667674
189000 3848.60667674
190000 3848.60667674
191000 3848.60667674
192000 3848.60667674
193000 3848.60667674
194000 3848.60667674
195000 3848.60667674
196000 3848.60667674
197000 3848.60667674
198000 3848.60667674
199000 3848.60667674
200000 3848.60667674
201000 3848.60667674
202000 4620.12542542
203000 5391.64417411
204000 5391.64417411
205000 5391.64417411
206000 5391.64417411
207000 5391.64417411
208000 5712.33826638
209000 5712.33826638
210000 5712.33826638
211000 5712.33826638
212000 5712.33826638
213000 2483.85081673
214000 2483.85081673
215000 2483.85081673
216000 2483.85081673
217000 2483.85081673
218000 2483.85081673
219000 2483.85081673
220000 2483.85081673
221000 2483.85081673
222000 2483.85081673
223000 2483.85081673
224000 2756.54944772
225000 3029.2480787
226000 3029.2480787
227000 3029.2480787
228000 3541.56104581
229000 3541.56104581
230000 3541.56104581
231000 3541.56104581
232000 3135.60601064
233000 3135.60601064
234000 3135.60601064
235000 3135.60601064
236000 3135.60601064
237000 3135.60601064
238000 2729.65097548
239000 2729.65097548
240000 2729.65097548
241000 2729.65097548
242000 2729.65097548
243000 2729.65097548
244000 2853.00424953
245000 2853.00424953
246000 2976.35752358
247000 2976.35752358
248000 3346.87954653
249000 3346.87954653
250000 3346.87954653
251000 3346.87954653
252000 3346.87954653
253000 3346.87954653
254000 3346.87954653
255000 3346.87954653
256000 3346.87954653
257000 3346.87954653
258000 3346.87954653
259000 3346.87954653
260000 3346.87954653
261000 3346.87954653
262000 3346.87954653
263000 3346.87954653
264000 3346.87954653
265000 3070.07461894
266000 2793.26969135
267000 2793.26969135
268000 2793.26969135
269000 2793.26969135
270000 2793.26969135
271000 2742.86306144
272000 2692.45643154
273000 2692.45643154
274000 2692.45643154
275000 2692.45643154
276000 3091.78125112
277000 3491.10607071
278000 3491.10607071
279000 3491.10607071
280000 3228.5046893
281000 2965.90330789
282000 2965.90330789
283000 2965.90330789
284000 1482.95165395
285000 1482.95165395
286000 0.0
287000 1974.5377036
288000 1974.5377036
289000 1974.5377036
290000 1974.5377036
291000 1974.5377036
292000 2338.46929193
293000 2338.46929193
294000 2338.46929193
295000 2338.46929193
296000 2702.40088025
297000 2702.40088025
298000 2702.40088025
299000 2702.40088025
300000 2702.40088025
301000 2702.40088025
302000 2933.46255507
303000 2933.46255507
304000 2933.46255507
305000 2933.46255507
306000 2856.25197471
307000 2856.25197471
308000 2779.04139434
309000 2779.04139434
310000 2779.04139434
311000 1389.52069717
312000 1389.52069717
313000 1389.52069717
314000 1389.52069717
315000 1389.52069717
316000 0.0
317000 2279.35227273
318000 2279.35227273
319000 2279.35227273
320000 2279.35227273
321000 2279.35227273
322000 2600.13183257
323000 2920.91139241
324000 2920.91139241
325000 2920.91139241
