0 947.655249065
1000 947.655249065
2000 947.655249065
3000 947.655249065
4000 947.655249065
5000 947.655249065
6000 947.655249065
7000 947.655249065
8000 947.655249065
9000 947.655249065
10000 947.655249065
11000 1409.7974429
12000 1409.7974429
13000 1409.7974429
14000 1409.7974429
15000 1409.7974429
16000 1409.7974429
17000 1409.7974429
18000 3632.51105651
19000 3632.51105651
20000 3632.51105651
21000 3058.10909091
22000 3058.10909091
23000 4368.78600269
24000 4368.78600269
25000 4368.78600269
26000 3935.33153639
27000 3935.33153639
28000 3935.33153639
29000 2566.11681416
30000 2566.11681416
31000 2566.11681416
32000 2566.11681416
33000 2566.11681416
34000 2566.11681416
35000 2566.11681416
36000 2566.11681416
37000 2566.11681416
38000 2566.11681416
39000 3293.25350795
40000 3293.25350795
41000 3293.25350795
42000 3293.25350795
43000 3293.25350795
44000 1939.60712234
45000 1939.60712234
46000 1939.60712234
47000 1939.60712234
48000 1939.60712234
49000 1939.60712234
50000 1939.60712234
51000 4263.12325365
52000 4263.12325365
53000 4263.12325365
54000 3795.92888889
55000 3795.92888889
56000 3795.92888889
57000 3795.92888889
58000 3187.83627641
59000 3187.83627641
60000 3187.83627641
61000 3187.83627641
62000 3187.83627641
63000 3187.83627641
64000 3187.83627641
65000 3187.83627641
66000 3187.83627641
67000 3187.83627641
68000 3459.4953708
69000 3459.4953708
70000 3459.4953708
71000 3459.4953708
72000 3459.4953708
73000 3459.4953708
74000 3459.4953708
75000 3459.4953708
76000 3459.4953708
77000 3459.4953708
78000 3459.4953708
79000 2809.37847866
80000 2809.37847866
81000 2809.37847866
82000 2809.37847866
83000 2809.37847866
84000 2809.37847866
85000 2809.37847866
86000 2809.37847866
87000 2809.37847866
88000 5041.71807888
89000 5041.71807888
90000 5041.71807888
91000 5041.71807888
92000 5041.71807888
93000 4401.49542872
94000 3761.27277856
95000 3761.27277856
96000 3761.27277856
97000 3761.27277856
98000 3761.27277856
99000 3761.27277856
100000 3761.27277856
101000 3403.88775764
102000 3403.88775764
103000 3403.88775764
104000 3403.88775764
105000 3403.88775764
106000 3403.88775764
107000 3403.88775764
108000 3403.88775764
109000 2735.70737147
110000 2735.70737147
111000 2735.70737147
112000 2735.70737147
113000 2735.70737147
114000 2735.70737147
115000 2735.70737147
116000 2735.70737147
117000 2735.70737147
118000 4079.88373393
119000 4079.88373393
120000 4079.88373393
121000 4079.88373393
122000 3320.52894163
123000 3320.52894163
124000 3320.52894163
125000 3320.52894163
126000 2763.91658993
127000 2207.30423822
128000 2207.30423822
129000 2207.30423822
130000 2207.30423822
131000 2207.30423822
132000 2207.30423822
133000 2460.3426931
134000 2460.3426931
135000 2460.3426931
136000 2460.3426931
137000 2460.3426931
138000 2460.3426931
139000 2460.3426931
140000 2460.3426931
141000 2460.3426931
142000 2460.3426931
143000 2460.3426931
144000 2460.3426931
145000 3809.80405036
146000 3809.80405036
147000 3809.80405036
148000 3809.80405036
149000 3809.80405036
150000 3809.80405036
151000 3809.80405036
152000 3111.62015384
153000 2413.43625731
154000 3347.97193657
155000 3347.97193657
156000 3347.97193657
157000 3347.97193657
158000 3347.97193657
159000 3347.97193657
160000 3347.97193657
161000 3347.97193657
162000 3347.97193657
163000 3347.97193657
164000 3526.25263495
165000 3704.53333333
166000 3704.53333333
167000 3704.53333333
168000 3704.53333333
169000 3704.53333333
170000 3704.53333333
171000 3704.53333333
172000 3328.1154193
173000 3328.1154193
174000 3328.1154193
175000 3328.1154193
176000 3328.1154193
177000 3328.1154193
178000 3328.1154193
179000 3805.98216561
180000 3805.98216561
181000 3805.98216561
182000 3805.98216561
183000 3805.98216561
184000 3805.98216561
185000 3805.98216561
186000 3805.98216561
187000 3805.98216561
188000 1902.9910828
189000 4220.28538776
190000 4220.28538776
191000 4220.28538776
192000 4220.28538776
193000 4220.28538776
194000 4220.28538776
195000 4153.1456
196000 4153.1456
197000 4153.1456
198000 4153.1456
199000 4153.1456
200000 2550.40042453
201000 947.655249065
202000 947.655249065
203000 947.655249065
204000 947.655249065
205000 947.655249065
206000 947.655249065
207000 947.655249065
208000 947.655249065
209000 947.655249065
210000 947.655249065
211000 1409.7974429
212000 1409.7974429
213000 1409.7974429
214000 1409.7974429
215000 1409.7974429
216000 1409.7974429
217000 1409.7974429
218000 3632.51105651
219000 3632.51105651
220000 3632.51105651
221000 3058.10909091
222000 3713.4475468
223000 4368.78600269
224000 4368.78600269
225000 4368.78600269
226000 3935.33153639
227000 3935.33153639
228000 3935.33153639
229000 2566.11681416
230000 2566.11681416
231000 2566.11681416
232000 2566.11681416
233000 2566.11681416
234000 2566.11681416
235000 2566.11681416
236000 2566.11681416
237000 2566.11681416
238000 2566.11681416
239000 3293.25350795
240000 3293.25350795
241000 3293.25350795
242000 3293.25350795
243000 1939.60712234
244000 1939.60712234
245000 1939.60712234
246000 1939.60712234
247000 1939.60712234
248000 1939.60712234
249000 1939.60712234
250000 3101.365188
251000 4263.12325365
252000 4263.12325365
253000 4263.12325365
254000 3795.92888889
255000 3795.92888889
256000 3795.92888889
257000 1897.96444445
258000 3187.83627641
259000 3187.83627641
260000 3187.83627641
261000 3187.83627641
262000 3187.83627641
263000 3187.83627641
264000 3187.83627641
265000 3187.83627641
266000 3187.83627641
267000 3187.83627641
268000 3459.4953708
269000 3459.4953708
270000 3459.4953708
271000 3459.4953708
272000 3459.4953708
273000 3459.4953708
274000 3459.4953708
275000 3459.4953708
276000 3459.4953708
277000 3459.4953708
278000 3459.4953708
279000 2809.37847866
280000 2809.37847866
281000 2809.37847866
282000 2809.37847866
283000 2809.37847866
284000 2809.37847866
285000 2809.37847866
286000 2809.37847866
287000 2809.37847866
288000 5041.71807888
289000 5041.71807888
290000 5041.71807888
291000 5041.71807888
292000 5041.71807888
293000 3761.27277856
294000 3761.27277856
295000 3761.27277856
296000 3761.27277856
297000 3761.27277856
298000 3761.27277856
299000 3761.27277856
300000 3761.27277856
301000 3403.88775764
302000 3403.88775764
303000 3403.88775764
304000 3403.88775764
305000 3403.88775764
306000 3403.88775764
307000 3403.88775764
308000 3403.88775764
309000 2735.70737147
310000 2735.70737147
311000 2735.70737147
312000 2735.70737147
313000 2735.70737147
314000 2735.70737147
315000 2735.70737147
316000 2735.70737147
317000 2735.70737147
318000 4079.88373393
319000 4079.88373393
320000 4079.88373393
321000 4079.88373393
322000 3320.52894163
323000 3320.52894163
324000 3320.52894163
325000 3320.52894163
326000 2763.91658993
327000 2207.30423822
328000 2207.30423822
329000 2207.30423822
330000 2207.30423822
331000 2207.30423822
332000 2207.30423822
333000 2460.3426931
334000 2460.3426931
335000 2460.3426931
336000 2460.3426931
337000 2460.3426931
338000 2460.3426931
339000 2460.3426931
340000 2460.3426931
341000 2460.3426931
342000 2460.3426931
343000 2460.3426931
344000 3135.07337173
345000 3809.80405036
346000 3809.80405036
347000 3809.80405036
348000 3809.80405036
349000 3809.80405036
350000 3809.80405036
351000 3809.80405036
352000 2413.43625731
353000 3347.97193657
354000 3347.97193657
355000 3347.97193657
356000 3347.97193657
357000 3347.97193657
358000 3347.97193657
359000 3347.97193657
360000 3347.97193657
361000 3347.97193657
362000 3347.97193657
363000 3347.97193657
364000 3704.53333333
365000 3704.53333333
366000 3704.53333333
367000 3704.53333333
368000 3704.53333333
369000 3704.53333333
370000 3704.53333333
371000 3516.32437632
372000 3328.1154193
373000 3328.1154193
374000 3328.1154193
375000 3328.1154193
376000 3328.1154193
377000 3328.1154193
378000 3567.04879245
379000 3805.98216561
380000 3805.98216561
381000 3805.98216561
382000 3805.98216561
383000 3805.98216561
384000 3805.98216561
385000 3805.98216561
386000 3805.98216561
387000 3805.98216561
388000 0.0
389000 4220.28538776
390000 4220.28538776
391000 4220.28538776
392000 4220.28538776
393000 4220.28538776
394000 4220.28538776
395000 4153.1456
396000 4153.1456
397000 4153.1456
398000 4153.1456
399000 4153.1456
