0 1329.68871075
1000 1329.68871075
2000 1329.68871075
3000 1329.68871075
4000 1329.68871075
5000 2895.2
6000 4229.76322418
7000 5169.1826087
8000 226.293515358
9000 8839.29824561
10000 7689.77738884
11000 6540.25653207
12000 6540.25653207
13000 8307.21450151
14000 8680.66982622
15000 8680.66982622
16000 8567.44980237
17000 9168.56661046
18000 6835.9376947
19000 6835.9376947
20000 4694.14532872
21000 4694.14532872
22000 4642.63508607
23000 4591.12484342
24000 4591.12484342
25000 6106.37265711
26000 6106.37265711
27000 9352.75731497
28000 7609.79104478
29000 7609.79104478
30000 9146.8013468
31000 5718.19381875
32000 5718.19381875
33000 6236.2037037
34000 6236.2037037
35000 6059.89427313
36000 6059.89427313
37000 7365.98213058
38000 5924.58973307
39000 4483.19733555
40000 4483.19733555
41000 3712.4313861
42000 3712.4313861
43000 3712.4313861
44000 4074.31910112
45000 4074.31910112
46000 4074.31910112
47000 5623.88571429
48000 5623.88571429
49000 9785.50180505
50000 9849.56521739
51000 6753.05341615
52000 6753.05341615
53000 4705.73121511
54000 4705.73121511
55000 3353.01872659
56000 3353.01872659
57000 3353.01872659
58000 3353.01872659
59000 2322.52307692
60000 2322.52307692
61000 2322.52307692
62000 2322.52307692
63000 3001.60332751
64000 3680.6835781
65000 3680.6835781
66000 3680.6835781
67000 8607.27158556
68000 7824.20367751
69000 7824.20367751
70000 9100.66019417
71000 6435.29164231
72000 6435.29164231
73000 6253.1559633
74000 6253.1559633
75000 6378.67286461
76000 7552.23298403
77000 8725.79310345
78000 7212.40774194
79000 8177.60555164
80000 8177.60555164
81000 9142.80336134
82000 8177.91195237
83000 8177.91195237
84000 8177.91195237
85000 8177.91195237
86000 7213.02054341
87000 6663.54479225
88000 6663.54479225
89000 6663.54479225
90000 6663.54479225
91000 6114.0690411
92000 6114.0690411
93000 5924.69787653
94000 5924.69787653
95000 5924.69787653
96000 5735.32671197
97000 5735.32671197
98000 5950.33625318
99000 5950.33625318
100000 5950.33625318
101000 6165.34579439
102000 6165.34579439
103000 3747.51725257
104000 1329.68871075
105000 1329.68871075
106000 1329.68871075
107000 2895.2
108000 4229.76322418
109000 4699.47291644
110000 5169.1826087
111000 8839.29824561
112000 7689.77738884
113000 6540.25653207
114000 6540.25653207
115000 8307.21450151
116000 8680.66982622
117000 8680.66982622
118000 8567.44980237
119000 9168.56661046
120000 8002.25215258
121000 6835.9376947
122000 4694.14532872
123000 4694.14532872
124000 4694.14532872
125000 4591.12484342
126000 4591.12484342
127000 6106.37265711
128000 6106.37265711
129000 9352.75731497
130000 7609.79104478
131000 7609.79104478
132000 9146.8013468
133000 5718.19381875
134000 5718.19381875
135000 6236.2037037
136000 6236.2037037
137000 6059.89427313
138000 6059.89427313
139000 7365.98213058
140000 7365.98213058
141000 4483.19733555
142000 4483.19733555
143000 3712.4313861
144000 3712.4313861
145000 3712.4313861
146000 4074.31910112
147000 4074.31910112
148000 4074.31910112
149000 5623.88571429
150000 5623.88571429
151000 9785.50180505
152000 9849.56521739
153000 8301.30931677
154000 6753.05341615
155000 4705.73121511
156000 4705.73121511
157000 4705.73121511
158000 3353.01872659
159000 3353.01872659
160000 3353.01872659
161000 2322.52307692
162000 2322.52307692
163000 2322.52307692
164000 2322.52307692
165000 2322.52307692
166000 3680.6835781
167000 3680.6835781
168000 3680.6835781
169000 8607.27158556
170000 7824.20367751
171000 7824.20367751
172000 9100.66019417
173000 6435.29164231
174000 6435.29164231
175000 6253.1559633
176000 6253.1559633
177000 6378.67286461
178000 6378.67286461
179000 8725.79310345
180000 7212.40774194
181000 7212.40774194
182000 8177.60555164
183000 9142.80336134
184000 8177.91195237
185000 8177.91195237
186000 8177.91195237
187000 8177.91195237
188000 7213.02054341
189000 7213.02054341
190000 6663.54479225
191000 6663.54479225
192000 6663.54479225
193000 6114.0690411
194000 6114.0690411
195000 5924.69787653
196000 5924.69787653
197000 5924.69787653
198000 5735.32671197
199000 5735.32671197
200000 5950.33625318
201000 5950.33625318
202000 5950.33625318
203000 6165.34579439
204000 6165.34579439
