0 8179.77358491
1000 8179.77358491
2000 932.100840336
3000 932.100840336
4000 932.100840336
5000 932.100840336
6000 932.100840336
7000 15588.5176471
8000 2683.24082141
9000 1407.63181908
10000 1407.63181908
11000 1407.63181908
12000 1407.63181908
13000 1407.63181908
14000 1407.63181908
15000 1299.88320486
16000 1299.88320486
17000 1299.88320486
18000 1299.88320486
19000 5946.09045226
20000 6279.68831169
21000 1668.36888743
22000 1668.36888743
23000 1668.36888743
24000 1500.61913937
25000 1500.61913937
26000 1500.61913937
27000 1368.79600461
28000 1368.79600461
29000 1368.79600461
30000 1550.67183863
31000 1550.67183863
32000 1117.45774072
33000 684.243642815
34000 2250.97230181
35000 2250.97230181
36000 2250.97230181
37000 2250.97230181
38000 626.903265558
39000 2852.54881541
40000 2852.54881541
41000 2852.54881541
42000 2852.54881541
43000 2965.62417632
44000 2965.62417632
45000 2965.62417632
46000 2965.62417632
47000 2965.62417632
48000 3437.65132497
49000 14769.4579882
50000 13931.1095377
51000 13092.7610873
52000 13062.2473304
53000 13031.7335734
54000 13031.7335734
55000 8105.45699254
56000 3179.18041168
57000 3179.18041168
58000 3179.18041168
59000 3179.18041168
60000 3179.18041168
61000 3179.18041168
62000 3179.18041168
63000 4311.0999944
64000 5443.01957713
65000 5443.01957713
66000 5443.01957713
67000 5443.01957713
68000 5443.01957713
69000 2296.51575516
70000 2296.51575516
71000 2296.51575516
72000 2296.51575516
73000 2296.51575516
74000 3963.52355364
75000 3963.52355364
76000 3963.52355364
77000 3963.52355364
78000 3963.52355364
79000 3963.52355364
80000 5410.39903265
81000 5410.39903265
82000 5410.39903265
83000 2805.84537645
84000 2805.84537645
85000 2805.84537645
86000 2805.84537645
87000 2605.30487239
88000 2605.30487239
89000 2605.30487239
90000 2605.30487239
91000 2872.51593491
92000 3139.72699744
93000 3139.72699744
94000 3139.72699744
95000 3139.72699744
96000 1566.36227935
97000 1566.36227935
98000 1566.36227935
99000 1566.36227935
100000 1566.36227935
101000 1566.36227935
102000 1566.36227935
103000 1566.36227935
104000 3019.79607843
105000 3019.79607843
106000 3019.79607843
107000 3019.79607843
108000 3019.79607843
109000 3009.80422265
110000 3009.80422265
111000 3009.80422265
112000 3009.80422265
113000 1896.81789137
114000 1896.81789137
115000 1896.81789137
116000 1896.81789137
117000 7890.01713586
118000 2066.70577671
119000 2066.70577671
120000 2066.70577671
121000 12569.1428571
122000 12565.3953488
123000 10983.8356164
124000 9834.17177975
125000 932.100840336
126000 932.100840336
127000 932.100840336
128000 932.100840336
129000 932.100840336
130000 932.100840336
131000 9135.87923426
132000 2683.24082141
133000 1407.63181908
134000 1407.63181908
135000 1407.63181908
136000 1407.63181908
137000 1407.63181908
138000 1353.75751197
139000 1299.88320486
140000 1299.88320486
141000 1299.88320486
142000 1299.88320486
143000 5946.09045226
144000 6279.68831169
145000 1668.36888743
146000 1668.36888743
147000 1668.36888743
148000 1500.61913937
149000 1500.61913937
150000 1500.61913937
151000 1368.79600461
152000 1368.79600461
153000 1368.79600461
154000 1550.67183863
155000 1550.67183863
156000 684.243642815
157000 684.243642815
158000 2250.97230181
159000 2250.97230181
160000 2250.97230181
161000 1438.93778368
162000 626.903265558
163000 2852.54881541
164000 2852.54881541
165000 2852.54881541
166000 2852.54881541
167000 2965.62417632
168000 2965.62417632
169000 2965.62417632
170000 2965.62417632
171000 2965.62417632
172000 3437.65132497
173000 14769.4579882
174000 13931.1095377
175000 13092.7610873
176000 13062.2473304
177000 13031.7335734
178000 13031.7335734
179000 8105.45699254
180000 3179.18041168
181000 3179.18041168
182000 3179.18041168
183000 3179.18041168
184000 3179.18041168
185000 3179.18041168
186000 3179.18041168
187000 5443.01957713
188000 5443.01957713
189000 5443.01957713
190000 5443.01957713
191000 5443.01957713
192000 5443.01957713
193000 2296.51575516
194000 2296.51575516
195000 2296.51575516
196000 2296.51575516
197000 2296.51575516
198000 3963.52355364
199000 3963.52355364
200000 3963.52355364
201000 3963.52355364
202000 3963.52355364
203000 3963.52355364
204000 5410.39903265
205000 5410.39903265
206000 5410.39903265
207000 2805.84537645
208000 2805.84537645
209000 2805.84537645
210000 2805.84537645
211000 2605.30487239
212000 2605.30487239
213000 2605.30487239
214000 2605.30487239
215000 3139.72699744
216000 3139.72699744
217000 3139.72699744
218000 3139.72699744
219000 3139.72699744
220000 1566.36227935
221000 1566.36227935
222000 1566.36227935
223000 1566.36227935
224000 1566.36227935
225000 1566.36227935
226000 1566.36227935
227000 1566.36227935
228000 3019.79607843
229000 3019.79607843
230000 3019.79607843
231000 3019.79607843
232000 3009.80422265
233000 3009.80422265
234000 3009.80422265
235000 3009.80422265
236000 3009.80422265
237000 1896.81789137
238000 1896.81789137
239000 1896.81789137
240000 1896.81789137
241000 2066.70577671
242000 2066.70577671
243000 2066.70577671
244000 2066.70577671
245000 12291.9934818
246000 12565.3953488
247000 10983.8356164
