0 2859.80456026
1000 2859.80456026
2000 2859.80456026
3000 2026.71372549
4000 2026.71372549
5000 3939.6038835
6000 2353.42708334
7000 4706.85416667
8000 4355.05513421
9000 4003.25610175
10000 4003.25610175
11000 4003.25610175
12000 3777.25901639
13000 3777.25901639
14000 4022.34262015
15000 4267.4262239
16000 4267.4262239
17000 4267.4262239
18000 4063.68803483
19000 4902.44184146
20000 4902.44184146
21000 4902.44184146
22000 3388.28045251
23000 1874.11906355
24000 4566.32984554
25000 4566.32984554
26000 4566.32984554
27000 4566.32984554
28000 3632.55667789
29000 3632.55667789
30000 3632.55667789
31000 3632.55667789
32000 2637.41352287
33000 2637.41352287
34000 2637.41352287
35000 2637.41352287
36000 2637.41352287
37000 2637.41352287
38000 2940.62885034
39000 4390.66586394
40000 3500.34080717
41000 3500.34080717
42000 3155.47413078
43000 2810.6074544
44000 2810.6074544
45000 2810.6074544
46000 1945.09888626
47000 1945.09888626
48000 1945.09888626
49000 3637.38286894
50000 3637.38286894
51000 7081.48883375
52000 3194.10356422
53000 1597.05178211
54000 6487.65336765
55000 6487.65336765
56000 6487.65336765
57000 6487.65336765
58000 5890.14079254
59000 5890.14079254
60000 5890.14079254
61000 5890.14079254
62000 5890.14079254
63000 6861.62752868
64000 6861.62752868
65000 6861.62752868
66000 6861.62752868
67000 6861.62752868
68000 6983.9931409
69000 6983.9931409
70000 6983.9931409
71000 6975.45707499
72000 6975.45707499
73000 6975.45707499
74000 4305.2954885
75000 4305.2954885
76000 4305.2954885
77000 4305.2954885
78000 4305.2954885
79000 4305.2954885
80000 4305.2954885
81000 2998.84873355
82000 2998.84873355
83000 2998.84873355
84000 2998.84873355
85000 2998.84873355
86000 2998.84873355
87000 2998.84873355
88000 4201.13893654
89000 4201.13893654
90000 4201.13893654
91000 4201.13893654
92000 4201.13893654
93000 4201.13893654
94000 4201.13893654
95000 4573.08755462
96000 4945.0361727
97000 4945.0361727
98000 4945.0361727
99000 4090.21585105
100000 4090.21585105
101000 4090.21585105
102000 4090.21585105
103000 4090.21585105
104000 4090.21585105
105000 3852.73479031
106000 3852.73479031
107000 3852.73479031
108000 3852.73479031
109000 4598.77582668
110000 4598.77582668
111000 4598.77582668
112000 4598.77582668
113000 4466.78873413
114000 4334.80164159
115000 4334.80164159
116000 4334.80164159
117000 4334.80164159
118000 4334.80164159
119000 5565.97622964
120000 6797.15081769
121000 6797.15081769
122000 6797.15081769
123000 7070.92854677
124000 7070.92854677
125000 7070.92854677
126000 7762.58064516
127000 7762.58064516
128000 7762.58064516
129000 7762.58064516
130000 4745.10403397
131000 4745.10403397
132000 4745.10403397
133000 4745.10403397
134000 6087.63568773
135000 6087.63568773
136000 6087.63568773
137000 6087.63568773
138000 6087.63568773
139000 8718.04398448
140000 8718.04398448
141000 8718.04398448
142000 8430.68960515
143000 8143.33522581
144000 8143.33522581
145000 8143.33522581
146000 8143.33522581
147000 6252.7942173
148000 6252.7942173
149000 6252.7942173
150000 6252.7942173
151000 7004.14290897
152000 7755.49160063
153000 7755.49160063
154000 7755.49160063
155000 7115.1262351
156000 7115.1262351
157000 6474.76086957
158000 6474.76086957
159000 6474.76086957
160000 6474.76086957
161000 6400.31340824
162000 6325.86594692
163000 6325.86594692
164000 6325.86594692
165000 6325.86594692
166000 6325.86594692
167000 7276.47786537
168000 7276.47786537
169000 7276.47786537
170000 7276.47786537
171000 4997.70770037
172000 4997.70770037
173000 4997.70770037
174000 4997.70770037
175000 6875.76470588
176000 6875.76470588
177000 6875.76470588
178000 6260.42849467
179000 5645.09228346
180000 5645.09228346
181000 5645.09228346
182000 5290.31151242
183000 5290.31151242
184000 4075.05803634
185000 2859.80456026
186000 2026.71372549
187000 2026.71372549
188000 2026.71372549
189000 3939.6038835
190000 4706.85416667
191000 4706.85416667
192000 4003.25610175
193000 4003.25610175
194000 4003.25610175
195000 3777.25901639
196000 3777.25901639
197000 3777.25901639
198000 4267.4262239
199000 4267.4262239
200000 4267.4262239
201000 3224.93422819
202000 4902.44184146
203000 4902.44184146
204000 4902.44184146
205000 4902.44184146
206000 1874.11906355
207000 1874.11906355
208000 4566.32984554
209000 4566.32984554
210000 4566.32984554
211000 4566.32984554
212000 3632.55667789
213000 3632.55667789
214000 3632.55667789
215000 3632.55667789
216000 2637.41352287
217000 2637.41352287
218000 2637.41352287
219000 2637.41352287
220000 2637.41352287
221000 1490.59183673
222000 4390.66586394
223000 4390.66586394
224000 3500.34080717
225000 3500.34080717
226000 3155.47413078
227000 2810.6074544
228000 2810.6074544
229000 1945.09888626
230000 1945.09888626
231000 1945.09888626
232000 2791.2408776
233000 3637.38286894
234000 5359.43585134
235000 3194.10356422
236000 3194.10356422
237000 6487.65336765
238000 6487.65336765
239000 6487.65336765
240000 6487.65336765
241000 6487.65336765
242000 5890.14079254
243000 5890.14079254
244000 5890.14079254
245000 5890.14079254
246000 6861.62752868
247000 6861.62752868
248000 6861.62752868
249000 6861.62752868
250000 6861.62752868
251000 6983.9931409
252000 6983.9931409
253000 6983.9931409
254000 6983.9931409
255000 6975.45707499
256000 6975.45707499
257000 6975.45707499
258000 4305.2954885
259000 4305.2954885
260000 4305.2954885
261000 4305.2954885
262000 4305.2954885
263000 4305.2954885
264000 4305.2954885
265000 2998.84873355
266000 2998.84873355
267000 2998.84873355
268000 2998.84873355
269000 2998.84873355
270000 2998.84873355
271000 2998.84873355
272000 4201.13893654
273000 4201.13893654
274000 4201.13893654
275000 4201.13893654
276000 4201.13893654
277000 4201.13893654
278000 4201.13893654
279000 4945.0361727
280000 4945.0361727
281000 4945.0361727
282000 4945.0361727
283000 4090.21585105
284000 4090.21585105
285000 4090.21585105
286000 4090.21585105
287000 4090.21585105
288000 4090.21585105
289000 3852.73479031
290000 3852.73479031
291000 3852.73479031
292000 4225.75530849
293000 4598.77582668
294000 4598.77582668
295000 4598.77582668
296000 4598.77582668
297000 4334.80164159
298000 4334.80164159
299000 4334.80164159
300000 4334.80164159
301000 4334.80164159
302000 4334.80164159
303000 6797.15081769
304000 6797.15081769
305000 6797.15081769
306000 6934.03968223
307000 7070.92854677
308000 7070.92854677
309000 7070.92854677
310000 7762.58064516
311000 7762.58064516
312000 7762.58064516
313000 6253.84233957
314000 4745.10403397
315000 4745.10403397
316000 4745.10403397
317000 4745.10403397
318000 6087.63568773
319000 6087.63568773
320000 6087.63568773
321000 6087.63568773
322000 7402.83983611
323000 8718.04398448
324000 8718.04398448
325000 8718.04398448
326000 8143.33522581
327000 8143.33522581
328000 8143.33522581
329000 8143.33522581
330000 6252.7942173
331000 6252.7942173
332000 6252.7942173
333000 6252.7942173
334000 6252.7942173
335000 7004.14290897
336000 7755.49160063
337000 7755.49160063
338000 7755.49160063
339000 7115.1262351
340000 6474.76086957
341000 6474.76086957
342000 6474.76086957
343000 6474.76086957
344000 6474.76086957
345000 6400.31340824
346000 6325.86594692
347000 6325.86594692
348000 6325.86594692
349000 6325.86594692
350000 6801.17190615
351000 7276.47786537
352000 7276.47786537
353000 7276.47786537
354000 4997.70770037
355000 4997.70770037
356000 4997.70770037
357000 4997.70770037
358000 6875.76470588
359000 6875.76470588
360000 6875.76470588
361000 6875.76470588
362000 5645.09228346
363000 5645.09228346
364000 5645.09228346
365000 5645.09228346
366000 5290.31151242
367000 5290.31151242
