0 2477.75505351
1000 2477.75505351
2000 2477.75505351
3000 2477.75505351
4000 2477.75505351
5000 4206.4063745
6000 2777.09156188
7000 1347.77674925
8000 1347.77674925
9000 1347.77674925
10000 1736.05872163
11000 1736.05872163
12000 2124.34069401
13000 2124.34069401
14000 662.911536472
15000 662.911536472
16000 662.911536472
17000 662.911536472
18000 1846.28965517
19000 1846.28965517
20000 2714.22505308
21000 2607.82979409
22000 2501.4345351
23000 1222.0453012
24000 1222.0453012
25000 866.063953683
26000 510.082606166
27000 510.082606166
28000 510.082606166
29000 510.082606166
30000 510.082606166
31000 1731.30985288
32000 1731.30985288
33000 1355.91724138
34000 1355.91724138
35000 1355.91724138
36000 3734.11533304
37000 3734.11533304
38000 3051.66839054
39000 2369.22144805
40000 2369.22144805
41000 2369.22144805
42000 1873.88157813
43000 1378.54170821
44000 1378.54170821
45000 1378.54170821
46000 1378.54170821
47000 1378.54170821
48000 1378.54170821
49000 5095.42300195
50000 5782.42167968
51000 5782.42167968
52000 5782.42167968
53000 5782.42167968
54000 5782.42167968
55000 6469.42035742
56000 4918.54343891
57000 3367.6665204
58000 3367.6665204
59000 3817.19113341
60000 4266.71574642
61000 4266.71574642
62000 2983.11623021
63000 2983.11623021
64000 2983.11623021
65000 1699.516714
66000 1699.516714
67000 1699.516714
68000 1699.516714
69000 1699.516714
70000 1833.94431614
71000 1833.94431614
72000 1968.37191829
73000 1968.37191829
74000 1968.37191829
75000 1968.37191829
76000 1717.60689655
77000 1717.60689655
78000 1717.60689655
79000 1717.60689655
80000 1717.60689655
81000 1818.10970113
82000 1918.61250571
83000 1918.61250571
84000 1918.61250571
85000 1918.61250571
86000 1816.04208546
87000 1816.04208546
88000 1713.47166521
89000 1713.47166521
90000 1713.47166521
91000 1713.47166521
92000 1713.47166521
93000 3518.32508405
94000 3518.32508405
95000 3518.32508405
96000 5323.17850288
97000 6594.06631566
98000 7864.95412844
99000 8340.91774218
100000 8816.88135593
101000 6502.06333964
102000 6502.06333964
103000 6502.06333964
104000 4187.24532336
105000 4187.24532336
106000 6066.55963251
107000 7945.87394167
108000 5757.52889095
109000 5757.52889095
110000 5757.52889095
111000 5757.52889095
112000 5757.52889095
113000 3569.18384022
114000 3569.18384022
115000 4780.79163481
116000 5992.39942939
117000 4628.55187416
118000 4628.55187416
119000 4628.55187416
120000 4628.55187416
121000 3264.70431894
122000 3264.70431894
123000 4210.37080459
124000 5156.03729024
125000 5156.03729024
126000 2116.83183429
127000 2116.83183429
128000 2116.83183429
129000 2116.83183429
130000 2230.87069458
131000 2344.90955486
132000 2344.90955486
133000 2344.90955486
134000 2344.90955486
135000 2399.91437339
136000 2399.91437339
137000 2454.91919192
138000 2454.91919192
139000 2454.91919192
140000 2965.00957539
141000 3475.09995886
142000 3475.09995886
143000 3475.09995886
144000 3390.24160754
145000 3305.38325621
146000 3305.38325621
147000 3305.38325621
148000 4259.25152879
149000 4259.25152879
150000 4259.25152879
151000 5213.11980137
152000 6570.41532237
153000 6570.41532237
154000 7927.71084337
155000 6138.65354375
156000 4349.59624413
157000 4349.59624413
158000 6474.07768007
159000 6474.07768007
160000 8598.55911602
161000 7781.6956654
162000 6964.83221477
163000 4886.04208883
164000 2807.25196288
165000 2807.25196288
166000 2807.25196288
167000 2088.43949671
168000 2088.43949671
169000 1369.62703054
170000 1369.62703054
171000 1369.62703054
172000 1369.62703054
173000 1369.62703054
174000 1369.62703054
175000 1589.08854361
176000 1808.55005667
177000 1808.55005667
178000 2143.15255509
179000 2143.15255509
180000 2143.15255509
181000 2477.75505351
182000 2477.75505351
183000 4206.4063745
184000 1347.77674925
185000 1347.77674925
186000 1347.77674925
187000 1347.77674925
188000 1736.05872163
189000 1736.05872163
190000 2124.34069401
191000 1393.62611524
192000 662.911536472
193000 662.911536472
194000 662.911536472
195000 1254.60059582
196000 1846.28965517
197000 1846.28965517
198000 2714.22505308
199000 2607.82979409
200000 2501.4345351
201000 1222.0453012
202000 1222.0453012
203000 510.082606166
204000 510.082606166
205000 510.082606166
206000 510.082606166
207000 510.082606166
208000 510.082606166
209000 1731.30985288
210000 1731.30985288
211000 1355.91724138
212000 1355.91724138
213000 1355.91724138
214000 3734.11533304
215000 3734.11533304
216000 3051.66839054
217000 2369.22144805
218000 2369.22144805
219000 2369.22144805
220000 1378.54170821
221000 1378.54170821
222000 1378.54170821
223000 1378.54170821
224000 1378.54170821
225000 1378.54170821
226000 3236.98235508
227000 5095.42300195
228000 5782.42167968
229000 5782.42167968
230000 5782.42167968
231000 5782.42167968
232000 5782.42167968
233000 6469.42035742
234000 4918.54343891
235000 3367.6665204
236000 3367.6665204
237000 3817.19113341
238000 4266.71574642
239000 4266.71574642
240000 2983.11623021
241000 2983.11623021
242000 2983.11623021
243000 1699.516714
244000 1699.516714
245000 1699.516714
246000 1699.516714
247000 1699.516714
248000 1833.94431614
249000 1968.37191829
250000 1968.37191829
251000 1968.37191829
252000 1968.37191829
253000 1968.37191829
254000 1717.60689655
255000 1717.60689655
256000 1717.60689655
257000 1717.60689655
258000 1717.60689655
259000 1818.10970113
260000 1918.61250571
261000 1918.61250571
262000 1918.61250571
263000 1918.61250571
264000 1816.04208546
265000 1816.04208546
266000 1713.47166521
267000 1713.47166521
268000 1713.47166521
269000 1713.47166521
270000 1713.47166521
271000 3518.32508405
272000 3518.32508405
273000 5323.17850288
274000 5323.17850288
275000 6594.06631566
276000 7864.95412844
277000 8340.91774218
278000 8816.88135593
279000 6502.06333964
280000 6502.06333964
281000 6502.06333964
282000 4187.24532336
283000 4187.24532336
284000 6066.55963251
285000 7945.87394167
286000 5757.52889095
287000 5757.52889095
288000 5757.52889095
289000 5757.52889095
290000 5757.52889095
291000 3569.18384022
292000 3569.18384022
293000 5992.39942939
294000 5992.39942939
295000 4628.55187416
296000 4628.55187416
297000 4628.55187416
298000 3264.70431894
299000 3264.70431894
300000 3264.70431894
301000 4210.37080459
302000 5156.03729024
303000 5156.03729024
304000 2116.83183429
305000 2116.83183429
306000 2116.83183429
307000 2116.83183429
308000 2230.87069458
309000 2344.90955486
310000 2344.90955486
311000 2344.90955486
312000 2344.90955486
313000 2399.91437339
314000 2454.91919192
315000 2454.91919192
316000 2454.91919192
317000 2454.91919192
318000 2965.00957539
319000 3475.09995886
320000 3475.09995886
321000 3475.09995886
322000 3390.24160754
323000 3305.38325621
324000 3305.38325621
325000 3305.38325621
326000 4259.25152879
327000 4259.25152879
328000 5213.11980137
329000 5213.11980137
330000 6570.41532237
331000 6570.41532237
332000 7927.71084337
333000 6138.65354375
334000 4349.59624413
335000 4349.59624413
336000 6474.07768007
337000 6474.07768007
338000 8598.55911602
339000 7781.6956654
340000 6964.83221477
341000 4886.04208883
342000 2807.25196288
343000 2807.25196288
344000 2807.25196288
345000 2088.43949671
346000 1369.62703054
347000 1369.62703054
348000 1369.62703054
349000 1369.62703054
350000 1369.62703054
351000 1369.62703054
352000 1369.62703054
353000 1589.08854361
354000 1808.55005667
355000 1808.55005667
