0 1547.89279333
1000 1547.89279333
2000 1547.89279333
3000 2101.89115646
4000 2101.89115646
5000 2101.89115646
6000 2048.66857845
7000 2048.66857845
8000 2252.37764933
9000 2252.37764933
10000 2079.63273453
11000 2079.63273453
12000 2084.79098656
13000 2089.94923858
14000 2089.94923858
15000 1169.39735099
16000 1890.0
17000 1890.0
18000 1890.0
19000 1890.0
20000 2290.99538188
21000 2290.99538188
22000 2290.99538188
23000 2303.71278242
24000 2303.71278242
25000 2303.71278242
26000 2376.29880197
27000 2376.29880197
28000 2376.29880197
29000 1718.34319527
30000 2016.02440184
31000 2313.70560842
32000 2313.70560842
33000 2313.70560842
34000 2313.70560842
35000 2313.70560842
36000 2386.33987813
37000 2386.33987813
38000 2386.33987813
39000 2386.33987813
40000 2386.33987813
41000 2386.33987813
42000 2282.89556509
43000 2282.89556509
44000 2282.89556509
45000 2233.145368
46000 2233.145368
47000 2309.47650593
48000 2385.80764385
49000 2385.80764385
50000 2323.83317168
51000 2323.83317168
52000 2323.83317168
53000 2114.46745304
54000 2114.46745304
55000 2114.46745304
56000 2399.48642758
57000 2399.48642758
58000 2399.48642758
59000 2399.48642758
60000 2399.48642758
61000 2515.27795128
62000 2515.27795128
63000 2515.27795128
64000 2515.27795128
65000 2515.27795128
66000 2515.27795128
67000 2479.91790739
68000 2444.5578635
69000 2444.5578635
70000 2444.5578635
71000 2444.5578635
72000 2444.5578635
73000 2156.19221968
74000 2156.19221968
75000 2156.19221968
76000 2156.19221968
77000 2156.19221968
78000 2406.68566002
79000 2406.68566002
80000 2406.68566002
81000 2406.68566002
82000 2406.68566002
83000 2458.10616316
84000 2458.10616316
85000 2458.10616316
86000 2288.08264779
87000 2288.08264779
88000 2288.08264779
89000 2288.08264779
90000 2288.08264779
91000 2356.52673583
92000 2356.52673583
93000 2356.52673583
94000 2356.52673583
95000 2356.52673583
96000 2389.17182357
97000 2389.17182357
98000 2389.17182357
99000 2389.17182357
100000 2389.17182357
101000 2389.17182357
102000 2223.23065364
103000 2223.23065364
104000 2223.23065364
105000 2275.77020448
106000 2275.77020448
107000 2275.77020448
108000 2286.68326418
109000 2286.68326418
110000 2286.68326418
111000 1509.37828863
112000 1509.37828863
113000 1509.37828863
114000 1509.37828863
115000 1450.50136435
116000 1391.62444006
117000 1391.62444006
118000 1391.62444006
119000 1391.62444006
120000 1391.62444006
121000 1652.45158595
122000 1913.27873184
123000 1913.27873184
124000 1913.27873184
125000 2165.06094063
126000 2416.84314941
127000 2416.84314941
128000 2416.84314941
129000 2414.1686747
130000 2414.1686747
131000 2382.39119266
132000 2382.39119266
133000 2382.39119266
134000 2382.39119266
135000 2382.39119266
136000 2421.26864668
137000 2460.14610069
138000 2460.14610069
139000 2460.14610069
140000 2460.14610069
141000 2471.49583829
142000 2471.49583829
143000 2471.49583829
144000 2471.49583829
145000 2471.49583829
146000 2471.49583829
147000 2471.49583829
148000 2392.3743978
149000 2392.3743978
150000 2392.3743978
151000 2392.3743978
152000 2392.3743978
153000 2392.3743978
154000 2360.78164826
155000 2360.78164826
156000 2360.78164826
157000 2360.78164826
158000 2328.56894699
159000 2296.35624572
160000 2296.35624572
161000 2296.35624572
162000 2296.35624572
163000 2237.04674086
164000 2237.04674086
165000 2237.04674086
166000 2320.32788118
167000 2320.32788118
168000 2320.32788118
169000 2320.32788118
170000 2320.32788118
171000 2325.67916043
172000 2331.03043968
173000 2331.03043968
174000 2331.03043968
175000 2480.45571596
176000 2480.45571596
177000 2480.45571596
178000 2480.45571596
179000 2480.45571596
180000 2433.35166162
181000 2386.24760729
182000 2386.24760729
183000 2386.24760729
184000 2404.47179487
185000 2404.47179487
186000 2404.47179487
187000 2368.59620596
188000 2368.59620596
189000 2368.59620596
190000 2074.28571429
191000 2145.33253731
192000 2145.33253731
193000 2145.33253731
194000 2145.33253731
195000 2145.33253731
196000 2145.33253731
197000 2145.33253731
198000 2300.97281624
199000 2300.97281624
200000 2300.97281624
201000 2188.44666251
202000 2188.44666251
203000 2188.44666251
204000 2086.57956449
205000 2086.57956449
206000 2086.57956449
207000 2149.84227129
208000 2149.84227129
209000 2022.0075554
210000 1894.17283951
211000 2128.01643087
212000 2361.86002222
213000 2361.86002222
214000 2361.86002222
215000 2361.86002222
216000 2361.86002222
217000 2361.86002222
218000 2193.52489983
219000 2193.52489983
220000 2193.52489983
221000 2401.46394828
222000 2401.46394828
223000 2401.46394828
224000 2401.46394828
225000 2401.46394828
226000 2401.46394828
227000 2401.46394828
228000 2240.67651554
229000 2240.67651554
230000 2240.67651554
231000 2240.67651554
232000 2292.62132662
233000 2292.62132662
234000 2292.62132662
235000 2292.62132662
236000 1932.43537415
237000 1932.43537415
238000 1932.43537415
239000 1932.43537415
240000 1932.43537415
241000 1932.43537415
242000 2035.25689405
243000 2035.25689405
244000 2035.25689405
245000 2035.25689405
246000 2035.25689405
247000 2035.25689405
248000 2448.85420307
249000 2448.85420307
250000 2448.85420307
251000 2448.85420307
252000 2448.85420307
253000 2031.34080936
254000 2031.34080936
255000 545.740279938
256000 545.740279938
257000 545.740279938
258000 545.740279938
259000 545.740279938
260000 1245.55625432
261000 1945.3722287
262000 1980.25516292
263000 1980.25516292
264000 1125.20882444
265000 270.16248596
266000 270.16248596
267000 270.16248596
268000 270.16248596
269000 270.16248596
270000 270.16248596
271000 270.16248596
272000 270.16248596
273000 270.16248596
274000 270.16248596
275000 270.16248596
276000 270.16248596
277000 270.16248596
278000 270.16248596
279000 270.16248596
280000 270.16248596
281000 2311.78784827
282000 2311.78784827
283000 2311.78784827
284000 2120.36873747
285000 2120.36873747
286000 2120.36873747
287000 1994.19259259
288000 1994.19259259
289000 1994.19259259
290000 2129.921522
291000 2129.921522
292000 1672.448
293000 1672.448
294000 1672.448
295000 1763.99124726
296000 1763.99124726
297000 1763.99124726
298000 1819.52920036
299000 1819.52920036
300000 1683.71099684
301000 1547.89279333
302000 1547.89279333
303000 2101.89115646
304000 2101.89115646
305000 2101.89115646
306000 2048.66857845
307000 2048.66857845
308000 2252.37764933
309000 2252.37764933
310000 2079.63273453
311000 2079.63273453
312000 2089.94923858
313000 2089.94923858
314000 2089.94923858
315000 1169.39735099
316000 1890.0
317000 1890.0
318000 1890.0
319000 1890.0
320000 2290.99538188
321000 2290.99538188
322000 2290.99538188
323000 2303.71278242
324000 2303.71278242
325000 2303.71278242
326000 2376.29880197
327000 2376.29880197
328000 2376.29880197
329000 1718.34319527
330000 2016.02440184
331000 2313.70560842
332000 2313.70560842
333000 2313.70560842
334000 2313.70560842
335000 2313.70560842
336000 2386.33987813
337000 2386.33987813
338000 2386.33987813
339000 2386.33987813
340000 2386.33987813
341000 2386.33987813
342000 2282.89556509
343000 2282.89556509
344000 2282.89556509
345000 2233.145368
346000 2233.145368
347000 2385.80764385
348000 2385.80764385
349000 2385.80764385
350000 2323.83317168
351000 2323.83317168
352000 2323.83317168
353000 2114.46745304
354000 2114.46745304
355000 2399.48642758
356000 2399.48642758
357000 2399.48642758
358000 2399.48642758
359000 2399.48642758
360000 2399.48642758
361000 2515.27795128
362000 2515.27795128
363000 2515.27795128
364000 2515.27795128
365000 2515.27795128
366000 2515.27795128
367000 2444.5578635
368000 2444.5578635
369000 2444.5578635
370000 2444.5578635
371000 2444.5578635
372000 2444.5578635
373000 2156.19221968
374000 2156.19221968
375000 2156.19221968
376000 2156.19221968
377000 2156.19221968
378000 2406.68566002
379000 2406.68566002
380000 2406.68566002
381000 2406.68566002
382000 2406.68566002
383000 2458.10616316
384000 2458.10616316
385000 2373.09440547
386000 2288.08264779
387000 2288.08264779
388000 2288.08264779
389000 2288.08264779
390000 2288.08264779
391000 2356.52673583
392000 2356.52673583
393000 2356.52673583
394000 2356.52673583
395000 2356.52673583
396000 2389.17182357
397000 2389.17182357
398000 2389.17182357
399000 2389.17182357
400000 2389.17182357
401000 2389.17182357
402000 2223.23065364
403000 2223.23065364
404000 2223.23065364
405000 2275.77020448
406000 2275.77020448
407000 2275.77020448
408000 2286.68326418
409000 2286.68326418
410000 2286.68326418
411000 1509.37828863
412000 1509.37828863
413000 1509.37828863
414000 1509.37828863
415000 1450.50136435
416000 1391.62444006
417000 1391.62444006
418000 1391.62444006
419000 1391.62444006
420000 1391.62444006
421000 1652.45158595
422000 1913.27873184
423000 1913.27873184
424000 1913.27873184
425000 2416.84314941
426000 2416.84314941
427000 2416.84314941
428000 2416.84314941
429000 2414.1686747
430000 2414.1686747
431000 2382.39119266
432000 2382.39119266
433000 2382.39119266
434000 2382.39119266
435000 2382.39119266
436000 2460.14610069
437000 2460.14610069
438000 2460.14610069
439000 2460.14610069
440000 1230.07305034
441000 2471.49583829
442000 2471.49583829
443000 2471.49583829
444000 2471.49583829
445000 2471.49583829
446000 2471.49583829
447000 2471.49583829
448000 2392.3743978
449000 2392.3743978
450000 2392.3743978
451000 2392.3743978
452000 2392.3743978
453000 2376.57802303
454000 2360.78164826
455000 2360.78164826
456000 2360.78164826
457000 2360.78164826
458000 2296.35624572
459000 2296.35624572
460000 2296.35624572
461000 2296.35624572
462000 2296.35624572
463000 2237.04674086
464000 2237.04674086
465000 2237.04674086
466000 2320.32788118
467000 2320.32788118
468000 2320.32788118
469000 2320.32788118
470000 2320.32788118
471000 2331.03043968
472000 2331.03043968
473000 2331.03043968
474000 2331.03043968
475000 2480.45571596
476000 2480.45571596
477000 2480.45571596
478000 2480.45571596
479000 2480.45571596
480000 2386.24760729
481000 2386.24760729
482000 2386.24760729
483000 2386.24760729
484000 2404.47179487
485000 2404.47179487
486000 2404.47179487
487000 2368.59620596
488000 2368.59620596
489000 2368.59620596
490000 2074.28571429
491000 2145.33253731
492000 2145.33253731
493000 2145.33253731
494000 2145.33253731
495000 2145.33253731
496000 2145.33253731
497000 2145.33253731
498000 2300.97281624
499000 2300.97281624
500000 2300.97281624
501000 2188.44666251
502000 2188.44666251
503000 2188.44666251
504000 2086.57956449
505000 2086.57956449
506000 2086.57956449
507000 2149.84227129
508000 2149.84227129
509000 1894.17283951
510000 1894.17283951
511000 2361.86002222
512000 2361.86002222
513000 2361.86002222
514000 2361.86002222
515000 2361.86002222
516000 2361.86002222
517000 2361.86002222
518000 2193.52489983
519000 2193.52489983
520000 2193.52489983
521000 2401.46394828
522000 2401.46394828
523000 2401.46394828
524000 2401.46394828
525000 2401.46394828
526000 2401.46394828
527000 2321.07023191
528000 2240.67651554
529000 2240.67651554
530000 2240.67651554
531000 2266.64892108
532000 2292.62132662
533000 2292.62132662
534000 2292.62132662
535000 2292.62132662
536000 1932.43537415
537000 1932.43537415
538000 1932.43537415
539000 1932.43537415
540000 1932.43537415
541000 1932.43537415
542000 2035.25689405
543000 2035.25689405
544000 2035.25689405
545000 2035.25689405
546000 2035.25689405
547000 2035.25689405
548000 2448.85420307
549000 2448.85420307
550000 2448.85420307
551000 2448.85420307
552000 2448.85420307
553000 2031.34080936
554000 2031.34080936
555000 545.740279938
556000 545.740279938
557000 545.740279938
558000 545.740279938
559000 545.740279938
560000 1945.3722287
561000 1945.3722287
562000 1980.25516292
563000 1980.25516292
564000 270.16248596
565000 270.16248596
566000 270.16248596
567000 270.16248596
568000 270.16248596
569000 270.16248596
570000 270.16248596
571000 270.16248596
572000 270.16248596
573000 270.16248596
574000 270.16248596
575000 270.16248596
576000 270.16248596
577000 270.16248596
578000 270.16248596
579000 270.16248596
580000 1290.97516711
581000 2311.78784827
582000 2311.78784827
583000 2216.07829287
584000 2120.36873747
585000 2120.36873747
586000 2120.36873747
587000 1994.19259259
588000 1994.19259259
589000 2062.0570573
590000 2129.921522
591000 2129.921522
592000 1672.448
593000 1672.448
594000 1672.448
595000 1763.99124726
596000 1763.99124726
597000 1763.99124726
598000 1819.52920036
599000 1819.52920036
