0 2150.12631579
1000 2150.12631579
2000 2150.12631579
3000 2940.32
4000 504.172853186
5000 504.172853186
6000 504.172853186
7000 504.172853186
8000 1979.45806452
9000 1979.45806452
10000 2070.47664671
11000 2836.81300813
12000 2836.81300813
13000 2503.28343558
14000 2915.44615385
15000 2915.44615385
16000 1685.94456929
17000 1685.94456929
18000 1376.94567164
19000 1376.94567164
20000 1376.94567164
21000 1376.94567164
22000 1108.90420235
23000 1108.90420235
24000 1108.90420235
25000 1108.90420235
26000 1108.90420235
27000 1499.72900609
28000 1499.72900609
29000 1499.72900609
30000 1499.72900609
31000 1499.72900609
32000 1817.43523035
33000 1817.43523035
34000 1817.43523035
35000 1817.43523035
36000 1109.80733811
37000 1109.80733811
38000 1109.80733811
39000 1109.80733811
40000 1109.80733811
41000 1109.80733811
42000 1109.80733811
43000 3616.18
44000 5814.95813953
45000 5562.23219512
46000 5562.23219512
47000 5562.23219512
48000 5562.23219512
49000 5562.23219512
50000 3965.07243243
51000 3965.07243243
52000 3965.07243243
53000 3965.07243243
54000 3965.07243243
55000 3965.07243243
56000 3965.07243243
57000 4573.88879442
58000 4573.88879442
59000 4573.88879442
60000 4573.88879442
61000 4573.88879442
62000 4573.88879442
63000 10463.2
64000 10463.2
65000 7375.95854342
66000 4288.71708683
67000 4288.71708683
68000 4288.71708683
69000 4322.62591362
70000 4322.62591362
71000 4322.62591362
72000 3063.58288385
73000 3063.58288385
74000 3063.58288385
75000 2508.38554217
76000 2508.38554217
77000 2508.38554217
78000 2508.38554217
79000 2508.38554217
80000 2508.38554217
81000 2508.38554217
82000 2508.38554217
83000 2508.38554217
84000 2508.38554217
85000 3834.7627907
86000 3834.7627907
87000 3834.7627907
88000 3834.7627907
89000 9763.92408759
90000 12031.4324608
91000 14298.9408341
92000 2710.67563025
93000 2710.67563025
94000 2710.67563025
95000 2710.67563025
96000 2710.67563025
97000 1931.65140325
98000 1931.65140325
99000 1931.65140325
100000 1931.65140325
101000 1931.65140325
102000 1931.65140325
103000 1931.65140325
104000 2414.54856532
105000 2414.54856532
106000 2414.54856532
107000 2414.54856532
108000 2414.54856532
109000 2414.54856532
110000 3155.9444898
111000 3155.9444898
112000 1554.34309623
113000 1554.34309623
114000 1554.34309623
115000 1554.34309623
116000 1554.34309623
117000 1880.41546961
118000 1880.41546961
119000 1880.41546961
120000 1880.41546961
121000 4465.59085714
122000 4465.59085714
123000 4709.55932203
124000 3982.79061685
125000 4068.01616162
126000 4068.01616162
127000 4068.01616162
128000 4068.01616162
129000 3660.01340782
130000 3660.01340782
131000 3660.01340782
132000 3660.01340782
133000 3660.01340782
134000 3660.01340782
135000 1690.65803257
136000 1690.65803257
137000 1690.65803257
138000 1690.65803257
139000 1690.65803257
140000 1690.65803257
141000 1690.65803257
142000 1690.65803257
143000 1690.65803257
144000 1690.65803257
145000 1900.90926829
146000 1900.90926829
147000 1900.90926829
148000 1900.90926829
149000 1900.90926829
150000 1900.90926829
151000 1900.90926829
152000 1900.90926829
153000 1900.90926829
154000 1650.77944047
155000 1650.77944047
156000 1650.77944047
157000 1650.77944047
158000 3209.78666667
159000 3209.78666667
160000 3209.78666667
161000 4502.976
162000 4834.46874074
163000 5165.96148148
164000 5607.14563107
165000 924.569138277
166000 924.569138277
167000 924.569138277
168000 924.569138277
169000 924.569138277
170000 4009.34736842
171000 4009.34736842
172000 4009.34736842
173000 8994.43418803
174000 10360.2461538
175000 9881.08717947
176000 9401.92820513
177000 5919.61426901
178000 2150.12631579
179000 2150.12631579
180000 2940.32
181000 504.172853186
182000 504.172853186
183000 504.172853186
184000 504.172853186
185000 1979.45806452
186000 2024.96735562
187000 2070.47664671
188000 2836.81300813
189000 2836.81300813
190000 2503.28343558
191000 2915.44615385
192000 2300.69536157
193000 1685.94456929
194000 1685.94456929
195000 1376.94567164
196000 1376.94567164
197000 1376.94567164
198000 1376.94567164
199000 1108.90420235
200000 1108.90420235
201000 1108.90420235
202000 1108.90420235
203000 1108.90420235
204000 1499.72900609
205000 1499.72900609
206000 1499.72900609
207000 1499.72900609
208000 1499.72900609
209000 1817.43523035
210000 1817.43523035
211000 1817.43523035
212000 1817.43523035
213000 1109.80733811
214000 1109.80733811
215000 1109.80733811
216000 1109.80733811
217000 1109.80733811
218000 1109.80733811
219000 2362.99366905
220000 3616.18
221000 5814.95813953
222000 5562.23219512
223000 5562.23219512
224000 5562.23219512
225000 5562.23219512
226000 4763.65231378
227000 3965.07243243
228000 3965.07243243
229000 3965.07243243
230000 3965.07243243
231000 3965.07243243
232000 3965.07243243
233000 3965.07243243
234000 4573.88879442
235000 4573.88879442
236000 4573.88879442
237000 4573.88879442
238000 4573.88879442
239000 4573.88879442
240000 10463.2
241000 10463.2
242000 7375.95854342
243000 4288.71708683
244000 4288.71708683
245000 4288.71708683
246000 4322.62591362
247000 4322.62591362
248000 4322.62591362
249000 3063.58288385
250000 3063.58288385
251000 3063.58288385
252000 2508.38554217
253000 2508.38554217
254000 2508.38554217
255000 2508.38554217
256000 2508.38554217
257000 2508.38554217
258000 2508.38554217
259000 2508.38554217
260000 2508.38554217
261000 2508.38554217
262000 3834.7627907
263000 3834.7627907
264000 3834.7627907
265000 3834.7627907
266000 9763.92408759
267000 12031.4324608
268000 14298.9408341
269000 2710.67563025
270000 2710.67563025
271000 2710.67563025
272000 2710.67563025
273000 2710.67563025
274000 1931.65140325
275000 1931.65140325
276000 1931.65140325
277000 1931.65140325
278000 1931.65140325
279000 1931.65140325
280000 1931.65140325
281000 2414.54856532
282000 2414.54856532
283000 2414.54856532
284000 2414.54856532
285000 2414.54856532
286000 2414.54856532
287000 3155.9444898
288000 3155.9444898
289000 1554.34309623
290000 1554.34309623
291000 1554.34309623
292000 1554.34309623
293000 1554.34309623
294000 1880.41546961
295000 1880.41546961
296000 1880.41546961
297000 1880.41546961
298000 4465.59085714
299000 4465.59085714
300000 4709.55932203
301000 3982.79061685
302000 4068.01616162
303000 4068.01616162
304000 4068.01616162
305000 4068.01616162
306000 3660.01340782
307000 3660.01340782
308000 3660.01340782
309000 3660.01340782
310000 3660.01340782
311000 3660.01340782
312000 1690.65803257
313000 1690.65803257
314000 1690.65803257
315000 1690.65803257
316000 1690.65803257
317000 1690.65803257
318000 1690.65803257
319000 1690.65803257
320000 1690.65803257
321000 1690.65803257
322000 1900.90926829
323000 1900.90926829
324000 1900.90926829
325000 1900.90926829
326000 1900.90926829
327000 1900.90926829
328000 1900.90926829
329000 1900.90926829
330000 1900.90926829
331000 1650.77944047
332000 1650.77944047
333000 1650.77944047
334000 1650.77944047
335000 3209.78666667
336000 3209.78666667
337000 3209.78666667
338000 4502.976
339000 5165.96148148
340000 5165.96148148
341000 5607.14563107
342000 924.569138277
343000 924.569138277
344000 924.569138277
345000 924.569138277
346000 924.569138277
347000 4009.34736842
348000 4009.34736842
349000 4009.34736842
350000 8994.43418803
351000 10360.2461538
352000 9401.92820513
353000 9401.92820513
