0 3267.59910913
1000 3267.59910913
2000 4811.75736568
3000 4720.0
4000 3444.10074074
5000 2710.21675833
6000 2710.21675833
7000 2710.21675833
8000 3708.96103226
9000 3708.96103226
10000 3708.96103226
11000 3708.96103226
12000 3194.47272727
13000 3194.47272727
14000 3194.47272727
15000 3194.47272727
16000 3194.47272727
17000 3194.47272727
18000 2903.06976744
19000 2903.06976744
20000 3675.99352402
21000 3675.99352402
22000 4123.46666667
23000 4123.46666667
24000 3267.14331723
25000 3267.14331723
26000 6086.03921569
27000 9873.99121523
28000 6398.26666667
29000 2699.59351988
30000 6116.24232108
31000 9532.89112228
32000 9532.89112228
33000 9532.89112228
34000 4894.67455621
35000 4894.67455621
36000 4894.67455621
37000 4894.67455621
38000 4894.67455621
39000 7026.02213642
40000 7026.02213642
41000 7026.02213642
42000 7026.02213642
43000 4873.11007172
44000 4873.11007172
45000 4873.11007172
46000 4873.11007172
47000 4873.11007172
48000 4873.11007172
49000 8401.4695825
50000 8401.4695825
51000 8401.4695825
52000 11461.5366218
53000 11461.5366218
54000 11461.5366218
55000 6416.243309
56000 6416.243309
57000 6416.243309
58000 6416.243309
59000 5953.87422935
60000 5953.87422935
61000 5953.87422935
62000 5953.87422935
63000 5953.87422935
64000 6472.16441769
65000 6472.16441769
66000 6472.16441769
67000 6472.16441769
68000 6472.16441769
69000 6541.0767083
70000 6609.9889989
71000 6609.9889989
72000 6720.21284807
73000 6830.43669725
74000 6830.43669725
75000 6830.43669725
76000 6830.43669725
77000 5173.19487617
78000 5173.19487617
79000 5173.19487617
80000 5173.19487617
81000 5173.19487617
82000 5173.19487617
83000 4737.63870304
84000 4737.63870304
85000 4737.63870304
86000 4737.63870304
87000 5520.26502885
88000 5520.26502885
89000 5520.26502885
90000 5520.26502885
91000 5520.26502885
92000 6055.0351145
93000 6055.0351145
94000 6055.0351145
95000 6055.0351145
96000 7038.58800585
97000 7038.58800585
98000 7038.58800585
99000 7038.58800585
100000 5835.76748247
101000 4632.94695909
102000 4632.94695909
103000 4632.94695909
104000 4632.94695909
105000 4632.94695909
106000 4632.94695909
107000 8192.72934473
108000 8192.72934473
109000 8192.72934473
110000 8192.72934473
111000 5400.51880464
112000 5400.51880464
113000 5400.51880464
114000 5400.51880464
115000 5400.51880464
116000 7100.61993084
117000 7100.61993084
118000 7100.61993084
119000 6733.06967485
120000 6733.06967485
121000 6733.06967485
122000 5860.64626778
123000 5860.64626778
124000 5860.64626778
125000 5860.64626778
126000 5860.64626778
127000 5860.64626778
128000 3855.55465914
129000 3855.55465914
130000 3855.55465914
131000 3855.55465914
132000 3855.55465914
133000 3855.55465914
134000 3855.55465914
135000 4351.23022192
136000 4351.23022192
137000 4351.23022192
138000 4351.23022192
139000 4351.23022192
140000 4351.23022192
141000 5077.24990223
142000 5077.24990223
143000 5077.24990223
144000 5077.24990223
145000 5077.24990223
146000 7488.80258025
147000 9900.35525827
148000 9900.35525827
149000 9082.23204033
150000 8264.10882239
151000 8264.10882239
152000 13486.1513591
153000 18708.1938959
154000 15595.696948
155000 7875.39955457
156000 4039.6782374
157000 4720.0
158000 4720.0
159000 3077.15874954
160000 2710.21675833
161000 2710.21675833
162000 2710.21675833
163000 3708.96103226
164000 3708.96103226
165000 3708.96103226
166000 3708.96103226
167000 3194.47272727
168000 3194.47272727
169000 3194.47272727
170000 3194.47272727
171000 3194.47272727
172000 2903.06976744
173000 2903.06976744
174000 2903.06976744
175000 3675.99352402
176000 3675.99352402
177000 4123.46666667
178000 3267.14331723
179000 3267.14331723
180000 6086.03921569
181000 9873.99121523
182000 6398.26666667
183000 2699.59351988
184000 2699.59351988
185000 9532.89112228
186000 9532.89112228
187000 9532.89112228
188000 7213.78283925
189000 4894.67455621
190000 4894.67455621
191000 4894.67455621
192000 4894.67455621
193000 7026.02213642
194000 7026.02213642
195000 7026.02213642
196000 7026.02213642
197000 4873.11007172
198000 4873.11007172
199000 4873.11007172
200000 4873.11007172
201000 4873.11007172
202000 4873.11007172
203000 4873.11007172
204000 8401.4695825
205000 8401.4695825
206000 9931.50310215
207000 11461.5366218
208000 11461.5366218
209000 8938.8899654
210000 6416.243309
211000 6416.243309
212000 6416.243309
213000 5953.87422935
214000 5953.87422935
215000 5953.87422935
216000 5953.87422935
217000 5953.87422935
218000 6472.16441769
219000 6472.16441769
220000 6472.16441769
221000 6472.16441769
222000 6472.16441769
223000 6541.0767083
224000 6609.9889989
225000 6609.9889989
226000 6609.9889989
227000 6830.43669725
228000 6830.43669725
229000 6830.43669725
230000 6830.43669725
231000 5173.19487617
232000 5173.19487617
233000 5173.19487617
234000 5173.19487617
235000 5173.19487617
236000 5173.19487617
237000 4737.63870304
238000 4737.63870304
239000 4737.63870304
240000 4737.63870304
241000 5520.26502885
242000 5520.26502885
243000 5520.26502885
244000 5520.26502885
245000 5520.26502885
246000 5520.26502885
247000 6055.0351145
248000 6055.0351145
249000 6055.0351145
250000 6055.0351145
251000 7038.58800585
252000 7038.58800585
253000 7038.58800585
254000 7038.58800585
255000 4632.94695909
256000 4632.94695909
257000 4632.94695909
258000 4632.94695909
259000 4632.94695909
260000 4632.94695909
261000 6412.83815191
262000 8192.72934473
263000 8192.72934473
264000 8192.72934473
265000 5400.51880464
266000 5400.51880464
267000 5400.51880464
268000 5400.51880464
269000 5400.51880464
270000 7100.61993084
271000 7100.61993084
272000 7100.61993084
273000 7100.61993084
274000 6733.06967485
275000 6733.06967485
276000 6733.06967485
277000 5860.64626778
278000 5860.64626778
279000 5860.64626778
280000 5860.64626778
281000 5860.64626778
282000 3855.55465914
283000 3855.55465914
284000 3855.55465914
285000 3855.55465914
286000 3855.55465914
287000 3855.55465914
288000 3855.55465914
289000 4103.39244053
290000 4351.23022192
291000 4351.23022192
292000 4351.23022192
293000 4351.23022192
294000 4351.23022192
295000 4714.24006207
296000 5077.24990223
297000 5077.24990223
298000 5077.24990223
299000 5077.24990223
300000 5077.24990223
301000 9900.35525827
302000 9900.35525827
303000 9900.35525827
304000 8264.10882239
305000 8264.10882239
306000 8264.10882239
307000 18708.1938959
308000 15595.696948
