0 1722.62334331
1000 1722.62334331
2000 1722.62334331
3000 1722.62334331
4000 1722.62334331
5000 1280.04671533
6000 1280.04671533
7000 1403.47154047
8000 1403.47154047
9000 1403.47154047
10000 1403.47154047
11000 1250.63384615
12000 1250.63384615
13000 1250.63384615
14000 1166.86174497
15000 1166.86174497
16000 1166.86174497
17000 1291.78305085
18000 1291.78305085
19000 1336.72532824
20000 1381.66760563
21000 1381.66760563
22000 1398.72
23000 1398.72
24000 1398.72
25000 1398.72
26000 1286.3804878
27000 1286.3804878
28000 1339.08028598
29000 1339.08028598
30000 1339.08028598
31000 1339.08028598
32000 1339.08028598
33000 1391.78008415
34000 1391.78008415
35000 1391.78008415
36000 1391.78008415
37000 1583.84719101
38000 1583.84719101
39000 1583.84719101
40000 1310.22222222
41000 1310.22222222
42000 1310.22222222
43000 1310.22222222
44000 1310.22222222
45000 1297.00618557
46000 1297.00618557
47000 1297.00618557
48000 1297.00618557
49000 1414.36767677
50000 1414.36767677
51000 1414.36767677
52000 1635.90383838
53000 1635.90383838
54000 1635.90383838
55000 1635.90383838
56000 1857.44
57000 1857.44
58000 1857.44
59000 1317.39804305
60000 1317.39804305
61000 1317.39804305
62000 1317.39804305
63000 1317.39804305
64000 1248.14305882
65000 1248.14305882
66000 1248.14305882
67000 1248.14305882
68000 1199.77207977
69000 1199.77207977
70000 1199.77207977
71000 1199.77207977
72000 1633.16705882
73000 1633.16705882
74000 1633.16705882
75000 1251.68961749
76000 1251.68961749
77000 1251.68961749
78000 1251.68961749
79000 1412.39660057
80000 1412.39660057
81000 1412.39660057
82000 1412.39660057
83000 1786.65429234
84000 1786.65429234
85000 1786.65429234
86000 1786.65429234
87000 1514.88165375
88000 1514.88165375
89000 1514.88165375
90000 1514.88165375
91000 1498.18909091
92000 1498.18909091
93000 1498.18909091
94000 1498.18909091
95000 1479.325
96000 1479.325
97000 1479.325
98000 1479.325
99000 1479.325
100000 1479.325
101000 1177.26631453
102000 1177.26631453
103000 1177.26631453
104000 1177.26631453
105000 1177.26631453
106000 1177.26631453
107000 588.633157265
108000 588.633157265
109000 588.633157265
110000 588.633157265
111000 0.0
112000 0.0
113000 1432.0171123
114000 1432.0171123
115000 1432.0171123
116000 1432.0171123
117000 1198.99033079
118000 1198.99033079
119000 1198.99033079
120000 1198.99033079
121000 680.256101426
122000 680.256101426
123000 680.256101426
124000 680.256101426
125000 680.256101426
126000 680.256101426
127000 680.256101426
128000 1123.64958678
129000 1123.64958678
130000 1123.64958678
131000 1123.64958678
132000 1342.84935479
133000 1562.04912281
134000 1562.04912281
135000 1562.04912281
136000 1194.40467836
137000 1194.40467836
138000 1194.40467836
139000 1321.02566424
140000 1447.64665012
141000 1447.64665012
142000 1447.64665012
143000 1447.64665012
144000 1459.95661605
145000 1459.95661605
146000 1459.95661605
147000 1459.95661605
148000 1277.22957198
149000 1277.22957198
150000 1277.22957198
151000 1277.22957198
152000 1277.22957198
153000 1313.83578336
154000 1350.44199475
155000 1350.44199475
156000 1350.44199475
157000 1124.90460048
158000 1124.90460048
159000 1124.90460048
160000 1124.90460048
161000 1124.90460048
162000 1266.77113402
163000 1266.77113402
164000 1266.77113402
165000 1336.86650347
166000 1406.96187291
167000 1406.96187291
168000 1406.96187291
169000 1412.07151767
170000 1412.07151767
171000 1412.07151767
172000 1412.07151767
173000 1490.32727273
174000 1490.32727273
175000 1490.32727273
176000 1490.32727273
177000 1490.32727273
178000 1490.32727273
179000 1641.2616092
180000 1641.2616092
181000 1641.2616092
182000 1641.2616092
183000 1390.96252632
184000 1390.96252632
185000 1390.96252632
186000 1390.96252632
187000 1390.96252632
188000 1758.40542373
189000 1758.40542373
190000 1758.40542373
191000 1340.11876751
192000 1340.11876751
193000 1340.11876751
194000 1340.11876751
195000 1291.4955846
196000 1291.4955846
197000 963.278826783
198000 635.062068966
199000 772.035881644
200000 772.035881644
201000 772.035881644
202000 772.035881644
203000 772.035881644
204000 772.035881644
205000 772.035881644
206000 1783.66942149
207000 1783.66942149
208000 1783.66942149
209000 1405.02709677
210000 1405.02709677
211000 1405.02709677
212000 1480.48065844
213000 1480.48065844
214000 1413.3011027
215000 1346.12154696
216000 1346.12154696
217000 1346.12154696
218000 727.51627907
219000 1225.06981119
220000 1225.06981119
221000 1722.62334331
222000 1722.62334331
223000 1722.62334331
224000 1280.04671533
225000 1280.04671533
226000 1403.47154047
227000 1403.47154047
228000 1403.47154047
229000 1403.47154047
230000 1250.63384615
231000 1250.63384615
232000 1250.63384615
233000 1166.86174497
234000 1166.86174497
235000 1166.86174497
236000 1291.78305085
237000 1291.78305085
238000 1336.72532824
239000 1381.66760563
240000 1381.66760563
241000 1398.72
242000 1398.72
243000 1398.72
244000 1398.72
245000 1286.3804878
246000 1286.3804878
247000 1339.08028598
248000 1339.08028598
249000 1339.08028598
250000 1339.08028598
251000 1339.08028598
252000 1391.78008415
253000 1391.78008415
254000 1391.78008415
255000 1391.78008415
256000 1583.84719101
257000 1583.84719101
258000 1583.84719101
259000 1310.22222222
260000 1310.22222222
261000 1310.22222222
262000 1310.22222222
263000 1310.22222222
264000 1297.00618557
265000 1297.00618557
266000 1297.00618557
267000 1297.00618557
268000 1414.36767677
269000 1414.36767677
270000 1414.36767677
271000 1635.90383838
272000 1635.90383838
273000 1635.90383838
274000 1635.90383838
275000 1857.44
276000 1857.44
277000 1857.44
278000 1317.39804305
279000 1317.39804305
280000 1317.39804305
281000 1317.39804305
282000 1317.39804305
283000 1248.14305882
284000 1248.14305882
285000 1248.14305882
286000 1248.14305882
287000 1199.77207977
288000 1199.77207977
289000 1199.77207977
290000 1199.77207977
291000 1633.16705882
292000 1633.16705882
293000 1633.16705882
294000 1251.68961749
295000 1251.68961749
296000 1251.68961749
297000 1251.68961749
298000 1412.39660057
299000 1412.39660057
300000 1412.39660057
301000 1412.39660057
302000 1786.65429234
303000 1786.65429234
304000 1786.65429234
305000 1786.65429234
306000 1514.88165375
307000 1514.88165375
308000 1514.88165375
309000 1514.88165375
310000 1498.18909091
311000 1498.18909091
312000 1498.18909091
313000 1498.18909091
314000 1479.325
315000 1479.325
316000 1479.325
317000 1479.325
318000 1479.325
319000 1479.325
320000 1177.26631453
321000 1177.26631453
322000 1177.26631453
323000 1177.26631453
324000 1177.26631453
325000 588.633157265
326000 588.633157265
327000 588.633157265
328000 588.633157265
329000 588.633157265
330000 0.0
331000 0.0
332000 1432.0171123
333000 1432.0171123
334000 1432.0171123
335000 1432.0171123
336000 1198.99033079
337000 1198.99033079
338000 1198.99033079
339000 1198.99033079
340000 680.256101426
341000 680.256101426
342000 680.256101426
343000 680.256101426
344000 680.256101426
345000 680.256101426
346000 901.952844103
347000 1123.64958678
348000 1123.64958678
349000 1123.64958678
350000 1123.64958678
351000 1562.04912281
352000 1562.04912281
353000 1562.04912281
354000 1562.04912281
355000 1194.40467836
356000 1194.40467836
357000 1194.40467836
358000 1321.02566424
359000 1447.64665012
360000 1447.64665012
361000 1447.64665012
362000 1447.64665012
363000 1459.95661605
364000 1459.95661605
365000 1459.95661605
366000 1459.95661605
367000 1277.22957198
368000 1277.22957198
369000 1277.22957198
370000 1277.22957198
371000 1277.22957198
372000 1350.44199475
373000 1350.44199475
374000 1350.44199475
375000 1350.44199475
376000 1124.90460048
377000 1124.90460048
378000 1124.90460048
379000 1124.90460048
380000 1124.90460048
381000 1266.77113402
382000 1266.77113402
383000 1266.77113402
384000 1336.86650347
385000 1406.96187291
386000 1406.96187291
387000 1409.51669529
388000 1412.07151767
389000 1412.07151767
390000 1412.07151767
391000 1412.07151767
392000 1490.32727273
393000 1490.32727273
394000 1490.32727273
395000 1490.32727273
396000 1490.32727273
397000 1490.32727273
398000 1641.2616092
399000 1641.2616092
400000 1641.2616092
401000 1641.2616092
402000 1390.96252632
403000 1390.96252632
404000 1390.96252632
405000 1390.96252632
406000 1390.96252632
407000 1758.40542373
408000 1758.40542373
409000 1758.40542373
410000 1340.11876751
411000 1340.11876751
412000 1340.11876751
413000 1340.11876751
414000 1291.4955846
415000 1291.4955846
416000 963.278826783
417000 635.062068966
418000 772.035881644
419000 772.035881644
420000 772.035881644
421000 772.035881644
422000 772.035881644
423000 772.035881644
424000 772.035881644
425000 1783.66942149
426000 1783.66942149
427000 1783.66942149
428000 1405.02709677
429000 1405.02709677
430000 1405.02709677
431000 1480.48065844
432000 1480.48065844
433000 1346.12154696
434000 1346.12154696
435000 1346.12154696
436000 1346.12154696
437000 727.51627907
