0 3958.85523013
1000 3958.85523013
2000 3958.85523013
3000 3958.85523013
4000 6641.35732648
5000 5000.37228542
6000 5000.37228542
7000 5000.37228542
8000 6697.55422243
9000 6697.55422243
10000 6542.26022305
11000 6542.26022305
12000 6542.26022305
13000 6542.26022305
14000 6542.26022305
15000 6674.12125555
16000 6674.12125555
17000 6674.12125555
18000 6674.12125555
19000 6674.12125555
20000 6674.12125555
21000 6674.12125555
22000 6193.51030589
23000 6193.51030589
24000 6193.51030589
25000 6193.51030589
26000 6193.51030589
27000 6193.51030589
28000 6193.51030589
29000 6193.51030589
30000 6546.34517025
31000 6546.34517025
32000 6546.34517025
33000 6546.34517025
34000 6546.34517025
35000 6546.34517025
36000 6546.34517025
37000 6530.30520435
38000 6530.30520435
39000 6530.30520435
40000 6530.30520435
41000 6530.30520435
42000 6530.30520435
43000 6501.33746641
44000 6472.36972848
45000 6472.36972848
46000 6472.36972848
47000 6472.36972848
48000 6472.36972848
49000 6472.36972848
50000 6472.36972848
51000 6429.86367461
52000 6429.86367461
53000 6429.86367461
54000 6429.86367461
55000 6429.86367461
56000 6429.86367461
57000 6429.86367461
58000 6429.86367461
59000 6501.04824561
60000 6501.04824561
61000 6501.04824561
62000 6501.04824561
63000 6501.04824561
64000 6501.04824561
65000 6501.04824561
66000 6515.38583709
67000 6529.72342857
68000 6529.72342857
69000 6529.72342857
70000 6529.72342857
71000 6529.72342857
72000 6529.72342857
73000 6529.72342857
74000 6474.82261209
75000 6474.82261209
76000 6474.82261209
77000 6474.82261209
78000 6474.82261209
79000 6474.82261209
80000 6474.82261209
81000 6660.40543881
82000 6660.40543881
83000 6660.40543881
84000 6660.40543881
85000 6660.40543881
86000 6660.40543881
87000 6660.40543881
88000 6791.60538117
89000 6791.60538117
90000 6791.60538117
91000 6791.60538117
92000 6791.60538117
93000 6791.60538117
94000 6791.60538117
95000 6509.25976754
96000 6509.25976754
97000 6509.25976754
98000 6509.25976754
99000 6509.25976754
100000 6509.25976754
101000 6509.25976754
102000 5466.14482515
103000 5466.14482515
104000 5466.14482515
105000 5466.14482515
106000 5466.14482515
107000 5466.14482515
108000 5466.14482515
109000 5466.14482515
110000 6046.43126158
111000 6626.717698
112000 6626.717698
113000 6626.717698
114000 6626.717698
115000 6626.717698
116000 6626.717698
117000 6626.717698
118000 6667.79846976
119000 6667.79846976
120000 6667.79846976
121000 6667.79846976
122000 6667.79846976
123000 6667.79846976
124000 6667.79846976
125000 6552.56216216
126000 6552.56216216
127000 6552.56216216
128000 6552.56216216
129000 6552.56216216
130000 6552.56216216
131000 6552.56216216
132000 6561.1005291
133000 6561.1005291
134000 6561.1005291
135000 6561.1005291
136000 6561.1005291
137000 6561.1005291
138000 6624.68616626
139000 6688.27180343
140000 6688.27180343
141000 6688.27180343
142000 6688.27180343
143000 6688.27180343
144000 6688.27180343
145000 6799.76522899
146000 6799.76522899
147000 6799.76522899
148000 6799.76522899
149000 6799.76522899
150000 6799.76522899
151000 6799.76522899
152000 6428.26293103
153000 6428.26293103
154000 6428.26293103
155000 6428.26293103
156000 6428.26293103
157000 6428.26293103
158000 6428.26293103
159000 6428.26293103
160000 6725.96273292
161000 6725.96273292
162000 6725.96273292
163000 5342.40898152
164000 3958.85523013
165000 3958.85523013
166000 6641.35732648
167000 5820.86480595
168000 5000.37228542
169000 5000.37228542
170000 5000.37228542
171000 6697.55422243
172000 6697.55422243
173000 6542.26022305
174000 6542.26022305
175000 6542.26022305
176000 6542.26022305
177000 6608.1907393
178000 6674.12125555
179000 6674.12125555
180000 6674.12125555
181000 6674.12125555
182000 6674.12125555
183000 6674.12125555
184000 6674.12125555
185000 6193.51030589
186000 6193.51030589
187000 6193.51030589
188000 6193.51030589
189000 6193.51030589
190000 6193.51030589
191000 6193.51030589
192000 6546.34517025
193000 6546.34517025
194000 6546.34517025
195000 6546.34517025
196000 6546.34517025
197000 6546.34517025
198000 6546.34517025
199000 6530.30520435
200000 6530.30520435
201000 6530.30520435
202000 6530.30520435
203000 6530.30520435
204000 6530.30520435
205000 6530.30520435
206000 6501.33746641
207000 6472.36972848
208000 6472.36972848
209000 6472.36972848
210000 6472.36972848
211000 6472.36972848
212000 6472.36972848
213000 6472.36972848
214000 6429.86367461
215000 6429.86367461
216000 6429.86367461
217000 6429.86367461
218000 6429.86367461
219000 6429.86367461
220000 6429.86367461
221000 6465.45596011
222000 6501.04824561
223000 6501.04824561
224000 6501.04824561
225000 6501.04824561
226000 6501.04824561
227000 6501.04824561
228000 6501.04824561
229000 6529.72342857
230000 6529.72342857
231000 6529.72342857
232000 6529.72342857
233000 6529.72342857
234000 6529.72342857
235000 6529.72342857
236000 6502.27302033
237000 6474.82261209
238000 6474.82261209
239000 6474.82261209
240000 6474.82261209
241000 6474.82261209
242000 6474.82261209
243000 6474.82261209
244000 6660.40543881
245000 6660.40543881
246000 6660.40543881
247000 6660.40543881
248000 6660.40543881
249000 6660.40543881
250000 6791.60538117
251000 6791.60538117
252000 6791.60538117
253000 6791.60538117
254000 6791.60538117
255000 6791.60538117
256000 6791.60538117
257000 6509.25976754
258000 6509.25976754
259000 6509.25976754
260000 6509.25976754
261000 6509.25976754
262000 6509.25976754
263000 6509.25976754
264000 6509.25976754
265000 5466.14482515
266000 5466.14482515
267000 5466.14482515
268000 5466.14482515
269000 5466.14482515
270000 5466.14482515
271000 5466.14482515
272000 5466.14482515
273000 6626.717698
274000 6626.717698
275000 6626.717698
276000 6626.717698
277000 6626.717698
278000 6626.717698
279000 6626.717698
280000 6647.25808388
281000 6667.79846976
282000 6667.79846976
283000 6667.79846976
284000 6667.79846976
285000 6667.79846976
286000 6667.79846976
287000 6610.18031596
288000 6552.56216216
289000 6552.56216216
290000 6552.56216216
291000 6552.56216216
292000 6552.56216216
293000 6552.56216216
294000 6561.1005291
295000 6561.1005291
296000 6561.1005291
297000 6561.1005291
298000 6561.1005291
299000 6561.1005291
300000 6561.1005291
301000 6688.27180343
302000 6688.27180343
303000 6688.27180343
304000 6688.27180343
305000 6688.27180343
306000 6688.27180343
307000 6688.27180343
308000 6799.76522899
309000 6799.76522899
310000 6799.76522899
311000 6799.76522899
312000 6799.76522899
313000 6799.76522899
314000 6799.76522899
315000 6428.26293103
316000 6428.26293103
317000 6428.26293103
318000 6428.26293103
319000 6428.26293103
320000 6428.26293103
321000 6428.26293103
322000 6725.96273292
323000 6725.96273292
324000 6725.96273292
325000 6725.96273292
