0 8249.92293578
1000 8249.92293578
2000 8249.92293578
3000 4307.79455114
4000 4307.79455114
5000 9635.64636542
6000 10323.1683727
7000 11010.69038
8000 8982.36764462
9000 8982.36764462
10000 8982.36764462
11000 8982.36764462
12000 8982.36764462
13000 8982.36764462
14000 6836.90652453
15000 4691.44540443
16000 4691.44540443
17000 4691.44540443
18000 4691.44540443
19000 4691.44540443
20000 4691.44540443
21000 4691.44540443
22000 4691.44540443
23000 4691.44540443
24000 4691.44540443
25000 4691.44540443
26000 4691.44540443
27000 0.0
28000 0.0
29000 0.0
30000 0.0
31000 0.0
32000 0.0
33000 8047.84615385
34000 8047.84615385
35000 8268.80543755
36000 4342.3071161
37000 4342.3071161
38000 9748.80156403
39000 9188.57860053
40000 8628.35563703
41000 4149.58174905
42000 4149.58174905
43000 4401.55659495
44000 4401.55659495
45000 8750.91234347
46000 8750.91234347
47000 2340.63926941
48000 2340.63926941
49000 2280.67300314
50000 2280.67300314
51000 2280.67300314
52000 2280.67300314
53000 2220.70673688
54000 2220.70673688
55000 2220.70673688
56000 2220.70673688
57000 2220.70673688
58000 2220.70673688
59000 2220.70673688
60000 2220.70673688
61000 2220.70673688
62000 2220.70673688
63000 2220.70673688
64000 1149.19294918
65000 1149.19294918
66000 1149.19294918
67000 1149.19294918
68000 77.6791614852
69000 77.6791614852
70000 77.6791614852
71000 77.6791614852
72000 77.6791614852
73000 77.6791614852
74000 1403.21743091
75000 1403.21743091
76000 1403.21743091
77000 1403.21743091
78000 2728.75570033
79000 2728.75570033
80000 2728.75570033
81000 2728.75570033
82000 2728.75570033
83000 2728.75570033
84000 2728.75570033
85000 2728.75570033
86000 2728.75570033
87000 2728.75570033
88000 1364.37785016
89000 1364.37785016
90000 1364.37785016
91000 1364.37785016
92000 0.0
93000 0.0
94000 857.90169371
95000 857.90169371
96000 857.90169371
97000 857.90169371
98000 1715.80338742
99000 1715.80338742
100000 1715.80338742
101000 1715.80338742
102000 1715.80338742
103000 1715.80338742
104000 1715.80338742
105000 1715.80338742
106000 0.0
107000 0.0
108000 0.0
109000 549.064935065
110000 549.064935065
111000 549.064935065
112000 549.064935065
113000 1098.12987013
114000 1098.12987013
115000 1098.12987013
116000 1098.12987013
117000 1098.12987013
118000 1098.12987013
119000 8628.6395664
120000 10344.8205128
121000 10077.1300082
122000 11189.8365031
123000 12570.2335025
124000 7252.43810341
125000 7252.43810341
126000 8249.92293578
127000 4307.79455114
128000 4307.79455114
129000 9635.64636542
130000 10323.1683727
131000 11010.69038
132000 8982.36764462
133000 8982.36764462
134000 8982.36764462
135000 8982.36764462
136000 8982.36764462
137000 8982.36764462
138000 4691.44540443
139000 4691.44540443
140000 4691.44540443
141000 4691.44540443
142000 4691.44540443
143000 4691.44540443
144000 4691.44540443
145000 4691.44540443
146000 4691.44540443
147000 4691.44540443
148000 4691.44540443
149000 4691.44540443
150000 4691.44540443
151000 0.0
152000 0.0
153000 0.0
154000 0.0
155000 0.0
156000 0.0
157000 8047.84615385
158000 8047.84615385
159000 8268.80543755
160000 4342.3071161
161000 4342.3071161
162000 9748.80156403
163000 8628.35563703
164000 8628.35563703
165000 4149.58174905
166000 4149.58174905
167000 4401.55659495
168000 4401.55659495
169000 8750.91234347
170000 5545.77580644
171000 2340.63926941
172000 2280.67300314
173000 2280.67300314
174000 2280.67300314
175000 2280.67300314
176000 2220.70673688
177000 2220.70673688
178000 2220.70673688
179000 2220.70673688
180000 2220.70673688
181000 2220.70673688
182000 2220.70673688
183000 2220.70673688
184000 2220.70673688
185000 2220.70673688
186000 2220.70673688
187000 1149.19294918
188000 1149.19294918
189000 1149.19294918
190000 1149.19294918
191000 1149.19294918
192000 77.6791614852
193000 77.6791614852
194000 77.6791614852
195000 77.6791614852
196000 77.6791614852
197000 1403.21743091
198000 1403.21743091
199000 1403.21743091
200000 1403.21743091
201000 1403.21743091
202000 2728.75570033
203000 2728.75570033
204000 2728.75570033
205000 2728.75570033
206000 2728.75570033
207000 2728.75570033
208000 2728.75570033
209000 2728.75570033
210000 2728.75570033
211000 2728.75570033
212000 1364.37785016
213000 1364.37785016
214000 1364.37785016
215000 1364.37785016
216000 0.0
217000 857.90169371
218000 857.90169371
219000 857.90169371
220000 857.90169371
221000 857.90169371
222000 1715.80338742
223000 1715.80338742
224000 1715.80338742
225000 1715.80338742
226000 1715.80338742
227000 1715.80338742
228000 1715.80338742
229000 1715.80338742
230000 0.0
231000 0.0
232000 0.0
233000 549.064935065
234000 549.064935065
235000 549.064935065
236000 549.064935065
237000 1098.12987013
238000 1098.12987013
239000 1098.12987013
240000 1098.12987013
241000 1098.12987013
242000 1098.12987013
243000 8628.6395664
244000 10344.8205128
245000 9809.43950362
246000 11189.8365031
247000 9412.59338677
