0 0.0
1000 0.0
2000 0.0
3000 0.0
4000 3542.61936721
5000 3542.61936721
6000 3542.61936721
7000 3542.61936721
8000 382.13371266
9000 2967.10321865
10000 2967.10321865
11000 2967.10321865
12000 2839.63008173
13000 2712.15694481
14000 2712.15694481
15000 2712.15694481
16000 2160.80230169
17000 2160.80230169
18000 2160.80230169
19000 2160.80230169
20000 2160.80230169
21000 2716.22555613
22000 2716.22555613
23000 2716.22555613
24000 2716.22555613
25000 2753.1347316
26000 2753.1347316
27000 2753.1347316
28000 2936.32406672
29000 2936.32406672
30000 2936.32406672
31000 2936.32406672
32000 2936.32406672
33000 2776.96471032
34000 2776.96471032
35000 2776.96471032
36000 2776.96471032
37000 2776.96471032
38000 2776.96471032
39000 4057.23943662
40000 4057.23943662
41000 4057.23943662
42000 4057.23943662
43000 4057.23943662
44000 4057.23943662
45000 4057.23943662
46000 2409.03564986
47000 2409.03564986
48000 2409.03564986
49000 2409.03564986
50000 2409.03564986
51000 2409.03564986
52000 2409.03564986
53000 2409.03564986
54000 2409.03564986
55000 2409.03564986
56000 2409.03564986
57000 1204.51782493
58000 3491.48026949
59000 3491.48026949
60000 3491.48026949
61000 3491.48026949
62000 3491.48026949
63000 3687.45047595
64000 3687.45047595
65000 3687.45047595
66000 3687.45047595
67000 3648.97526855
68000 3648.97526855
69000 3648.97526855
70000 3648.97526855
71000 3668.46868687
72000 3668.46868687
73000 3668.46868687
74000 3668.46868687
75000 3210.77894737
76000 3210.77894737
77000 3210.77894737
78000 3210.77894737
79000 3060.21337849
80000 3060.21337849
81000 3060.21337849
82000 3060.21337849
83000 3060.21337849
84000 2376.8765889
85000 2376.8765889
86000 2376.8765889
87000 2376.8765889
88000 2376.8765889
89000 2376.8765889
90000 1203.11166128
91000 3526.5785877
92000 3526.5785877
93000 3526.5785877
94000 3526.5785877
95000 3526.5785877
96000 4297.28875626
97000 5067.99892483
98000 5067.99892483
99000 5067.99892483
100000 5067.99892483
101000 5067.99892483
102000 5067.99892483
103000 5067.99892483
104000 5067.99892483
105000 5067.99892483
106000 5067.99892483
107000 5067.99892483
108000 5142.24383369
109000 5142.24383369
110000 5142.24383369
111000 5142.24383369
112000 5142.24383369
113000 5142.24383369
114000 5142.24383369
115000 5142.24383369
116000 5142.24383369
117000 5142.24383369
118000 5142.24383369
119000 5073.64248033
120000 5073.64248033
121000 5073.64248033
122000 5073.64248033
123000 5073.64248033
124000 5073.64248033
125000 5073.64248033
126000 5073.64248033
127000 5073.64248033
128000 5073.64248033
129000 5073.64248033
130000 5073.64248033
131000 4549.7360974
132000 4549.7360974
133000 4549.7360974
134000 4549.7360974
135000 4549.7360974
136000 4549.7360974
137000 4549.7360974
138000 4549.7360974
139000 4549.7360974
140000 4549.7360974
141000 4549.7360974
142000 4549.7360974
143000 5186.09739758
144000 5186.09739758
145000 5186.09739758
146000 5186.09739758
147000 5186.09739758
148000 5186.09739758
149000 5186.09739758
150000 5186.09739758
151000 2593.04869879
152000 2593.04869879
153000 2593.04869879
154000 1771.3096836
155000 3542.61936721
156000 3542.61936721
157000 3542.61936721
158000 3542.61936721
159000 382.13371266
160000 2967.10321865
161000 2967.10321865
162000 2967.10321865
163000 2712.15694481
164000 2712.15694481
165000 2712.15694481
166000 2712.15694481
167000 2160.80230169
168000 2160.80230169
169000 2160.80230169
170000 2160.80230169
171000 2160.80230169
172000 2716.22555613
173000 2716.22555613
174000 2716.22555613
175000 2716.22555613
176000 2753.1347316
177000 2753.1347316
178000 2753.1347316
179000 2936.32406672
180000 2936.32406672
181000 2936.32406672
182000 2936.32406672
183000 2936.32406672
184000 2776.96471032
185000 2776.96471032
186000 2776.96471032
187000 2776.96471032
188000 2776.96471032
189000 3417.10207347
190000 4057.23943662
191000 4057.23943662
192000 4057.23943662
193000 4057.23943662
194000 4057.23943662
195000 4057.23943662
196000 2409.03564986
197000 2409.03564986
198000 2409.03564986
199000 2409.03564986
200000 2409.03564986
201000 2409.03564986
202000 2409.03564986
203000 2409.03564986
204000 2409.03564986
205000 2409.03564986
206000 2409.03564986
207000 2409.03564986
208000 1204.51782493
209000 3491.48026949
210000 3491.48026949
211000 3491.48026949
212000 3491.48026949
213000 3687.45047595
214000 3687.45047595
215000 3687.45047595
216000 3687.45047595
217000 3648.97526855
218000 3648.97526855
219000 3648.97526855
220000 3648.97526855
221000 3668.46868687
222000 3668.46868687
223000 3668.46868687
224000 3668.46868687
225000 3439.62381712
226000 3210.77894737
227000 3210.77894737
228000 3210.77894737
229000 3210.77894737
230000 3060.21337849
231000 3060.21337849
232000 3060.21337849
233000 3060.21337849
234000 3060.21337849
235000 2376.8765889
236000 2376.8765889
237000 2376.8765889
238000 2376.8765889
239000 2376.8765889
240000 2376.8765889
241000 29.3467336683
242000 3526.5785877
243000 3526.5785877
244000 3526.5785877
245000 3526.5785877
246000 3526.5785877
247000 5067.99892483
248000 5067.99892483
249000 5067.99892483
250000 5067.99892483
251000 5067.99892483
252000 5067.99892483
253000 5067.99892483
254000 5067.99892483
255000 5067.99892483
256000 5067.99892483
257000 5067.99892483
258000 5067.99892483
259000 5142.24383369
260000 5142.24383369
261000 5142.24383369
262000 5142.24383369
263000 5142.24383369
264000 5142.24383369
265000 5142.24383369
266000 5142.24383369
267000 5142.24383369
268000 5142.24383369
269000 5142.24383369
270000 5073.64248033
271000 5073.64248033
272000 5073.64248033
273000 5073.64248033
274000 5073.64248033
275000 5073.64248033
276000 5073.64248033
277000 5073.64248033
278000 5073.64248033
279000 5073.64248033
280000 5073.64248033
281000 5073.64248033
282000 4549.7360974
283000 4549.7360974
284000 4549.7360974
285000 4549.7360974
286000 4549.7360974
287000 4549.7360974
288000 4549.7360974
289000 4549.7360974
290000 4549.7360974
291000 4549.7360974
292000 4549.7360974
293000 4549.7360974
294000 5186.09739758
295000 5186.09739758
296000 5186.09739758
297000 5186.09739758
298000 5186.09739758
299000 5186.09739758
300000 5186.09739758
301000 5186.09739758
