0 4661.38378378
1000 4661.38378378
2000 4661.38378378
3000 4037.53370166
4000 4037.53370166
5000 1788.24051372
6000 3576.48102744
7000 3464.13132787
8000 3351.78162829
9000 3351.78162829
10000 3351.78162829
11000 3351.78162829
12000 1715.97051597
13000 2076.39427127
14000 2076.39427127
15000 2076.39427127
16000 2076.39427127
17000 1749.726637
18000 1749.726637
19000 1749.726637
20000 1749.726637
21000 1749.726637
22000 1749.726637
23000 1749.726637
24000 2661.97937054
25000 2661.97937054
26000 2661.97937054
27000 2661.97937054
28000 2379.32701731
29000 2379.32701731
30000 2379.32701731
31000 2379.32701731
32000 2379.32701731
33000 2379.32701731
34000 2279.58276036
35000 2279.58276036
36000 2279.58276036
37000 2279.58276036
38000 2279.58276036
39000 2279.58276036
40000 2438.29508197
41000 2438.29508197
42000 2438.29508197
43000 2438.29508197
44000 2438.29508197
45000 2438.29508197
46000 1801.95837897
47000 1801.95837897
48000 1801.95837897
49000 1801.95837897
50000 1801.95837897
51000 1801.95837897
52000 1801.95837897
53000 1536.99567556
54000 1536.99567556
55000 1536.99567556
56000 1536.99567556
57000 1536.99567556
58000 1536.99567556
59000 1536.99567556
60000 1536.99567556
61000 1536.99567556
62000 1536.99567556
63000 1660.33273356
64000 1660.33273356
65000 1660.33273356
66000 1660.33273356
67000 1660.33273356
68000 1660.33273356
69000 1660.33273356
70000 2266.76275467
71000 2266.76275467
72000 2266.76275467
73000 2266.76275467
74000 2266.76275467
75000 2266.76275467
76000 2703.78619806
77000 2703.78619806
78000 2703.78619806
79000 2703.78619806
80000 2703.78619806
81000 2703.78619806
82000 2333.92672999
83000 2558.82579774
84000 2783.72486549
85000 2783.72486549
86000 2783.72486549
87000 2783.72486549
88000 2783.72486549
89000 2783.72486549
90000 2783.72486549
91000 2783.72486549
92000 2783.72486549
93000 2988.58592435
94000 2988.58592435
95000 2988.58592435
96000 2988.58592435
97000 2988.58592435
98000 2988.58592435
99000 2988.58592435
100000 2988.58592435
101000 2988.58592435
102000 4403.81069118
103000 4403.81069118
104000 4403.81069118
105000 4403.81069118
106000 4403.81069118
107000 4403.81069118
108000 4528.34568548
109000 4528.34568548
110000 4528.34568548
111000 4528.34568548
112000 4528.34568548
113000 4528.34568548
114000 4528.34568548
115000 4528.34568548
116000 4337.29078415
117000 4337.29078415
118000 4337.29078415
119000 4337.29078415
120000 4337.29078415
121000 4337.29078415
122000 4337.29078415
123000 4337.29078415
124000 4337.29078415
125000 4337.29078415
126000 4337.29078415
127000 2724.39828955
128000 2762.54661287
129000 2762.54661287
130000 2762.54661287
131000 2762.54661287
132000 2762.54661287
133000 3711.96519833
134000 4661.38378378
135000 4661.38378378
136000 4037.53370166
137000 4037.53370166
138000 3576.48102744
139000 3576.48102744
140000 3351.78162829
141000 3351.78162829
142000 3351.78162829
143000 3351.78162829
144000 1715.97051597
145000 2076.39427127
146000 2076.39427127
147000 2076.39427127
148000 2076.39427127
149000 2076.39427127
150000 1749.726637
151000 1749.726637
152000 1749.726637
153000 1749.726637
154000 1749.726637
155000 1749.726637
156000 2661.97937054
157000 2661.97937054
158000 2661.97937054
159000 2661.97937054
160000 2379.32701731
161000 2379.32701731
162000 2379.32701731
163000 2379.32701731
164000 2379.32701731
165000 2379.32701731
166000 2279.58276036
167000 2279.58276036
168000 2279.58276036
169000 2279.58276036
170000 2279.58276036
171000 2279.58276036
172000 2358.93892117
173000 2438.29508197
174000 2438.29508197
175000 2438.29508197
176000 2438.29508197
177000 2438.29508197
178000 1801.95837897
179000 1801.95837897
180000 1801.95837897
181000 1801.95837897
182000 1801.95837897
183000 1801.95837897
184000 1801.95837897
185000 1801.95837897
186000 1536.99567556
187000 1536.99567556
188000 1536.99567556
189000 1536.99567556
190000 1536.99567556
191000 1536.99567556
192000 1536.99567556
193000 1536.99567556
194000 1536.99567556
195000 1660.33273356
196000 1660.33273356
197000 1660.33273356
198000 1660.33273356
199000 1660.33273356
200000 1660.33273356
201000 1660.33273356
202000 1660.33273356
203000 2266.76275467
204000 2266.76275467
205000 2266.76275467
206000 2266.76275467
207000 2266.76275467
208000 2266.76275467
209000 2703.78619806
210000 2703.78619806
211000 2703.78619806
212000 2703.78619806
213000 2703.78619806
214000 2333.92672999
215000 2333.92672999
216000 2783.72486549
217000 2783.72486549
218000 2783.72486549
219000 2783.72486549
220000 2783.72486549
221000 2783.72486549
222000 2783.72486549
223000 2783.72486549
224000 2783.72486549
225000 2783.72486549
226000 2988.58592435
227000 2988.58592435
228000 2988.58592435
229000 2988.58592435
230000 2988.58592435
231000 2988.58592435
232000 2988.58592435
233000 2988.58592435
234000 2988.58592435
235000 4403.81069118
236000 4403.81069118
237000 4403.81069118
238000 4403.81069118
239000 4403.81069118
240000 4403.81069118
241000 4528.34568548
242000 4528.34568548
243000 4528.34568548
244000 4528.34568548
245000 4528.34568548
246000 4528.34568548
247000 4528.34568548
248000 4432.81823482
249000 4337.29078415
250000 4337.29078415
251000 4337.29078415
252000 4337.29078415
253000 4337.29078415
254000 4337.29078415
255000 4337.29078415
256000 4337.29078415
257000 4337.29078415
258000 4337.29078415
259000 2724.39828955
260000 2724.39828955
261000 2762.54661287
262000 2762.54661287
263000 2762.54661287
264000 2762.54661287
265000 2762.54661287
