0 3825.5496368
1000 3825.5496368
2000 3825.5496368
3000 3825.5496368
4000 3825.5496368
5000 3825.5496368
6000 3913.53099455
7000 4001.51235231
8000 4961.25408605
9000 5920.99581979
10000 5920.99581979
11000 5920.99581979
12000 6622.72727273
13000 6824.22569776
14000 5360.67517174
15000 7841.29650092
16000 6407.98521257
17000 5091.98562874
18000 3379.80429185
19000 3379.80429185
20000 3728.0969697
21000 3938.10526316
22000 2013.6492891
23000 2013.6492891
24000 2013.6492891
25000 4179.20496894
26000 4198.37638773
27000 4217.54780652
28000 6101.60230548
29000 6101.60230548
30000 6101.60230548
31000 4933.02265372
32000 4933.02265372
33000 4933.02265372
34000 3877.22587487
35000 3877.22587487
36000 5823.91683683
37000 5823.91683683
38000 5823.91683683
39000 5823.91683683
40000 5823.91683683
41000 5823.91683683
42000 6348.85245902
43000 6348.85245902
44000 6348.85245902
45000 6348.85245902
46000 6348.85245902
47000 5129.38706654
48000 5129.38706654
49000 5129.38706654
50000 5129.38706654
51000 5553.30052389
52000 5977.21398124
53000 5977.21398124
54000 5977.21398124
55000 5977.21398124
56000 7952.29267415
57000 9927.37136706
58000 8852.05206396
59000 7776.73276086
60000 7776.73276086
61000 7776.73276086
62000 7776.73276086
63000 9685.43902439
64000 9685.43902439
65000 9685.43902439
66000 6016.67946691
67000 6016.67946691
68000 6016.67946691
69000 6016.67946691
70000 6016.67946691
71000 7474.95948326
72000 7474.95948326
73000 7474.95948326
74000 7474.95948326
75000 5295.14615691
76000 5295.14615691
77000 5295.14615691
78000 5295.14615691
79000 5295.14615691
80000 5736.98939929
81000 5736.98939929
82000 5736.98939929
83000 5736.98939929
84000 3818.23217017
85000 3818.23217017
86000 3818.23217017
87000 3818.23217017
88000 3818.23217017
89000 3818.23217017
90000 3818.23217017
91000 3818.23217017
92000 3380.70438247
93000 3380.70438247
94000 3380.70438247
95000 3380.70438247
96000 3380.70438247
97000 3380.70438247
98000 3336.25543842
99000 3291.80649437
100000 3291.80649437
101000 3291.80649437
102000 3291.80649437
103000 3291.80649437
104000 3291.80649437
105000 4437.69852941
106000 4437.69852941
107000 4437.69852941
108000 4437.69852941
109000 6678.82363088
110000 6678.82363088
111000 6678.82363088
112000 6678.82363088
113000 6678.82363088
114000 6659.69566443
115000 6640.56769798
116000 6640.56769798
117000 6640.56769798
118000 3449.37542496
119000 3449.37542496
120000 3449.37542496
121000 3449.37542496
122000 3449.37542496
123000 3449.37542496
124000 3449.37542496
125000 3449.37542496
126000 3449.37542496
127000 2892.20748725
128000 2892.20748725
129000 2892.20748725
130000 2892.20748725
131000 2892.20748725
132000 2892.20748725
133000 2892.20748725
134000 2892.20748725
135000 2892.20748725
136000 2892.20748725
137000 3271.33209008
138000 3650.45669291
139000 3650.45669291
140000 3650.45669291
141000 3650.45669291
142000 3650.45669291
143000 3650.45669291
144000 4330.300695
145000 5010.14469709
146000 5010.14469709
147000 5010.14469709
148000 5010.14469709
149000 5010.14469709
150000 5010.14469709
151000 5252.8076383
152000 5252.8076383
153000 5252.8076383
154000 5252.8076383
155000 3856.24973985
156000 3856.24973985
157000 3856.24973985
158000 3856.24973985
159000 3856.24973985
160000 3856.24973985
161000 3972.45814724
162000 3972.45814724
163000 3972.45814724
164000 3972.45814724
165000 3972.45814724
166000 3972.45814724
167000 3972.45814724
168000 4090.05742869
169000 4207.65671014
170000 4207.65671014
171000 4207.65671014
172000 4207.65671014
173000 4207.65671014
174000 4207.65671014
175000 4207.65671014
176000 4941.31679302
177000 4941.31679302
178000 4941.31679302
179000 4941.31679302
180000 4941.31679302
181000 4383.43321491
182000 4383.43321491
183000 4383.43321491
184000 4383.43321491
185000 3825.5496368
186000 3913.53099455
187000 4001.51235231
188000 4961.25408605
189000 5920.99581979
190000 5920.99581979
191000 5920.99581979
192000 6622.72727273
193000 8287.77622378
194000 5360.67517174
195000 7841.29650092
196000 6407.98521257
197000 5091.98562874
198000 3379.80429185
199000 3379.80429185
200000 3728.0969697
201000 3938.10526316
202000 2013.6492891
203000 2013.6492891
204000 2013.6492891
205000 4179.20496894
206000 4198.37638773
207000 4217.54780652
208000 6101.60230548
209000 6101.60230548
210000 6101.60230548
211000 4933.02265372
212000 4933.02265372
213000 4933.02265372
214000 3877.22587487
215000 3877.22587487
216000 5823.91683683
217000 5823.91683683
218000 5823.91683683
219000 5823.91683683
220000 5823.91683683
221000 5823.91683683
222000 6348.85245902
223000 6348.85245902
224000 6348.85245902
225000 6348.85245902
226000 6348.85245902
227000 5129.38706654
228000 5129.38706654
229000 5129.38706654
230000 5129.38706654
231000 5553.30052389
232000 5977.21398124
233000 5977.21398124
234000 5977.21398124
235000 5977.21398124
236000 7952.29267415
237000 9927.37136706
238000 9927.37136706
239000 7776.73276086
240000 7776.73276086
241000 7776.73276086
242000 7776.73276086
243000 9685.43902439
244000 9685.43902439
245000 9685.43902439
246000 7851.05924565
247000 6016.67946691
248000 6016.67946691
249000 6016.67946691
250000 6016.67946691
251000 7474.95948326
252000 7474.95948326
253000 7474.95948326
254000 7474.95948326
255000 5295.14615691
256000 5295.14615691
257000 5295.14615691
258000 5295.14615691
259000 5295.14615691
260000 5736.98939929
261000 5736.98939929
262000 5736.98939929
263000 5736.98939929
264000 4777.61078473
265000 3818.23217017
266000 3818.23217017
267000 3818.23217017
268000 3818.23217017
269000 3818.23217017
270000 3818.23217017
271000 3818.23217017
272000 3380.70438247
273000 3380.70438247
274000 3380.70438247
275000 3380.70438247
276000 3380.70438247
277000 3380.70438247
278000 3336.25543842
279000 3291.80649437
280000 3291.80649437
281000 3291.80649437
282000 3291.80649437
283000 3291.80649437
284000 3291.80649437
285000 4437.69852941
286000 4437.69852941
287000 4437.69852941
288000 4437.69852941
289000 5558.26108015
290000 6678.82363088
291000 6678.82363088
292000 6678.82363088
293000 6678.82363088
294000 6659.69566443
295000 6640.56769798
296000 6640.56769798
297000 6640.56769798
298000 5044.97156147
299000 3449.37542496
300000 3449.37542496
301000 3449.37542496
302000 3449.37542496
303000 3449.37542496
304000 3449.37542496
305000 3449.37542496
306000 3449.37542496
307000 2892.20748725
308000 2892.20748725
309000 2892.20748725
310000 2892.20748725
311000 2892.20748725
312000 2892.20748725
313000 2892.20748725
314000 2892.20748725
315000 2892.20748725
316000 2892.20748725
317000 2892.20748725
318000 3650.45669291
319000 3650.45669291
320000 3650.45669291
321000 3650.45669291
322000 3650.45669291
323000 3650.45669291
324000 3650.45669291
325000 5010.14469709
326000 5010.14469709
327000 5010.14469709
328000 5010.14469709
329000 5010.14469709
330000 5010.14469709
331000 5131.4761677
332000 5252.8076383
333000 5252.8076383
334000 5252.8076383
335000 3856.24973985
336000 3856.24973985
337000 3856.24973985
338000 3856.24973985
339000 3856.24973985
340000 3856.24973985
341000 3914.35394355
342000 3972.45814724
343000 3972.45814724
344000 3972.45814724
345000 3972.45814724
346000 3972.45814724
347000 3972.45814724
348000 4090.05742869
349000 4207.65671014
350000 4207.65671014
351000 4207.65671014
352000 4207.65671014
353000 4207.65671014
354000 4207.65671014
355000 4207.65671014
356000 4941.31679302
357000 4941.31679302
358000 4941.31679302
359000 4941.31679302
360000 4941.31679302
