0 3983.37344795
1000 3983.37344795
2000 3983.37344795
3000 3983.37344795
4000 4338.10414828
5000 4338.10414828
6000 4324.05702153
7000 4324.05702153
8000 4324.05702153
9000 4324.05702153
10000 2233.14029181
11000 4158.81195291
12000 4158.81195291
13000 4158.81195291
14000 4431.87174741
15000 4704.93154191
16000 4704.93154191
17000 4704.93154191
18000 4633.93232831
19000 4633.93232831
20000 4633.93232831
21000 4384.49029622
22000 4384.49029622
23000 4384.49029622
24000 4127.70648186
25000 4127.70648186
26000 4459.69286171
27000 4791.67924156
28000 4791.67924156
29000 4791.67924156
30000 4791.67924156
31000 4791.67924156
32000 4791.67924156
33000 4791.67924156
34000 4791.67924156
35000 4791.67924156
36000 4791.67924156
37000 4751.22019759
38000 4751.22019759
39000 4751.22019759
40000 4751.22019759
41000 4751.22019759
42000 4751.22019759
43000 4751.22019759
44000 4751.22019759
45000 4751.22019759
46000 4548.82606575
47000 4548.82606575
48000 4548.82606575
49000 4548.82606575
50000 4548.82606575
51000 4548.82606575
52000 4548.82606575
53000 4548.82606575
54000 4548.82606575
55000 4548.82606575
56000 4583.69495676
57000 4618.56384776
58000 4618.56384776
59000 4618.56384776
60000 4618.56384776
61000 4618.56384776
62000 4618.56384776
63000 4618.56384776
64000 4618.56384776
65000 4618.56384776
66000 4618.56384776
67000 3963.56977704
68000 3963.56977704
69000 3963.56977704
70000 3963.56977704
71000 3963.56977704
72000 3963.56977704
73000 3963.56977704
74000 3963.56977704
75000 3963.56977704
76000 4346.86118099
77000 4730.15258495
78000 4730.15258495
79000 4730.15258495
80000 4730.15258495
81000 4730.15258495
82000 4730.15258495
83000 4730.15258495
84000 4730.15258495
85000 4744.06595995
86000 4744.06595995
87000 4744.06595995
88000 4744.06595995
89000 4744.06595995
90000 4744.06595995
91000 4744.06595995
92000 4808.86091456
93000 4808.86091456
94000 4808.86091456
95000 4808.86091456
96000 4808.86091456
97000 4808.86091456
98000 4808.86091456
99000 4808.86091456
100000 4808.86091456
101000 4808.86091456
102000 4686.77251282
103000 4686.77251282
104000 4686.77251282
105000 4686.77251282
106000 4686.77251282
107000 4686.77251282
108000 4686.77251282
109000 4686.77251282
110000 4686.77251282
111000 4686.77251282
112000 4775.67553423
113000 4775.67553423
114000 4775.67553423
115000 4775.67553423
116000 4775.67553423
117000 4775.67553423
118000 4775.67553423
119000 4775.67553423
120000 4775.67553423
121000 4792.90630741
122000 4792.90630741
123000 4792.90630741
124000 4792.90630741
125000 4792.90630741
126000 4792.90630741
127000 4792.90630741
128000 4792.90630741
129000 4792.90630741
130000 4792.90630741
131000 4824.28790263
132000 4824.28790263
133000 4824.28790263
134000 4824.28790263
135000 4824.28790263
136000 4824.28790263
137000 4824.28790263
138000 4824.28790263
139000 4824.28790263
140000 4824.28790263
141000 4805.08161583
142000 4805.08161583
143000 4805.08161583
144000 4805.08161583
145000 4805.08161583
146000 4805.08161583
147000 4805.08161583
148000 4805.08161583
149000 4805.08161583
150000 4819.82643458
151000 4834.57125332
152000 4834.57125332
153000 4834.57125332
154000 4834.57125332
155000 4834.57125332
156000 4834.57125332
157000 4834.57125332
158000 4834.57125332
159000 4834.57125332
160000 4770.07347964
161000 4705.57570597
162000 4705.57570597
163000 4705.57570597
164000 4705.57570597
165000 4705.57570597
166000 4705.57570597
167000 4705.57570597
168000 3226.85913853
169000 3605.11629324
170000 3983.37344795
171000 3983.37344795
172000 4338.10414828
173000 4338.10414828
174000 4331.08058491
175000 4324.05702153
176000 4324.05702153
177000 4324.05702153
178000 2233.14029181
179000 4158.81195291
180000 4158.81195291
181000 4158.81195291
182000 4158.81195291
183000 4704.93154191
184000 4704.93154191
185000 4704.93154191
186000 4633.93232831
187000 4633.93232831
188000 4633.93232831
189000 4384.49029622
190000 4384.49029622
191000 4384.49029622
192000 4127.70648186
193000 4127.70648186
194000 4459.69286171
195000 4791.67924156
196000 4791.67924156
197000 4791.67924156
198000 4791.67924156
199000 4791.67924156
200000 4791.67924156
201000 4791.67924156
202000 4791.67924156
203000 4791.67924156
204000 4791.67924156
205000 4751.22019759
206000 4751.22019759
207000 4751.22019759
208000 4751.22019759
209000 4751.22019759
210000 4751.22019759
211000 4751.22019759
212000 4751.22019759
213000 4751.22019759
214000 4548.82606575
215000 4548.82606575
216000 4548.82606575
217000 4548.82606575
218000 4548.82606575
219000 4548.82606575
220000 4548.82606575
221000 4548.82606575
222000 4548.82606575
223000 4548.82606575
224000 4583.69495676
225000 4618.56384776
226000 4618.56384776
227000 4618.56384776
228000 4618.56384776
229000 4618.56384776
230000 4618.56384776
231000 4618.56384776
232000 4618.56384776
233000 4618.56384776
234000 4618.56384776
235000 3963.56977704
236000 3963.56977704
237000 3963.56977704
238000 3963.56977704
239000 3963.56977704
240000 3963.56977704
241000 3963.56977704
242000 3963.56977704
243000 3963.56977704
244000 4346.86118099
245000 4730.15258495
246000 4730.15258495
247000 4730.15258495
248000 4730.15258495
249000 4730.15258495
250000 4730.15258495
251000 4730.15258495
252000 4730.15258495
253000 4744.06595995
254000 4744.06595995
255000 4744.06595995
256000 4744.06595995
257000 4744.06595995
258000 4744.06595995
259000 4744.06595995
260000 4776.46343726
261000 4808.86091456
262000 4808.86091456
263000 4808.86091456
264000 4808.86091456
265000 4808.86091456
266000 4808.86091456
267000 4808.86091456
268000 4808.86091456
269000 4808.86091456
270000 4686.77251282
271000 4686.77251282
272000 4686.77251282
273000 4686.77251282
274000 4686.77251282
275000 4686.77251282
276000 4686.77251282
277000 4686.77251282
278000 4686.77251282
279000 4686.77251282
280000 4775.67553423
281000 4775.67553423
282000 4775.67553423
283000 4775.67553423
284000 4775.67553423
285000 4775.67553423
286000 4775.67553423
287000 4775.67553423
288000 4775.67553423
289000 4792.90630741
290000 4792.90630741
291000 4792.90630741
292000 4792.90630741
293000 4792.90630741
294000 4792.90630741
295000 4792.90630741
296000 4792.90630741
297000 4792.90630741
298000 4792.90630741
299000 4824.28790263
300000 4824.28790263
301000 4824.28790263
302000 4824.28790263
303000 4824.28790263
304000 4824.28790263
305000 4824.28790263
306000 4824.28790263
307000 4824.28790263
308000 4824.28790263
309000 4805.08161583
310000 4805.08161583
311000 4805.08161583
312000 4805.08161583
313000 4805.08161583
314000 4805.08161583
315000 4805.08161583
316000 4805.08161583
317000 4805.08161583
318000 4805.08161583
319000 4834.57125332
320000 4834.57125332
321000 4834.57125332
322000 4834.57125332
323000 4834.57125332
324000 4834.57125332
325000 4834.57125332
326000 4834.57125332
327000 4834.57125332
328000 4770.07347964
329000 4705.57570597
330000 4705.57570597
331000 4705.57570597
332000 4705.57570597
333000 4705.57570597
334000 4705.57570597
335000 4705.57570597
336000 3226.85913853
