0 3912.23734729
1000 3912.23734729
2000 3912.23734729
3000 3912.23734729
4000 3912.23734729
5000 3912.23734729
6000 3485.74499562
7000 3485.74499562
8000 3059.25264395
9000 3329.88929889
10000 3748.06202893
11000 5870.98120073
12000 5870.98120073
13000 15305.6578581
14000 9512.31666667
15000 11958.9919037
16000 14405.6671408
17000 10681.2360616
18000 6956.80498248
19000 6956.80498248
20000 6956.80498248
21000 4903.10993026
22000 4903.10993026
23000 4903.10993026
24000 4778.42774896
25000 4653.74556765
26000 4653.74556765
27000 4653.74556765
28000 4384.3932124
29000 4384.3932124
30000 4384.3932124
31000 4384.3932124
32000 5879.15367871
33000 5879.15367871
34000 5564.4115785
35000 5249.66947829
36000 5249.66947829
37000 5249.66947829
38000 2422.64222472
39000 2422.64222472
40000 2422.64222472
41000 2422.64222472
42000 2422.64222472
43000 2422.64222472
44000 2422.64222472
45000 2422.64222472
46000 3777.81649129
47000 5132.99075786
48000 5132.99075786
49000 5132.99075786
50000 5132.99075786
51000 4845.26556526
52000 4557.54037267
53000 4557.54037267
54000 4557.54037267
55000 4557.54037267
56000 4982.5718064
57000 4982.5718064
58000 4982.5718064
59000 4982.5718064
60000 7157.72262774
61000 7157.72262774
62000 7657.99151992
63000 8158.2604121
64000 8158.2604121
65000 5721.51028037
66000 8289.98030942
67000 8289.98030942
68000 8289.98030942
69000 8382.60544747
70000 8382.60544747
71000 8382.60544747
72000 7518.33074362
73000 7518.33074362
74000 7518.33074362
75000 5419.16594251
76000 3320.00114139
77000 3320.00114139
78000 3320.00114139
79000 3320.00114139
80000 3320.00114139
81000 3320.00114139
82000 3320.00114139
83000 4493.33722628
84000 4493.33722628
85000 4493.33722628
86000 4493.33722628
87000 7572.75281214
88000 10652.168398
89000 10652.168398
90000 4184.48204808
91000 4184.48204808
92000 4184.48204808
93000 4184.48204808
94000 4184.48204808
95000 4184.48204808
96000 4184.48204808
97000 4799.91211206
98000 4799.91211206
99000 4799.91211206
100000 4799.91211206
101000 7223.65699874
102000 7223.65699874
103000 7223.65699874
104000 6100.05326127
105000 4976.44952381
106000 4976.44952381
107000 4976.44952381
108000 4976.44952381
109000 3784.40645709
110000 3784.40645709
111000 3784.40645709
112000 3784.40645709
113000 3784.40645709
114000 3784.40645709
115000 3520.48910751
116000 3256.57175793
117000 3256.57175793
118000 3256.57175793
119000 3256.57175793
120000 3256.57175793
121000 3256.57175793
122000 3256.57175793
123000 5497.42475356
124000 5497.42475356
125000 5497.42475356
126000 5497.42475356
127000 5497.42475356
128000 3571.17381421
129000 3571.17381421
130000 3571.17381421
131000 3571.17381421
132000 3571.17381421
133000 3571.17381421
134000 3442.87571139
135000 3314.57760858
136000 3314.57760858
137000 3314.57760858
138000 3314.57760858
139000 3314.57760858
140000 3314.57760858
141000 3254.72691552
142000 3254.72691552
143000 3254.72691552
144000 3254.72691552
145000 3254.72691552
146000 3254.72691552
147000 3254.72691552
148000 3253.7944849
149000 3252.86205427
150000 3252.86205427
151000 3252.86205427
152000 3252.86205427
153000 3252.86205427
154000 3252.86205427
155000 3252.86205427
156000 3323.42765659
157000 3323.42765659
158000 3323.42765659
159000 3323.42765659
160000 3323.42765659
161000 2672.0760353
162000 2672.0760353
163000 2672.0760353
164000 2672.0760353
165000 2672.0760353
166000 2672.0760353
167000 3570.3196061
168000 4468.5631769
169000 4468.5631769
170000 4468.5631769
171000 3896.67963153
172000 7488.20388068
173000 7488.20388068
174000 7488.20388068
175000 7488.20388068
176000 3570.02808889
177000 3570.02808889
178000 3570.02808889
179000 3570.02808889
180000 3570.02808889
181000 3797.28400263
182000 4024.53991638
183000 4024.53991638
184000 4024.53991638
185000 4024.53991638
186000 4024.53991638
187000 5570.98082192
188000 5570.98082192
189000 5570.98082192
190000 5570.98082192
191000 5570.98082192
192000 2928.96210207
193000 2928.96210207
194000 2928.96210207
195000 2928.96210207
196000 2928.96210207
197000 2928.96210207
198000 4648.40631669
199000 4648.40631669
200000 4648.40631669
201000 4648.40631669
202000 4648.40631669
203000 3389.67711963
204000 3389.67711963
205000 3389.67711963
206000 3389.67711963
207000 3389.67711963
208000 3283.84243221
209000 3178.00774479
210000 3178.00774479
211000 3178.00774479
212000 3178.00774479
213000 3178.00774479
214000 3512.95306859
215000 3512.95306859
216000 3512.95306859
217000 3512.95306859
218000 3512.95306859
219000 3512.95306859
220000 2186.92070139
221000 2186.92070139
222000 2186.92070139
223000 2186.92070139
224000 2186.92070139
225000 2186.92070139
226000 2186.92070139
227000 2186.92070139
228000 2939.26309403
229000 2939.26309403
230000 2939.26309403
231000 2939.26309403
232000 2939.26309403
233000 2779.35386687
234000 2619.44463972
235000 2619.44463972
236000 2619.44463972
237000 2242.47729351
238000 2242.47729351
239000 2242.47729351
240000 2242.47729351
241000 2132.85919128
242000 2132.85919128
243000 2132.85919128
244000 1781.64698694
245000 1430.43478261
246000 1430.43478261
247000 1430.43478261
248000 1430.43478261
249000 1430.43478261
250000 2374.60813008
251000 2374.60813008
252000 2374.60813008
253000 2576.86928243
254000 2779.13043478
255000 2779.13043478
256000 1297.3022683
257000 1297.3022683
258000 1297.3022683
259000 1297.3022683
260000 1297.3022683
261000 1297.3022683
262000 1297.3022683
263000 1297.3022683
264000 1297.3022683
265000 1297.3022683
266000 1691.14688321
267000 1691.14688321
268000 1691.14688321
269000 1691.14688321
270000 1691.14688321
271000 1862.56204563
272000 1862.56204563
273000 1862.56204563
274000 1862.56204563
275000 2162.74532192
276000 2162.74532192
277000 2162.74532192
278000 2050.46621501
279000 1938.1871081
280000 1938.1871081
281000 1938.1871081
282000 1938.1871081
283000 1323.55870055
284000 1323.55870055
285000 1323.55870055
286000 1152.25518204
287000 980.951663528
288000 1307.29155313
289000 1257.46843666
290000 2559.94133375
291000 2559.94133375
292000 2559.94133375
293000 2559.94133375
294000 3912.23734729
295000 3912.23734729
296000 3485.74499562
297000 3485.74499562
298000 3194.57097142
299000 2477.51607801
300000 5870.98120073
301000 5870.98120073
302000 15305.6578581
303000 12408.9872624
304000 9512.31666667
305000 14405.6671408
306000 14405.6671408
307000 10681.2360616
308000 6956.80498248
309000 6956.80498248
310000 5929.95745637
311000 4903.10993026
312000 4903.10993026
313000 4903.10993026
314000 4653.74556765
315000 4653.74556765
316000 4653.74556765
317000 4519.06939003
318000 4384.3932124
319000 4384.3932124
320000 4384.3932124
321000 5879.15367871
322000 5879.15367871
323000 5879.15367871
324000 5249.66947829
325000 5249.66947829
326000 5249.66947829
327000 3836.15585151
328000 2422.64222472
329000 2422.64222472
330000 2422.64222472
331000 2422.64222472
332000 2422.64222472
333000 2422.64222472
334000 2422.64222472
335000 2422.64222472
336000 5132.99075786
337000 5132.99075786
338000 5132.99075786
339000 5132.99075786
340000 4845.26556526
341000 4557.54037267
342000 4557.54037267
343000 4557.54037267
344000 4557.54037267
345000 4770.05608953
346000 4982.5718064
347000 4982.5718064
348000 4982.5718064
349000 6070.14721707
350000 7157.72262774
351000 7157.72262774
352000 8158.2604121
353000 8158.2604121
354000 6939.88534623
355000 8289.98030942
356000 8289.98030942
357000 8289.98030942
358000 8336.29287844
359000 8382.60544747
360000 8382.60544747
361000 7950.46809555
362000 7518.33074362
363000 7518.33074362
364000 7518.33074362
365000 3320.00114139
366000 3320.00114139
367000 3320.00114139
368000 3320.00114139
369000 3320.00114139
370000 3320.00114139
371000 3320.00114139
372000 3906.66918384
373000 4493.33722628
374000 4493.33722628
375000 4493.33722628
376000 4493.33722628
377000 10652.168398
378000 10652.168398
379000 7418.32522304
380000 4184.48204808
381000 4184.48204808
382000 4184.48204808
383000 4184.48204808
384000 4184.48204808
385000 4184.48204808
386000 4799.91211206
387000 4799.91211206
388000 4799.91211206
389000 4799.91211206
390000 6011.7845554
391000 7223.65699874
392000 7223.65699874
393000 7223.65699874
394000 4976.44952381
395000 4976.44952381
396000 4976.44952381
397000 4976.44952381
398000 4380.42799045
399000 3784.40645709
400000 3784.40645709
401000 3784.40645709
402000 3784.40645709
403000 3784.40645709
404000 3784.40645709
405000 3256.57175793
406000 3256.57175793
407000 3256.57175793
408000 3256.57175793
409000 3256.57175793
410000 3256.57175793
411000 3256.57175793
412000 5497.42475356
413000 5497.42475356
414000 5497.42475356
415000 5497.42475356
416000 5497.42475356
417000 3571.17381421
418000 3571.17381421
419000 3571.17381421
420000 3571.17381421
421000 3571.17381421
422000 3571.17381421
423000 3571.17381421
424000 3314.57760858
425000 3314.57760858
426000 3314.57760858
427000 3314.57760858
428000 3314.57760858
429000 3314.57760858
430000 3284.65226205
431000 3254.72691552
432000 3254.72691552
433000 3254.72691552
434000 3254.72691552
435000 3254.72691552
436000 3254.72691552
437000 3254.72691552
438000 3252.86205427
439000 3252.86205427
440000 3252.86205427
441000 3252.86205427
442000 3252.86205427
443000 3252.86205427
444000 3252.86205427
445000 3288.14485543
446000 3323.42765659
447000 3323.42765659
448000 3323.42765659
449000 3323.42765659
450000 3323.42765659
451000 2672.0760353
452000 2672.0760353
453000 2672.0760353
454000 2672.0760353
455000 2672.0760353
456000 2672.0760353
457000 4468.5631769
458000 4468.5631769
459000 4468.5631769
460000 4182.62140422
461000 3896.67963153
462000 7488.20388068
463000 7488.20388068
464000 7488.20388068
465000 3570.02808889
466000 3570.02808889
467000 3570.02808889
468000 3570.02808889
469000 3570.02808889
470000 3570.02808889
471000 4024.53991638
472000 4024.53991638
473000 4024.53991638
474000 4024.53991638
475000 4024.53991638
476000 4797.76036915
477000 5570.98082192
478000 5570.98082192
479000 5570.98082192
480000 5570.98082192
481000 2928.96210207
482000 2928.96210207
483000 2928.96210207
484000 2928.96210207
485000 2928.96210207
486000 2928.96210207
487000 3788.68420938
488000 4648.40631669
489000 4648.40631669
490000 4648.40631669
491000 4648.40631669
492000 4019.04171816
493000 3389.67711963
494000 3389.67711963
495000 3389.67711963
496000 3389.67711963
497000 3389.67711963
498000 3178.00774479
499000 3178.00774479
500000 3178.00774479
501000 3178.00774479
502000 3178.00774479
503000 3178.00774479
504000 3512.95306859
505000 3512.95306859
506000 3512.95306859
507000 3512.95306859
508000 3512.95306859
509000 2849.93688499
510000 2186.92070139
511000 2186.92070139
512000 2186.92070139
513000 2186.92070139
514000 2186.92070139
515000 2186.92070139
516000 2186.92070139
517000 2563.09189771
518000 2939.26309403
519000 2939.26309403
520000 2939.26309403
521000 2939.26309403
522000 2939.26309403
523000 2779.35386687
524000 2619.44463972
525000 2619.44463972
526000 2430.96096661
527000 2242.47729351
528000 2242.47729351
529000 2242.47729351
530000 2132.85919128
531000 2132.85919128
532000 2132.85919128
533000 2132.85919128
534000 1430.43478261
535000 1430.43478261
536000 1430.43478261
537000 1430.43478261
538000 1430.43478261
539000 1902.52145634
540000 2374.60813008
541000 2374.60813008
542000 2374.60813008
543000 2779.13043478
544000 2779.13043478
545000 2779.13043478
546000 1297.3022683
547000 1297.3022683
548000 1297.3022683
549000 1297.3022683
550000 1297.3022683
551000 1297.3022683
552000 1297.3022683
553000 1297.3022683
554000 1297.3022683
555000 1494.22457575
556000 1691.14688321
557000 1691.14688321
558000 1691.14688321
559000 1691.14688321
560000 1862.56204563
561000 1862.56204563
562000 1862.56204563
563000 1862.56204563
564000 2012.65368377
565000 2162.74532192
566000 2162.74532192
567000 2162.74532192
568000 1938.1871081
569000 1938.1871081
570000 1938.1871081
571000 1938.1871081
572000 1630.87290433
573000 1323.55870055
574000 1323.55870055
575000 1323.55870055
576000 980.951663528
577000 980.951663528
578000 1307.29155313
