0 1789.73543821
1000 1789.73543821
2000 1789.73543821
3000 1695.91119737
4000 1602.08695652
5000 1602.08695652
6000 1739.59695174
7000 1739.59695174
8000 1739.59695174
9000 1778.62482168
10000 1778.62482168
11000 2346.54693878
12000 2346.54693878
13000 1618.13703382
14000 1618.13703382
15000 1790.59914163
16000 1790.59914163
17000 1790.59914163
18000 2416.1888412
19000 1971.45945946
20000 1971.45945946
21000 1971.45945946
22000 2333.59490446
23000 2333.59490446
24000 2333.59490446
25000 2732.34593943
26000 3131.0969744
27000 3131.0969744
28000 2103.41284404
29000 5809.91557093
30000 5809.91557093
31000 5809.91557093
32000 4241.24597207
33000 4241.24597207
34000 3876.24593968
35000 3876.24593968
36000 3876.24593968
37000 3876.24593968
38000 3876.24593968
39000 3876.24593968
40000 3876.24593968
41000 3301.87100271
42000 3301.87100271
43000 3301.87100271
44000 3301.87100271
45000 3301.87100271
46000 3301.87100271
47000 3301.87100271
48000 3301.87100271
49000 3490.08994557
50000 3490.08994557
51000 3490.08994557
52000 3490.08994557
53000 4442.3464837
54000 4442.3464837
55000 4442.3464837
56000 5680.37052632
57000 5680.37052632
58000 3321.20520769
59000 4260.30056896
60000 4260.30056896
61000 4260.30056896
62000 4260.30056896
63000 4260.30056896
64000 3921.69740121
65000 3921.69740121
66000 3921.69740121
67000 3921.69740121
68000 3921.69740121
69000 3921.69740121
70000 3925.90791111
71000 3925.90791111
72000 3925.90791111
73000 3925.90791111
74000 3925.90791111
75000 3925.90791111
76000 3633.24543533
77000 3633.24543533
78000 3633.24543533
79000 3633.24543533
80000 3633.24543533
81000 4111.36681077
82000 4111.36681077
83000 4111.36681077
84000 4111.36681077
85000 4111.36681077
86000 4111.36681077
87000 5142.17472434
88000 5142.17472434
89000 5142.17472434
90000 3083.47092126
91000 3083.47092126
92000 3083.47092126
93000 3083.47092126
94000 3505.88655895
95000 3505.88655895
96000 3505.88655895
97000 4040.34994294
98000 4040.34994294
99000 3898.56896552
100000 3898.56896552
101000 3898.56896552
102000 3898.56896552
103000 3898.56896552
104000 3898.56896552
105000 3695.51982851
106000 3695.51982851
107000 3695.51982851
108000 3695.51982851
109000 3695.51982851
110000 3695.51982851
111000 3936.61211477
112000 3936.61211477
113000 3936.61211477
114000 3936.61211477
115000 3823.84722581
116000 3823.84722581
117000 3823.84722581
118000 3823.84722581
119000 4020.18995929
120000 4020.18995929
121000 4020.18995929
122000 3284.17066851
123000 3284.17066851
124000 3284.17066851
125000 3284.17066851
126000 3284.17066851
127000 3284.17066851
128000 3374.92362485
129000 3374.92362485
130000 3374.92362485
131000 3374.92362485
132000 3374.92362485
133000 3371.07410237
134000 3371.07410237
135000 3371.07410237
136000 3371.07410237
137000 3618.13815624
138000 3618.13815624
139000 3618.13815624
140000 3618.13815624
141000 3509.59204632
142000 3401.0459364
143000 3401.0459364
144000 3401.0459364
145000 4502.85019011
146000 4502.85019011
147000 4502.85019011
148000 4502.85019011
149000 2976.40167364
150000 5623.50600726
151000 5623.50600726
152000 5623.50600726
153000 3713.19346389
154000 3713.19346389
155000 3713.19346389
156000 3713.19346389
157000 3713.19346389
158000 3713.19346389
159000 3713.19346389
160000 3713.19346389
161000 1250.88773325
162000 1250.88773325
163000 1250.88773325
164000 1250.88773325
165000 2332.15828303
166000 2332.15828303
167000 2332.15828303
168000 2512.22580645
169000 2512.22580645
170000 2512.22580645
171000 4818.48739496
172000 3692.46772685
173000 3692.46772685
174000 3692.46772685
175000 3414.62361446
176000 3414.62361446
177000 2878.9111224
178000 2878.9111224
179000 2165.08418891
180000 5144.97841727
181000 5144.97841727
182000 3467.35692774
183000 1789.73543821
184000 1789.73543821
185000 1602.08695652
186000 1602.08695652
187000 1602.08695652
188000 1739.59695174
189000 1739.59695174
190000 1778.62482168
191000 1778.62482168
192000 2346.54693878
193000 2346.54693878
194000 1618.13703382
195000 1618.13703382
196000 1618.13703382
197000 1790.59914163
198000 1790.59914163
199000 2416.1888412
200000 2416.1888412
201000 1971.45945946
202000 1971.45945946
203000 1971.45945946
204000 2333.59490446
205000 2333.59490446
206000 2333.59490446
207000 3131.0969744
208000 3131.0969744
209000 3131.0969744
210000 2103.41284404
211000 5809.91557093
212000 5809.91557093
213000 5809.91557093
214000 4241.24597207
215000 4241.24597207
216000 3876.24593968
217000 3876.24593968
218000 3876.24593968
219000 3876.24593968
220000 3876.24593968
221000 3876.24593968
222000 3876.24593968
223000 3301.87100271
224000 3301.87100271
225000 3301.87100271
226000 3301.87100271
227000 3301.87100271
228000 3301.87100271
229000 3301.87100271
230000 3395.98047414
231000 3490.08994557
232000 3490.08994557
233000 3490.08994557
234000 4442.3464837
235000 4442.3464837
236000 4442.3464837
237000 5680.37052632
238000 5680.37052632
239000 3321.20520769
240000 3321.20520769
241000 4260.30056896
242000 4260.30056896
243000 4260.30056896
244000 4260.30056896
245000 4260.30056896
246000 3921.69740121
247000 3921.69740121
248000 3921.69740121
249000 3921.69740121
250000 3921.69740121
251000 3921.69740121
252000 3925.90791111
253000 3925.90791111
254000 3925.90791111
255000 3925.90791111
256000 3925.90791111
257000 3633.24543533
258000 3633.24543533
259000 3633.24543533
260000 3633.24543533
261000 3633.24543533
262000 3633.24543533
263000 4111.36681077
264000 4111.36681077
265000 4111.36681077
266000 4111.36681077
267000 4111.36681077
268000 4111.36681077
269000 5142.17472434
270000 5142.17472434
271000 3083.47092126
272000 3083.47092126
273000 3083.47092126
274000 3083.47092126
275000 3505.88655895
276000 3505.88655895
277000 3505.88655895
278000 4040.34994294
279000 4040.34994294
280000 4040.34994294
281000 3898.56896552
282000 3898.56896552
283000 3898.56896552
284000 3898.56896552
285000 3898.56896552
286000 3898.56896552
287000 3695.51982851
288000 3695.51982851
289000 3695.51982851
290000 3695.51982851
291000 3695.51982851
292000 3936.61211477
293000 3936.61211477
294000 3936.61211477
295000 3936.61211477
296000 3823.84722581
297000 3823.84722581
298000 3823.84722581
299000 3823.84722581
300000 4020.18995929
301000 4020.18995929
302000 4020.18995929
303000 4020.18995929
304000 3284.17066851
305000 3284.17066851
306000 3284.17066851
307000 3284.17066851
308000 3284.17066851
309000 3284.17066851
310000 3374.92362485
311000 3374.92362485
312000 3374.92362485
313000 3374.92362485
314000 3374.92362485
315000 3371.07410237
316000 3371.07410237
317000 3371.07410237
318000 3371.07410237
319000 3618.13815624
320000 3618.13815624
321000 3618.13815624
322000 3618.13815624
323000 3401.0459364
324000 3401.0459364
325000 3401.0459364
326000 4502.85019011
327000 4502.85019011
328000 4502.85019011
329000 4502.85019011
330000 2976.40167364
331000 5623.50600726
332000 5623.50600726
333000 5623.50600726
334000 5623.50600726
335000 3713.19346389
336000 3713.19346389
337000 3713.19346389
338000 3713.19346389
339000 3713.19346389
340000 3713.19346389
341000 3713.19346389
342000 3713.19346389
343000 1250.88773325
344000 1250.88773325
345000 1250.88773325
346000 2332.15828303
347000 2332.15828303
348000 2332.15828303
349000 2512.22580645
350000 2512.22580645
351000 2512.22580645
352000 4818.48739496
353000 4818.48739496
354000 3692.46772685
355000 3692.46772685
356000 3414.62361446
357000 3414.62361446
358000 2878.9111224
359000 2878.9111224
360000 2165.08418891
361000 5144.97841727
362000 5144.97841727
363000 5144.97841727
