0 6054.17258883
1000 6054.17258883
2000 6269.48314607
3000 5922.94085532
4000 5711.43703704
5000 6797.75828877
6000 6797.75828877
7000 6797.75828877
8000 6606.10353169
9000 6606.10353169
10000 5793.04231854
11000 5793.04231854
12000 5793.04231854
13000 5793.04231854
14000 6513.7840708
15000 6513.7840708
16000 6513.7840708
17000 5524.32913269
18000 5524.32913269
19000 5524.32913269
20000 5524.32913269
21000 6854.97252396
22000 6854.97252396
23000 6854.97252396
24000 5770.81008403
25000 5770.81008403
26000 5770.81008403
27000 5770.81008403
28000 7049.1826087
29000 7049.1826087
30000 7049.1826087
31000 7068.55330782
32000 7068.55330782
33000 7068.55330782
34000 7068.55330782
35000 7077.81065089
36000 7077.81065089
37000 7077.81065089
38000 6850.37186947
39000 6850.37186947
40000 6850.37186947
41000 6850.37186947
42000 5779.40633685
43000 5779.40633685
44000 5779.40633685
45000 6941.66059646
46000 6941.66059646
47000 6941.66059646
48000 6941.66059646
49000 6173.52618454
50000 6173.52618454
51000 6173.52618454
52000 6173.52618454
53000 6173.52618454
54000 4824.37562143
55000 4824.37562143
56000 4824.37562143
57000 4824.37562143
58000 4824.37562143
59000 4824.37562143
60000 6706.93606138
61000 6706.93606138
62000 6706.93606138
63000 7021.44413666
64000 7021.44413666
65000 7021.44413666
66000 6989.71661155
67000 6989.71661155
68000 6989.71661155
69000 6989.71661155
70000 7051.71778857
71000 7051.71778857
72000 7051.71778857
73000 7051.71778857
74000 7051.71778857
75000 6757.41948932
76000 6757.41948932
77000 6757.41948932
78000 6757.41948932
79000 5235.40801308
80000 5235.40801308
81000 5235.40801308
82000 5235.40801308
83000 5235.40801308
84000 5138.98477157
85000 5138.98477157
86000 5138.98477157
87000 5138.98477157
88000 6881.25976737
89000 6881.25976737
90000 6881.25976737
91000 6881.25976737
92000 6559.13513514
93000 6559.13513514
94000 6559.13513514
95000 5176.36596721
96000 3793.59679929
97000 3793.59679929
98000 3793.59679929
99000 3793.59679929
100000 5047.15380385
101000 5047.15380385
102000 5047.15380385
103000 5047.15380385
104000 5047.15380385
105000 5047.15380385
106000 6802.30300165
107000 6802.30300165
108000 6802.30300165
109000 6802.30300165
110000 6965.47052519
111000 6965.47052519
112000 6965.47052519
113000 6965.47052519
114000 6182.19513265
115000 6182.19513265
116000 6182.19513265
117000 6182.19513265
118000 6182.19513265
119000 4858.60834346
120000 4858.60834346
121000 4858.60834346
122000 4858.60834346
123000 4858.60834346
124000 4872.58439126
125000 4872.58439126
126000 4872.58439126
127000 4872.58439126
128000 4872.58439126
129000 5225.71590719
130000 5225.71590719
131000 5225.71590719
132000 5225.71590719
133000 5225.71590719
134000 5225.71590719
135000 6644.11086889
136000 6644.11086889
137000 6644.11086889
138000 6729.82906725
139000 6729.82906725
140000 3577.14386584
141000 3577.14386584
142000 3577.14386584
143000 3577.14386584
144000 3577.14386584
145000 6867.4305052
146000 6867.4305052
147000 6867.4305052
148000 6867.4305052
149000 5555.24552367
150000 5555.24552367
151000 5555.24552367
152000 5555.24552367
153000 5019.66117412
154000 4484.07682458
155000 4484.07682458
156000 4484.07682458
157000 4484.07682458
158000 4188.77192982
159000 4188.77192982
160000 4188.77192982
161000 4188.77192982
162000 4188.77192982
163000 4668.97725948
164000 4668.97725948
165000 4668.97725948
166000 4668.97725948
167000 4668.97725948
168000 4991.45626569
169000 4991.45626569
170000 4991.45626569
171000 4991.45626569
172000 4991.45626569
173000 5047.2789805
174000 5047.2789805
175000 5047.2789805
176000 5047.2789805
177000 5047.2789805
178000 5047.2789805
179000 5047.2789805
180000 6727.79544398
181000 6727.79544398
182000 6727.79544398
183000 6727.79544398
184000 6807.34327619
185000 6886.8911084
186000 6886.8911084
187000 6886.8911084
188000 6886.8911084
189000 7013.92380465
190000 7013.92380465
191000 7013.92380465
192000 7013.92380465
193000 7047.9195171
194000 7047.9195171
195000 7047.9195171
196000 7047.9195171
197000 4942.21628838
198000 4942.21628838
199000 4942.21628838
200000 4942.21628838
201000 4942.21628838
202000 4942.21628838
203000 7062.50549451
204000 7062.50549451
205000 7062.50549451
206000 7062.50549451
207000 6840.38703242
208000 6840.38703242
209000 6840.38703242
210000 6840.38703242
211000 4411.3643359
212000 4411.3643359
213000 4411.3643359
214000 4411.3643359
215000 4411.3643359
216000 4411.3643359
217000 4430.32732924
218000 4449.29032258
219000 4449.29032258
220000 4449.29032258
221000 4449.29032258
222000 4449.29032258
223000 4539.00995733
224000 4539.00995733
225000 4539.00995733
226000 4539.00995733
227000 4539.00995733
228000 4539.00995733
229000 5166.22004491
230000 5166.22004491
231000 5166.22004491
232000 5166.22004491
233000 5166.22004491
234000 5956.51744026
235000 5956.51744026
236000 5956.51744026
237000 5956.51744026
238000 6965.43230241
239000 6965.43230241
240000 6965.43230241
241000 4876.95321001
242000 4876.95321001
243000 4876.95321001
244000 4876.95321001
245000 4876.95321001
246000 5898.92742232
247000 6920.90163464
248000 6920.90163464
249000 6920.90163464
250000 6999.54848551
251000 6999.54848551
252000 6999.54848551
253000 6999.54848551
254000 6999.54848551
255000 3742.07966603
256000 3742.07966603
257000 3742.07966603
258000 3742.07966603
259000 3742.07966603
260000 3742.07966603
261000 6947.44226162
262000 6947.44226162
263000 6947.44226162
264000 6947.44226162
265000 6975.68057333
266000 6975.68057333
267000 6975.68057333
268000 6975.68057333
269000 6900.45575346
270000 6900.45575346
271000 6900.45575346
272000 6900.45575346
273000 6780.70569745
274000 6780.70569745
275000 4595.75786925
276000 6054.17258883
277000 6269.48314607
278000 5922.94085532
279000 5711.43703704
280000 6797.75828877
281000 6797.75828877
282000 6797.75828877
283000 6606.10353169
284000 6606.10353169
285000 5793.04231854
286000 5793.04231854
287000 5793.04231854
288000 5793.04231854
289000 6513.7840708
290000 6513.7840708
291000 6513.7840708
292000 5524.32913269
293000 5524.32913269
294000 5524.32913269
295000 5524.32913269
296000 6854.97252396
297000 6854.97252396
298000 6854.97252396
299000 6854.97252396
300000 5770.81008403
301000 5770.81008403
302000 5770.81008403
303000 7049.1826087
304000 7049.1826087
305000 7049.1826087
306000 7068.55330782
307000 7068.55330782
308000 7068.55330782
309000 7068.55330782
310000 7077.81065089
311000 7077.81065089
312000 7077.81065089
313000 6850.37186947
314000 6850.37186947
315000 6850.37186947
316000 6850.37186947
317000 5779.40633685
318000 5779.40633685
319000 5779.40633685
320000 5779.40633685
321000 6941.66059646
322000 6941.66059646
323000 6941.66059646
324000 6941.66059646
325000 6173.52618454
326000 6173.52618454
327000 6173.52618454
328000 6173.52618454
329000 5498.95090298
330000 4824.37562143
331000 4824.37562143
332000 4824.37562143
333000 4824.37562143
334000 4824.37562143
335000 6706.93606138
336000 6706.93606138
337000 6706.93606138
338000 7021.44413666
339000 7021.44413666
340000 7021.44413666
341000 7021.44413666
342000 6989.71661155
343000 6989.71661155
344000 6989.71661155
345000 6989.71661155
346000 7051.71778857
347000 7051.71778857
348000 7051.71778857
349000 7051.71778857
350000 6757.41948932
351000 6757.41948932
352000 6757.41948932
353000 6757.41948932
354000 5235.40801308
355000 5235.40801308
356000 5235.40801308
357000 5235.40801308
358000 5235.40801308
359000 5138.98477157
360000 5138.98477157
361000 5138.98477157
362000 5138.98477157
363000 5138.98477157
364000 6881.25976737
365000 6881.25976737
366000 6881.25976737
367000 6559.13513514
368000 6559.13513514
369000 6559.13513514
370000 6559.13513514
371000 3793.59679929
372000 3793.59679929
373000 3793.59679929
374000 3793.59679929
375000 5047.15380385
376000 5047.15380385
377000 5047.15380385
378000 5047.15380385
379000 5047.15380385
380000 5047.15380385
381000 6802.30300165
382000 6802.30300165
383000 6802.30300165
384000 6802.30300165
385000 6965.47052519
386000 6965.47052519
387000 6965.47052519
388000 6965.47052519
389000 6182.19513265
390000 6182.19513265
391000 6182.19513265
392000 6182.19513265
393000 6182.19513265
394000 4858.60834346
395000 4858.60834346
396000 4858.60834346
397000 4858.60834346
398000 4858.60834346
399000 4872.58439126
400000 4872.58439126
401000 4872.58439126
402000 4872.58439126
403000 4872.58439126
404000 5225.71590719
405000 5225.71590719
406000 5225.71590719
407000 5225.71590719
408000 5225.71590719
409000 5225.71590719
410000 6644.11086889
411000 6644.11086889
412000 6644.11086889
413000 6729.82906725
414000 6729.82906725
415000 6729.82906725
416000 3577.14386584
417000 3577.14386584
418000 3577.14386584
419000 3577.14386584
420000 6867.4305052
421000 6867.4305052
422000 6867.4305052
423000 6867.4305052
424000 6867.4305052
425000 5555.24552367
426000 5555.24552367
427000 5555.24552367
428000 5555.24552367
429000 4484.07682458
430000 4484.07682458
431000 4484.07682458
432000 4484.07682458
433000 4336.4243772
434000 4188.77192982
435000 4188.77192982
436000 4188.77192982
437000 4188.77192982
438000 4668.97725948
439000 4668.97725948
440000 4668.97725948
441000 4668.97725948
442000 4668.97725948
443000 4991.45626569
444000 4991.45626569
445000 4991.45626569
446000 4991.45626569
447000 4991.45626569
448000 4991.45626569
449000 5047.2789805
450000 5047.2789805
451000 5047.2789805
452000 5047.2789805
453000 5047.2789805
454000 5047.2789805
455000 6727.79544398
456000 6727.79544398
457000 6727.79544398
458000 6727.79544398
459000 6727.79544398
460000 6886.8911084
461000 6886.8911084
462000 6886.8911084
463000 6886.8911084
464000 7013.92380465
465000 7013.92380465
466000 7013.92380465
467000 7013.92380465
468000 7047.9195171
469000 7047.9195171
470000 7047.9195171
471000 7047.9195171
472000 4942.21628838
473000 4942.21628838
474000 4942.21628838
475000 4942.21628838
476000 4942.21628838
477000 4942.21628838
478000 7062.50549451
479000 7062.50549451
480000 7062.50549451
481000 7062.50549451
482000 7062.50549451
483000 6840.38703242
484000 6840.38703242
485000 6840.38703242
486000 6840.38703242
487000 4411.3643359
488000 4411.3643359
489000 4411.3643359
490000 4411.3643359
491000 4411.3643359
492000 4411.3643359
493000 4449.29032258
494000 4449.29032258
495000 4449.29032258
496000 4449.29032258
497000 4449.29032258
498000 4449.29032258
499000 4539.00995733
500000 4539.00995733
501000 4539.00995733
502000 4539.00995733
503000 4539.00995733
504000 5166.22004491
505000 5166.22004491
506000 5166.22004491
507000 5166.22004491
508000 5166.22004491
509000 5956.51744026
510000 5956.51744026
511000 5956.51744026
512000 5956.51744026
513000 6965.43230241
514000 6965.43230241
515000 6965.43230241
516000 4876.95321001
517000 4876.95321001
518000 4876.95321001
519000 4876.95321001
520000 4876.95321001
521000 4876.95321001
522000 6920.90163464
523000 6920.90163464
524000 6920.90163464
525000 6999.54848551
526000 6999.54848551
527000 6999.54848551
528000 6999.54848551
529000 6999.54848551
530000 3742.07966603
531000 3742.07966603
532000 3742.07966603
533000 3742.07966603
534000 3742.07966603
535000 3742.07966603
536000 6947.44226162
537000 6947.44226162
538000 6947.44226162
539000 6947.44226162
540000 6975.68057333
541000 6975.68057333
542000 6975.68057333
543000 6975.68057333
544000 6900.45575346
545000 6900.45575346
546000 6900.45575346
547000 6900.45575346
548000 6780.70569745
549000 6780.70569745
550000 6780.70569745
