0 621.645060349
1000 621.645060349
2000 621.645060349
3000 621.645060349
4000 621.645060349
5000 621.645060349
6000 621.645060349
7000 621.645060349
8000 621.645060349
9000 621.645060349
10000 621.645060349
11000 621.645060349
12000 1014.21871294
13000 1014.21871294
14000 1406.79236553
15000 1406.79236553
16000 1406.79236553
17000 1406.79236553
18000 1406.79236553
19000 1406.79236553
20000 1406.79236553
21000 1043.73073877
22000 1043.73073877
23000 1043.73073877
24000 1043.73073877
25000 1043.73073877
26000 1043.73073877
27000 1043.73073877
28000 1043.73073877
29000 1043.73073877
30000 5868.26739427
31000 5868.26739427
32000 7312.33472803
33000 7312.33472803
34000 2434.47785733
35000 2434.47785733
36000 2434.47785733
37000 2434.47785733
38000 8179.81301079
39000 8179.81301079
40000 8179.81301079
41000 5254.57025753
42000 5254.57025753
43000 5254.57025753
44000 2329.32750428
45000 2329.32750428
46000 2329.32750428
47000 2329.32750428
48000 2329.32750428
49000 2328.21880236
50000 2327.11010044
51000 2327.11010044
52000 2327.11010044
53000 2327.11010044
54000 2327.11010044
55000 1868.79413113
56000 1868.79413113
57000 1868.79413113
58000 1868.79413113
59000 1868.79413113
60000 1868.79413113
61000 1868.79413113
62000 1370.77586773
63000 1370.77586773
64000 1370.77586773
65000 1370.77586773
66000 1370.77586773
67000 1370.77586773
68000 1370.77586773
69000 1370.77586773
70000 1370.77586773
71000 1370.77586773
72000 1617.52060908
73000 1617.52060908
74000 1617.52060908
75000 1617.52060908
76000 1617.52060908
77000 1617.52060908
78000 1617.52060908
79000 1617.52060908
80000 12470.2914172
81000 6235.1457086
82000 6235.1457086
83000 7596.1962048
84000 7596.1962048
85000 7596.1962048
86000 15192.3924096
87000 15192.3924096
88000 15192.3924096
89000 9873.17643919
90000 9873.17643919
91000 9873.17643919
92000 9873.17643919
93000 9873.17643919
94000 9873.17643919
95000 9873.17643919
96000 9873.17643919
97000 9873.17643919
98000 4553.96046878
99000 4553.96046878
100000 4553.96046878
101000 4553.96046878
102000 4553.96046878
103000 4553.96046878
104000 4553.96046878
105000 4553.96046878
106000 4553.96046878
107000 4553.96046878
108000 4553.96046878
109000 4553.96046878
110000 2525.94635189
111000 497.932235002
112000 497.932235002
113000 497.932235002
114000 314.247142321
115000 314.247142321
116000 314.247142321
117000 314.247142321
118000 130.56204964
119000 130.56204964
120000 130.56204964
121000 130.56204964
122000 130.56204964
123000 130.56204964
124000 619.06657312
125000 619.06657312
126000 619.06657312
127000 619.06657312
128000 619.06657312
129000 1107.5710966
130000 1107.5710966
131000 1107.5710966
132000 1107.5710966
133000 1107.5710966
134000 1107.5710966
135000 1107.5710966
136000 1107.5710966
137000 1107.5710966
138000 1346.62686567
139000 1346.62686567
140000 1346.62686567
141000 1346.62686567
142000 1346.62686567
143000 1346.62686567
144000 2804.73511958
145000 2804.73511958
146000 4262.84337349
147000 4262.84337349
148000 3205.70740103
149000 2148.57142857
150000 2148.57142857
151000 2148.57142857
152000 2148.57142857
153000 1668.586014
154000 1668.586014
155000 1668.586014
156000 1668.586014
157000 1188.60059944
158000 1188.60059944
159000 1188.60059944
160000 1188.60059944
161000 1188.60059944
162000 1188.60059944
163000 1188.60059944
164000 1188.60059944
165000 1188.60059944
166000 1188.60059944
167000 1558.16132548
168000 1927.72205152
169000 1927.72205152
170000 1927.72205152
171000 1927.72205152
172000 2095.60279662
173000 2263.48354172
174000 2263.48354172
175000 2263.48354172
176000 2263.48354172
177000 1442.56430103
178000 1442.56430103
179000 1442.56430103
180000 1442.56430103
181000 1442.56430103
182000 1442.56430103
183000 1442.56430103
184000 621.645060349
185000 621.645060349
186000 621.645060349
187000 621.645060349
188000 1014.21871294
189000 1014.21871294
190000 1406.79236553
191000 1406.79236553
192000 1406.79236553
193000 1406.79236553
194000 1406.79236553
195000 1406.79236553
196000 1406.79236553
197000 1043.73073877
198000 1043.73073877
199000 1043.73073877
200000 1043.73073877
201000 1043.73073877
202000 1043.73073877
203000 1043.73073877
204000 1043.73073877
205000 1043.73073877
206000 3455.99906652
207000 5868.26739427
208000 7312.33472803
209000 7312.33472803
210000 2434.47785733
211000 2434.47785733
212000 2434.47785733
213000 2434.47785733
214000 8179.81301079
215000 8179.81301079
216000 8179.81301079
217000 5254.57025753
218000 5254.57025753
219000 5254.57025753
220000 2329.32750428
221000 2329.32750428
222000 2329.32750428
223000 2329.32750428
224000 2329.32750428
225000 2328.21880236
226000 2327.11010044
227000 2327.11010044
228000 2327.11010044
229000 2327.11010044
230000 2327.11010044
231000 2097.95211579
232000 1868.79413113
233000 1868.79413113
234000 1868.79413113
235000 1868.79413113
236000 1868.79413113
237000 1868.79413113
238000 1370.77586773
239000 1370.77586773
240000 1370.77586773
241000 1370.77586773
242000 1370.77586773
243000 1370.77586773
244000 1370.77586773
245000 1370.77586773
246000 1370.77586773
247000 1370.77586773
248000 1617.52060908
249000 1617.52060908
250000 1617.52060908
251000 1617.52060908
252000 1617.52060908
253000 1617.52060908
254000 1617.52060908
255000 1617.52060908
256000 12470.2914172
257000 6235.1457086
258000 6235.1457086
259000 0.0
260000 7596.1962048
261000 7596.1962048
262000 15192.3924096
263000 15192.3924096
264000 15192.3924096
265000 9873.17643919
266000 9873.17643919
267000 9873.17643919
268000 9873.17643919
269000 9873.17643919
270000 9873.17643919
271000 9873.17643919
272000 9873.17643919
273000 9873.17643919
274000 4553.96046878
275000 4553.96046878
276000 4553.96046878
277000 4553.96046878
278000 4553.96046878
279000 4553.96046878
280000 4553.96046878
281000 4553.96046878
282000 4553.96046878
283000 4553.96046878
284000 4553.96046878
285000 4553.96046878
286000 2525.94635189
287000 497.932235002
288000 497.932235002
289000 497.932235002
290000 314.247142321
291000 314.247142321
292000 314.247142321
293000 314.247142321
294000 130.56204964
295000 130.56204964
296000 130.56204964
297000 130.56204964
298000 130.56204964
299000 130.56204964
300000 619.06657312
301000 619.06657312
302000 619.06657312
303000 619.06657312
304000 619.06657312
305000 1107.5710966
306000 1107.5710966
307000 1107.5710966
308000 1107.5710966
309000 1107.5710966
310000 1107.5710966
311000 1107.5710966
312000 1107.5710966
313000 1107.5710966
314000 1346.62686567
315000 1346.62686567
316000 1346.62686567
317000 1346.62686567
318000 1346.62686567
319000 1346.62686567
320000 2804.73511958
321000 2804.73511958
322000 4262.84337349
323000 4262.84337349
324000 3205.70740103
325000 2148.57142857
326000 2148.57142857
327000 2148.57142857
328000 2148.57142857
329000 1668.586014
330000 1668.586014
331000 1668.586014
332000 1668.586014
333000 1188.60059944
334000 1188.60059944
335000 1188.60059944
336000 1188.60059944
337000 1188.60059944
338000 1188.60059944
339000 1188.60059944
340000 1188.60059944
341000 1188.60059944
342000 1188.60059944
343000 1558.16132548
344000 1927.72205152
345000 1927.72205152
346000 1927.72205152
347000 1927.72205152
348000 2095.60279662
349000 2263.48354172
350000 2263.48354172
351000 2263.48354172
352000 2263.48354172
