0 1944.66242038
1000 1944.66242038
2000 1944.66242038
3000 1944.66242038
4000 2390.58369513
5000 2390.58369513
6000 2895.17926089
7000 2895.17926089
8000 2240.45050594
9000 2240.45050594
10000 2240.45050594
11000 1848.48305732
12000 1848.48305732
13000 1848.48305732
14000 1848.48305732
15000 2153.42051112
16000 2153.42051112
17000 2153.42051112
18000 1121.34397779
19000 1121.34397779
20000 1121.34397779
21000 1121.34397779
22000 1121.34397779
23000 1121.34397779
24000 580.862745098
25000 580.862745098
26000 766.89542674
27000 766.89542674
28000 766.89542674
29000 766.89542674
30000 766.89542674
31000 766.89542674
32000 766.89542674
33000 1553.01543739
34000 1553.01543739
35000 1553.01543739
36000 2439.11540785
37000 2493.57452229
38000 2493.57452229
39000 1972.29411765
40000 1519.04802561
41000 1519.04802561
42000 1519.04802561
43000 1519.04802561
44000 1519.04802561
45000 1519.04802561
46000 1519.04802561
47000 1519.04802561
48000 1106.45423005
49000 1106.45423005
50000 1106.45423005
51000 1106.45423005
52000 1106.45423005
53000 1106.45423005
54000 1106.45423005
55000 740.177512438
56000 740.177512438
57000 740.177512438
58000 740.177512438
59000 740.177512438
60000 1479.06125347
61000 2217.9449945
62000 2217.9449945
63000 2239.49268293
64000 2034.57754054
65000 1829.66239814
66000 1829.66239814
67000 2079.50077694
68000 2329.33915575
69000 2205.97782705
70000 2205.97782705
71000 2540.22047244
72000 2540.22047244
73000 2245.40163028
74000 1950.58278812
75000 1950.58278812
76000 3588.59711075
77000 3588.59711075
78000 3588.59711075
79000 3588.59711075
80000 3122.89279044
81000 3122.89279044
82000 3122.89279044
83000 3122.89279044
84000 3122.89279044
85000 3122.89279044
86000 1357.47424042
87000 1357.47424042
88000 1357.47424042
89000 1357.47424042
90000 1357.47424042
91000 1357.47424042
92000 1357.47424042
93000 1357.47424042
94000 1357.47424042
95000 1089.81132075
96000 1089.81132075
97000 1089.81132075
98000 1089.81132075
99000 1089.81132075
100000 1089.81132075
101000 1089.81132075
102000 262.138107417
103000 262.138107417
104000 262.138107417
105000 262.138107417
106000 1952.24042934
107000 1952.24042934
108000 1952.24042934
109000 2903.83783784
110000 2903.83783784
111000 887.985753602
112000 887.985753602
113000 887.985753602
114000 887.985753602
115000 887.985753602
116000 887.985753602
117000 1407.19364558
118000 1407.19364558
119000 1407.19364558
120000 1407.19364558
121000 1303.67949995
122000 1200.16535433
123000 1200.16535433
124000 1200.16535433
125000 1200.16535433
126000 1823.96544276
127000 1823.96544276
128000 1823.96544276
129000 3654.26544021
130000 1716.16816817
131000 4645.11492734
132000 4645.11492734
133000 4645.11492734
134000 3840.19135655
135000 3035.26778577
136000 3035.26778577
137000 3035.26778577
138000 3035.26778577
139000 3462.62327164
140000 3462.62327164
141000 3462.62327164
142000 3462.62327164
143000 3676.66471454
144000 3890.70615744
145000 3890.70615744
146000 4350.79171742
147000 4350.79171742
148000 4350.79171742
149000 3256.16300439
150000 3256.16300439
151000 2169.68227732
152000 2169.68227732
153000 2169.68227732
154000 2169.68227732
155000 2169.68227732
156000 2169.68227732
157000 3570.825
158000 3570.825
159000 2582.67490115
160000 1594.5248023
161000 1594.5248023
162000 1594.5248023
163000 1594.5248023
164000 996.425364113
165000 996.425364113
166000 1944.09240462
167000 1944.09240462
168000 1944.09240462
169000 2117.92327747
170000 2117.92327747
171000 2117.92327747
172000 2647.4906367
173000 2647.4906367
174000 2741.54124608
175000 2741.54124608
176000 2741.54124608
177000 2376.82631982
178000 2376.82631982
179000 2376.82631982
180000 2615.78136319
181000 2615.78136319
182000 2615.78136319
183000 4287.63590392
184000 4287.63590392
185000 3776.57049537
186000 3308.63214286
187000 3308.63214286
188000 3308.63214286
189000 3308.63214286
190000 3308.63214286
191000 3308.63214286
192000 3308.63214286
193000 3308.63214286
194000 3308.63214286
195000 3653.99563588
196000 3999.35912891
197000 3999.35912891
198000 3999.35912891
199000 3999.35912891
200000 3999.35912891
201000 4506.64768683
202000 4506.64768683
203000 4506.64768683
204000 4506.64768683
205000 5060.2756444
206000 5060.2756444
207000 5060.2756444
208000 5450.29219849
209000 5840.30875258
210000 5840.30875258
211000 4216.26732947
212000 4216.26732947
213000 4216.26732947
214000 4216.26732947
215000 4216.26732947
216000 4216.26732947
217000 4216.26732947
218000 4216.26732947
219000 5419.07937774
220000 5419.07937774
221000 5419.07937774
222000 5419.07937774
223000 5419.07937774
224000 4971.78040904
225000 4971.78040904
226000 4971.78040904
227000 4971.78040904
228000 6741.7561396
229000 6741.7561396
230000 1767.2
231000 1767.2
232000 1767.2
233000 1767.2
234000 1767.2
235000 1767.2
236000 1767.2
237000 1767.2
238000 1767.2
239000 1767.2
240000 1767.2
241000 3839.09925926
242000 3839.09925926
243000 3839.09925926
244000 3839.09925926
245000 3615.68899571
246000 3392.27873216
247000 3392.27873216
248000 3392.27873216
249000 3392.27873216
250000 2668.47057627
251000 1944.66242038
252000 1944.66242038
253000 2390.58369513
254000 2390.58369513
255000 2390.58369513
256000 2895.17926089
257000 2240.45050594
258000 2240.45050594
259000 2240.45050594
260000 1848.48305732
261000 1848.48305732
262000 1848.48305732
263000 1848.48305732
264000 2153.42051112
265000 2153.42051112
266000 2153.42051112
267000 1121.34397779
268000 1121.34397779
269000 1121.34397779
270000 1121.34397779
271000 1121.34397779
272000 1121.34397779
273000 580.862745098
274000 580.862745098
275000 766.89542674
276000 766.89542674
277000 766.89542674
278000 766.89542674
279000 766.89542674
280000 766.89542674
281000 766.89542674
282000 1553.01543739
283000 1553.01543739
284000 1553.01543739
285000 2439.11540785
286000 2493.57452229
287000 2493.57452229
288000 1972.29411765
289000 1519.04802561
290000 1519.04802561
291000 1519.04802561
292000 1519.04802561
293000 1519.04802561
294000 1519.04802561
295000 1519.04802561
296000 1519.04802561
297000 1106.45423005
298000 1106.45423005
299000 1106.45423005
300000 1106.45423005
301000 1106.45423005
302000 1106.45423005
303000 1106.45423005
304000 1106.45423005
305000 740.177512438
306000 740.177512438
307000 740.177512438
308000 740.177512438
309000 740.177512438
310000 2217.9449945
311000 2217.9449945
312000 2239.49268293
313000 2239.49268293
314000 1829.66239814
315000 1829.66239814
316000 1829.66239814
317000 2329.33915575
318000 2267.6584914
319000 2205.97782705
320000 2373.09914974
321000 2540.22047244
322000 2245.40163028
323000 1950.58278812
324000 1950.58278812
325000 3588.59711075
326000 3588.59711075
327000 3588.59711075
328000 3588.59711075
329000 3122.89279044
330000 3122.89279044
331000 3122.89279044
332000 3122.89279044
333000 3122.89279044
334000 3122.89279044
335000 1357.47424042
336000 1357.47424042
337000 1357.47424042
338000 1357.47424042
339000 1357.47424042
340000 1357.47424042
341000 1357.47424042
342000 1357.47424042
343000 1357.47424042
344000 1089.81132075
345000 1089.81132075
346000 1089.81132075
347000 1089.81132075
348000 1089.81132075
349000 1089.81132075
350000 1089.81132075
351000 262.138107417
352000 262.138107417
353000 262.138107417
354000 262.138107417
355000 1952.24042934
356000 1952.24042934
357000 1952.24042934
358000 2903.83783784
359000 2903.83783784
360000 887.985753602
361000 887.985753602
362000 887.985753602
363000 887.985753602
364000 887.985753602
365000 887.985753602
366000 1147.58969959
367000 1407.19364558
368000 1407.19364558
369000 1407.19364558
370000 1303.67949995
371000 1200.16535433
372000 1200.16535433
373000 1200.16535433
374000 1200.16535433
375000 1823.96544276
376000 1823.96544276
377000 1823.96544276
378000 3654.26544021
379000 1716.16816817
380000 3180.64154775
381000 4645.11492734
382000 4645.11492734
383000 4645.11492734
384000 3035.26778577
385000 3035.26778577
386000 3035.26778577
387000 3035.26778577
388000 3462.62327164
389000 3462.62327164
390000 3462.62327164
391000 3462.62327164
392000 3462.62327164
393000 3890.70615744
394000 3890.70615744
395000 4350.79171742
396000 4350.79171742
397000 4350.79171742
398000 3256.16300439
399000 3256.16300439
400000 2712.92264086
401000 2169.68227732
402000 2169.68227732
403000 2169.68227732
404000 2169.68227732
405000 2169.68227732
406000 3570.825
407000 3570.825
408000 3570.825
409000 1594.5248023
410000 1594.5248023
411000 1594.5248023
412000 1594.5248023
413000 996.425364113
414000 996.425364113
415000 1944.09240462
416000 1944.09240462
417000 1944.09240462
418000 2117.92327747
419000 2117.92327747
420000 2117.92327747
421000 2647.4906367
422000 2647.4906367
423000 2741.54124608
424000 2741.54124608
425000 2741.54124608
426000 2376.82631982
427000 2376.82631982
428000 2376.82631982
429000 2615.78136319
430000 2615.78136319
431000 2615.78136319
432000 4287.63590392
433000 4287.63590392
434000 3776.57049537
435000 3776.57049537
436000 3308.63214286
437000 3308.63214286
438000 3308.63214286
439000 3308.63214286
440000 3308.63214286
441000 3308.63214286
442000 3308.63214286
443000 3308.63214286
444000 3308.63214286
445000 3999.35912891
446000 3999.35912891
447000 3999.35912891
448000 3999.35912891
449000 3999.35912891
450000 4506.64768683
451000 4506.64768683
452000 4506.64768683
453000 4506.64768683
454000 5060.2756444
455000 5060.2756444
456000 5060.2756444
457000 5060.2756444
458000 5840.30875258
459000 5840.30875258
460000 5840.30875258
461000 4216.26732947
462000 4216.26732947
463000 4216.26732947
464000 4216.26732947
465000 4216.26732947
466000 4216.26732947
467000 4216.26732947
468000 5419.07937774
469000 5419.07937774
470000 5419.07937774
471000 5419.07937774
472000 5419.07937774
473000 4971.78040904
474000 4971.78040904
475000 4971.78040904
476000 4971.78040904
477000 6741.7561396
478000 6741.7561396
479000 1767.2
480000 1767.2
481000 1767.2
482000 1767.2
483000 1767.2
484000 1767.2
485000 1767.2
486000 1767.2
487000 1767.2
488000 1767.2
489000 1767.2
490000 3839.09925926
491000 3839.09925926
492000 3839.09925926
493000 3839.09925926
494000 3839.09925926
495000 3392.27873216
496000 3392.27873216
497000 3392.27873216
498000 3392.27873216
