0 2518.33472803
1000 2518.33472803
2000 2518.33472803
3000 2518.33472803
4000 2518.33472803
5000 2518.33472803
6000 2518.33472803
7000 2616.9838667
8000 2616.9838667
9000 2616.9838667
10000 2616.9838667
11000 5623.1455451
12000 5623.1455451
13000 2421.12332513
14000 2421.12332513
15000 2421.12332513
16000 2421.12332513
17000 948.90212766
18000 3469.30439276
19000 3469.30439276
20000 3469.30439276
21000 3469.30439276
22000 6345.40447504
23000 6345.40447504
24000 7081.29846825
25000 7817.19246145
26000 2901.07190602
27000 2901.07190602
28000 2901.07190602
29000 2901.07190602
30000 2901.07190602
31000 4290.83779426
32000 4290.83779426
33000 4290.83779426
34000 5603.82236367
35000 6916.80693308
36000 6916.80693308
37000 3446.04401351
38000 5693.32100193
39000 5693.32100193
40000 5693.32100193
41000 5693.32100193
42000 5693.32100193
43000 5693.32100193
44000 5693.32100193
45000 5693.32100193
46000 5693.32100193
47000 5693.32100193
48000 8571.04093567
49000 8571.04093567
50000 8571.04093567
51000 8571.04093567
52000 8571.04093567
53000 8571.04093567
54000 8571.04093567
55000 5605.91290578
56000 5605.91290578
57000 5605.91290578
58000 5605.91290578
59000 5605.91290578
60000 5605.91290578
61000 5605.91290578
62000 5605.91290578
63000 5605.91290578
64000 5605.91290578
65000 5578.90223703
66000 5578.90223703
67000 5578.90223703
68000 5578.90223703
69000 5578.90223703
70000 5578.90223703
71000 5578.90223703
72000 5578.90223703
73000 5578.90223703
74000 5578.90223703
75000 5689.45638236
76000 5689.45638236
77000 5689.45638236
78000 5689.45638236
79000 5689.45638236
80000 5689.45638236
81000 5689.45638236
82000 5689.45638236
83000 5689.45638236
84000 5689.45638236
85000 5689.45638236
86000 5666.91083567
87000 5666.91083567
88000 5666.91083567
89000 5666.91083567
90000 5666.91083567
91000 5666.91083567
92000 5666.91083567
93000 5666.91083567
94000 5666.91083567
95000 5666.91083567
96000 8574.65297741
97000 8574.65297741
98000 8574.65297741
99000 8574.65297741
100000 8574.65297741
101000 8574.65297741
102000 8574.65297741
103000 5556.65826772
104000 5556.65826772
105000 5556.65826772
106000 5556.65826772
107000 5556.65826772
108000 5556.65826772
109000 5556.65826772
110000 5556.65826772
111000 5556.65826772
112000 5556.65826772
113000 7380.37083333
114000 7380.37083333
115000 7380.37083333
116000 7380.37083333
117000 7380.37083333
118000 7380.37083333
119000 7380.37083333
120000 7380.37083333
121000 7673.42500329
122000 7673.42500329
123000 7673.42500329
124000 7673.42500329
125000 7673.42500329
126000 7673.42500329
127000 7673.42500329
128000 7673.42500329
129000 5615.3826968
130000 5615.3826968
131000 5615.3826968
132000 5615.3826968
133000 5615.3826968
134000 5615.3826968
135000 5615.3826968
136000 5615.3826968
137000 5615.3826968
138000 5615.3826968
139000 5526.15627778
140000 5526.15627778
141000 5526.15627778
142000 5526.15627778
143000 5526.15627778
144000 5526.15627778
145000 5526.15627778
146000 5526.15627778
147000 5526.15627778
148000 5526.15627778
149000 5547.52676598
150000 5547.52676598
151000 5547.52676598
152000 5547.52676598
153000 5547.52676598
154000 5547.52676598
155000 5547.52676598
156000 5547.52676598
157000 5547.52676598
158000 5547.52676598
159000 5547.52676598
160000 8576.74702472
161000 8576.74702472
162000 8576.74702472
163000 8576.74702472
164000 8576.74702472
165000 8576.74702472
166000 7104.86247671
167000 5632.97792869
168000 5632.97792869
169000 5632.97792869
170000 5632.97792869
171000 5632.97792869
172000 5632.97792869
173000 5632.97792869
174000 5632.97792869
175000 5632.97792869
176000 5632.97792869
177000 5676.74182393
178000 5676.74182393
179000 5676.74182393
180000 5676.74182393
181000 5676.74182393
182000 5676.74182393
183000 5676.74182393
184000 5676.74182393
185000 5676.74182393
186000 5676.74182393
187000 8506.01236094
188000 8506.01236094
189000 8506.01236094
190000 8506.01236094
191000 8506.01236094
192000 8506.01236094
193000 8208.20748446
194000 7910.40260799
195000 7910.40260799
196000 7910.40260799
197000 7910.40260799
198000 7910.40260799
199000 7910.40260799
200000 7910.40260799
201000 5606.63754108
202000 5606.63754108
203000 5606.63754108
204000 5606.63754108
205000 5606.63754108
206000 5606.63754108
207000 5606.63754108
208000 5606.63754108
209000 5606.63754108
210000 5606.63754108
211000 5553.153003
212000 5499.66846493
213000 5499.66846493
214000 5499.66846493
215000 5499.66846493
216000 5499.66846493
217000 5499.66846493
218000 5499.66846493
219000 5499.66846493
220000 5499.66846493
221000 5499.66846493
222000 8501.06865581
223000 8501.06865581
224000 8501.06865581
225000 8501.06865581
226000 8501.06865581
227000 8501.06865581
228000 6109.60487806
229000 3718.14110032
230000 3718.14110032
231000 3718.14110032
232000 3718.14110032
233000 3718.14110032
234000 3718.14110032
235000 3118.23791417
236000 3118.23791417
237000 3118.23791417
238000 2518.33472803
239000 2518.33472803
240000 2518.33472803
241000 2518.33472803
242000 2616.9838667
243000 2616.9838667
244000 2616.9838667
245000 4120.0647059
246000 5623.1455451
247000 2421.12332513
248000 2421.12332513
249000 2421.12332513
250000 2421.12332513
251000 948.90212766
252000 3469.30439276
253000 3469.30439276
254000 3469.30439276
255000 3469.30439276
256000 6345.40447504
257000 6345.40447504
258000 6345.40447504
259000 7817.19246145
260000 5359.13218374
261000 2901.07190602
262000 2901.07190602
263000 2901.07190602
264000 2901.07190602
265000 3595.95485014
266000 4290.83779426
267000 4290.83779426
268000 4290.83779426
269000 6916.80693308
270000 6916.80693308
271000 3446.04401351
272000 5693.32100193
273000 5693.32100193
274000 5693.32100193
275000 5693.32100193
276000 5693.32100193
277000 5693.32100193
278000 5693.32100193
279000 5693.32100193
280000 5693.32100193
281000 5693.32100193
282000 8571.04093567
283000 8571.04093567
284000 8571.04093567
285000 8571.04093567
286000 8571.04093567
287000 8571.04093567
288000 8571.04093567
289000 5605.91290578
290000 5605.91290578
291000 5605.91290578
292000 5605.91290578
293000 5605.91290578
294000 5605.91290578
295000 5605.91290578
296000 5605.91290578
297000 5605.91290578
298000 5605.91290578
299000 5578.90223703
300000 5578.90223703
301000 5578.90223703
302000 5578.90223703
303000 5578.90223703
304000 5578.90223703
305000 5578.90223703
306000 5578.90223703
307000 5578.90223703
308000 5578.90223703
309000 5578.90223703
310000 5689.45638236
311000 5689.45638236
312000 5689.45638236
313000 5689.45638236
314000 5689.45638236
315000 5689.45638236
316000 5689.45638236
317000 5689.45638236
318000 5689.45638236
319000 5689.45638236
320000 5666.91083567
321000 5666.91083567
322000 5666.91083567
323000 5666.91083567
324000 5666.91083567
325000 5666.91083567
326000 5666.91083567
327000 5666.91083567
328000 5666.91083567
329000 5666.91083567
330000 8574.65297741
331000 8574.65297741
332000 8574.65297741
333000 8574.65297741
334000 8574.65297741
335000 8574.65297741
336000 8574.65297741
337000 5556.65826772
338000 5556.65826772
339000 5556.65826772
340000 5556.65826772
341000 5556.65826772
342000 5556.65826772
343000 5556.65826772
344000 5556.65826772
345000 5556.65826772
346000 5556.65826772
347000 7380.37083333
348000 7380.37083333
349000 7380.37083333
350000 7380.37083333
351000 7380.37083333
352000 7380.37083333
353000 7380.37083333
354000 7380.37083333
355000 7673.42500329
356000 7673.42500329
357000 7673.42500329
358000 7673.42500329
359000 7673.42500329
360000 7673.42500329
361000 7673.42500329
362000 7673.42500329
363000 5615.3826968
364000 5615.3826968
365000 5615.3826968
366000 5615.3826968
367000 5615.3826968
368000 5615.3826968
369000 5615.3826968
370000 5615.3826968
371000 5615.3826968
372000 5615.3826968
373000 5526.15627778
374000 5526.15627778
375000 5526.15627778
376000 5526.15627778
377000 5526.15627778
378000 5526.15627778
379000 5526.15627778
380000 5526.15627778
381000 5526.15627778
382000 5526.15627778
383000 5536.84152188
384000 5547.52676598
385000 5547.52676598
386000 5547.52676598
387000 5547.52676598
388000 5547.52676598
389000 5547.52676598
390000 5547.52676598
391000 5547.52676598
392000 5547.52676598
393000 5547.52676598
394000 8576.74702472
395000 8576.74702472
396000 8576.74702472
397000 8576.74702472
398000 8576.74702472
399000 8576.74702472
400000 8576.74702472
401000 5632.97792869
402000 5632.97792869
403000 5632.97792869
404000 5632.97792869
405000 5632.97792869
406000 5632.97792869
407000 5632.97792869
408000 5632.97792869
409000 5632.97792869
410000 5632.97792869
411000 5676.74182393
412000 5676.74182393
413000 5676.74182393
414000 5676.74182393
415000 5676.74182393
416000 5676.74182393
417000 5676.74182393
418000 5676.74182393
419000 5676.74182393
420000 5676.74182393
421000 8506.01236094
422000 8506.01236094
423000 8506.01236094
424000 8506.01236094
425000 8506.01236094
426000 8506.01236094
427000 8506.01236094
428000 7910.40260799
429000 7910.40260799
430000 7910.40260799
431000 7910.40260799
432000 7910.40260799
433000 7910.40260799
434000 7910.40260799
435000 5606.63754108
436000 5606.63754108
437000 5606.63754108
438000 5606.63754108
439000 5606.63754108
440000 5606.63754108
441000 5606.63754108
442000 5606.63754108
443000 5606.63754108
444000 5606.63754108
445000 5606.63754108
446000 5499.66846493
447000 5499.66846493
448000 5499.66846493
449000 5499.66846493
450000 5499.66846493
451000 5499.66846493
452000 5499.66846493
453000 5499.66846493
454000 5499.66846493
455000 5499.66846493
456000 8501.06865581
457000 8501.06865581
458000 8501.06865581
459000 8501.06865581
460000 8501.06865581
461000 8501.06865581
462000 8501.06865581
463000 3718.14110032
464000 3718.14110032
465000 3718.14110032
466000 3718.14110032
467000 3718.14110032
468000 3718.14110032
