0 928.898354308
1000 928.898354308
2000 606.160454833
3000 606.160454833
4000 608.455840456
5000 608.455840456
6000 1005.93800979
7000 1005.93800979
8000 1005.93800979
9000 1274.4060698
10000 1274.4060698
11000 1274.4060698
12000 1457.31828442
13000 1457.31828442
14000 1457.31828442
15000 1457.31828442
16000 933.947317073
17000 933.947317073
18000 910.315789474
19000 910.315789474
20000 1048.8498628
21000 1048.8498628
22000 1048.8498628
23000 1129.41672946
24000 1129.41672946
25000 1265.62290089
26000 1401.82907232
27000 1401.82907232
28000 1454.24809792
29000 1454.24809792
30000 1454.24809792
31000 1066.37759711
32000 1066.37759711
33000 1066.37759711
34000 1414.76779898
35000 1414.76779898
36000 1414.76779898
37000 1414.76779898
38000 3097.1314741
39000 3097.1314741
40000 3152.21917808
41000 3152.21917808
42000 3988.39145107
43000 3988.39145107
44000 3392.81179029
45000 3392.81179029
46000 3392.81179029
47000 3392.81179029
48000 3392.81179029
49000 3392.81179029
50000 3392.81179029
51000 3392.81179029
52000 3062.18782661
53000 2731.56386293
54000 2731.56386293
55000 2731.56386293
56000 2731.56386293
57000 2731.56386293
58000 2731.56386293
59000 2667.45079552
60000 2667.45079552
61000 2667.45079552
62000 2667.45079552
63000 2667.45079552
64000 2667.45079552
65000 2667.45079552
66000 3722.81826452
67000 4778.18573351
68000 4778.18573351
69000 4727.1584873
70000 4676.13124108
71000 4676.13124108
72000 4961.67656305
73000 4961.67656305
74000 4961.67656305
75000 4829.62139632
76000 4829.62139632
77000 4829.62139632
78000 236.62
79000 3656.85837868
80000 3656.85837868
81000 3656.85837868
82000 3656.85837868
83000 3656.85837868
84000 3656.85837868
85000 3656.85837868
86000 2919.14427861
87000 2919.14427861
88000 2919.14427861
89000 2919.14427861
90000 2919.14427861
91000 2919.14427861
92000 2919.14427861
93000 2493.9049752
94000 2493.9049752
95000 2493.9049752
96000 2493.9049752
97000 2493.9049752
98000 2493.9049752
99000 2330.91613327
100000 2330.91613327
101000 2330.91613327
102000 2330.91613327
103000 2330.91613327
104000 2330.91613327
105000 2182.26941034
106000 2182.26941034
107000 2182.26941034
108000 2182.26941034
109000 2182.26941034
110000 2182.26941034
111000 3843.88844622
112000 3843.88844622
113000 1491.1827063
114000 1491.1827063
115000 1491.1827063
116000 1491.1827063
117000 1491.1827063
118000 1679.40273591
119000 1679.40273591
120000 1679.40273591
121000 1679.40273591
122000 2972.14319809
123000 2972.14319809
124000 2639.69610916
125000 2639.69610916
126000 2639.69610916
127000 2639.69610916
128000 2639.69610916
129000 2700.1083388
130000 2760.52056844
131000 2760.52056844
132000 2760.52056844
133000 2760.52056844
134000 2760.52056844
135000 2760.52056844
136000 3693.76165803
137000 3693.76165803
138000 1688.8747366
139000 1688.8747366
140000 1688.8747366
141000 1688.8747366
142000 1688.8747366
143000 3331.15002366
144000 3331.15002366
145000 1970.56934307
146000 1970.56934307
147000 1970.56934307
148000 1970.56934307
149000 2516.05404315
150000 2516.05404315
151000 2516.05404315
152000 2516.05404315
153000 2516.05404315
154000 2990.20262603
155000 2990.20262603
156000 2990.20262603
157000 2990.20262603
158000 2990.20262603
159000 2990.20262603
160000 2124.72443233
161000 2124.72443233
162000 2124.72443233
163000 2124.72443233
164000 2124.72443233
165000 2124.72443233
166000 2403.15713819
167000 2403.15713819
168000 2403.15713819
169000 2403.15713819
170000 2403.15713819
171000 2403.15713819
172000 1819.20531057
173000 1819.20531057
174000 1819.20531057
175000 1819.20531057
176000 1318.99460293
177000 1318.99460293
178000 1318.99460293
179000 1123.94647862
180000 928.898354308
181000 606.160454833
182000 1178.33463035
183000 608.455840456
184000 608.455840456
185000 1005.93800979
186000 1005.93800979
187000 1274.4060698
188000 1274.4060698
189000 1274.4060698
190000 1274.4060698
191000 1457.31828442
192000 1457.31828442
193000 1457.31828442
194000 933.947317073
195000 933.947317073
196000 910.315789474
197000 910.315789474
198000 910.315789474
199000 1048.8498628
200000 1048.8498628
201000 1129.41672946
202000 1129.41672946
203000 1129.41672946
204000 1401.82907232
205000 1401.82907232
206000 1401.82907232
207000 1454.24809792
208000 1454.24809792
209000 1454.24809792
210000 1066.37759711
211000 1066.37759711
212000 1414.76779898
213000 1414.76779898
214000 1414.76779898
215000 1414.76779898
216000 1414.76779898
217000 3097.1314741
218000 3097.1314741
219000 3152.21917808
220000 3988.39145107
221000 3988.39145107
222000 3392.81179029
223000 3392.81179029
224000 3392.81179029
225000 3392.81179029
226000 3392.81179029
227000 3392.81179029
228000 3392.81179029
229000 3392.81179029
230000 3392.81179029
231000 2731.56386293
232000 2731.56386293
233000 2731.56386293
234000 2731.56386293
235000 2731.56386293
236000 2731.56386293
237000 2731.56386293
238000 2667.45079552
239000 2667.45079552
240000 2667.45079552
241000 2667.45079552
242000 2667.45079552
243000 2667.45079552
244000 2667.45079552
245000 4778.18573351
246000 4778.18573351
247000 4778.18573351
248000 4676.13124108
249000 4676.13124108
250000 4676.13124108
251000 4961.67656305
252000 4961.67656305
253000 4961.67656305
254000 4829.62139632
255000 4829.62139632
256000 4829.62139632
257000 3656.85837868
258000 3656.85837868
259000 3656.85837868
260000 3656.85837868
261000 3656.85837868
262000 3656.85837868
263000 3656.85837868
264000 3656.85837868
265000 2919.14427861
266000 2919.14427861
267000 2919.14427861
268000 2919.14427861
269000 2919.14427861
270000 2919.14427861
271000 2493.9049752
272000 2493.9049752
273000 2493.9049752
274000 2493.9049752
275000 2493.9049752
276000 2493.9049752
277000 2330.91613327
278000 2330.91613327
279000 2330.91613327
280000 2330.91613327
281000 2330.91613327
282000 2330.91613327
283000 2330.91613327
284000 2182.26941034
285000 2182.26941034
286000 2182.26941034
287000 2182.26941034
288000 2182.26941034
289000 3013.07892828
290000 3843.88844622
291000 3843.88844622
292000 1491.1827063
293000 1491.1827063
294000 1491.1827063
295000 1491.1827063
296000 1679.40273591
297000 1679.40273591
298000 1679.40273591
299000 1679.40273591
300000 1679.40273591
301000 2972.14319809
302000 2972.14319809
303000 2639.69610916
304000 2639.69610916
305000 2639.69610916
306000 2639.69610916
307000 2639.69610916
308000 2760.52056844
309000 2760.52056844
310000 2760.52056844
311000 2760.52056844
312000 2760.52056844
313000 2760.52056844
314000 2760.52056844
315000 3693.76165803
316000 3693.76165803
317000 1688.8747366
318000 1688.8747366
319000 1688.8747366
320000 1688.8747366
321000 3331.15002366
322000 3331.15002366
323000 1970.56934307
324000 1970.56934307
325000 1970.56934307
326000 1970.56934307
327000 1695.31182796
328000 2516.05404315
329000 2516.05404315
330000 2516.05404315
331000 2516.05404315
332000 2516.05404315
333000 2990.20262603
334000 2990.20262603
335000 2990.20262603
336000 2990.20262603
337000 2990.20262603
338000 2990.20262603
339000 2124.72443233
340000 2124.72443233
341000 2124.72443233
342000 2124.72443233
343000 2124.72443233
344000 2403.15713819
345000 2403.15713819
346000 2403.15713819
347000 2403.15713819
348000 2403.15713819
349000 2403.15713819
350000 2403.15713819
351000 1819.20531057
352000 1819.20531057
353000 1819.20531057
354000 1819.20531057
355000 1318.99460293
356000 1318.99460293
357000 1318.99460293
