0 2638.06096952
1000 2638.06096952
2000 2638.06096952
3000 2638.06096952
4000 2638.06096952
5000 1836.9252216
6000 1035.78947368
7000 1035.78947368
8000 2114.52302888
9000 2160.60192476
10000 2298.92364715
11000 2298.92364715
12000 2432.78596491
13000 2296.99775952
14000 2152.34793636
15000 2007.69811321
16000 2357.84786642
17000 2092.05687204
18000 2164.16589862
19000 1844.97418631
20000 1923.5942029
21000 1260.55629139
22000 2805.48847926
23000 2805.48847926
24000 2805.48847926
25000 2805.48847926
26000 2805.48847926
27000 2805.48847926
28000 2805.48847926
29000 2061.13454371
30000 2061.13454371
31000 2061.13454371
32000 2061.13454371
33000 2061.13454371
34000 2061.13454371
35000 2061.13454371
36000 2061.13454371
37000 2444.38956101
38000 2827.64457831
39000 2827.64457831
40000 2827.64457831
41000 2827.64457831
42000 2827.64457831
43000 2851.390941
44000 2851.390941
45000 2851.390941
46000 2851.390941
47000 2851.390941
48000 2851.390941
49000 2820.57659403
50000 2820.57659403
51000 2820.57659403
52000 2820.57659403
53000 2820.57659403
54000 2820.57659403
55000 2854.45337201
56000 2854.45337201
57000 2854.45337201
58000 2854.45337201
59000 2854.45337201
60000 2854.45337201
61000 2854.45337201
62000 2055.12771973
63000 2055.12771973
64000 2055.12771973
65000 2055.12771973
66000 2055.12771973
67000 2055.12771973
68000 2055.12771973
69000 2055.12771973
70000 2218.51408611
71000 2381.90045249
72000 2381.90045249
73000 2381.90045249
74000 2650.3713355
75000 2650.3713355
76000 2650.3713355
77000 2503.76878613
78000 2503.76878613
79000 2503.76878613
80000 2557.58674804
81000 2557.58674804
82000 2762.6151595
83000 2762.6151595
84000 2762.6151595
85000 2762.6151595
86000 2762.6151595
87000 2762.6151595
88000 2762.6151595
89000 2643.56587348
90000 2643.56587348
91000 2643.56587348
92000 2643.56587348
93000 2596.40236686
94000 2596.40236686
95000 2596.40236686
96000 2596.40236686
97000 2394.38684417
98000 2394.38684417
99000 2394.38684417
100000 2394.38684417
101000 2394.38684417
102000 2266.51210365
103000 2266.51210365
104000 2266.51210365
105000 2266.51210365
106000 2266.51210365
107000 2266.51210365
108000 2266.51210365
109000 2266.51210365
110000 2266.51210365
111000 2682.30221367
112000 2682.30221367
113000 2682.30221367
114000 2682.30221367
115000 2622.44067797
116000 2622.44067797
117000 2622.44067797
118000 2455.58838512
119000 2455.58838512
120000 2436.80100439
121000 2531.47316655
122000 2626.14532872
123000 2626.14532872
124000 2470.704038
125000 2470.704038
126000 2249.89355041
127000 2249.89355041
128000 2017.65372168
129000 2017.65372168
130000 2017.65372168
131000 2017.65372168
132000 2017.65372168
133000 2017.65372168
134000 2017.65372168
135000 2017.65372168
136000 2017.65372168
137000 2017.65372168
138000 1464.07837776
139000 1464.07837776
140000 1464.07837776
141000 1464.07837776
142000 1464.07837776
143000 1464.07837776
144000 1464.07837776
145000 1464.07837776
146000 1464.07837776
147000 1858.23780184
148000 2638.06096952
149000 2638.06096952
150000 2638.06096952
151000 2638.06096952
152000 1836.9252216
153000 1035.78947368
154000 1575.15625128
155000 2114.52302888
156000 2160.60192476
157000 2298.92364715
158000 2432.78596491
159000 2432.78596491
160000 2296.99775952
161000 2007.69811321
162000 2007.69811321
163000 2357.84786642
164000 2092.05687204
165000 2164.16589862
166000 1844.97418631
167000 1592.07524715
168000 2805.48847926
169000 2805.48847926
170000 2805.48847926
171000 2805.48847926
172000 2805.48847926
173000 2805.48847926
174000 2805.48847926
175000 2061.13454371
176000 2061.13454371
177000 2061.13454371
178000 2061.13454371
179000 2061.13454371
180000 2061.13454371
181000 2061.13454371
182000 2061.13454371
183000 2061.13454371
184000 2827.64457831
185000 2827.64457831
186000 2827.64457831
187000 2827.64457831
188000 2827.64457831
189000 2827.64457831
190000 2851.390941
191000 2851.390941
192000 2851.390941
193000 2851.390941
194000 2851.390941
195000 2851.390941
196000 2820.57659403
197000 2820.57659403
198000 2820.57659403
199000 2820.57659403
200000 2820.57659403
201000 2820.57659403
202000 2854.45337201
203000 2854.45337201
204000 2854.45337201
205000 2854.45337201
206000 2854.45337201
207000 2854.45337201
208000 2854.45337201
209000 2055.12771973
210000 2055.12771973
211000 2055.12771973
212000 2055.12771973
213000 2055.12771973
214000 2055.12771973
215000 2055.12771973
216000 2055.12771973
217000 2218.51408611
218000 2381.90045249
219000 2381.90045249
220000 2381.90045249
221000 2650.3713355
222000 2650.3713355
223000 2650.3713355
224000 2503.76878613
225000 2503.76878613
226000 2557.58674804
227000 2557.58674804
228000 2557.58674804
229000 2762.6151595
230000 2762.6151595
231000 2762.6151595
232000 2762.6151595
233000 2762.6151595
234000 2762.6151595
235000 2762.6151595
236000 2643.56587348
237000 2643.56587348
238000 2643.56587348
239000 2596.40236686
240000 2596.40236686
241000 2596.40236686
242000 2596.40236686
243000 2495.39460551
244000 2394.38684417
245000 2394.38684417
246000 2394.38684417
247000 2394.38684417
248000 2394.38684417
249000 2266.51210365
250000 2266.51210365
251000 2266.51210365
252000 2266.51210365
253000 2266.51210365
254000 2266.51210365
255000 2266.51210365
256000 2266.51210365
257000 2266.51210365
258000 2682.30221367
259000 2682.30221367
260000 2682.30221367
261000 2682.30221367
262000 2622.44067797
263000 2622.44067797
264000 2455.58838512
265000 2455.58838512
266000 2436.80100439
267000 2436.80100439
268000 2626.14532872
269000 2626.14532872
270000 2470.704038
271000 2470.704038
272000 2470.704038
273000 2249.89355041
274000 2017.65372168
275000 2017.65372168
276000 2017.65372168
277000 2017.65372168
278000 2017.65372168
279000 2017.65372168
280000 2017.65372168
281000 2017.65372168
282000 2017.65372168
283000 2017.65372168
284000 1464.07837776
285000 1464.07837776
286000 1464.07837776
287000 1464.07837776
288000 1464.07837776
289000 1464.07837776
290000 1464.07837776
291000 1464.07837776
292000 1464.07837776
293000 1078.41463415
