0 3378.21538462
1000 3378.21538462
2000 3378.21538462
3000 3378.21538462
4000 3378.21538462
5000 3378.21538462
6000 3278.77857838
7000 3278.77857838
8000 3278.77857838
9000 3278.77857838
10000 3179.34177215
11000 2456.76229882
12000 2456.76229882
13000 2456.76229882
14000 2456.76229882
15000 2456.76229882
16000 2456.76229882
17000 1734.18282548
18000 1734.18282548
19000 5987.35876411
20000 8173.69934641
21000 6592.84929972
22000 7439.42857143
23000 6376.65306122
24000 5165.47442118
25000 3415.96589035
26000 3566.38406828
27000 7341.05382436
28000 3795.4845735
29000 7375.85533454
30000 7883.05669953
31000 8211.22352045
32000 6743.66343042
33000 6670.21940752
34000 6131.12481968
35000 5419.04598813
36000 5172.61772152
37000 6477.50778816
38000 757.877186453
39000 757.877186453
40000 757.877186453
41000 757.877186453
42000 757.877186453
43000 757.877186453
44000 5337.27179487
45000 6753.81132075
46000 7466.18962433
47000 6809.42904841
48000 7301.38003503
49000 7278.28571429
50000 5225.31493099
51000 7000.70358306
52000 8224.62992126
53000 7669.55347092
54000 7583.00910747
55000 8891.94455374
56000 8891.94455374
57000 8891.94455374
58000 8891.94455374
59000 10200.88
60000 8293.96165725
61000 8293.96165725
62000 8293.96165725
63000 8293.96165725
64000 6387.0433145
65000 4882.62934956
66000 4882.62934956
67000 4882.62934956
68000 4882.62934956
69000 3378.21538462
70000 3278.77857838
71000 3278.77857838
72000 3278.77857838
73000 3278.77857838
74000 3179.34177215
75000 2456.76229882
76000 2456.76229882
77000 2456.76229882
78000 2456.76229882
79000 2456.76229882
80000 2456.76229882
81000 1734.18282548
82000 1734.18282548
83000 3801.01818182
84000 8173.69934641
85000 7022.87955182
86000 6801.12380953
87000 6376.65306122
88000 5165.47442118
89000 3265.54771242
90000 3566.38406828
91000 7341.05382436
92000 3795.4845735
93000 7483.41224078
94000 7883.05669953
95000 8211.22352045
96000 7387.9262034
97000 6670.21940752
98000 6596.77538462
99000 5665.47425474
100000 5172.61772152
101000 6477.50778816
102000 757.877186453
103000 757.877186453
104000 757.877186453
105000 757.877186453
106000 757.877186453
107000 757.877186453
108000 5337.27179487
109000 6753.81132075
110000 7466.18962433
111000 6809.42904841
112000 7301.38003503
113000 7278.28571429
114000 5225.31493099
115000 7000.70358306
116000 8224.62992126
117000 7669.55347092
118000 7626.28128919
119000 8891.94455374
120000 8891.94455374
121000 8891.94455374
122000 8891.94455374
123000 8891.94455374
124000 8293.96165725
125000 8293.96165725
126000 8293.96165725
127000 8293.96165725
128000 6387.0433145
