0 2561.12460064
1000 2561.12460064
2000 3159.07142857
3000 3046.98056156
4000 2011.76068376
5000 1905.73959732
6000 2189.54418605
7000 3030.54389722
8000 3520.55721393
9000 2495.22699432
10000 3325.74647887
11000 1996.83615819
12000 3226.93030494
13000 2368.10720268
14000 2419.25470085
15000 2295.19218241
16000 2397.23857868
17000 2718.76923077
18000 3127.52317881
19000 3164.73896497
20000 3164.73896497
21000 3164.73896497
22000 3201.95475113
23000 3310.23341421
24000 3310.23341421
25000 3310.23341421
26000 3310.23341421
27000 3418.51207729
28000 2809.14388911
29000 2809.14388911
30000 2809.14388911
31000 2809.14388911
32000 2199.77570093
33000 2258.04169662
34000 2258.04169662
35000 2258.04169662
36000 2258.04169662
37000 2316.30769231
38000 2536.82051282
39000 2536.82051282
40000 2536.82051282
41000 2536.82051282
42000 2757.33333333
43000 2512.69230769
44000 2512.69230769
45000 2512.69230769
46000 2512.69230769
47000 2268.05128205
48000 2346.80361004
49000 2346.80361004
50000 2346.80361004
51000 2346.80361004
52000 2425.55593804
53000 2182.43503349
54000 2182.43503349
55000 2182.43503349
56000 2182.43503349
57000 1939.31412894
58000 2050.51333359
59000 2050.51333359
60000 2050.51333359
61000 2050.51333359
62000 2161.71253823
63000 2029.20620182
64000 2029.20620182
65000 2029.20620182
66000 2029.20620182
67000 1896.69986541
68000 2214.73413378
69000 2214.73413378
70000 2214.73413378
71000 2214.73413378
72000 2532.76840215
73000 2423.87439716
74000 2423.87439716
75000 2423.87439716
76000 2423.87439716
77000 2314.98039216
78000 2390.29855845
79000 2390.29855845
80000 2390.29855845
81000 2390.29855845
82000 2465.61672474
83000 2285.3848854
84000 2285.3848854
85000 2285.3848854
86000 2285.3848854
87000 2105.15304606
88000 2818.46707029
89000 2818.46707029
90000 2818.46707029
91000 2818.46707029
92000 3531.78109453
93000 3050.55721393
94000 3050.55721393
95000 3050.55721393
96000 3050.55721393
97000 2569.33333333
98000 2572.63757576
99000 2572.63757576
100000 2572.63757576
101000 2572.63757576
102000 2575.94181818
103000 2402.35201145
104000 2402.35201145
105000 2402.35201145
106000 2402.35201145
107000 2228.76220472
108000 2211.48497833
109000 2211.48497833
110000 2211.48497833
111000 2211.48497833
112000 2194.20775194
113000 2166.51386084
114000 2166.51386084
115000 2166.51386084
116000 2166.51386084
117000 2138.81996974
118000 2364.44471979
119000 2364.44471979
120000 2364.44471979
121000 2364.44471979
122000 2590.06946984
123000 2482.53641842
124000 2482.53641842
125000 2482.53641842
126000 2482.53641842
127000 2375.003367
128000 2024.78003401
129000 2024.78003401
130000 2024.78003401
131000 2024.78003401
132000 1674.55670103
133000 2117.84065083
134000 3159.07142857
135000 3046.98056156
136000 2011.76068376
137000 1905.73959732
138000 2189.54418605
139000 3030.54389722
140000 3520.55721393
141000 2237.02208202
142000 3325.74647887
143000 1996.83615819
144000 2647.4906367
145000 2368.10720268
146000 2419.25470085
147000 2295.19218241
148000 2397.23857868
149000 2718.76923077
150000 3127.52317881
151000 3164.73896497
152000 3164.73896497
153000 3164.73896497
154000 3201.95475113
155000 3310.23341421
156000 3310.23341421
157000 3310.23341421
158000 3310.23341421
159000 3418.51207729
160000 2809.14388911
161000 2809.14388911
162000 2809.14388911
163000 2809.14388911
164000 2199.77570093
165000 2258.04169662
166000 2258.04169662
167000 2258.04169662
168000 2258.04169662
169000 2316.30769231
170000 2536.82051282
171000 2536.82051282
172000 2536.82051282
173000 2536.82051282
174000 2757.33333333
175000 2512.69230769
176000 2512.69230769
177000 2512.69230769
178000 2512.69230769
179000 2268.05128205
180000 2346.80361004
181000 2346.80361004
182000 2346.80361004
183000 2346.80361004
184000 2425.55593804
185000 2182.43503349
186000 2182.43503349
187000 2182.43503349
188000 2182.43503349
189000 1939.31412894
190000 2050.51333359
191000 2050.51333359
192000 2050.51333359
193000 2050.51333359
194000 2161.71253823
195000 2029.20620182
196000 2029.20620182
197000 2029.20620182
198000 2029.20620182
199000 1896.69986541
200000 2214.73413378
201000 2214.73413378
202000 2214.73413378
203000 2214.73413378
204000 2532.76840215
205000 2423.87439716
206000 2423.87439716
207000 2423.87439716
208000 2423.87439716
209000 2314.98039216
210000 2390.29855845
211000 2390.29855845
212000 2390.29855845
213000 2390.29855845
214000 2465.61672474
215000 2285.3848854
216000 2285.3848854
217000 2285.3848854
218000 2285.3848854
219000 2105.15304606
220000 2818.46707029
221000 2818.46707029
222000 2818.46707029
223000 2818.46707029
224000 3531.78109453
225000 3050.55721393
226000 3050.55721393
227000 3050.55721393
228000 3050.55721393
229000 2569.33333333
230000 2572.63757576
231000 2572.63757576
232000 2572.63757576
233000 2572.63757576
234000 2575.94181818
235000 2402.35201145
236000 2402.35201145
237000 2402.35201145
238000 2402.35201145
239000 2228.76220472
240000 2211.48497833
241000 2211.48497833
242000 2211.48497833
243000 2211.48497833
244000 2194.20775194
245000 2166.51386084
246000 2166.51386084
247000 2166.51386084
248000 2166.51386084
249000 2138.81996974
250000 2364.44471979
251000 2364.44471979
252000 2364.44471979
253000 2364.44471979
254000 2590.06946984
255000 2482.53641842
256000 2482.53641842
257000 2482.53641842
258000 2482.53641842
259000 2375.003367
260000 2024.78003401
261000 2024.78003401
262000 2024.78003401
263000 2024.78003401
264000 1674.55670103
