0 2778.6969697
1000 2778.6969697
2000 2778.6969697
3000 2778.6969697
4000 3629.26013072
5000 3326.11853496
6000 3022.9769392
7000 3022.9769392
8000 3252.16522574
9000 3752.6129666
10000 3752.6129666
11000 3752.6129666
12000 3420.95893373
13000 3089.30490086
14000 3089.30490086
15000 3089.30490086
16000 3089.30490086
17000 3089.30490086
18000 2374.60760738
19000 2824.25339367
20000 2824.25339367
21000 2824.25339367
22000 2737.78778135
23000 2737.78778135
24000 2737.78778135
25000 2948.52437703
26000 2948.52437703
27000 3153.72435233
28000 3153.72435233
29000 2576.72500865
30000 2576.72500865
31000 2576.72500865
32000 3131.24263675
33000 3131.24263675
34000 3131.24263675
35000 1937.11786263
36000 1937.11786263
37000 1937.11786263
38000 1937.11786263
39000 1937.11786263
40000 1937.11786263
41000 1937.11786263
42000 1937.11786263
43000 2221.07442887
44000 2505.03099511
45000 2505.03099511
46000 2655.67203514
47000 2655.67203514
48000 2655.67203514
49000 4042.13884786
50000 4042.13884786
51000 2314.59141104
52000 2314.59141104
53000 2314.59141104
54000 2762.90381587
55000 3211.21622071
56000 3211.21622071
57000 3211.21622071
58000 3211.21622071
59000 3211.21622071
60000 3211.21622071
61000 2788.89279438
62000 2788.89279438
63000 2788.89279438
64000 2788.89279438
65000 3313.43738104
66000 3313.43738104
67000 3313.43738104
68000 3313.43738104
69000 3313.43738104
70000 3358.8855938
71000 3358.8855938
72000 3358.8855938
73000 3358.8855938
74000 3358.8855938
75000 3358.8855938
76000 3358.8855938
77000 3358.8855938
78000 2785.52412925
79000 2785.52412925
80000 2785.52412925
81000 2785.52412925
82000 2785.52412925
83000 2855.57408595
84000 2855.57408595
85000 2855.57408595
86000 2855.57408595
87000 2855.57408595
88000 2855.57408595
89000 2749.42407612
90000 2643.27406628
91000 2643.27406628
92000 2643.27406628
93000 2643.27406628
94000 2643.27406628
95000 2271.61933403
96000 1899.96460177
97000 1899.96460177
98000 1899.96460177
99000 1899.96460177
100000 2862.4516129
101000 2862.4516129
102000 2862.4516129
103000 2862.4516129
104000 2862.4516129
105000 1984.30367212
106000 1984.30367212
107000 1984.30367212
108000 1984.30367212
109000 1984.30367212
110000 1984.30367212
111000 1984.30367212
112000 1984.30367212
113000 3316.96483652
114000 2704.83910096
115000 2704.83910096
116000 2704.83910096
117000 2882.79088206
118000 2882.79088206
119000 3232.11024978
120000 3232.11024978
121000 3232.11024978
122000 1871.21254101
123000 1871.21254101
124000 1871.21254101
125000 2918.7979011
126000 2918.7979011
127000 2918.7979011
128000 2918.7979011
129000 2918.7979011
130000 2918.7979011
131000 2583.2284264
132000 2583.2284264
133000 2583.2284264
134000 2583.2284264
135000 2680.96269805
136000 2680.96269805
137000 2778.6969697
138000 3629.26013072
139000 3326.11853496
140000 3022.9769392
141000 3022.9769392
142000 3252.16522574
143000 3502.38909617
144000 3752.6129666
145000 3752.6129666
146000 3752.6129666
147000 3089.30490086
148000 3089.30490086
149000 3089.30490086
150000 3089.30490086
151000 3089.30490086
152000 2374.60760738
153000 1659.9103139
154000 2824.25339367
155000 2824.25339367
156000 2737.78778135
157000 2737.78778135
158000 2737.78778135
159000 2948.52437703
160000 2948.52437703
161000 3153.72435233
162000 3153.72435233
163000 2865.22468049
164000 2576.72500865
165000 2576.72500865
166000 2853.9838227
167000 3131.24263675
168000 3131.24263675
169000 1937.11786263
170000 1937.11786263
171000 1937.11786263
172000 1937.11786263
173000 1937.11786263
174000 1937.11786263
175000 1937.11786263
176000 1937.11786263
177000 2221.07442887
178000 2505.03099511
179000 2505.03099511
180000 2580.35151512
181000 2655.67203514
182000 2655.67203514
183000 3348.9054415
184000 4042.13884786
185000 2314.59141104
186000 2314.59141104
187000 2314.59141104
188000 2314.59141104
189000 3211.21622071
190000 3211.21622071
191000 3211.21622071
192000 3211.21622071
193000 3211.21622071
194000 3211.21622071
195000 2788.89279438
196000 2788.89279438
197000 2788.89279438
198000 2788.89279438
199000 3313.43738104
200000 3313.43738104
201000 3313.43738104
202000 3313.43738104
203000 3313.43738104
204000 3358.8855938
205000 3358.8855938
206000 3358.8855938
207000 3358.8855938
208000 3358.8855938
209000 3358.8855938
210000 3358.8855938
211000 3358.8855938
212000 2785.52412925
213000 2785.52412925
214000 2785.52412925
215000 2785.52412925
216000 2785.52412925
217000 2855.57408595
218000 2855.57408595
219000 2855.57408595
220000 2855.57408595
221000 2855.57408595
222000 2855.57408595
223000 2855.57408595
224000 2643.27406628
225000 2643.27406628
226000 2643.27406628
227000 2643.27406628
228000 2643.27406628
229000 2643.27406628
230000 1899.96460177
231000 1899.96460177
232000 1899.96460177
233000 1899.96460177
234000 2862.4516129
235000 2862.4516129
236000 2862.4516129
237000 2862.4516129
238000 2862.4516129
239000 2423.37764251
240000 1984.30367212
241000 1984.30367212
242000 1984.30367212
243000 1984.30367212
244000 1984.30367212
245000 1984.30367212
246000 1984.30367212
247000 3316.96483652
248000 3316.96483652
249000 2704.83910096
250000 2704.83910096
251000 2882.79088206
252000 2882.79088206
253000 3057.45056592
254000 3232.11024978
255000 3232.11024978
256000 1871.21254101
257000 1871.21254101
258000 1871.21254101
259000 2918.7979011
260000 2918.7979011
261000 2918.7979011
262000 2918.7979011
263000 2918.7979011
264000 2918.7979011
265000 2583.2284264
266000 2583.2284264
267000 2583.2284264
268000 2583.2284264
