0 4403.91235758
1000 4403.91235758
2000 4403.91235758
3000 4403.91235758
4000 4403.91235758
5000 4403.91235758
6000 4403.91235758
7000 4403.91235758
8000 4403.91235758
9000 4403.91235758
10000 4227.89726595
11000 4227.89726595
12000 3851.75605681
13000 3851.75605681
14000 9078.87693259
15000 9078.87693259
16000 8562.86820153
17000 8046.85947047
18000 8046.85947047
19000 8046.85947047
20000 4928.22218806
21000 4665.11409526
22000 7520.64328486
23000 7520.64328486
24000 7520.64328486
25000 7520.64328486
26000 7520.64328486
27000 7099.00021386
28000 6677.35714286
29000 6677.35714286
30000 6677.35714286
31000 6677.35714286
32000 6677.35714286
33000 6677.35714286
34000 6677.35714286
35000 0.0
36000 0.0
37000 9181.15738126
38000 9181.15738126
39000 9181.15738126
40000 9181.15738126
41000 6781.58532943
42000 6781.58532943
43000 4382.0132776
44000 4382.0132776
45000 4382.0132776
46000 4382.0132776
47000 4382.0132776
48000 4382.0132776
49000 4382.0132776
50000 4382.0132776
51000 2952.72766041
52000 1523.44204322
53000 1523.44204322
54000 1523.44204322
55000 1523.44204322
56000 1523.44204322
57000 1523.44204322
58000 5163.69795342
59000 5163.69795342
60000 5163.69795342
61000 2841.5935743
62000 2841.5935743
63000 2841.5935743
64000 2841.5935743
65000 2841.5935743
66000 2725.91349163
67000 2725.91349163
68000 2725.91349163
69000 2725.91349163
70000 2725.91349163
71000 2725.91349163
72000 1362.95674581
73000 5174.56137012
74000 5174.56137012
75000 5174.56137012
76000 5174.56137012
77000 5174.56137012
78000 6709.20501906
79000 8243.84866801
80000 8243.84866801
81000 8243.84866801
82000 8243.84866801
83000 8872.34317549
84000 8872.34317549
85000 8872.34317549
86000 8872.34317549
87000 8872.34317549
88000 8872.34317549
89000 7823.27468099
90000 7823.27468099
91000 7823.27468099
92000 7823.27468099
93000 7823.27468099
94000 7823.27468099
95000 8499.70411315
96000 9176.13354531
97000 9176.13354531
98000 9176.13354531
99000 9176.13354531
100000 9176.13354531
101000 9381.76986805
102000 9587.40619078
103000 9587.40619078
104000 9587.40619078
105000 9587.40619078
106000 9587.40619078
107000 9237.26227636
108000 9237.26227636
109000 9237.26227636
110000 9237.26227636
111000 9237.26227636
112000 9237.26227636
113000 7698.90523526
114000 7698.90523526
115000 7698.90523526
116000 7698.90523526
117000 7698.90523526
118000 7698.90523526
119000 7560.65691191
120000 7422.40858857
121000 7422.40858857
122000 7422.40858857
123000 7422.40858857
124000 7422.40858857
125000 7422.40858857
126000 3309.58760637
127000 3309.58760637
128000 3309.58760637
129000 3309.58760637
130000 3309.58760637
131000 3309.58760637
132000 3309.58760637
133000 3309.58760637
134000 3309.58760637
135000 3309.58760637
136000 3309.58760637
137000 3309.58760637
138000 3309.58760637
139000 3309.58760637
140000 3938.59680163
141000 3938.59680163
142000 3938.59680163
143000 3938.59680163
144000 3938.59680163
145000 3938.59680163
146000 3938.59680163
147000 3938.59680163
148000 3938.59680163
149000 3938.59680163
150000 3938.59680163
151000 3938.59680163
152000 3878.80077498
153000 3878.80077498
154000 3819.00474834
155000 3819.00474834
156000 3819.00474834
157000 3819.00474834
158000 3819.00474834
159000 3819.00474834
160000 3819.00474834
161000 1262.3981292
162000 1262.3981292
163000 1262.3981292
164000 1262.3981292
165000 1262.3981292
166000 1262.3981292
167000 1262.3981292
168000 1262.3981292
169000 1262.3981292
170000 1262.3981292
171000 1961.02458731
172000 2659.65104542
173000 2659.65104542
174000 2659.65104542
175000 2659.65104542
176000 2659.65104542
177000 2128.04460814
178000 2128.04460814
179000 1596.43817086
180000 1596.43817086
181000 1596.43817086
182000 1596.43817086
183000 1596.43817086
184000 1596.43817086
185000 3000.17526422
186000 3000.17526422
187000 3000.17526422
188000 3000.17526422
189000 3000.17526422
190000 3000.17526422
191000 3000.17526422
192000 4403.91235758
193000 4403.91235758
194000 4403.91235758
195000 4227.89726595
196000 4227.89726595
197000 3851.75605681
198000 3851.75605681
199000 9078.87693259
200000 8562.86820153
201000 8562.86820153
202000 8046.85947047
203000 8046.85947047
204000 8046.85947047
205000 1809.58490566
206000 4665.11409526
207000 7520.64328486
208000 7520.64328486
209000 7520.64328486
210000 7520.64328486
211000 7520.64328486
212000 6677.35714286
213000 6677.35714286
214000 6677.35714286
215000 6677.35714286
216000 6677.35714286
217000 6677.35714286
218000 6677.35714286
219000 6677.35714286
220000 0.0
221000 0.0
222000 9181.15738126
223000 9181.15738126
224000 9181.15738126
225000 9181.15738126
226000 6781.58532943
227000 6781.58532943
228000 4382.0132776
229000 4382.0132776
230000 4382.0132776
231000 4382.0132776
232000 4382.0132776
233000 4382.0132776
234000 4382.0132776
235000 4382.0132776
236000 2952.72766041
237000 1523.44204322
238000 1523.44204322
239000 1523.44204322
240000 1523.44204322
241000 1523.44204322
242000 1523.44204322
243000 5163.69795342
244000 5163.69795342
245000 5163.69795342
246000 2841.5935743
247000 2841.5935743
248000 2841.5935743
249000 2841.5935743
250000 2841.5935743
251000 2725.91349163
252000 2725.91349163
253000 2725.91349163
254000 2725.91349163
255000 2725.91349163
256000 2725.91349163
257000 1362.95674581
258000 5174.56137012
259000 5174.56137012
260000 5174.56137012
261000 5174.56137012
262000 5174.56137012
263000 6709.20501906
264000 8243.84866801
265000 8243.84866801
266000 8243.84866801
267000 8243.84866801
268000 8872.34317549
269000 8872.34317549
270000 8872.34317549
271000 8872.34317549
272000 8872.34317549
273000 8872.34317549
274000 7823.27468099
275000 7823.27468099
276000 7823.27468099
277000 7823.27468099
278000 7823.27468099
279000 7823.27468099
280000 8499.70411315
281000 9176.13354531
282000 9176.13354531
283000 9176.13354531
284000 9176.13354531
285000 9176.13354531
286000 9381.76986805
287000 9587.40619078
288000 9587.40619078
289000 9587.40619078
290000 9587.40619078
291000 9587.40619078
292000 9237.26227636
293000 9237.26227636
294000 9237.26227636
295000 9237.26227636
296000 9237.26227636
297000 9237.26227636
298000 7698.90523526
299000 7698.90523526
300000 7698.90523526
301000 7698.90523526
302000 7698.90523526
303000 7698.90523526
304000 7560.65691191
305000 7422.40858857
306000 7422.40858857
307000 7422.40858857
308000 7422.40858857
309000 7422.40858857
310000 7422.40858857
311000 3309.58760637
312000 3309.58760637
313000 3309.58760637
314000 3309.58760637
315000 3309.58760637
316000 3309.58760637
317000 3309.58760637
318000 3309.58760637
319000 3309.58760637
320000 3309.58760637
321000 3309.58760637
322000 3309.58760637
323000 3309.58760637
324000 3309.58760637
325000 3938.59680163
326000 3938.59680163
327000 3938.59680163
328000 3938.59680163
329000 3938.59680163
330000 3938.59680163
331000 3938.59680163
332000 3938.59680163
333000 3938.59680163
334000 3938.59680163
335000 3938.59680163
336000 3938.59680163
337000 3878.80077498
338000 3878.80077498
339000 3819.00474834
340000 3819.00474834
341000 3819.00474834
342000 3819.00474834
343000 3819.00474834
344000 3819.00474834
345000 3819.00474834
346000 1262.3981292
347000 1262.3981292
348000 1262.3981292
349000 1262.3981292
350000 1262.3981292
351000 1262.3981292
352000 1262.3981292
353000 1262.3981292
354000 1262.3981292
355000 1262.3981292
356000 1961.02458731
357000 2659.65104542
358000 2659.65104542
359000 2659.65104542
360000 2659.65104542
361000 2659.65104542
362000 2128.04460814
363000 2128.04460814
364000 1596.43817086
365000 1596.43817086
366000 1596.43817086
367000 1596.43817086
368000 1596.43817086
369000 1596.43817086
