0 3475.10769231
1000 3475.10769231
2000 3475.10769231
3000 3475.10769231
4000 3475.10769231
5000 3475.10769231
6000 3475.10769231
7000 2530.61997842
8000 2530.61997842
9000 1586.13226453
10000 1586.13226453
11000 1586.13226453
12000 1586.13226453
13000 1355.92327512
14000 1125.71428571
15000 1125.71428571
16000 1125.71428571
17000 1125.71428571
18000 1125.71428571
19000 1273.93251915
20000 1273.93251915
21000 1273.93251915
22000 1273.93251915
23000 1273.93251915
24000 1845.15254237
25000 2293.58771643
26000 2293.58771643
27000 2293.58771643
28000 1759.02852488
29000 1224.46933333
30000 1497.7860094
31000 1497.7860094
32000 1497.7860094
33000 1497.7860094
34000 1497.7860094
35000 1497.7860094
36000 1497.7860094
37000 1436.31266065
38000 1374.83931191
39000 1374.83931191
40000 1374.83931191
41000 1374.83931191
42000 1374.83931191
43000 1374.83931191
44000 1374.83931191
45000 1754.74520927
46000 2134.65110664
47000 2134.65110664
48000 2134.65110664
49000 2134.65110664
50000 2134.65110664
51000 2286.86247566
52000 2439.07384469
53000 2439.07384469
54000 2439.07384469
55000 2439.07384469
56000 2439.07384469
57000 2439.07384469
58000 1625.44305755
59000 1625.44305755
60000 1625.44305755
61000 1625.44305755
62000 1625.44305755
63000 1625.44305755
64000 1625.44305755
65000 1625.44305755
66000 1625.44305755
67000 1458.47825644
68000 1291.51345533
69000 1291.51345533
70000 1291.51345533
71000 1291.51345533
72000 1291.51345533
73000 1291.51345533
74000 1291.51345533
75000 1291.51345533
76000 1291.51345533
77000 1291.51345533
78000 1291.51345533
79000 904.4
80000 904.4
81000 2122.64119818
82000 2122.64119818
83000 2122.64119818
84000 2122.64119818
85000 2385.51967554
86000 2648.3981529
87000 2648.3981529
88000 2648.3981529
89000 2648.3981529
90000 818.318006318
91000 818.318006318
92000 818.318006318
93000 818.318006318
94000 818.318006318
95000 818.318006318
96000 644.688460024
97000 644.688460024
98000 644.688460024
99000 644.688460024
100000 644.688460024
101000 996.880786885
102000 996.880786885
103000 996.880786885
104000 996.880786885
105000 996.880786885
106000 996.880786885
107000 996.880786885
108000 996.880786885
109000 816.512998267
110000 816.512998267
111000 816.512998267
112000 816.512998267
113000 816.512998267
114000 816.512998267
115000 816.512998267
116000 816.512998267
117000 816.512998267
118000 589.447765509
119000 362.382532751
120000 362.382532751
121000 811.962322015
122000 811.962322015
123000 811.962322015
124000 811.962322015
125000 811.962322015
126000 811.962322015
127000 811.962322015
128000 811.962322015
129000 811.962322015
130000 684.374815633
131000 556.787309251
132000 556.787309251
133000 556.787309251
134000 556.787309251
135000 556.787309251
136000 556.787309251
137000 556.787309251
138000 556.787309251
139000 556.787309251
140000 556.787309251
141000 556.787309251
142000 797.148463095
143000 1037.50961694
144000 1037.50961694
145000 1037.50961694
146000 1037.50961694
147000 1037.50961694
148000 1037.50961694
149000 530.80475382
150000 530.80475382
151000 530.80475382
152000 530.80475382
153000 530.80475382
154000 530.80475382
155000 530.80475382
156000 530.80475382
157000 530.80475382
158000 530.80475382
159000 530.80475382
160000 530.80475382
161000 530.80475382
162000 530.80475382
163000 765.346169614
164000 999.887585407
165000 999.887585407
166000 999.887585407
167000 999.887585407
168000 999.887585407
169000 999.887585407
170000 999.887585407
171000 1054.27522127
172000 1108.66285714
173000 1108.66285714
174000 1108.66285714
175000 1108.66285714
176000 1108.66285714
177000 1108.66285714
178000 1023.87784317
179000 1023.87784317
180000 1023.87784317
181000 1023.87784317
182000 1023.87784317
183000 1023.87784317
184000 686.60105734
185000 686.60105734
186000 686.60105734
187000 654.593485407
188000 654.593485407
189000 654.593485407
190000 654.593485407
191000 654.593485407
192000 654.593485407
193000 654.593485407
194000 654.593485407
195000 654.593485407
196000 654.593485407
197000 910.708215297
198000 910.708215297
199000 910.708215297
200000 910.708215297
201000 910.708215297
202000 910.708215297
203000 910.708215297
204000 736.018785957
205000 736.018785957
206000 736.018785957
207000 736.018785957
208000 736.018785957
209000 736.018785957
210000 736.018785957
211000 736.018785957
212000 736.018785957
213000 759.415516851
214000 759.415516851
215000 759.415516851
216000 759.415516851
217000 759.415516851
218000 759.415516851
219000 759.415516851
220000 759.415516851
221000 759.415516851
222000 722.863157895
223000 722.863157895
224000 722.863157895
225000 722.863157895
226000 722.863157895
227000 722.863157895
228000 722.863157895
229000 722.863157895
230000 722.863157895
231000 652.634528257
232000 582.405898618
233000 582.405898618
234000 582.405898618
235000 582.405898618
236000 582.405898618
237000 2028.75679546
238000 2028.75679546
239000 2028.75679546
240000 2028.75679546
241000 2028.75679546
242000 3475.10769231
243000 3475.10769231
244000 2530.61997842
245000 2530.61997842
246000 1586.13226453
247000 1586.13226453
248000 1586.13226453
249000 1586.13226453
250000 1125.71428571
251000 1125.71428571
252000 1125.71428571
253000 1125.71428571
254000 1125.71428571
255000 1199.82340243
256000 1273.93251915
257000 1273.93251915
258000 1273.93251915
259000 1273.93251915
260000 1273.93251915
261000 1845.15254237
262000 2293.58771643
263000 2293.58771643
264000 2293.58771643
265000 1224.46933333
266000 1224.46933333
267000 1497.7860094
268000 1497.7860094
269000 1497.7860094
270000 1497.7860094
271000 1497.7860094
272000 1497.7860094
273000 1497.7860094
274000 1374.83931191
275000 1374.83931191
276000 1374.83931191
277000 1374.83931191
278000 1374.83931191
279000 1374.83931191
280000 1374.83931191
281000 1374.83931191
282000 2134.65110664
283000 2134.65110664
284000 2134.65110664
285000 2134.65110664
286000 2134.65110664
287000 2286.86247566
288000 2439.07384469
289000 2439.07384469
290000 2439.07384469
291000 2439.07384469
292000 2439.07384469
293000 2439.07384469
294000 2032.25845112
295000 1625.44305755
296000 1625.44305755
297000 1625.44305755
298000 1625.44305755
299000 1625.44305755
300000 1625.44305755
301000 1625.44305755
302000 1625.44305755
303000 1625.44305755
304000 1291.51345533
305000 1291.51345533
306000 1291.51345533
307000 1291.51345533
308000 1291.51345533
309000 1291.51345533
310000 1291.51345533
311000 1291.51345533
312000 1291.51345533
313000 1291.51345533
314000 1291.51345533
315000 1097.95672767
316000 904.4
317000 2122.64119818
318000 2122.64119818
319000 2122.64119818
320000 2122.64119818
321000 2122.64119818
322000 2648.3981529
323000 2648.3981529
324000 2648.3981529
325000 2648.3981529
326000 1733.35807961
327000 818.318006318
328000 818.318006318
329000 818.318006318
330000 818.318006318
331000 818.318006318
332000 644.688460024
333000 644.688460024
334000 644.688460024
335000 644.688460024
336000 644.688460024
337000 820.784623454
338000 996.880786885
339000 996.880786885
340000 996.880786885
341000 996.880786885
342000 996.880786885
343000 996.880786885
344000 996.880786885
345000 906.696892576
346000 816.512998267
347000 816.512998267
348000 816.512998267
349000 816.512998267
350000 816.512998267
351000 816.512998267
352000 816.512998267
353000 816.512998267
354000 816.512998267
355000 362.382532751
356000 362.382532751
357000 362.382532751
358000 811.962322015
359000 811.962322015
360000 811.962322015
361000 811.962322015
362000 811.962322015
363000 811.962322015
364000 811.962322015
365000 811.962322015
366000 811.962322015
367000 556.787309251
368000 556.787309251
369000 556.787309251
370000 556.787309251
371000 556.787309251
372000 556.787309251
373000 556.787309251
374000 556.787309251
375000 556.787309251
376000 556.787309251
377000 556.787309251
378000 556.787309251
379000 1037.50961694
380000 1037.50961694
381000 1037.50961694
382000 1037.50961694
383000 1037.50961694
384000 1037.50961694
385000 784.15718538
386000 530.80475382
387000 530.80475382
388000 530.80475382
389000 530.80475382
390000 530.80475382
391000 530.80475382
392000 530.80475382
393000 530.80475382
394000 530.80475382
395000 530.80475382
396000 530.80475382
397000 530.80475382
398000 530.80475382
399000 530.80475382
400000 999.887585407
401000 999.887585407
402000 999.887585407
403000 999.887585407
404000 999.887585407
405000 999.887585407
406000 999.887585407
407000 999.887585407
408000 1108.66285714
409000 1108.66285714
410000 1108.66285714
411000 1108.66285714
412000 1108.66285714
413000 1108.66285714
414000 1023.87784317
415000 1023.87784317
416000 1023.87784317
417000 1023.87784317
418000 1023.87784317
419000 1023.87784317
420000 1023.87784317
421000 686.60105734
422000 686.60105734
423000 654.593485407
424000 654.593485407
425000 654.593485407
426000 654.593485407
427000 654.593485407
428000 654.593485407
429000 654.593485407
430000 654.593485407
431000 654.593485407
432000 654.593485407
433000 782.650850352
434000 910.708215297
435000 910.708215297
436000 910.708215297
437000 910.708215297
438000 910.708215297
439000 910.708215297
440000 910.708215297
441000 736.018785957
442000 736.018785957
443000 736.018785957
444000 736.018785957
445000 736.018785957
446000 736.018785957
447000 736.018785957
448000 736.018785957
449000 747.717151404
450000 759.415516851
451000 759.415516851
452000 759.415516851
453000 759.415516851
454000 759.415516851
455000 759.415516851
456000 759.415516851
457000 759.415516851
458000 759.415516851
459000 722.863157895
460000 722.863157895
461000 722.863157895
462000 722.863157895
463000 722.863157895
464000 722.863157895
465000 722.863157895
466000 722.863157895
467000 722.863157895
468000 582.405898618
469000 582.405898618
470000 582.405898618
471000 582.405898618
472000 582.405898618
473000 582.405898618
