0 30147.8496241
1000 30147.8496241
2000 30147.8496241
3000 30147.8496241
4000 30147.8496241
5000 16312.2929713
6000 16312.2929713
7000 16312.2929713
8000 2476.73631841
9000 881.997797842
10000 881.997797842
11000 881.997797842
12000 881.997797842
13000 3577.45441494
14000 3577.45441494
15000 4832.48187516
16000 3392.05271829
17000 3392.05271829
18000 2834.62222222
19000 2834.62222222
20000 2664.38141907
21000 2494.14061592
22000 2413.1126609
23000 2332.08470588
24000 2332.08470588
25000 2332.89001508
26000 2333.69532428
27000 2333.69532428
28000 2392.71891364
29000 2451.742503
30000 2451.742503
31000 2055.58959775
32000 1659.43669251
33000 1812.48641554
34000 1965.53613856
35000 1965.53613856
36000 1965.53613856
37000 1965.53613856
38000 1965.53613856
39000 1965.53613856
40000 1965.53613856
41000 1965.53613856
42000 1965.53613856
43000 2952.94875549
44000 2517.96380864
45000 2082.97886179
46000 2082.97886179
47000 2303.0977395
48000 2523.21661721
49000 2523.21661721
50000 2226.11738972
51000 2226.11738972
52000 2226.11738972
53000 0.0
54000 2307.16650311
55000 2307.16650311
56000 2307.16650311
57000 2307.16650311
58000 2307.16650311
59000 2307.16650311
60000 2205.85628555
61000 2104.546068
62000 2104.546068
63000 2104.546068
64000 2104.546068
65000 2104.546068
66000 2104.546068
67000 2104.546068
68000 2609.4554951
69000 2609.4554951
70000 3114.36492221
71000 3114.36492221
72000 3114.36492221
73000 3114.36492221
74000 2555.40665251
75000 1996.44838281
76000 1996.44838281
77000 1996.44838281
78000 1996.44838281
79000 2307.93804939
80000 2307.93804939
81000 2307.93804939
82000 2307.93804939
83000 2307.93804939
84000 2269.43942041
85000 2230.94079143
86000 2230.94079143
87000 2230.94079143
88000 2230.94079143
89000 2230.94079143
90000 2230.94079143
91000 2192.03173728
92000 2153.12268314
93000 2153.12268314
94000 2153.12268314
95000 2289.02611471
96000 2424.92954629
97000 2424.92954629
98000 2199.86061818
99000 1974.79169006
100000 1974.79169006
101000 1974.79169006
102000 2175.72695527
103000 2376.66222048
104000 2376.66222048
105000 2500.59050597
106000 2624.51879145
107000 2624.51879145
108000 1171.70621469
109000 1799.01017632
110000 1799.01017632
111000 1799.01017632
112000 1799.01017632
113000 1799.01017632
114000 1799.01017632
115000 1799.01017632
116000 1799.01017632
117000 1799.01017632
118000 1799.01017632
119000 1819.4100683
120000 1819.4100683
121000 1819.4100683
122000 1819.4100683
123000 2565.26640373
124000 2565.26640373
125000 2565.26640373
126000 2331.47530713
127000 2097.68421053
128000 2097.68421053
129000 2097.68421053
130000 2447.66498195
131000 2447.66498195
132000 2447.66498195
133000 2239.39382506
134000 2031.12266817
135000 2031.12266817
136000 2031.12266817
137000 2170.53801203
138000 2309.95335588
139000 2309.95335588
140000 2309.95335588
141000 2309.95335588
142000 2309.95335588
143000 1730.14466131
144000 1730.14466131
145000 1585.18267875
146000 1585.18267875
147000 1585.18267875
148000 1585.18267875
149000 1585.18267875
150000 1831.21332497
151000 2077.24397119
152000 2077.24397119
153000 2077.24397119
154000 2353.09367089
155000 2353.09367089
156000 2353.09367089
157000 2274.33410314
158000 2195.57453539
159000 2195.57453539
160000 1924.89176523
161000 1924.89176523
162000 1924.89176523
163000 1924.89176523
164000 1924.89176523
165000 1924.89176523
166000 1924.89176523
167000 1924.89176523
168000 1924.89176523
169000 2269.82980448
170000 2614.76784373
171000 2614.76784373
172000 2164.65423548
173000 2164.65423548
174000 2164.65423548
175000 2164.65423548
176000 2307.09610999
177000 2449.5379845
178000 2449.5379845
179000 2352.18423331
180000 2254.83048212
181000 2254.83048212
182000 2561.86966292
183000 2561.86966292
184000 1280.93483146
185000 1108.98147754
186000 2217.96295508
187000 2217.96295508
188000 2217.96295508
189000 2217.96295508
190000 2217.96295508
191000 2217.96295508
192000 2217.96295508
193000 2217.96295508
194000 2217.96295508
195000 1551.50280183
196000 1551.50280183
197000 1551.50280183
198000 1551.50280183
199000 2477.46454414
200000 2477.46454414
201000 2477.46454414
202000 2331.12621146
203000 2184.78787879
204000 2184.78787879
205000 2447.17727436
206000 2447.17727436
207000 2447.17727436
208000 2384.90240693
209000 2322.6275395
210000 2322.6275395
211000 2322.6275395
212000 2294.53016267
213000 2266.43278584
214000 2266.43278584
215000 2266.43278584
216000 2266.43278584
217000 2266.43278584
218000 2266.43278584
219000 2119.10826493
220000 1971.78374402
221000 1971.78374402
222000 1971.78374402
223000 1971.78374402
224000 1971.78374402
225000 2316.93180284
226000 2316.93180284
227000 2316.93180284
228000 2170.63450113
229000 2024.33719943
230000 2024.33719943
231000 2024.33719943
232000 2206.74905526
233000 2389.16091109
234000 2389.16091109
235000 2338.64631207
236000 2288.13171305
237000 2288.13171305
238000 2273.24041274
239000 2258.34911243
240000 16203.0993683
241000 16203.0993683
242000 16203.0993683
243000 16203.0993683
244000 30147.8496241
245000 16312.2929713
246000 16312.2929713
247000 2476.73631841
248000 881.997797842
249000 881.997797842
250000 881.997797842
251000 881.997797842
252000 881.997797842
253000 3577.45441494
254000 6272.91103203
255000 3392.05271829
256000 3392.05271829
257000 2834.62222222
258000 2834.62222222
259000 2834.62222222
260000 2494.14061592
261000 2494.14061592
262000 2332.08470588
263000 2332.08470588
264000 2332.08470588
265000 2333.69532428
266000 2333.69532428
267000 2333.69532428
268000 2451.742503
269000 2451.742503
270000 2451.742503
271000 1659.43669251
272000 1659.43669251
273000 1965.53613856
274000 1965.53613856
275000 1965.53613856
276000 1965.53613856
277000 1965.53613856
278000 1965.53613856
279000 1965.53613856
280000 1965.53613856
281000 1965.53613856
282000 2952.94875549
283000 2952.94875549
284000 2082.97886179
285000 2082.97886179
286000 2082.97886179
287000 2523.21661721
288000 2523.21661721
289000 2523.21661721
290000 2226.11738972
291000 2226.11738972
292000 2226.11738972
293000 1153.58325156
294000 2307.16650311
295000 2307.16650311
296000 2307.16650311
297000 2307.16650311
298000 2307.16650311
299000 2307.16650311
300000 2104.546068
301000 2104.546068
302000 2104.546068
303000 2104.546068
304000 2104.546068
305000 2104.546068
306000 2104.546068
307000 2104.546068
308000 2609.4554951
309000 3114.36492221
310000 3114.36492221
311000 3114.36492221
312000 3114.36492221
313000 3114.36492221
314000 1996.44838281
315000 1996.44838281
316000 1996.44838281
317000 1996.44838281
318000 1996.44838281
319000 2307.93804939
320000 2307.93804939
321000 2307.93804939
322000 2307.93804939
323000 2307.93804939
324000 2230.94079143
325000 2230.94079143
326000 2230.94079143
327000 2230.94079143
328000 2230.94079143
329000 2230.94079143
330000 2230.94079143
331000 2153.12268314
332000 2153.12268314
333000 2153.12268314
334000 2153.12268314
335000 2424.92954629
336000 2424.92954629
337000 2424.92954629
338000 1974.79169006
339000 1974.79169006
340000 1974.79169006
341000 1974.79169006
342000 2376.66222048
343000 2376.66222048
344000 2376.66222048
345000 2624.51879145
346000 2624.51879145
347000 2624.51879145
348000 1171.70621469
349000 1799.01017632
350000 1799.01017632
351000 1799.01017632
352000 1799.01017632
353000 1799.01017632
354000 1799.01017632
355000 1799.01017632
356000 1799.01017632
357000 1799.01017632
358000 1799.01017632
359000 1819.4100683
360000 1819.4100683
361000 1819.4100683
362000 1819.4100683
363000 2565.26640373
364000 2565.26640373
365000 2565.26640373
366000 2097.68421053
367000 2097.68421053
368000 2097.68421053
369000 2097.68421053
370000 2447.66498195
371000 2447.66498195
372000 2447.66498195
373000 2031.12266817
374000 2031.12266817
375000 2031.12266817
376000 2031.12266817
377000 2309.95335588
378000 2309.95335588
379000 2309.95335588
380000 2309.95335588
381000 2309.95335588
382000 2309.95335588
383000 1730.14466131
384000 1730.14466131
385000 1585.18267875
386000 1585.18267875
387000 1585.18267875
388000 1585.18267875
389000 1585.18267875
390000 2077.24397119
391000 2077.24397119
392000 2077.24397119
393000 2353.09367089
394000 2353.09367089
395000 2353.09367089
396000 2353.09367089
397000 2195.57453539
398000 2195.57453539
399000 2195.57453539
400000 1924.89176523
401000 1924.89176523
402000 1924.89176523
403000 1924.89176523
404000 1924.89176523
405000 1924.89176523
406000 1924.89176523
407000 1924.89176523
408000 1924.89176523
409000 2614.76784373
410000 2614.76784373
411000 2614.76784373
412000 2164.65423548
413000 2164.65423548
414000 2164.65423548
415000 2164.65423548
416000 2449.5379845
417000 2449.5379845
418000 2449.5379845
419000 2254.83048212
420000 2254.83048212
421000 2254.83048212
422000 2561.86966292
423000 2561.86966292
424000 1108.98147754
425000 2217.96295508
426000 2217.96295508
427000 2217.96295508
428000 2217.96295508
429000 2217.96295508
430000 2217.96295508
431000 2217.96295508
432000 2217.96295508
433000 2217.96295508
434000 2217.96295508
435000 1551.50280183
436000 1551.50280183
437000 1551.50280183
438000 1551.50280183
439000 2477.46454414
440000 2477.46454414
441000 2477.46454414
442000 2184.78787879
443000 2184.78787879
444000 2184.78787879
445000 2447.17727436
446000 2447.17727436
447000 2447.17727436
448000 2322.6275395
449000 2322.6275395
450000 2322.6275395
451000 2322.6275395
452000 2266.43278584
453000 2266.43278584
454000 2266.43278584
455000 2266.43278584
456000 2266.43278584
457000 2266.43278584
458000 2266.43278584
459000 1971.78374402
460000 1971.78374402
461000 1971.78374402
462000 1971.78374402
463000 1971.78374402
464000 1971.78374402
465000 2316.93180284
466000 2316.93180284
467000 2316.93180284
468000 2024.33719943
469000 2024.33719943
470000 2024.33719943
471000 2024.33719943
472000 2389.16091109
473000 2389.16091109
474000 2389.16091109
475000 2288.13171305
476000 2288.13171305
477000 2288.13171305
478000 2258.34911243
