0 4948.01302932
1000 4948.01302932
2000 3129.20623917
3000 3361.39703594
4000 3593.5878327
5000 2554.48275862
6000 2554.48275862
7000 2554.48275862
8000 3148.16431637
9000 3148.16431637
10000 2205.86666667
11000 2205.86666667
12000 1867.33189964
13000 1867.33189964
14000 1905.33912408
15000 1943.34634852
16000 1943.34634852
17000 1860.76544146
18000 1860.76544146
19000 1860.76544146
20000 901.486119315
21000 901.486119315
22000 2344.5609258
23000 2344.5609258
24000 2344.5609258
25000 1701.41666667
26000 1701.41666667
27000 2073.80774659
28000 2073.80774659
29000 2073.80774659
30000 2073.80774659
31000 2073.80774659
32000 2073.80774659
33000 1771.13081554
34000 1771.13081554
35000 1771.13081554
36000 1771.13081554
37000 1761.89478318
38000 1761.89478318
39000 1761.89478318
40000 1761.89478318
41000 1761.89478318
42000 3634.18646232
43000 2349.89967983
44000 2349.89967983
45000 2349.89967983
46000 2814.83783784
47000 3351.96564972
48000 3351.96564972
49000 3351.96564972
50000 3351.96564972
51000 3351.96564972
52000 4876.57638889
53000 4876.57638889
54000 4876.57638889
55000 4876.57638889
56000 4876.57638889
57000 2402.26328038
58000 2402.26328038
59000 2402.26328038
60000 2402.26328038
61000 2402.26328038
62000 2402.26328038
63000 2402.26328038
64000 2402.26328038
65000 2402.26328038
66000 2402.26328038
67000 2884.64909197
68000 2884.64909197
69000 2884.64909197
70000 2884.64909197
71000 2884.64909197
72000 3196.42981253
73000 3196.42981253
74000 1543.96989652
75000 1543.96989652
76000 1543.96989652
77000 1543.96989652
78000 1543.96989652
79000 2596.15415822
80000 2596.15415822
81000 2596.15415822
82000 3423.1760479
83000 3423.1760479
84000 2286.10909091
85000 2286.10909091
86000 2286.10909091
87000 2296.11498065
88000 2296.11498065
89000 2296.11498065
90000 2296.11498065
91000 2296.11498065
92000 2296.11498065
93000 2296.11498065
94000 2024.90034104
95000 2024.90034104
96000 2024.90034104
97000 3304.1656235
98000 3304.1656235
99000 2550.78787879
100000 2550.78787879
101000 2550.78787879
102000 1347.54787119
103000 1347.54787119
104000 1347.54787119
105000 1347.54787119
106000 1347.54787119
107000 3688.84349655
108000 3688.84349655
109000 3688.84349655
110000 3618.35957211
111000 3547.87564767
112000 10116.6599435
113000 10116.6599435
114000 10116.6599435
115000 7936.3843342
116000 7936.3843342
117000 2821.70392749
118000 2821.70392749
119000 2821.70392749
120000 2821.70392749
121000 2821.70392749
122000 2821.70392749
123000 2821.70392749
124000 2821.70392749
125000 2821.70392749
126000 2821.70392749
127000 3313.6377574
128000 3313.6377574
129000 3313.6377574
130000 3313.6377574
131000 3313.6377574
132000 3313.6377574
133000 3313.6377574
134000 4020.01721664
135000 4020.01721664
136000 2587.44657534
137000 2587.44657534
138000 2587.44657534
139000 2587.44657534
140000 2587.44657534
141000 2587.44657534
142000 2747.25981308
143000 2747.25981308
144000 1926.4354789
145000 1926.4354789
146000 1926.4354789
147000 1926.4354789
148000 2169.47828843
149000 2169.47828843
150000 2169.47828843
151000 2829.36185909
152000 2829.36185909
153000 2829.36185909
154000 1374.90285714
155000 1374.90285714
156000 1374.90285714
157000 2102.12019231
158000 2102.12019231
159000 2102.12019231
160000 2102.12019231
161000 2102.12019231
162000 2102.12019231
163000 2102.12019231
164000 1937.12471655
165000 1937.12471655
166000 1937.12471655
167000 3718.49350649
168000 3718.49350649
169000 2435.31585518
170000 2435.31585518
171000 2272.99751483
172000 2110.67917448
173000 2110.67917448
174000 1419.30095804
175000 1419.30095804
176000 1419.30095804
177000 2735.00334896
178000 2735.00334896
179000 2735.00334896
180000 2735.00334896
181000 2735.00334896
182000 3616.31323414
183000 3616.31323414
184000 3616.31323414
185000 1268.05004812
186000 1863.28888889
187000 3599.36482847
188000 4948.01302932
189000 3129.20623917
190000 3593.5878327
191000 3593.5878327
192000 2554.48275862
193000 2554.48275862
194000 2851.32353749
195000 3148.16431637
196000 2205.86666667
197000 2205.86666667
198000 1867.33189964
199000 1867.33189964
200000 1867.33189964
201000 1943.34634852
202000 1943.34634852
203000 1943.34634852
204000 1860.76544146
205000 1860.76544146
206000 1860.76544146
207000 901.486119315
208000 2344.5609258
209000 2344.5609258
210000 2344.5609258
211000 1701.41666667
212000 1701.41666667
213000 1887.61220663
214000 2073.80774659
215000 2073.80774659
216000 2073.80774659
217000 2073.80774659
218000 2073.80774659
219000 2073.80774659
220000 1771.13081554
221000 1771.13081554
222000 1771.13081554
223000 1771.13081554
224000 1761.89478318
225000 1761.89478318
226000 1761.89478318
227000 1761.89478318
228000 3634.18646232
229000 3634.18646232
230000 2349.89967983
231000 2349.89967983
232000 2349.89967983
233000 2814.83783784
234000 3351.96564972
235000 3351.96564972
236000 3351.96564972
237000 3351.96564972
238000 1425.91643454
239000 4876.57638889
240000 4876.57638889
241000 4876.57638889
242000 4876.57638889
243000 0.0
244000 2402.26328038
245000 2402.26328038
246000 2402.26328038
247000 2402.26328038
248000 2402.26328038
249000 2402.26328038
250000 2402.26328038
251000 2402.26328038
252000 2402.26328038
253000 2402.26328038
254000 2884.64909197
255000 2884.64909197
256000 2884.64909197
257000 2884.64909197
258000 2884.64909197
259000 3196.42981253
260000 3196.42981253
261000 1543.96989652
262000 1543.96989652
263000 1543.96989652
264000 1543.96989652
265000 2596.15415822
266000 2596.15415822
267000 2596.15415822
268000 3009.66510306
269000 3423.1760479
270000 2286.10909091
271000 2286.10909091
272000 2286.10909091
273000 2286.10909091
274000 2296.11498065
275000 2296.11498065
276000 2296.11498065
277000 2296.11498065
278000 2296.11498065
279000 2296.11498065
280000 2296.11498065
281000 2024.90034104
282000 2024.90034104
283000 2024.90034104
284000 3304.1656235
285000 3304.1656235
286000 2550.78787879
287000 2550.78787879
288000 2550.78787879
289000 1347.54787119
290000 1347.54787119
291000 1347.54787119
292000 1347.54787119
293000 1347.54787119
294000 3688.84349655
295000 3688.84349655
296000 3688.84349655
297000 3547.87564767
298000 3547.87564767
299000 10116.6599435
300000 10116.6599435
301000 9026.52213885
302000 7936.3843342
303000 7936.3843342
304000 2821.70392749
305000 2821.70392749
306000 2821.70392749
307000 2821.70392749
308000 2821.70392749
309000 2821.70392749
310000 2821.70392749
311000 2821.70392749
312000 2821.70392749
313000 2821.70392749
314000 3313.6377574
315000 3313.6377574
316000 3313.6377574
317000 3313.6377574
318000 3313.6377574
319000 3313.6377574
320000 3666.82748702
321000 4020.01721664
322000 4020.01721664
323000 2587.44657534
324000 2587.44657534
325000 2587.44657534
326000 2587.44657534
327000 2587.44657534
328000 2587.44657534
329000 2747.25981308
330000 2747.25981308
331000 1926.4354789
332000 1926.4354789
333000 1926.4354789
334000 2169.47828843
335000 2169.47828843
336000 2169.47828843
337000 2169.47828843
338000 2829.36185909
339000 2829.36185909
340000 1374.90285714
341000 1374.90285714
342000 1374.90285714
343000 1374.90285714
344000 2102.12019231
345000 2102.12019231
346000 2102.12019231
347000 2102.12019231
348000 2102.12019231
349000 2102.12019231
350000 2102.12019231
351000 1937.12471655
352000 1937.12471655
353000 1937.12471655
354000 3718.49350649
355000 3718.49350649
356000 2435.31585518
357000 2435.31585518
358000 2110.67917448
359000 2110.67917448
360000 2110.67917448
361000 1419.30095804
362000 1419.30095804
363000 1419.30095804
364000 2735.00334896
365000 2735.00334896
366000 2735.00334896
367000 2735.00334896
368000 2239.6372677
369000 3616.31323414
370000 3616.31323414
371000 3616.31323414
372000 1268.05004812
373000 2250.71662763
