0 979.239875389
1000 979.239875389
2000 979.239875389
3000 979.239875389
4000 979.239875389
5000 979.239875389
6000 979.239875389
7000 1609.18773006
8000 1609.18773006
9000 1609.18773006
10000 1614.10330732
11000 1614.10330732
12000 1614.10330732
13000 1490.84548105
14000 1490.84548105
15000 1490.84548105
16000 1490.84548105
17000 1761.81344597
18000 1761.81344597
19000 1761.81344597
20000 1621.03854545
21000 1621.03854545
22000 1621.03854545
23000 1899.12752613
24000 1899.12752613
25000 1899.12752613
26000 1896.34782609
27000 1896.34782609
28000 1896.34782609
29000 1726.16106839
30000 1726.16106839
31000 1726.16106839
32000 1156.40888889
33000 1156.40888889
34000 1156.40888889
35000 1156.40888889
36000 1751.88148148
37000 1751.88148148
38000 1751.88148148
39000 0.0
40000 915.52858222
41000 1831.05716444
42000 1831.05716444
43000 1831.05716444
44000 1831.05716444
45000 915.52858222
46000 0.0
47000 0.0
48000 0.0
49000 0.0
50000 0.0
51000 0.0
52000 0.0
53000 0.0
54000 0.0
55000 1875.5059761
56000 1875.5059761
57000 1875.5059761
58000 1713.79831186
59000 1713.79831186
60000 1776.12301384
61000 1776.12301384
62000 1694.16882399
63000 1612.21463415
64000 2447.13333333
65000 2447.13333333
66000 1756.51368421
67000 1756.51368421
68000 1936.19473031
69000 2115.8757764
70000 2556.57831971
71000 2556.57831971
72000 2556.57831971
73000 2556.57831971
74000 2556.57831971
75000 2556.57831971
76000 2556.57831971
77000 2556.57831971
78000 1278.28915985
79000 1278.28915985
80000 1278.28915985
81000 1278.28915985
82000 1278.28915985
83000 0.0
84000 0.0
85000 1951.2246696
86000 1951.2246696
87000 1951.2246696
88000 1990.14588235
89000 1990.14588235
90000 1990.14588235
91000 1824.85603651
92000 1659.56619066
93000 1659.56619066
94000 1659.19486004
95000 1658.82352941
96000 1658.82352941
97000 1522.8612112
98000 1386.89889299
99000 1386.89889299
100000 1468.93295526
101000 1550.96701754
102000 1550.96701754
103000 1550.96701754
104000 1827.10025274
105000 1827.10025274
106000 1613.92739779
107000 1400.75454283
108000 1400.75454283
109000 1400.75454283
110000 1496.02482387
111000 1591.2951049
112000 1591.2951049
113000 1591.2951049
114000 1667.85267719
115000 1667.85267719
116000 1667.85267719
117000 1603.8311005
118000 1539.80952381
119000 1539.80952381
120000 1539.80952381
121000 1259.5246996
122000 1259.5246996
123000 1259.5246996
124000 979.239875389
125000 979.239875389
126000 979.239875389
127000 1609.18773006
128000 1609.18773006
129000 1609.18773006
130000 1609.18773006
131000 1614.10330732
132000 1614.10330732
133000 1614.10330732
134000 1490.84548105
135000 1490.84548105
136000 1490.84548105
137000 1761.81344597
138000 1761.81344597
139000 1761.81344597
140000 1621.03854545
141000 1621.03854545
142000 1621.03854545
143000 1899.12752613
144000 1899.12752613
145000 1899.12752613
146000 1897.73767611
147000 1896.34782609
148000 1896.34782609
149000 1811.25444724
150000 1726.16106839
151000 1726.16106839
152000 1441.28497864
153000 1156.40888889
154000 1156.40888889
155000 1156.40888889
156000 1751.88148148
157000 1751.88148148
158000 1751.88148148
159000 0.0
160000 0.0
161000 915.52858222
162000 1831.05716444
163000 1831.05716444
164000 1831.05716444
165000 1831.05716444
166000 915.52858222
167000 0.0
168000 0.0
169000 0.0
170000 0.0
171000 0.0
172000 0.0
173000 0.0
174000 0.0
175000 0.0
176000 1875.5059761
177000 1875.5059761
178000 1713.79831186
179000 1713.79831186
180000 1713.79831186
181000 1776.12301384
182000 1776.12301384
183000 1612.21463415
184000 1612.21463415
185000 2447.13333333
186000 2101.82350877
187000 1756.51368421
188000 1756.51368421
189000 2115.8757764
190000 2336.22704806
191000 2556.57831971
192000 2556.57831971
193000 2556.57831971
194000 2556.57831971
195000 2556.57831971
196000 2556.57831971
197000 2556.57831971
198000 1278.28915985
199000 1278.28915985
200000 1278.28915985
201000 1278.28915985
202000 1278.28915985
203000 0.0
204000 0.0
205000 0.0
206000 1951.2246696
207000 1951.2246696
208000 1990.14588235
209000 1990.14588235
210000 1990.14588235
211000 1990.14588235
212000 1659.56619066
213000 1659.56619066
214000 1659.56619066
215000 1658.82352941
216000 1658.82352941
217000 1658.82352941
218000 1386.89889299
219000 1386.89889299
220000 1386.89889299
221000 1550.96701754
222000 1550.96701754
223000 1550.96701754
224000 1827.10025274
225000 1827.10025274
226000 1827.10025274
227000 1400.75454283
228000 1400.75454283
229000 1400.75454283
230000 1400.75454283
231000 1591.2951049
232000 1591.2951049
233000 1591.2951049
234000 1667.85267719
235000 1667.85267719
236000 1667.85267719
237000 1667.85267719
238000 1539.80952381
239000 1539.80952381
240000 1539.80952381
