0 6306.69773818
1000 6306.69773818
2000 6306.69773818
3000 5782.47991314
4000 5782.47991314
5000 1440.19943708
6000 1440.19943708
7000 1440.19943708
8000 2880.39887415
9000 2880.39887415
10000 2880.39887415
11000 2880.39887415
12000 2880.39887415
13000 1125.19708029
14000 5853.15192744
15000 5853.15192744
16000 1204.03420384
17000 1204.03420384
18000 1204.03420384
19000 1204.03420384
20000 1204.03420384
21000 1204.03420384
22000 1204.03420384
23000 1204.03420384
24000 1204.03420384
25000 608.730847066
26000 608.730847066
27000 608.730847066
28000 608.730847066
29000 608.730847066
30000 608.730847066
31000 608.730847066
32000 608.730847066
33000 608.730847066
34000 608.730847066
35000 608.730847066
36000 608.730847066
37000 608.730847066
38000 608.730847066
39000 608.730847066
40000 608.730847066
41000 608.730847066
42000 769.042461492
43000 929.354075918
44000 929.354075918
45000 929.354075918
46000 929.354075918
47000 929.354075918
48000 929.354075918
49000 929.354075918
50000 929.354075918
51000 929.354075918
52000 929.354075918
53000 929.354075918
54000 2724.19047619
55000 2724.19047619
56000 2724.19047619
57000 2724.19047619
58000 1823.24301428
59000 922.295552367
60000 1241.1705298
61000 1241.1705298
62000 1241.1705298
63000 1241.1705298
64000 1241.1705298
65000 1241.1705298
66000 1241.1705298
67000 1241.1705298
68000 1241.1705298
69000 1241.1705298
70000 1395.78584487
71000 1395.78584487
72000 1395.78584487
73000 1395.78584487
74000 1395.78584487
75000 1395.78584487
76000 1395.78584487
77000 1395.78584487
78000 1287.82536179
79000 1287.82536179
80000 1287.82536179
81000 1287.82536179
82000 1287.82536179
83000 1287.82536179
84000 1287.82536179
85000 1287.82536179
86000 2247.39124579
87000 2247.39124579
88000 2247.39124579
89000 2247.39124579
90000 2247.39124579
91000 2207.77046414
92000 2207.77046414
93000 2207.77046414
94000 2207.77046414
95000 2207.77046414
96000 847.197984887
97000 847.197984887
98000 847.197984887
99000 847.197984887
100000 977.262347659
101000 977.262347659
102000 977.262347659
103000 977.262347659
104000 977.262347659
105000 977.262347659
106000 977.262347659
107000 977.262347659
108000 977.262347659
109000 977.262347659
110000 977.262347659
111000 930.940466977
112000 884.618586294
113000 884.618586294
114000 884.618586294
115000 884.618586294
116000 884.618586294
117000 884.618586294
118000 884.618586294
119000 884.618586294
120000 884.618586294
121000 884.618586294
122000 884.618586294
123000 1316.98645516
124000 1316.98645516
125000 1316.98645516
126000 1316.98645516
127000 1316.98645516
128000 1316.98645516
129000 1316.98645516
130000 1316.98645516
131000 1108.53572382
132000 900.084992471
133000 900.084992471
134000 900.084992471
135000 900.084992471
136000 900.084992471
137000 900.084992471
138000 900.084992471
139000 900.084992471
140000 900.084992471
141000 900.084992471
142000 900.084992471
143000 900.084992471
144000 684.357166392
145000 684.357166392
146000 684.357166392
147000 684.357166392
148000 684.357166392
149000 684.357166392
150000 684.357166392
151000 684.357166392
152000 684.357166392
153000 684.357166392
154000 684.357166392
155000 684.357166392
156000 684.357166392
157000 684.357166392
158000 684.357166392
159000 753.819365189
160000 823.281563985
161000 823.281563985
162000 823.281563985
163000 823.281563985
164000 823.281563985
165000 823.281563985
166000 823.281563985
167000 823.281563985
168000 823.281563985
169000 823.281563985
170000 823.281563985
171000 823.281563985
172000 804.314966693
173000 785.3483694
174000 785.3483694
175000 785.3483694
176000 785.3483694
177000 785.3483694
178000 785.3483694
179000 785.3483694
180000 785.3483694
181000 785.3483694
182000 785.3483694
183000 785.3483694
184000 785.3483694
185000 785.3483694
186000 958.668483692
187000 958.668483692
188000 958.668483692
189000 958.668483692
190000 958.668483692
191000 958.668483692
192000 958.668483692
193000 958.668483692
194000 958.668483692
195000 958.668483692
196000 958.668483692
197000 2940.51800107
198000 2940.51800107
199000 2940.51800107
200000 2940.51800107
201000 1302.23019432
202000 1302.23019432
203000 1302.23019432
204000 1302.23019432
205000 1302.23019432
206000 1302.23019432
207000 1302.23019432
208000 1302.23019432
209000 1281.94631197
210000 1281.94631197
211000 1281.94631197
212000 1281.94631197
213000 1281.94631197
214000 1281.94631197
215000 1281.94631197
216000 1281.94631197
217000 1281.94631197
218000 2584.03368838
219000 2584.03368838
220000 2584.03368838
221000 2584.03368838
222000 1734.47256135
223000 884.911434315
224000 884.911434315
225000 884.911434315
226000 884.911434315
227000 884.911434315
228000 884.911434315
229000 884.911434315
230000 884.911434315
231000 3595.80458625
232000 6306.69773818
233000 6306.69773818
234000 5782.47991314
235000 5782.47991314
236000 1440.19943708
237000 1440.19943708
238000 1440.19943708
239000 2880.39887415
240000 2880.39887415
241000 2880.39887415
242000 2880.39887415
243000 2880.39887415
244000 1125.19708029
245000 5853.15192744
246000 5853.15192744
247000 1204.03420384
248000 1204.03420384
249000 1204.03420384
250000 1204.03420384
251000 1204.03420384
252000 1204.03420384
253000 1204.03420384
254000 1204.03420384
255000 906.382525453
256000 608.730847066
257000 608.730847066
258000 608.730847066
259000 608.730847066
260000 608.730847066
261000 608.730847066
262000 608.730847066
263000 608.730847066
264000 608.730847066
265000 608.730847066
266000 608.730847066
267000 608.730847066
268000 608.730847066
269000 608.730847066
270000 608.730847066
271000 608.730847066
272000 608.730847066
273000 769.042461492
274000 929.354075918
275000 929.354075918
276000 929.354075918
277000 929.354075918
278000 929.354075918
279000 929.354075918
280000 929.354075918
281000 929.354075918
282000 929.354075918
283000 929.354075918
284000 929.354075918
285000 2724.19047619
286000 2724.19047619
287000 2724.19047619
288000 2724.19047619
289000 922.295552367
290000 922.295552367
291000 1241.1705298
292000 1241.1705298
293000 1241.1705298
294000 1241.1705298
295000 1241.1705298
296000 1241.1705298
297000 1241.1705298
298000 1241.1705298
299000 1241.1705298
300000 1318.47818733
301000 1395.78584487
302000 1395.78584487
303000 1395.78584487
304000 1395.78584487
305000 1395.78584487
306000 1395.78584487
307000 1395.78584487
308000 1341.80560333
309000 1287.82536179
310000 1287.82536179
311000 1287.82536179
312000 1287.82536179
313000 1287.82536179
314000 1287.82536179
315000 1287.82536179
316000 1287.82536179
317000 2247.39124579
318000 2247.39124579
319000 2247.39124579
320000 2247.39124579
321000 2247.39124579
322000 2207.77046414
323000 2207.77046414
324000 2207.77046414
325000 2207.77046414
326000 2207.77046414
327000 847.197984887
328000 847.197984887
329000 847.197984887
330000 847.197984887
331000 977.262347659
332000 977.262347659
333000 977.262347659
334000 977.262347659
335000 977.262347659
336000 977.262347659
337000 977.262347659
338000 977.262347659
339000 977.262347659
340000 977.262347659
341000 977.262347659
342000 884.618586294
343000 884.618586294
344000 884.618586294
345000 884.618586294
346000 884.618586294
347000 884.618586294
348000 884.618586294
349000 884.618586294
350000 884.618586294
351000 884.618586294
352000 884.618586294
353000 1100.80252073
354000 1316.98645516
355000 1316.98645516
356000 1316.98645516
357000 1316.98645516
358000 1316.98645516
359000 1316.98645516
360000 1316.98645516
361000 1316.98645516
362000 900.084992471
363000 900.084992471
364000 900.084992471
365000 900.084992471
366000 900.084992471
367000 900.084992471
368000 900.084992471
369000 900.084992471
370000 900.084992471
371000 900.084992471
372000 900.084992471
373000 900.084992471
374000 792.221079431
375000 684.357166392
376000 684.357166392
377000 684.357166392
378000 684.357166392
379000 684.357166392
380000 684.357166392
381000 684.357166392
382000 684.357166392
383000 684.357166392
384000 684.357166392
385000 684.357166392
386000 684.357166392
387000 684.357166392
388000 684.357166392
389000 684.357166392
390000 823.281563985
391000 823.281563985
392000 823.281563985
393000 823.281563985
394000 823.281563985
395000 823.281563985
396000 823.281563985
397000 823.281563985
398000 823.281563985
399000 823.281563985
400000 823.281563985
401000 823.281563985
402000 823.281563985
403000 785.3483694
404000 785.3483694
405000 785.3483694
406000 785.3483694
407000 785.3483694
408000 785.3483694
409000 785.3483694
410000 785.3483694
411000 785.3483694
412000 785.3483694
413000 785.3483694
414000 785.3483694
415000 785.3483694
416000 785.3483694
417000 958.668483692
418000 958.668483692
419000 958.668483692
420000 958.668483692
421000 958.668483692
422000 958.668483692
423000 958.668483692
424000 958.668483692
425000 958.668483692
426000 958.668483692
427000 958.668483692
428000 2940.51800107
429000 2940.51800107
430000 2940.51800107
431000 2940.51800107
432000 1302.23019432
433000 1302.23019432
434000 1302.23019432
435000 1302.23019432
436000 1302.23019432
437000 1302.23019432
438000 1302.23019432
439000 1302.23019432
440000 1281.94631197
441000 1281.94631197
442000 1281.94631197
443000 1281.94631197
444000 1281.94631197
445000 1281.94631197
446000 1281.94631197
447000 1281.94631197
448000 1932.99000017
449000 2584.03368838
450000 2584.03368838
451000 2584.03368838
452000 2584.03368838
453000 884.911434315
454000 884.911434315
455000 884.911434315
456000 884.911434315
457000 884.911434315
458000 884.911434315
459000 884.911434315
460000 884.911434315
461000 884.911434315
