0 3053.06367041
1000 3053.06367041
2000 3053.06367041
3000 3053.06367041
4000 3053.06367041
5000 3053.06367041
6000 2720.46429587
7000 2720.46429587
8000 2720.46429587
9000 2193.24862751
10000 1666.03295916
11000 1666.03295916
12000 1666.03295916
13000 1666.03295916
14000 1386.13736762
15000 1386.13736762
16000 1386.13736762
17000 1386.13736762
18000 1386.13736762
19000 1386.13736762
20000 1386.13736762
21000 1597.18842052
22000 1597.18842052
23000 1597.18842052
24000 1597.18842052
25000 1597.18842052
26000 1597.18842052
27000 1147.0201205
28000 1147.0201205
29000 1147.0201205
30000 1147.0201205
31000 1147.0201205
32000 1147.0201205
33000 1147.0201205
34000 1147.0201205
35000 1147.0201205
36000 1584.92658459
37000 1584.92658459
38000 1584.92658459
39000 1584.92658459
40000 1584.92658459
41000 1584.92658459
42000 1312.22573341
43000 1039.52488224
44000 1039.52488224
45000 1039.52488224
46000 1039.52488224
47000 1039.52488224
48000 1039.52488224
49000 1039.52488224
50000 1039.52488224
51000 1039.52488224
52000 1717.89878195
53000 1717.89878195
54000 1717.89878195
55000 1717.89878195
56000 1717.89878195
57000 1717.89878195
58000 1740.67005076
59000 1740.67005076
60000 1740.67005076
61000 1740.67005076
62000 1740.67005076
63000 1740.67005076
64000 1183.3392557
65000 1183.3392557
66000 1183.3392557
67000 1183.3392557
68000 1183.3392557
69000 1183.3392557
70000 1183.3392557
71000 1183.3392557
72000 988.719832985
73000 988.719832985
74000 988.719832985
75000 988.719832985
76000 988.719832985
77000 988.719832985
78000 988.719832985
79000 988.719832985
80000 988.719832985
81000 988.719832985
82000 1002.24458009
83000 1002.24458009
84000 1002.24458009
85000 1002.24458009
86000 1002.24458009
87000 1002.24458009
88000 1002.24458009
89000 1002.24458009
90000 1002.24458009
91000 917.244903931
92000 917.244903931
93000 917.244903931
94000 917.244903931
95000 917.244903931
96000 917.244903931
97000 917.244903931
98000 917.244903931
99000 917.244903931
100000 917.244903931
101000 917.244903931
102000 958.192412178
103000 958.192412178
104000 958.192412178
105000 958.192412178
106000 958.192412178
107000 958.192412178
108000 958.192412178
109000 958.192412178
110000 958.192412178
111000 958.192412178
112000 1060.62050757
113000 1163.04860296
114000 1163.04860296
115000 1163.04860296
116000 1163.04860296
117000 1163.04860296
118000 1163.04860296
119000 1163.04860296
120000 1163.04860296
121000 990.945020544
122000 990.945020544
123000 990.945020544
124000 990.945020544
125000 990.945020544
126000 990.945020544
127000 990.945020544
128000 990.945020544
129000 990.945020544
130000 990.945020544
131000 805.595185303
132000 805.595185303
133000 805.595185303
134000 805.595185303
135000 805.595185303
136000 805.595185303
137000 805.595185303
138000 805.595185303
139000 805.595185303
140000 805.595185303
141000 805.595185303
142000 805.595185303
143000 805.595185303
144000 639.18770036
145000 639.18770036
146000 639.18770036
147000 639.18770036
148000 639.18770036
149000 639.18770036
150000 639.18770036
151000 639.18770036
152000 639.18770036
153000 639.18770036
154000 639.18770036
155000 639.18770036
156000 639.18770036
157000 639.18770036
158000 639.18770036
159000 828.22171614
160000 1017.25573192
161000 1017.25573192
162000 1017.25573192
163000 1017.25573192
164000 1017.25573192
165000 1017.25573192
166000 1017.25573192
167000 1017.25573192
168000 1017.25573192
169000 1017.25573192
170000 975.511111111
171000 975.511111111
172000 975.511111111
173000 975.511111111
174000 975.511111111
175000 975.511111111
176000 975.511111111
177000 975.511111111
178000 975.511111111
179000 975.511111111
180000 808.771612289
181000 808.771612289
182000 808.771612289
183000 808.771612289
184000 808.771612289
185000 808.771612289
186000 808.771612289
187000 808.771612289
188000 808.771612289
189000 808.771612289
190000 808.771612289
191000 808.771612289
192000 808.771612289
193000 624.663917526
194000 624.663917526
195000 624.663917526
196000 624.663917526
197000 624.663917526
198000 624.663917526
199000 624.663917526
200000 624.663917526
201000 624.663917526
202000 624.663917526
203000 624.663917526
204000 624.663917526
205000 624.663917526
206000 624.663917526
207000 624.663917526
208000 791.988701982
209000 959.313486438
210000 959.313486438
211000 959.313486438
212000 959.313486438
213000 959.313486438
214000 959.313486438
215000 959.313486438
216000 959.313486438
217000 959.313486438
218000 959.313486438
219000 1125.27345029
220000 1125.27345029
221000 1125.27345029
222000 1125.27345029
223000 1125.27345029
224000 1125.27345029
225000 1125.27345029
226000 1125.27345029
227000 1125.27345029
228000 1086.57210154
229000 1086.57210154
230000 1086.57210154
231000 1086.57210154
232000 1086.57210154
233000 1086.57210154
234000 1086.57210154
235000 1086.57210154
236000 618.662796323
237000 618.662796323
238000 618.662796323
239000 618.662796323
240000 618.662796323
241000 618.662796323
242000 618.662796323
243000 618.662796323
244000 1835.86323337
245000 1835.86323337
246000 3053.06367041
247000 3053.06367041
248000 3053.06367041
249000 2720.46429587
250000 2720.46429587
251000 2720.46429587
252000 2720.46429587
253000 2193.24862751
254000 1666.03295916
255000 1666.03295916
256000 1666.03295916
257000 1666.03295916
258000 1386.13736762
259000 1386.13736762
260000 1386.13736762
261000 1386.13736762
262000 1386.13736762
263000 1386.13736762
264000 1597.18842052
265000 1597.18842052
266000 1597.18842052
267000 1597.18842052
268000 1597.18842052
269000 1597.18842052
270000 1147.0201205
271000 1147.0201205
272000 1147.0201205
273000 1147.0201205
274000 1147.0201205
275000 1147.0201205
276000 1147.0201205
277000 1147.0201205
278000 1147.0201205
279000 1584.92658459
280000 1584.92658459
281000 1584.92658459
282000 1584.92658459
283000 1584.92658459
284000 1584.92658459
285000 1584.92658459
286000 1039.52488224
287000 1039.52488224
288000 1039.52488224
289000 1039.52488224
290000 1039.52488224
291000 1039.52488224
292000 1039.52488224
293000 1039.52488224
294000 1039.52488224
295000 1039.52488224
296000 1717.89878195
297000 1717.89878195
298000 1717.89878195
299000 1717.89878195
300000 1717.89878195
301000 1717.89878195
302000 1740.67005076
303000 1740.67005076
304000 1740.67005076
305000 1740.67005076
306000 1740.67005076
307000 1183.3392557
308000 1183.3392557
309000 1183.3392557
310000 1183.3392557
311000 1183.3392557
312000 1183.3392557
313000 1183.3392557
314000 1183.3392557
315000 1183.3392557
316000 988.719832985
317000 988.719832985
318000 988.719832985
319000 988.719832985
320000 988.719832985
321000 988.719832985
322000 988.719832985
323000 988.719832985
324000 988.719832985
325000 1002.24458009
326000 1002.24458009
327000 1002.24458009
328000 1002.24458009
329000 1002.24458009
330000 1002.24458009
331000 1002.24458009
332000 1002.24458009
333000 1002.24458009
334000 1002.24458009
335000 917.244903931
336000 917.244903931
337000 917.244903931
338000 917.244903931
339000 917.244903931
340000 917.244903931
341000 917.244903931
342000 917.244903931
343000 917.244903931
344000 917.244903931
345000 958.192412178
346000 958.192412178
347000 958.192412178
348000 958.192412178
349000 958.192412178
350000 958.192412178
351000 958.192412178
352000 958.192412178
353000 958.192412178
354000 958.192412178
355000 958.192412178
356000 1163.04860296
357000 1163.04860296
358000 1163.04860296
359000 1163.04860296
360000 1163.04860296
361000 1163.04860296
362000 1163.04860296
363000 1163.04860296
364000 1163.04860296
365000 990.945020544
366000 990.945020544
367000 990.945020544
368000 990.945020544
369000 990.945020544
370000 990.945020544
371000 990.945020544
372000 990.945020544
373000 990.945020544
374000 990.945020544
375000 805.595185303
376000 805.595185303
377000 805.595185303
378000 805.595185303
379000 805.595185303
380000 805.595185303
381000 805.595185303
382000 805.595185303
383000 805.595185303
384000 805.595185303
385000 805.595185303
386000 805.595185303
387000 805.595185303
388000 639.18770036
389000 639.18770036
390000 639.18770036
391000 639.18770036
392000 639.18770036
393000 639.18770036
394000 639.18770036
395000 639.18770036
396000 639.18770036
397000 639.18770036
398000 639.18770036
399000 639.18770036
400000 639.18770036
401000 639.18770036
402000 639.18770036
403000 1017.25573192
404000 1017.25573192
405000 1017.25573192
406000 1017.25573192
407000 1017.25573192
408000 1017.25573192
409000 1017.25573192
410000 1017.25573192
411000 1017.25573192
412000 1017.25573192
413000 975.511111111
414000 975.511111111
415000 975.511111111
416000 975.511111111
417000 975.511111111
418000 975.511111111
419000 975.511111111
420000 975.511111111
421000 975.511111111
422000 975.511111111
423000 975.511111111
424000 808.771612289
425000 808.771612289
426000 808.771612289
427000 808.771612289
428000 808.771612289
429000 808.771612289
430000 808.771612289
431000 808.771612289
432000 808.771612289
433000 808.771612289
434000 808.771612289
435000 808.771612289
436000 624.663917526
437000 624.663917526
438000 624.663917526
439000 624.663917526
440000 624.663917526
441000 624.663917526
442000 624.663917526
443000 624.663917526
444000 624.663917526
445000 624.663917526
446000 624.663917526
447000 624.663917526
448000 624.663917526
449000 624.663917526
450000 624.663917526
451000 624.663917526
452000 959.313486438
453000 959.313486438
454000 959.313486438
455000 959.313486438
456000 959.313486438
457000 959.313486438
458000 959.313486438
459000 959.313486438
460000 959.313486438
461000 959.313486438
462000 959.313486438
463000 1125.27345029
464000 1125.27345029
465000 1125.27345029
466000 1125.27345029
467000 1125.27345029
468000 1125.27345029
469000 1125.27345029
470000 1125.27345029
471000 1105.92277591
472000 1086.57210154
473000 1086.57210154
474000 1086.57210154
475000 1086.57210154
476000 1086.57210154
477000 1086.57210154
478000 1086.57210154
479000 618.662796323
480000 618.662796323
481000 618.662796323
482000 618.662796323
483000 618.662796323
484000 618.662796323
485000 618.662796323
486000 618.662796323
487000 618.662796323
