0 7926.4
1000 7926.4
2000 3443.1878327
3000 3443.1878327
4000 3443.1878327
5000 9705.92727273
6000 8256.68860759
7000 8256.68860759
8000 8258.55182482
9000 8258.55182482
10000 8258.55182482
11000 8258.55182482
12000 8258.55182482
13000 6581.38571633
14000 4904.21960784
15000 4904.21960784
16000 4904.21960784
17000 4904.21960784
18000 4904.21960784
19000 4904.21960784
20000 4904.21960784
21000 4904.21960784
22000 4904.21960784
23000 5652.48708487
24000 5652.48708487
25000 5652.48708487
26000 5652.48708487
27000 5652.48708487
28000 5652.48708487
29000 5652.48708487
30000 5652.48708487
31000 4222.43755599
32000 4222.43755599
33000 4222.43755599
34000 4222.43755599
35000 4222.43755599
36000 4222.43755599
37000 4222.43755599
38000 4222.43755599
39000 4222.43755599
40000 4222.43755599
41000 4222.43755599
42000 2675.84174168
43000 2675.84174168
44000 2675.84174168
45000 2675.84174168
46000 2675.84174168
47000 2675.84174168
48000 2675.84174168
49000 2675.84174168
50000 2675.84174168
51000 2675.84174168
52000 3298.7030616
53000 3298.7030616
54000 3298.7030616
55000 3298.7030616
56000 3298.7030616
57000 3298.7030616
58000 3298.7030616
59000 3298.7030616
60000 5901.14909091
61000 5901.14909091
62000 3728.94574899
63000 3728.94574899
64000 3238.83231112
65000 2748.71887324
66000 2748.71887324
67000 2748.71887324
68000 2771.01958457
69000 2771.01958457
70000 2771.01958457
71000 2771.01958457
72000 1807.22637363
73000 1807.22637363
74000 1807.22637363
75000 1807.22637363
76000 1807.22637363
77000 1807.22637363
78000 1807.22637363
79000 1807.22637363
80000 1807.22637363
81000 1807.22637363
82000 2889.70786517
83000 2889.70786517
84000 2889.70786517
85000 2889.70786517
86000 1915.88114286
87000 1915.88114286
88000 1915.88114286
89000 1915.88114286
90000 1915.88114286
91000 1915.88114286
92000 1915.88114286
93000 1925.80081239
94000 1935.72048193
95000 1935.72048193
96000 1935.72048193
97000 1935.72048193
98000 1935.72048193
99000 1935.72048193
100000 2714.13140354
101000 2714.13140354
102000 2714.13140354
103000 2714.13140354
104000 2714.13140354
105000 1917.85950022
106000 1121.5875969
107000 5456.84622222
108000 5456.84622222
109000 5456.84622222
110000 5456.84622222
111000 3569.87272727
112000 2678.50923695
113000 2678.50923695
114000 2678.50923695
115000 2678.50923695
116000 2678.50923695
117000 2678.50923695
118000 2678.50923695
119000 2678.50923695
120000 2678.50923695
121000 2678.50923695
122000 5275.29486166
123000 5275.29486166
124000 5275.29486166
125000 5275.29486166
126000 5275.29486166
127000 3197.50765492
128000 3197.50765492
129000 3197.50765492
130000 3197.50765492
131000 3197.50765492
132000 3197.50765492
133000 3197.50765492
134000 3197.50765492
135000 4629.07692308
136000 4629.07692308
137000 7795.39112628
138000 7795.39112628
139000 7795.39112628
140000 7795.39112628
141000 7795.39112628
142000 7795.39112628
143000 4709.00504202
144000 4709.00504202
145000 4709.00504202
146000 4709.00504202
147000 4709.00504202
148000 4709.00504202
149000 4709.00504202
150000 4709.00504202
151000 4709.00504202
152000 5032.85491706
153000 5356.7047921
154000 5356.7047921
155000 5356.7047921
156000 5356.7047921
157000 5356.7047921
158000 5356.7047921
159000 5356.7047921
160000 5356.7047921
161000 7417.38666666
162000 7926.4
163000 3443.1878327
164000 3443.1878327
165000 9705.92727273
166000 4852.96363636
167000 8256.68860759
168000 8257.6202162
169000 8258.55182482
170000 8258.55182482
171000 8258.55182482
172000 8258.55182482
173000 8258.55182482
174000 4904.21960784
175000 4904.21960784
176000 4904.21960784
177000 4904.21960784
178000 4904.21960784
179000 4904.21960784
180000 4904.21960784
181000 4904.21960784
182000 4904.21960784
183000 5652.48708487
184000 5652.48708487
185000 5652.48708487
186000 5652.48708487
187000 5652.48708487
188000 5652.48708487
189000 5652.48708487
190000 5652.48708487
191000 5652.48708487
192000 4222.43755599
193000 4222.43755599
194000 4222.43755599
195000 4222.43755599
196000 4222.43755599
197000 4222.43755599
198000 4222.43755599
199000 4222.43755599
200000 4222.43755599
201000 4222.43755599
202000 4222.43755599
203000 2675.84174168
204000 2675.84174168
205000 2675.84174168
206000 2675.84174168
207000 2675.84174168
208000 2675.84174168
209000 2675.84174168
210000 2675.84174168
211000 2675.84174168
212000 2987.27240164
213000 3298.7030616
214000 3298.7030616
215000 3298.7030616
216000 3298.7030616
217000 3298.7030616
218000 3298.7030616
219000 3298.7030616
220000 3298.7030616
221000 5901.14909091
222000 4815.04741995
223000 3728.94574899
224000 3728.94574899
225000 2748.71887324
226000 2748.71887324
227000 2748.71887324
228000 2748.71887324
229000 2771.01958457
230000 2771.01958457
231000 2771.01958457
232000 1807.22637363
233000 1807.22637363
234000 1807.22637363
235000 1807.22637363
236000 1807.22637363
237000 1807.22637363
238000 1807.22637363
239000 1807.22637363
240000 1807.22637363
241000 1807.22637363
242000 2348.4671194
243000 2889.70786517
244000 2889.70786517
245000 2889.70786517
246000 2889.70786517
247000 1915.88114286
248000 1915.88114286
249000 1915.88114286
250000 1915.88114286
251000 1915.88114286
252000 1915.88114286
253000 1915.88114286
254000 1935.72048193
255000 1935.72048193
256000 1935.72048193
257000 1935.72048193
258000 1935.72048193
259000 1935.72048193
260000 1935.72048193
261000 2714.13140354
262000 2714.13140354
263000 2714.13140354
264000 2714.13140354
265000 2714.13140354
266000 1121.5875969
267000 3289.21690956
268000 5456.84622222
269000 5456.84622222
270000 5456.84622222
271000 5456.84622222
272000 3569.87272727
273000 2678.50923695
274000 2678.50923695
275000 2678.50923695
276000 2678.50923695
277000 2678.50923695
278000 2678.50923695
279000 2678.50923695
280000 2678.50923695
281000 2678.50923695
282000 2678.50923695
283000 5275.29486166
284000 5275.29486166
285000 5275.29486166
286000 5275.29486166
287000 5275.29486166
288000 3197.50765492
289000 3197.50765492
290000 3197.50765492
291000 3197.50765492
292000 3197.50765492
293000 3197.50765492
294000 3197.50765492
295000 3197.50765492
296000 4629.07692308
297000 4629.07692308
298000 7795.39112628
299000 7795.39112628
300000 7795.39112628
301000 7795.39112628
302000 7795.39112628
303000 4709.00504202
304000 4709.00504202
305000 4709.00504202
306000 4709.00504202
307000 4709.00504202
308000 4709.00504202
309000 4709.00504202
310000 4709.00504202
311000 4709.00504202
312000 4709.00504202
313000 5356.7047921
314000 5356.7047921
315000 5356.7047921
316000 5356.7047921
317000 5356.7047921
318000 5356.7047921
319000 5356.7047921
320000 5356.7047921
321000 6908.37333333
