0 4339.63146067
1000 4339.63146067
2000 4339.63146067
3000 4339.63146067
4000 4339.63146067
5000 4339.63146067
6000 4339.63146067
7000 4339.63146067
8000 4339.63146067
9000 4339.63146067
10000 4055.94767992
11000 3772.26389918
12000 3772.26389918
13000 3772.26389918
14000 3364.37329959
15000 3364.37329959
16000 3364.37329959
17000 3842.31586814
18000 4320.25843669
19000 4320.25843669
20000 4320.25843669
21000 4320.25843669
22000 4615.59439626
23000 4615.59439626
24000 4615.59439626
25000 4615.59439626
26000 4615.59439626
27000 4615.59439626
28000 4661.76619867
29000 4707.93800107
30000 4707.93800107
31000 4707.93800107
32000 4707.93800107
33000 4707.93800107
34000 4707.93800107
35000 4707.93800107
36000 4707.93800107
37000 3865.75508438
38000 3865.75508438
39000 3865.75508438
40000 3865.75508438
41000 3865.75508438
42000 3865.75508438
43000 3865.75508438
44000 3865.75508438
45000 3865.75508438
46000 2836.77219239
47000 1807.78930041
48000 4540.32963337
49000 4540.32963337
50000 4540.32963337
51000 4540.32963337
52000 4540.32963337
53000 4540.32963337
54000 4567.18075228
55000 4594.0318712
56000 4594.0318712
57000 4594.0318712
58000 4594.0318712
59000 4594.0318712
60000 4594.0318712
61000 2379.00701262
62000 2379.00701262
63000 2878.19010918
64000 3377.37320574
65000 3377.37320574
66000 3377.37320574
67000 3377.37320574
68000 3377.37320574
69000 3377.37320574
70000 3377.37320574
71000 3377.37320574
72000 3377.37320574
73000 3377.37320574
74000 4850.86584071
75000 4850.86584071
76000 4850.86584071
77000 4850.86584071
78000 4850.86584071
79000 4276.06660768
80000 3701.26737465
81000 3701.26737465
82000 3701.26737465
83000 3701.26737465
84000 3701.26737465
85000 3701.26737465
86000 3701.26737465
87000 3651.16799657
88000 3601.06861848
89000 3601.06861848
90000 3601.06861848
91000 3601.06861848
92000 3601.06861848
93000 3601.06861848
94000 3601.06861848
95000 4163.9264395
96000 4726.78426052
97000 4726.78426052
98000 4726.78426052
99000 4726.78426052
100000 4726.78426052
101000 4726.78426052
102000 4732.25514189
103000 4732.25514189
104000 4732.25514189
105000 4732.25514189
106000 4732.25514189
107000 4732.25514189
108000 4732.25514189
109000 4732.25514189
110000 4318.98537028
111000 3905.71559867
112000 3905.71559867
113000 3905.71559867
114000 3905.71559867
115000 3905.71559867
116000 3905.71559867
117000 3905.71559867
118000 3905.71559867
119000 3905.71559867
120000 3905.71559867
121000 3905.71559867
122000 3985.98193726
123000 4066.24827586
124000 4593.2972973
125000 4593.2972973
126000 4593.2972973
127000 4593.2972973
128000 4593.2972973
129000 4593.2972973
130000 4608.07645254
131000 4622.85560779
132000 4622.85560779
133000 4622.85560779
134000 4622.85560779
135000 4622.85560779
136000 4622.85560779
137000 4091.52249135
138000 4091.52249135
139000 4315.57705393
140000 4539.63161652
141000 4539.63161652
142000 4539.63161652
143000 4539.63161652
144000 4539.63161652
145000 4539.63161652
146000 4539.63161652
147000 4539.63161652
148000 4539.63161652
149000 4684.28303583
150000 4684.28303583
151000 4684.28303583
152000 4684.28303583
153000 4684.28303583
154000 4684.28303583
155000 4684.28303583
156000 4684.28303583
157000 4671.01998607
158000 4657.7569363
159000 4657.7569363
160000 4657.7569363
161000 4657.7569363
162000 4657.7569363
163000 4657.7569363
164000 4657.7569363
165000 4598.75935148
166000 4539.76176667
167000 4539.76176667
168000 4539.76176667
169000 4539.76176667
170000 4539.76176667
171000 4539.76176667
172000 4539.76176667
173000 4539.76176667
174000 4539.76176667
175000 2888.36363636
176000 2888.36363636
177000 2888.36363636
178000 2888.36363636
179000 2888.36363636
180000 2888.36363636
181000 2888.36363636
182000 2888.36363636
183000 2888.36363636
184000 2888.36363636
185000 3756.85997309
186000 4625.35630983
187000 4625.35630983
188000 4625.35630983
189000 4625.35630983
190000 4625.35630983
191000 4581.02129521
192000 4536.68628058
193000 4536.68628058
194000 4536.68628058
195000 4269.59269551
196000 4269.59269551
197000 4269.59269551
198000 4304.61207809
199000 4304.61207809
200000 4304.61207809
201000 4304.61207809
202000 4304.61207809
203000 4304.61207809
204000 4304.61207809
205000 4339.63146067
206000 4339.63146067
207000 4055.94767992
208000 4055.94767992
209000 3772.26389918
210000 3772.26389918
211000 3568.31859939
212000 3364.37329959
213000 3364.37329959
214000 3364.37329959
215000 3842.31586814
216000 4320.25843669
217000 4320.25843669
218000 4320.25843669
219000 4467.92641648
220000 4615.59439626
221000 4615.59439626
222000 4615.59439626
223000 4615.59439626
224000 4615.59439626
225000 4615.59439626
226000 4661.76619867
227000 4707.93800107
228000 4707.93800107
229000 4707.93800107
230000 4707.93800107
231000 4707.93800107
232000 4707.93800107
233000 4707.93800107
234000 4286.84654272
235000 3865.75508438
236000 3865.75508438
237000 3865.75508438
238000 3865.75508438
239000 3865.75508438
240000 3865.75508438
241000 3865.75508438
242000 3865.75508438
243000 3865.75508438
244000 1807.78930041
245000 1807.78930041
246000 4540.32963337
247000 4540.32963337
248000 4540.32963337
249000 4540.32963337
250000 4540.32963337
251000 4540.32963337
252000 4594.0318712
253000 4594.0318712
254000 4594.0318712
255000 4594.0318712
256000 4594.0318712
257000 4594.0318712
258000 3486.51944191
259000 2379.00701262
260000 2379.00701262
261000 3377.37320574
262000 3377.37320574
263000 3377.37320574
264000 3377.37320574
265000 3377.37320574
266000 3377.37320574
267000 3377.37320574
268000 3377.37320574
269000 3377.37320574
270000 3377.37320574
271000 4850.86584071
272000 4850.86584071
273000 4850.86584071
274000 4850.86584071
275000 4850.86584071
276000 4850.86584071
277000 3701.26737465
278000 3701.26737465
279000 3701.26737465
280000 3701.26737465
281000 3701.26737465
282000 3701.26737465
283000 3701.26737465
284000 3701.26737465
285000 3601.06861848
286000 3601.06861848
287000 3601.06861848
288000 3601.06861848
289000 3601.06861848
290000 3601.06861848
291000 3601.06861848
292000 3601.06861848
293000 4726.78426052
294000 4726.78426052
295000 4726.78426052
296000 4726.78426052
297000 4726.78426052
298000 4726.78426052
299000 4729.51970121
300000 4732.25514189
301000 4732.25514189
302000 4732.25514189
303000 4732.25514189
304000 4732.25514189
305000 4732.25514189
306000 4732.25514189
307000 4318.98537028
308000 3905.71559867
309000 3905.71559867
310000 3905.71559867
311000 3905.71559867
312000 3905.71559867
313000 3905.71559867
314000 3905.71559867
315000 3905.71559867
316000 3905.71559867
317000 3905.71559867
318000 3905.71559867
319000 3905.71559867
320000 4066.24827586
321000 4066.24827586
322000 4593.2972973
323000 4593.2972973
324000 4593.2972973
325000 4593.2972973
326000 4593.2972973
327000 4593.2972973
328000 4622.85560779
329000 4622.85560779
330000 4622.85560779
331000 4622.85560779
332000 4622.85560779
333000 4622.85560779
334000 4357.18904957
335000 4091.52249135
336000 4091.52249135
337000 4539.63161652
338000 4539.63161652
339000 4539.63161652
340000 4539.63161652
341000 4539.63161652
342000 4539.63161652
343000 4539.63161652
344000 4539.63161652
345000 4539.63161652
346000 4539.63161652
347000 4684.28303583
348000 4684.28303583
349000 4684.28303583
350000 4684.28303583
351000 4684.28303583
352000 4684.28303583
353000 4684.28303583
354000 4684.28303583
355000 4657.7569363
356000 4657.7569363
357000 4657.7569363
358000 4657.7569363
359000 4657.7569363
360000 4657.7569363
361000 4657.7569363
362000 4657.7569363
363000 4539.76176667
364000 4539.76176667
365000 4539.76176667
366000 4539.76176667
367000 4539.76176667
368000 4539.76176667
369000 4539.76176667
370000 4539.76176667
371000 4539.76176667
372000 2888.36363636
373000 2888.36363636
374000 2888.36363636
375000 2888.36363636
376000 2888.36363636
377000 2888.36363636
378000 2888.36363636
379000 2888.36363636
380000 2888.36363636
381000 2888.36363636
382000 3756.85997309
383000 4625.35630983
384000 4625.35630983
385000 4625.35630983
386000 4625.35630983
387000 4625.35630983
388000 4625.35630983
389000 4536.68628058
390000 4536.68628058
391000 4536.68628058
392000 4536.68628058
393000 4269.59269551
394000 4269.59269551
