0 1766.03144424
1000 1766.03144424
2000 1766.03144424
3000 1766.03144424
4000 1766.03144424
5000 1766.03144424
6000 1766.03144424
7000 1766.03144424
8000 2381.0313253
9000 2381.0313253
10000 2381.0313253
11000 2381.0313253
12000 3137.45937783
13000 3137.45937783
14000 3137.45937783
15000 3137.45937783
16000 2066.89874477
17000 2066.89874477
18000 2066.89874477
19000 2066.89874477
20000 2066.89874477
21000 3299.755902
22000 3299.755902
23000 3299.755902
24000 3299.755902
25000 3299.755902
26000 3345.93117207
27000 3345.93117207
28000 3345.93117207
29000 3345.93117207
30000 3394.42650307
31000 3394.42650307
32000 3394.42650307
33000 3394.42650307
34000 3394.42650307
35000 3394.42650307
36000 3394.42650307
37000 3394.42650307
38000 3648.48489333
39000 3902.54328358
40000 3902.54328358
41000 3902.54328358
42000 3902.54328358
43000 3902.54328358
44000 3902.54328358
45000 3719.55941957
46000 3536.57555556
47000 3536.57555556
48000 3536.57555556
49000 3536.57555556
50000 3536.57555556
51000 3536.57555556
52000 3536.57555556
53000 4018.47314286
54000 4018.47314286
55000 4018.47314286
56000 4018.47314286
57000 4018.47314286
58000 4018.47314286
59000 4018.47314286
60000 2613.69660377
61000 2613.69660377
62000 2613.69660377
63000 2613.69660377
64000 2613.69660377
65000 2613.69660377
66000 2613.69660377
67000 2613.69660377
68000 2613.69660377
69000 2613.69660377
70000 2613.69660377
71000 1879.46446281
72000 1879.46446281
73000 2577.79924528
74000 2577.79924528
75000 2577.79924528
76000 2577.79924528
77000 2577.79924528
78000 2485.08945315
79000 2392.37966102
80000 2392.37966102
81000 2392.37966102
82000 2392.37966102
83000 2392.37966102
84000 2035.59412646
85000 1678.80859189
86000 1678.80859189
87000 1678.80859189
88000 1678.80859189
89000 1678.80859189
90000 1678.80859189
91000 1678.80859189
92000 1678.80859189
93000 1571.82056075
94000 1571.82056075
95000 1571.82056075
96000 1571.82056075
97000 1571.82056075
98000 1571.82056075
99000 1571.82056075
100000 1571.82056075
101000 1571.82056075
102000 2433.52131148
103000 2433.52131148
104000 2433.52131148
105000 2433.52131148
106000 2433.52131148
107000 2433.52131148
108000 2057.54115587
109000 2057.54115587
110000 2057.54115587
111000 2057.54115587
112000 2057.54115587
113000 1921.33713499
114000 1921.33713499
115000 1921.33713499
116000 1921.33713499
117000 1921.33713499
118000 1921.33713499
119000 1921.33713499
120000 1921.33713499
121000 1921.33713499
122000 1921.33713499
123000 1921.33713499
124000 10875.7248
125000 2455.75
126000 2455.75
127000 2455.75
128000 2455.75
129000 2455.75
130000 2455.75
131000 3588.55165394
132000 3588.55165394
133000 3588.55165394
134000 3588.55165394
135000 6027.1650655
136000 6027.1650655
137000 6027.1650655
138000 6728.96
139000 6728.96
140000 6728.96
141000 6728.96
142000 6728.96
143000 6728.96
144000 6728.96
145000 6438.6771831
146000 6148.3943662
147000 6148.3943662
148000 6148.3943662
149000 6148.3943662
150000 6148.3943662
151000 6148.3943662
152000 6148.3943662
153000 5877.34699104
154000 5877.34699104
155000 5877.34699104
156000 5877.34699104
157000 5877.34699104
158000 5877.34699104
159000 5877.34699104
160000 5877.34699104
161000 6816.62718169
162000 6816.62718169
163000 6816.62718169
164000 6816.62718169
165000 6816.62718169
166000 6816.62718169
167000 6816.62718169
168000 5638.93539254
169000 5638.93539254
170000 5638.93539254
171000 5638.93539254
172000 5638.93539254
173000 5638.93539254
174000 5638.93539254
175000 5638.93539254
176000 5677.8
177000 5677.8
178000 5677.8
179000 5677.8
180000 5677.8
181000 5677.8
182000 5677.8
183000 5235.66376812
184000 5235.66376812
185000 3500.84760618
186000 3500.84760618
187000 1766.03144424
188000 1766.03144424
189000 1766.03144424
190000 1766.03144424
191000 1766.03144424
192000 1766.03144424
193000 2381.0313253
194000 2381.0313253
195000 2381.0313253
196000 2381.0313253
197000 3137.45937783
198000 3137.45937783
199000 3137.45937783
200000 2602.1790613
201000 2066.89874477
202000 2066.89874477
203000 2066.89874477
204000 2066.89874477
205000 2683.32732338
206000 3299.755902
207000 3299.755902
208000 3299.755902
209000 3299.755902
210000 3345.93117207
211000 3345.93117207
212000 3345.93117207
213000 3345.93117207
214000 3370.17883757
215000 3394.42650307
216000 3394.42650307
217000 3394.42650307
218000 3394.42650307
219000 3394.42650307
220000 3394.42650307
221000 3394.42650307
222000 3394.42650307
223000 3902.54328358
224000 3902.54328358
225000 3902.54328358
226000 3902.54328358
227000 3902.54328358
228000 3902.54328358
229000 3902.54328358
230000 3719.55941957
231000 3536.57555556
232000 3536.57555556
233000 3536.57555556
234000 3536.57555556
235000 3536.57555556
236000 3536.57555556
237000 3536.57555556
238000 4018.47314286
239000 4018.47314286
240000 4018.47314286
241000 4018.47314286
242000 4018.47314286
243000 4018.47314286
244000 4018.47314286
245000 2613.69660377
246000 2613.69660377
247000 2613.69660377
248000 2613.69660377
249000 2613.69660377
250000 2613.69660377
251000 2613.69660377
252000 2613.69660377
253000 2613.69660377
254000 2613.69660377
255000 2246.58053329
256000 1879.46446281
257000 1879.46446281
258000 2577.79924528
259000 2577.79924528
260000 2577.79924528
261000 2577.79924528
262000 2577.79924528
263000 2392.37966102
264000 2392.37966102
265000 2392.37966102
266000 2392.37966102
267000 2392.37966102
268000 2392.37966102
269000 1678.80859189
270000 1678.80859189
271000 1678.80859189
272000 1678.80859189
273000 1678.80859189
274000 1678.80859189
275000 1678.80859189
276000 1678.80859189
277000 1678.80859189
278000 1571.82056075
279000 1571.82056075
280000 1571.82056075
281000 1571.82056075
282000 1571.82056075
283000 1571.82056075
284000 1571.82056075
285000 1571.82056075
286000 2433.52131148
287000 2433.52131148
288000 2433.52131148
289000 2433.52131148
290000 2433.52131148
291000 2433.52131148
292000 2245.53123367
293000 2057.54115587
294000 2057.54115587
295000 2057.54115587
296000 2057.54115587
297000 2057.54115587
298000 1921.33713499
299000 1921.33713499
300000 1921.33713499
301000 1921.33713499
302000 1921.33713499
303000 1921.33713499
304000 1921.33713499
305000 1921.33713499
306000 1921.33713499
307000 1921.33713499
308000 10875.7248
309000 10875.7248
310000 2455.75
311000 2455.75
312000 2455.75
313000 2455.75
314000 2455.75
315000 2455.75
316000 3588.55165394
317000 3588.55165394
318000 3588.55165394
319000 3588.55165394
320000 6027.1650655
321000 6027.1650655
322000 4625.87484044
323000 6728.96
324000 6728.96
325000 6728.96
326000 6728.96
327000 6728.96
328000 6728.96
329000 6728.96
330000 6148.3943662
331000 6148.3943662
332000 6148.3943662
333000 6148.3943662
334000 6148.3943662
335000 6148.3943662
336000 6148.3943662
337000 6012.87067862
338000 5877.34699104
339000 5877.34699104
340000 5877.34699104
341000 5877.34699104
342000 5877.34699104
343000 5877.34699104
344000 5877.34699104
345000 6816.62718169
346000 6816.62718169
347000 6816.62718169
348000 6816.62718169
349000 6816.62718169
350000 6816.62718169
351000 6816.62718169
352000 6227.78128711
353000 5638.93539254
354000 5638.93539254
355000 5638.93539254
356000 5638.93539254
357000 5638.93539254
358000 5638.93539254
359000 5638.93539254
360000 5677.8
361000 5677.8
362000 5677.8
363000 5677.8
364000 5677.8
365000 5677.8
366000 5677.8
367000 5677.8
368000 5235.66376812
369000 5235.66376812
