0 3449.39130435
1000 4031.05360444
2000 6271.37680222
3000 8511.7
4000 3434.43123939
5000 3434.43123939
6000 3434.43123939
7000 3745.56846473
8000 3745.56846473
9000 3745.56846473
10000 3745.56846473
11000 5925.43065693
12000 5925.43065693
13000 3739.46079295
14000 3739.46079295
15000 3739.46079295
16000 3739.46079295
17000 2540.53351762
18000 2540.53351762
19000 2540.53351762
20000 2540.53351762
21000 2540.53351762
22000 2701.13689645
23000 2861.74027528
24000 2861.74027528
25000 2861.74027528
26000 3683.93563218
27000 3683.93563218
28000 3683.93563218
29000 3411.67404244
30000 3139.4124527
31000 3139.4124527
32000 3139.4124527
33000 3139.4124527
34000 3139.4124527
35000 3041.13625668
36000 3041.13625668
37000 3041.13625668
38000 3041.13625668
39000 3041.13625668
40000 2833.28528287
41000 2833.28528287
42000 2833.28528287
43000 2833.28528287
44000 2833.28528287
45000 3922.25858415
46000 3922.25858415
47000 3922.25858415
48000 3088.1053787
49000 3088.1053787
50000 5027.80752406
51000 5027.80752406
52000 5027.80752406
53000 4795.01298701
54000 4795.01298701
55000 4795.01298701
56000 4795.01298701
57000 4270.99391481
58000 4270.99391481
59000 4270.99391481
60000 4270.99391481
61000 4270.99391481
62000 4430.74413863
63000 4430.74413863
64000 4430.74413863
65000 4430.74413863
66000 4430.74413863
67000 4430.74413863
68000 3396.83543375
69000 3396.83543375
70000 3396.83543375
71000 3396.83543375
72000 3396.83543375
73000 3396.83543375
74000 3396.83543375
75000 3396.83543375
76000 5601.27133608
77000 5601.27133608
78000 5601.27133608
79000 5601.27133608
80000 3892.23817474
81000 3892.23817474
82000 3892.23817474
83000 3892.23817474
84000 4076.43884274
85000 4076.43884274
86000 4076.43884274
87000 3428.68811486
88000 3428.68811486
89000 3428.68811486
90000 3428.68811486
91000 5126.16283925
92000 5126.16283925
93000 4909.32714043
94000 4692.49144161
95000 4692.49144161
96000 4692.49144161
97000 4692.49144161
98000 4692.49144161
99000 4413.41143654
100000 4413.41143654
101000 4413.41143654
102000 4413.41143654
103000 3995.88551704
104000 3995.88551704
105000 3995.88551704
106000 3995.88551704
107000 3995.88551704
108000 3995.88551704
109000 3995.88551704
110000 4816.1987882
111000 5636.51205937
112000 5636.51205937
113000 6499.96813301
114000 6499.96813301
115000 6499.96813301
116000 4648.864
117000 4648.864
118000 4648.864
119000 4648.864
120000 4646.85289093
121000 4644.84178187
122000 4644.84178187
123000 4644.84178187
124000 4644.84178187
125000 6013.82596126
126000 6013.82596126
127000 6013.82596126
128000 5053.25652321
129000 5053.25652321
130000 5053.25652321
131000 5053.25652321
132000 5053.25652321
133000 5053.25652321
134000 5336.58687259
135000 5336.58687259
136000 5336.58687259
137000 5336.58687259
138000 5336.58687259
139000 5336.58687259
140000 6510.95535286
141000 6510.95535286
142000 6510.95535286
143000 6510.95535286
144000 7276.45241654
145000 7276.45241654
146000 7276.45241654
147000 7276.45241654
148000 6069.00817045
149000 4861.56392436
150000 4861.56392436
151000 4861.56392436
152000 4861.56392436
153000 4861.56392436
154000 4861.56392436
155000 5788.63092943
156000 5788.63092943
157000 5788.63092943
158000 5788.63092943
159000 5788.63092943
160000 8471.65891473
161000 8471.65891473
162000 8471.65891473
163000 6810.02197074
164000 5148.38502674
165000 5148.38502674
166000 5148.38502674
167000 5148.38502674
168000 5148.38502674
169000 5148.38502674
170000 4829.7193111
171000 4829.7193111
172000 4829.7193111
173000 4829.7193111
174000 4829.7193111
175000 4829.7193111
176000 5363.78499091
177000 5363.78499091
178000 5363.78499091
179000 5363.78499091
180000 5572.36260623
181000 5572.36260623
182000 5572.36260623
183000 5572.36260623
184000 5572.36260623
185000 5572.36260623
186000 4623.98996026
187000 4623.98996026
188000 4623.98996026
189000 4623.98996026
190000 4623.98996026
191000 5134.71150198
192000 5134.71150198
193000 5134.71150198
194000 5134.71150198
195000 5134.71150198
196000 5134.71150198
197000 5102.93567251
198000 5102.93567251
199000 5102.93567251
200000 4420.96551724
201000 4420.96551724
202000 4420.96551724
203000 4513.57157785
204000 4513.57157785
205000 4513.57157785
206000 4513.57157785
207000 4513.57157785
208000 3535.55883857
209000 4548.99637494
210000 4548.99637494
211000 4548.99637494
212000 4548.99637494
213000 4521.93832599
214000 4521.93832599
215000 4521.93832599
216000 4521.93832599
217000 5873.35163159
218000 5873.35163159
219000 5873.35163159
220000 5313.87989259
221000 4754.40815359
222000 4754.40815359
223000 4754.40815359
224000 4754.40815359
225000 12088.4210526
226000 12088.4210526
227000 9226.31341755
228000 9226.31341755
229000 9226.31341755
230000 6010.92577598
231000 6010.92577598
232000 6010.92577598
233000 6010.92577598
234000 6010.92577598
235000 5605.11949686
236000 5605.11949686
237000 4527.25540061
238000 4031.05360444
239000 6271.37680222
240000 8511.7
241000 3434.43123939
242000 3434.43123939
243000 3434.43123939
244000 3745.56846473
245000 3745.56846473
246000 3745.56846473
247000 3745.56846473
248000 5925.43065693
249000 5925.43065693
250000 3739.46079295
251000 3739.46079295
252000 3739.46079295
253000 3739.46079295
254000 2540.53351762
255000 2540.53351762
256000 2540.53351762
257000 2540.53351762
258000 2540.53351762
259000 2701.13689645
260000 2861.74027528
261000 2861.74027528
262000 2861.74027528
263000 3683.93563218
264000 3683.93563218
265000 3683.93563218
266000 3139.4124527
267000 3139.4124527
268000 3139.4124527
269000 3139.4124527
270000 3139.4124527
271000 3139.4124527
272000 3041.13625668
273000 3041.13625668
274000 3041.13625668
275000 3041.13625668
276000 3041.13625668
277000 2833.28528287
278000 2833.28528287
279000 2833.28528287
280000 2833.28528287
281000 2833.28528287
282000 3922.25858415
283000 3922.25858415
284000 3922.25858415
285000 3088.1053787
286000 3088.1053787
287000 5027.80752406
288000 5027.80752406
289000 5027.80752406
290000 4795.01298701
291000 4795.01298701
292000 4795.01298701
293000 4795.01298701
294000 4270.99391481
295000 4270.99391481
296000 4270.99391481
297000 4270.99391481
298000 4270.99391481
299000 4430.74413863
300000 4430.74413863
301000 4430.74413863
302000 4430.74413863
303000 4430.74413863
304000 4430.74413863
305000 3396.83543375
306000 3396.83543375
307000 3396.83543375
308000 3396.83543375
309000 3396.83543375
310000 3396.83543375
311000 3396.83543375
312000 3396.83543375
313000 5601.27133608
314000 5601.27133608
315000 5601.27133608
316000 5601.27133608
317000 3892.23817474
318000 3892.23817474
319000 3892.23817474
320000 3892.23817474
321000 4076.43884274
322000 4076.43884274
323000 4076.43884274
324000 3428.68811486
325000 3428.68811486
326000 3428.68811486
327000 3428.68811486
328000 5126.16283925
329000 5126.16283925
330000 4909.32714043
331000 4692.49144161
332000 4692.49144161
333000 4692.49144161
334000 4692.49144161
335000 4692.49144161
336000 4413.41143654
337000 4413.41143654
338000 4413.41143654
339000 4413.41143654
340000 3995.88551704
341000 3995.88551704
342000 3995.88551704
343000 3995.88551704
344000 3995.88551704
345000 3995.88551704
346000 3995.88551704
347000 4816.1987882
348000 5636.51205937
349000 5636.51205937
350000 6499.96813301
351000 6499.96813301
352000 6499.96813301
353000 4648.864
354000 4648.864
355000 4648.864
356000 4648.864
357000 4646.85289093
358000 4644.84178187
359000 4644.84178187
360000 4644.84178187
361000 4644.84178187
362000 6013.82596126
363000 6013.82596126
364000 6013.82596126
365000 5053.25652321
366000 5053.25652321
367000 5053.25652321
368000 5053.25652321
369000 5053.25652321
370000 5053.25652321
371000 5336.58687259
372000 5336.58687259
373000 5336.58687259
374000 5336.58687259
375000 5336.58687259
376000 5336.58687259
377000 6510.95535286
378000 6510.95535286
379000 6510.95535286
380000 6510.95535286
381000 7276.45241654
382000 7276.45241654
383000 7276.45241654
384000 7276.45241654
385000 6069.00817045
386000 4861.56392436
387000 4861.56392436
388000 4861.56392436
389000 4861.56392436
390000 4861.56392436
391000 4861.56392436
392000 5788.63092943
393000 5788.63092943
394000 5788.63092943
395000 5788.63092943
396000 5788.63092943
397000 8471.65891473
398000 8471.65891473
399000 8471.65891473
400000 6810.02197074
401000 5148.38502674
402000 5148.38502674
403000 5148.38502674
404000 5148.38502674
405000 5148.38502674
406000 5148.38502674
407000 4829.7193111
408000 4829.7193111
409000 4829.7193111
410000 4829.7193111
411000 4829.7193111
412000 4829.7193111
413000 5363.78499091
414000 5363.78499091
415000 5363.78499091
416000 5363.78499091
417000 5572.36260623
418000 5572.36260623
419000 5572.36260623
420000 5572.36260623
421000 5572.36260623
422000 5572.36260623
423000 4623.98996026
424000 4623.98996026
425000 4623.98996026
426000 4623.98996026
427000 4623.98996026
428000 5134.71150198
429000 5134.71150198
430000 5134.71150198
431000 5134.71150198
432000 5134.71150198
433000 5134.71150198
434000 5102.93567251
435000 5102.93567251
436000 5102.93567251
437000 4420.96551724
438000 4420.96551724
439000 4420.96551724
440000 4513.57157785
441000 4513.57157785
442000 4513.57157785
443000 4513.57157785
444000 4513.57157785
445000 3535.55883857
446000 4548.99637494
447000 4548.99637494
448000 4548.99637494
449000 4548.99637494
450000 4521.93832599
451000 4521.93832599
452000 4521.93832599
453000 4521.93832599
454000 5873.35163159
455000 5873.35163159
456000 5873.35163159
457000 5313.87989259
458000 4754.40815359
459000 4754.40815359
460000 4754.40815359
461000 4754.40815359
462000 12088.4210526
463000 12088.4210526
464000 9226.31341755
465000 9226.31341755
466000 9226.31341755
467000 6010.92577598
468000 6010.92577598
469000 6010.92577598
470000 6010.92577598
471000 6010.92577598
472000 5605.11949686
473000 5605.11949686
