0 3214.97729654
1000 3214.97729654
2000 3214.97729654
3000 3214.97729654
4000 4150.27848101
5000 4150.27848101
6000 4150.27848101
7000 1960.106399
8000 1960.106399
9000 1960.106399
10000 1960.106399
11000 3686.70036101
12000 3686.70036101
13000 3686.70036101
14000 3812.42578711
15000 3812.42578711
16000 3812.42578711
17000 3438.91578947
18000 3438.91578947
19000 3438.91578947
20000 4122.35962145
21000 4122.35962145
22000 4141.32577904
23000 4141.32577904
24000 4141.32577904
25000 3821.96254682
26000 3821.96254682
27000 3821.96254682
28000 3868.42394299
29000 4034.98855876
30000 4034.98855876
31000 4034.98855876
32000 4034.98855876
33000 4034.98855876
34000 4034.98855876
35000 4034.98855876
36000 4034.98855876
37000 4034.98855876
38000 4034.98855876
39000 4034.98855876
40000 3881.63248731
41000 3881.63248731
42000 3881.63248731
43000 3881.63248731
44000 3881.63248731
45000 3881.63248731
46000 3881.63248731
47000 3881.63248731
48000 3916.60300354
49000 3951.57351977
50000 3951.57351977
51000 3951.57351977
52000 3951.57351977
53000 3951.57351977
54000 3951.57351977
55000 3951.57351977
56000 3951.57351977
57000 3951.57351977
58000 3749.01502504
59000 3749.01502504
60000 3749.01502504
61000 3749.01502504
62000 3749.01502504
63000 3749.01502504
64000 3749.01502504
65000 3749.01502504
66000 3749.01502504
67000 4044.04416193
68000 4044.04416193
69000 4044.04416193
70000 4044.04416193
71000 4044.04416193
72000 4044.04416193
73000 4044.04416193
74000 4044.04416193
75000 4044.04416193
76000 3014.41410375
77000 1984.78404558
78000 4048.18710324
79000 4048.18710324
80000 4048.18710324
81000 4048.18710324
82000 4048.18710324
83000 4048.18710324
84000 4048.18710324
85000 4048.18710324
86000 4048.18710324
87000 4079.84717384
88000 4079.84717384
89000 4079.84717384
90000 4079.84717384
91000 4079.84717384
92000 4079.84717384
93000 4079.84717384
94000 4079.84717384
95000 4079.84717384
96000 3981.53704767
97000 3981.53704767
98000 3981.53704767
99000 3981.53704767
100000 3981.53704767
101000 3981.53704767
102000 3981.53704767
103000 3749.13435411
104000 3749.13435411
105000 3749.13435411
106000 3749.13435411
107000 3749.13435411
108000 3749.13435411
109000 3749.13435411
110000 3749.13435411
111000 3749.13435411
112000 3749.13435411
113000 3520.15655577
114000 3520.15655577
115000 3520.15655577
116000 3520.15655577
117000 3520.15655577
118000 3611.3767731
119000 3702.59699042
120000 3702.59699042
121000 3702.59699042
122000 3702.59699042
123000 3702.59699042
124000 3702.59699042
125000 3702.59699042
126000 4033.01062574
127000 4033.01062574
128000 4033.01062574
129000 4033.01062574
130000 4033.01062574
131000 4033.01062574
132000 4033.01062574
133000 3879.32256347
134000 3879.32256347
135000 3879.32256347
136000 3879.32256347
137000 3879.32256347
138000 3904.20510665
139000 3904.20510665
140000 3904.20510665
141000 3904.20510665
142000 3904.20510665
143000 3904.20510665
144000 3904.20510665
145000 3904.20510665
146000 3904.20510665
147000 3904.20510665
148000 3724.10150843
149000 3724.10150843
150000 3724.10150843
151000 3724.10150843
152000 3724.10150843
153000 3724.10150843
154000 1642.87688356
155000 3214.97729654
156000 3214.97729654
157000 3214.97729654
158000 4150.27848101
159000 4150.27848101
160000 4150.27848101
161000 1960.106399
162000 1960.106399
163000 1960.106399
164000 1960.106399
165000 3686.70036101
166000 3686.70036101
167000 3686.70036101
168000 3812.42578711
169000 3812.42578711
170000 3438.91578947
171000 3438.91578947
172000 3438.91578947
173000 3780.63770546
174000 4122.35962145
175000 4122.35962145
176000 4141.32577904
177000 4141.32577904
178000 4141.32577904
179000 3821.96254682
180000 3821.96254682
181000 3701.85932722
182000 3868.42394299
183000 4034.98855876
184000 4034.98855876
185000 4034.98855876
186000 4034.98855876
187000 4034.98855876
188000 4034.98855876
189000 4034.98855876
190000 4034.98855876
191000 4034.98855876
192000 4034.98855876
193000 4034.98855876
194000 3881.63248731
195000 3881.63248731
196000 3881.63248731
197000 3881.63248731
198000 3881.63248731
199000 3881.63248731
200000 3881.63248731
201000 3881.63248731
202000 3951.57351977
203000 3951.57351977
204000 3951.57351977
205000 3951.57351977
206000 3951.57351977
207000 3951.57351977
208000 3951.57351977
209000 3951.57351977
210000 3951.57351977
211000 3951.57351977
212000 3749.01502504
213000 3749.01502504
214000 3749.01502504
215000 3749.01502504
216000 3749.01502504
217000 3749.01502504
218000 3749.01502504
219000 3749.01502504
220000 3749.01502504
221000 4044.04416193
222000 4044.04416193
223000 4044.04416193
224000 4044.04416193
225000 4044.04416193
226000 4044.04416193
227000 4044.04416193
228000 4044.04416193
229000 4044.04416193
230000 1984.78404558
231000 1984.78404558
232000 4048.18710324
233000 4048.18710324
234000 4048.18710324
235000 4048.18710324
236000 4048.18710324
237000 4048.18710324
238000 4048.18710324
239000 4048.18710324
240000 4048.18710324
241000 4079.84717384
242000 4079.84717384
243000 4079.84717384
244000 4079.84717384
245000 4079.84717384
246000 4079.84717384
247000 4079.84717384
248000 4079.84717384
249000 4079.84717384
250000 3981.53704767
251000 3981.53704767
252000 3981.53704767
253000 3981.53704767
254000 3981.53704767
255000 3981.53704767
256000 3981.53704767
257000 3749.13435411
258000 3749.13435411
259000 3749.13435411
260000 3749.13435411
261000 3749.13435411
262000 3749.13435411
263000 3749.13435411
264000 3749.13435411
265000 3749.13435411
266000 3634.64545494
267000 3520.15655577
268000 3520.15655577
269000 3520.15655577
270000 3520.15655577
271000 3520.15655577
272000 3702.59699042
273000 3702.59699042
274000 3702.59699042
275000 3702.59699042
276000 3702.59699042
277000 3702.59699042
278000 3702.59699042
279000 3702.59699042
280000 4033.01062574
281000 4033.01062574
282000 4033.01062574
283000 4033.01062574
284000 4033.01062574
285000 4033.01062574
286000 4033.01062574
287000 3879.32256347
288000 3879.32256347
289000 3879.32256347
290000 3879.32256347
291000 3879.32256347
292000 3904.20510665
293000 3904.20510665
294000 3904.20510665
295000 3904.20510665
296000 3904.20510665
297000 3904.20510665
298000 3904.20510665
299000 3904.20510665
300000 3904.20510665
301000 3904.20510665
302000 3724.10150843
303000 3724.10150843
304000 3724.10150843
305000 3724.10150843
306000 3724.10150843
307000 3724.10150843
