0 1320.96665223
1000 1320.96665223
2000 1320.96665223
3000 1320.96665223
4000 1320.96665223
5000 1320.96665223
6000 1320.96665223
7000 1320.96665223
8000 1320.96665223
9000 1320.96665223
10000 1434.25444328
11000 1547.54223433
12000 1547.54223433
13000 1547.54223433
14000 1553.35771214
15000 1553.35771214
16000 1840.75420875
17000 1840.75420875
18000 1840.75420875
19000 1569.80663373
20000 1569.80663373
21000 1569.80663373
22000 401.157281553
23000 1273.85563608
24000 2146.55399061
25000 2146.55399061
26000 1767.39564453
27000 1388.23729845
28000 1388.23729845
29000 1388.23729845
30000 1102.68066639
31000 1102.68066639
32000 1102.68066639
33000 1102.68066639
34000 1102.68066639
35000 1102.68066639
36000 1102.68066639
37000 1001.5682187
38000 900.455771006
39000 900.455771006
40000 900.455771006
41000 900.455771006
42000 900.455771006
43000 919.179929389
44000 937.904087772
45000 937.904087772
46000 937.904087772
47000 937.904087772
48000 937.904087772
49000 965.595777541
50000 993.28746731
51000 993.28746731
52000 993.28746731
53000 993.28746731
54000 993.28746731
55000 890.385872256
56000 890.385872256
57000 890.385872256
58000 890.385872256
59000 890.385872256
60000 890.385872256
61000 611.111795159
62000 611.111795159
63000 611.111795159
64000 611.111795159
65000 611.111795159
66000 611.111795159
67000 611.111795159
68000 611.111795159
69000 4210.6031746
70000 2102.97342445
71000 2102.97342445
72000 2102.97342445
73000 1090.7699877
74000 2181.5399754
75000 2181.5399754
76000 2181.5399754
77000 3066.81195079
78000 3066.81195079
79000 3173.65068128
80000 3280.48941176
81000 3280.48941176
82000 752.958855098
83000 2124.51970952
84000 3496.08056395
85000 3496.08056395
86000 3496.08056395
87000 3496.08056395
88000 3932.38391547
89000 3932.38391547
90000 3932.38391547
91000 3932.38391547
92000 1231.31042254
93000 1231.31042254
94000 3822.79360792
95000 3822.79360792
96000 3822.79360792
97000 3822.79360792
98000 3822.79360792
99000 3908.55460123
100000 3908.55460123
101000 3908.55460123
102000 3908.55460123
103000 3908.55460123
104000 3371.99749635
105000 3371.99749635
106000 3371.99749635
107000 3371.99749635
108000 3371.99749635
109000 1656.24640657
110000 1656.24640657
111000 1656.24640657
112000 1656.24640657
113000 1656.24640657
114000 3015.68251473
115000 3015.68251473
116000 1721.98275862
117000 1721.98275862
118000 1721.98275862
119000 1721.98275862
120000 2920.77615176
121000 2920.77615176
122000 3451.90656754
123000 3983.03698332
124000 5171.22077922
125000 3227.71190222
126000 1284.20302521
127000 1284.20302521
128000 1284.20302521
129000 4067.65584046
130000 4067.65584046
131000 4067.65584046
132000 2181.87111677
133000 808.526522659
134000 808.526522659
135000 808.526522659
136000 808.526522659
137000 808.526522659
138000 808.526522659
139000 808.526522659
140000 1320.96665223
141000 1320.96665223
142000 1320.96665223
143000 1434.25444328
144000 1547.54223433
145000 1547.54223433
146000 1547.54223433
147000 1553.35771214
148000 1553.35771214
149000 1840.75420875
150000 1840.75420875
151000 1840.75420875
152000 1569.80663373
153000 1569.80663373
154000 1569.80663373
155000 401.157281553
156000 1273.85563608
157000 2146.55399061
158000 2146.55399061
159000 1767.39564453
160000 1388.23729845
161000 1388.23729845
162000 1388.23729845
163000 1102.68066639
164000 1102.68066639
165000 1102.68066639
166000 1102.68066639
167000 1102.68066639
168000 1102.68066639
169000 1102.68066639
170000 1001.5682187
171000 900.455771006
172000 900.455771006
173000 900.455771006
174000 900.455771006
175000 900.455771006
176000 919.179929389
177000 937.904087772
178000 937.904087772
179000 937.904087772
180000 937.904087772
181000 937.904087772
182000 965.595777541
183000 993.28746731
184000 993.28746731
185000 993.28746731
186000 993.28746731
187000 993.28746731
188000 890.385872256
189000 890.385872256
190000 890.385872256
191000 890.385872256
192000 890.385872256
193000 890.385872256
194000 611.111795159
195000 611.111795159
196000 611.111795159
197000 611.111795159
198000 611.111795159
199000 611.111795159
200000 611.111795159
201000 611.111795159
202000 4210.6031746
203000 2102.97342445
204000 2102.97342445
205000 2102.97342445
206000 2181.5399754
207000 2181.5399754
208000 2181.5399754
209000 2181.5399754
210000 3066.81195079
211000 3066.81195079
212000 3173.65068128
213000 3280.48941176
214000 3280.48941176
215000 752.958855098
216000 2124.51970952
217000 3496.08056395
218000 3496.08056395
219000 3496.08056395
220000 3496.08056395
221000 3932.38391547
222000 3932.38391547
223000 3932.38391547
224000 3932.38391547
225000 1231.31042254
226000 1231.31042254
227000 3822.79360792
228000 3822.79360792
229000 3822.79360792
230000 3822.79360792
231000 3822.79360792
232000 3908.55460123
233000 3908.55460123
234000 3908.55460123
235000 3908.55460123
236000 3908.55460123
237000 3371.99749635
238000 3371.99749635
239000 3371.99749635
240000 3371.99749635
241000 3371.99749635
242000 1656.24640657
243000 1656.24640657
244000 1656.24640657
245000 1656.24640657
246000 1656.24640657
247000 3015.68251473
248000 3015.68251473
249000 1721.98275862
250000 1721.98275862
251000 1721.98275862
252000 1721.98275862
253000 2920.77615176
254000 2920.77615176
255000 3451.90656754
256000 3983.03698332
257000 5171.22077922
258000 3227.71190222
259000 1284.20302521
260000 1284.20302521
261000 1284.20302521
262000 4067.65584046
263000 4067.65584046
264000 4067.65584046
265000 2181.87111677
