0 3958.22594142
1000 3958.22594142
2000 3958.22594142
3000 3958.22594142
4000 3433.52195122
5000 2198.04770642
6000 1752.64516129
7000 1752.64516129
8000 5106.54606365
9000 5106.54606365
10000 4029.50529595
11000 4029.50529595
12000 4029.50529595
13000 6191.77082979
14000 8354.03636364
15000 8354.03636364
16000 13491.8349206
17000 13491.8349206
18000 9861.68070018
19000 6231.52647975
20000 6231.52647975
21000 6231.52647975
22000 6510.05118776
23000 6788.57589577
24000 6788.57589577
25000 6788.57589577
26000 5495.12752137
27000 5495.12752137
28000 5495.12752137
29000 5495.12752137
30000 5495.12752137
31000 5495.12752137
32000 5919.28460186
33000 5919.28460186
34000 5919.28460186
35000 5919.28460186
36000 5759.04129555
37000 5759.04129555
38000 5733.56946565
39000 5733.56946565
40000 5733.56946565
41000 11462.0631579
42000 11462.0631579
43000 8999.22357895
44000 6536.384
45000 6536.384
46000 4391.01468498
47000 4391.01468498
48000 5254.38796992
49000 5254.38796992
50000 5254.38796992
51000 5254.38796992
52000 5254.38796992
53000 5254.38796992
54000 3967.96768221
55000 3967.96768221
56000 3967.96768221
57000 3967.96768221
58000 3967.96768221
59000 3967.96768221
60000 5835.25222552
61000 5835.25222552
62000 5835.25222552
63000 6238.71560692
64000 6642.17898833
65000 6642.17898833
66000 6432.84467005
67000 6432.84467005
68000 6432.84467005
69000 6432.84467005
70000 6821.87537488
71000 6821.87537488
72000 6821.87537488
73000 0.0
74000 8077.53375796
75000 8077.53375796
76000 8077.53375796
77000 6021.95924528
78000 6021.95924528
79000 6021.95924528
80000 6021.95924528
81000 6021.95924528
82000 7057.54336666
83000 7057.54336666
84000 7057.54336666
85000 7057.54336666
86000 10233.4430189
87000 10233.4430189
88000 10233.4430189
89000 8871.93847058
90000 7510.43392226
91000 7510.43392226
92000 9536.10891513
93000 11561.783908
94000 8630.73256871
95000 5699.68122942
96000 5699.68122942
97000 5699.68122942
98000 5699.68122942
99000 5699.68122942
100000 7121.77489879
101000 7121.77489879
102000 6803.38387796
103000 6484.99285714
104000 6484.99285714
105000 6484.99285714
106000 6484.99285714
107000 3509.58522799
108000 3509.58522799
109000 3509.58522799
110000 3509.58522799
111000 3509.58522799
112000 3509.58522799
113000 3509.58522799
114000 3509.58522799
115000 8802.33031359
116000 8802.33031359
117000 8802.33031359
118000 8629.56734637
119000 8456.80437914
120000 8456.80437914
121000 8456.80437914
122000 11379.086634
123000 14301.3688889
124000 10188.6658754
125000 6075.96286182
126000 6075.96286182
127000 6075.96286182
128000 6075.96286182
129000 7282.57078652
130000 7282.57078652
131000 7282.57078652
132000 7282.57078652
133000 8175.01528812
134000 8175.01528812
135000 8114.37593675
136000 8053.73658537
137000 8053.73658537
138000 8053.73658537
139000 5850.66267968
140000 3647.588774
141000 3647.588774
142000 3647.588774
143000 3647.588774
144000 3647.588774
145000 3647.588774
146000 4726.16416707
147000 4726.16416707
148000 4726.16416707
149000 4726.16416707
150000 4726.16416707
151000 4726.16416707
152000 4726.16416707
153000 6944.23047091
154000 6944.23047091
155000 6944.23047091
156000 4813.89370336
157000 2683.55693582
158000 2683.55693582
159000 3320.89143862
160000 3958.22594142
161000 3958.22594142
162000 3433.52195122
163000 2198.04770642
164000 1752.64516129
165000 1752.64516129
166000 5106.54606365
167000 5106.54606365
168000 4029.50529595
169000 4029.50529595
170000 4029.50529595
171000 6191.77082979
172000 8354.03636364
173000 8354.03636364
174000 13491.8349206
175000 13491.8349206
176000 9861.68070018
177000 6231.52647975
178000 6231.52647975
179000 6231.52647975
180000 6510.05118776
181000 6788.57589577
182000 6788.57589577
183000 6788.57589577
184000 5495.12752137
185000 5495.12752137
186000 5495.12752137
187000 5495.12752137
188000 5495.12752137
189000 5495.12752137
190000 5919.28460186
191000 5919.28460186
192000 5919.28460186
193000 5919.28460186
194000 5759.04129555
195000 5759.04129555
196000 5733.56946565
197000 5733.56946565
198000 5733.56946565
199000 11462.0631579
200000 11462.0631579
201000 8999.22357895
202000 6536.384
203000 6536.384
204000 4391.01468498
205000 4391.01468498
206000 5254.38796992
207000 5254.38796992
208000 5254.38796992
209000 5254.38796992
210000 5254.38796992
211000 5254.38796992
212000 3967.96768221
213000 3967.96768221
214000 3967.96768221
215000 3967.96768221
216000 3967.96768221
217000 3967.96768221
218000 5835.25222552
219000 5835.25222552
220000 5835.25222552
221000 6238.71560692
222000 6642.17898833
223000 6642.17898833
224000 6432.84467005
225000 6432.84467005
226000 6432.84467005
227000 6432.84467005
228000 6821.87537488
229000 6821.87537488
230000 6821.87537488
231000 0.0
232000 8077.53375796
233000 8077.53375796
234000 8077.53375796
235000 6021.95924528
236000 6021.95924528
237000 6021.95924528
238000 6021.95924528
239000 6021.95924528
240000 7057.54336666
241000 7057.54336666
242000 7057.54336666
243000 7057.54336666
244000 10233.4430189
245000 10233.4430189
246000 10233.4430189
247000 8871.93847058
248000 7510.43392226
249000 7510.43392226
250000 7510.43392226
251000 11561.783908
252000 8630.73256871
253000 5699.68122942
254000 5699.68122942
255000 5699.68122942
256000 5699.68122942
257000 5699.68122942
258000 7121.77489879
259000 7121.77489879
260000 6803.38387796
261000 6484.99285714
262000 6484.99285714
263000 6484.99285714
264000 6484.99285714
265000 3509.58522799
266000 3509.58522799
267000 3509.58522799
268000 3509.58522799
269000 3509.58522799
270000 3509.58522799
271000 3509.58522799
272000 3509.58522799
273000 8802.33031359
274000 8802.33031359
275000 8802.33031359
276000 8629.56734637
277000 8456.80437914
278000 8456.80437914
279000 8456.80437914
280000 11379.086634
281000 14301.3688889
282000 10188.6658754
283000 6075.96286182
284000 6075.96286182
285000 6075.96286182
286000 6075.96286182
287000 7282.57078652
288000 7282.57078652
289000 7282.57078652
290000 7282.57078652
291000 8175.01528812
292000 8175.01528812
293000 8114.37593675
294000 8053.73658537
295000 8053.73658537
296000 8053.73658537
297000 5850.66267968
298000 3647.588774
299000 3647.588774
300000 3647.588774
301000 3647.588774
302000 3647.588774
303000 3647.588774
304000 4726.16416707
305000 4726.16416707
306000 4726.16416707
307000 4726.16416707
308000 4726.16416707
309000 4726.16416707
310000 4726.16416707
311000 6944.23047091
312000 6944.23047091
313000 6944.23047091
314000 4813.89370336
315000 2683.55693582
316000 2683.55693582
