0 2899.03398927
1000 2899.03398927
2000 2899.03398927
3000 2899.03398927
4000 2899.03398927
5000 3380.47184987
6000 3380.47184987
7000 3380.47184987
8000 3563.61620469
9000 3563.61620469
10000 3563.61620469
11000 3565.30077249
12000 3565.30077249
13000 3565.30077249
14000 3565.30077249
15000 2989.65714286
16000 2989.65714286
17000 2989.65714286
18000 3084.55877671
19000 3179.46041056
20000 3179.46041056
21000 3179.46041056
22000 3179.46041056
23000 3179.46041056
24000 3179.46041056
25000 3179.46041056
26000 3179.46041056
27000 2092.76080692
28000 2811.57564152
29000 2811.57564152
30000 2811.57564152
31000 2811.57564152
32000 2811.57564152
33000 3206.36459789
34000 3601.15355426
35000 3601.15355426
36000 3601.15355426
37000 3332.66740787
38000 3064.18126148
39000 3064.18126148
40000 3064.18126148
41000 3064.18126148
42000 3064.18126148
43000 3652.38709677
44000 3652.38709677
45000 3652.38709677
46000 3652.38709677
47000 3652.38709677
48000 3334.59320897
49000 3016.79932117
50000 3016.79932117
51000 3016.79932117
52000 3016.79932117
53000 3016.79932117
54000 3016.79932117
55000 3016.79932117
56000 3016.79932117
57000 3016.79932117
58000 3639.17043121
59000 3639.17043121
60000 3639.17043121
61000 3639.17043121
62000 2597.15937732
63000 2597.15937732
64000 2597.15937732
65000 2597.15937732
66000 2597.15937732
67000 2597.15937732
68000 3669.38585126
69000 3669.38585126
70000 3669.38585126
71000 3669.38585126
72000 3139.7158209
73000 3139.7158209
74000 3013.99819332
75000 3013.99819332
76000 3013.99819332
77000 3013.99819332
78000 3013.99819332
79000 3013.99819332
80000 3013.99819332
81000 3013.99819332
82000 3013.99819332
83000 3013.99819332
84000 1537.0397466
85000 1537.0397466
86000 1537.0397466
87000 1537.0397466
88000 1537.0397466
89000 1537.0397466
90000 1537.0397466
91000 1537.0397466
92000 1537.0397466
93000 1354.98720843
94000 1354.98720843
95000 1354.98720843
96000 1354.98720843
97000 1354.98720843
98000 1354.98720843
99000 1354.98720843
100000 1354.98720843
101000 1354.98720843
102000 1354.98720843
103000 1354.98720843
104000 3306.66322247
105000 3306.66322247
106000 3306.66322247
107000 2731.86236559
108000 2731.86236559
109000 2731.86236559
110000 2731.86236559
111000 3133.64705882
112000 3133.64705882
113000 3133.64705882
114000 3581.20097188
115000 3581.20097188
116000 3581.20097188
117000 3606.69972452
118000 3606.69972452
119000 3606.69972452
120000 3108.63428048
121000 3108.63428048
122000 3108.63428048
123000 3108.63428048
124000 3140.76036677
125000 3140.76036677
126000 3140.76036677
127000 3140.76036677
128000 3140.76036677
129000 3140.76036677
130000 3140.76036677
131000 3140.76036677
132000 3140.76036677
133000 3140.76036677
134000 3140.76036677
135000 3140.76036677
136000 3140.76036677
137000 3140.76036677
138000 3140.76036677
139000 3175.74637464
140000 3175.74637464
141000 3175.74637464
142000 3175.74637464
143000 3175.74637464
144000 3175.74637464
145000 3175.74637464
146000 3175.74637464
147000 3175.74637464
148000 3175.74637464
149000 3129.98498341
150000 3129.98498341
151000 3129.98498341
152000 3129.98498341
153000 3129.98498341
154000 3129.98498341
155000 3129.98498341
156000 3129.98498341
157000 3129.98498341
158000 3129.98498341
159000 3129.98498341
160000 3129.98498341
161000 3072.5981974
162000 3072.5981974
163000 3072.5981974
164000 3072.5981974
165000 3072.5981974
166000 3072.5981974
167000 3072.5981974
168000 3072.5981974
169000 3072.5981974
170000 3088.65992501
171000 3088.65992501
172000 3088.65992501
173000 3088.65992501
174000 3088.65992501
175000 3088.65992501
176000 3088.65992501
177000 3088.65992501
178000 3088.65992501
179000 3143.41049655
180000 3143.41049655
181000 3143.41049655
182000 3143.41049655
183000 3143.41049655
184000 3143.41049655
185000 3143.41049655
186000 3143.41049655
187000 3143.41049655
188000 3143.41049655
189000 3143.41049655
190000 3003.75424296
191000 2864.09798937
192000 2864.09798937
193000 2864.09798937
194000 2864.09798937
195000 2864.09798937
196000 2864.09798937
197000 2864.09798937
198000 2864.09798937
199000 2295.2227962
200000 2295.2227962
201000 2295.2227962
202000 2295.2227962
203000 2295.2227962
204000 2295.2227962
205000 2295.2227962
206000 2295.2227962
207000 2295.2227962
208000 2295.2227962
209000 2295.2227962
210000 2295.2227962
211000 3283.34159292
212000 3283.34159292
213000 3283.34159292
214000 3283.34159292
215000 3684.11009174
216000 3684.11009174
217000 3684.11009174
218000 3684.11009174
219000 3251.04745244
220000 3251.04745244
221000 3251.04745244
222000 3251.04745244
223000 3048.05705955
224000 2845.06666667
225000 2845.06666667
226000 2845.06666667
227000 2845.06666667
228000 2845.06666667
229000 3090.3214596
230000 3090.3214596
231000 2994.67772443
232000 2899.03398927
233000 2899.03398927
234000 2899.03398927
235000 2899.03398927
236000 3380.47184987
237000 3380.47184987
238000 3380.47184987
239000 3563.61620469
240000 3563.61620469
241000 3563.61620469
242000 3565.30077249
243000 3565.30077249
244000 3565.30077249
245000 3565.30077249
246000 2989.65714286
247000 2989.65714286
248000 2989.65714286
249000 3179.46041056
250000 3179.46041056
251000 3179.46041056
252000 3179.46041056
253000 3179.46041056
254000 3179.46041056
255000 3179.46041056
256000 3179.46041056
257000 2636.11060874
258000 2092.76080692
259000 2811.57564152
260000 2811.57564152
261000 2811.57564152
262000 2811.57564152
263000 2811.57564152
264000 3601.15355426
265000 3601.15355426
266000 3601.15355426
267000 3601.15355426
268000 3064.18126148
269000 3064.18126148
270000 3064.18126148
271000 3064.18126148
272000 3064.18126148
273000 2043.10828025
274000 3652.38709677
275000 3652.38709677
276000 3652.38709677
277000 3652.38709677
278000 3652.38709677
279000 3334.59320897
280000 3016.79932117
281000 3016.79932117
282000 3016.79932117
283000 3016.79932117
284000 3016.79932117
285000 3016.79932117
286000 3016.79932117
287000 3016.79932117
288000 3016.79932117
289000 3639.17043121
290000 3639.17043121
291000 3639.17043121
292000 3639.17043121
293000 2597.15937732
294000 2597.15937732
295000 2597.15937732
296000 2597.15937732
297000 2597.15937732
298000 2597.15937732
299000 3669.38585126
300000 3669.38585126
301000 3669.38585126
302000 3404.55083608
303000 3139.7158209
304000 3013.99819332
305000 3013.99819332
306000 3013.99819332
307000 3013.99819332
308000 3013.99819332
309000 3013.99819332
310000 3013.99819332
311000 3013.99819332
312000 3013.99819332
313000 3013.99819332
314000 1537.0397466
315000 1537.0397466
316000 1537.0397466
317000 1537.0397466
318000 1537.0397466
319000 1537.0397466
320000 1537.0397466
321000 1537.0397466
322000 1537.0397466
323000 1537.0397466
324000 1354.98720843
325000 1354.98720843
326000 1354.98720843
327000 1354.98720843
328000 1354.98720843
329000 1354.98720843
330000 1354.98720843
331000 1354.98720843
332000 1354.98720843
333000 1354.98720843
334000 1354.98720843
335000 3306.66322247
336000 3306.66322247
337000 3306.66322247
338000 2731.86236559
339000 2731.86236559
340000 2731.86236559
341000 2731.86236559
342000 3133.64705882
343000 3133.64705882
344000 3133.64705882
345000 3581.20097188
346000 3581.20097188
347000 3581.20097188
348000 3606.69972452
349000 3606.69972452
350000 3606.69972452
351000 3108.63428048
352000 3108.63428048
353000 3108.63428048
354000 3124.69732363
355000 3140.76036677
356000 3140.76036677
357000 3140.76036677
358000 3140.76036677
359000 3140.76036677
360000 3140.76036677
361000 3140.76036677
362000 3140.76036677
363000 3140.76036677
364000 3140.76036677
365000 3140.76036677
366000 3140.76036677
367000 3140.76036677
368000 3140.76036677
369000 3158.2533707
370000 3175.74637464
371000 3175.74637464
372000 3175.74637464
373000 3175.74637464
374000 3175.74637464
375000 3175.74637464
376000 3175.74637464
377000 3175.74637464
378000 3175.74637464
379000 3175.74637464
380000 3129.98498341
381000 3129.98498341
382000 3129.98498341
383000 3129.98498341
384000 3129.98498341
385000 3129.98498341
386000 3129.98498341
387000 3129.98498341
388000 3129.98498341
389000 3129.98498341
390000 3129.98498341
391000 3101.29159041
392000 3072.5981974
393000 3072.5981974
394000 3072.5981974
395000 3072.5981974
396000 3072.5981974
397000 3072.5981974
398000 3072.5981974
399000 3072.5981974
400000 3072.5981974
401000 3088.65992501
402000 3088.65992501
403000 3088.65992501
404000 3088.65992501
405000 3088.65992501
406000 3088.65992501
407000 3088.65992501
408000 3088.65992501
409000 3088.65992501
410000 3143.41049655
411000 3143.41049655
412000 3143.41049655
413000 3143.41049655
414000 3143.41049655
415000 3143.41049655
416000 3143.41049655
417000 3143.41049655
418000 3143.41049655
419000 3143.41049655
420000 3143.41049655
421000 2864.09798937
422000 2864.09798937
423000 2864.09798937
424000 2864.09798937
425000 2864.09798937
426000 2864.09798937
427000 2864.09798937
428000 2864.09798937
429000 2864.09798937
430000 2295.2227962
431000 2295.2227962
432000 2295.2227962
433000 2295.2227962
434000 2295.2227962
435000 2295.2227962
436000 2295.2227962
437000 2295.2227962
438000 2295.2227962
439000 2295.2227962
440000 2295.2227962
441000 2295.2227962
442000 3283.34159292
443000 3283.34159292
444000 3283.34159292
445000 3283.34159292
446000 3684.11009174
447000 3684.11009174
448000 3684.11009174
449000 3684.11009174
450000 3251.04745244
451000 3251.04745244
452000 3251.04745244
453000 3251.04745244
454000 2845.06666667
455000 2845.06666667
456000 2845.06666667
457000 2845.06666667
458000 2845.06666667
459000 2967.69406313
460000 3090.3214596
461000 3090.3214596
