0 1920.59962894
1000 1920.59962894
2000 1920.59962894
3000 1920.59962894
4000 1920.59962894
5000 1920.59962894
6000 1920.59962894
7000 1920.59962894
8000 1920.59962894
9000 1920.59962894
10000 1263.72382512
11000 1263.72382512
12000 1263.72382512
13000 1263.72382512
14000 1263.72382512
15000 1263.72382512
16000 1263.72382512
17000 1263.72382512
18000 1427.94463478
19000 1427.94463478
20000 1427.94463478
21000 1427.94463478
22000 1427.94463478
23000 1427.94463478
24000 1427.94463478
25000 3445.664
26000 3445.664
27000 3445.664
28000 4222.856
29000 5000.048
30000 5000.048
31000 2849.89069424
32000 2849.89069424
33000 1793.31412104
34000 1793.31412104
35000 1793.31412104
36000 1793.31412104
37000 1793.31412104
38000 1793.31412104
39000 1793.31412104
40000 1793.31412104
41000 1357.88554217
42000 1357.88554217
43000 1593.59217962
44000 1593.59217962
45000 1593.59217962
46000 1593.59217962
47000 1593.59217962
48000 1593.59217962
49000 1853.51734001
50000 1853.51734001
51000 1853.51734001
52000 1853.51734001
53000 1853.51734001
54000 1853.51734001
55000 1811.37842779
56000 1811.37842779
57000 1811.37842779
58000 3174.17167568
59000 3174.17167568
60000 3174.17167568
61000 3174.17167568
62000 2091.5575493
63000 2091.5575493
64000 2091.5575493
65000 2091.5575493
66000 1008.94342291
67000 1008.94342291
68000 1008.94342291
69000 1008.94342291
70000 1008.94342291
71000 1008.94342291
72000 1008.94342291
73000 1008.94342291
74000 1008.94342291
75000 1008.94342291
76000 1008.94342291
77000 1008.94342291
78000 4038.10382294
79000 4038.10382294
80000 3151.23809524
81000 3151.23809524
82000 3151.23809524
83000 3151.23809524
84000 2329.12776133
85000 2329.12776133
86000 2329.12776133
87000 2329.12776133
88000 1684.66111355
89000 1684.66111355
90000 1684.66111355
91000 1684.66111355
92000 1684.66111355
93000 4043.30773511
94000 4043.30773511
95000 4043.30773511
96000 1208.17647059
97000 1208.17647059
98000 4000.7171368
99000 4000.7171368
100000 4000.7171368
101000 4000.7171368
102000 4000.7171368
103000 4000.7171368
104000 4000.7171368
105000 4000.7171368
106000 4000.7171368
107000 7484.06825939
108000 7484.06825939
109000 7484.06825939
110000 7484.06825939
111000 7484.06825939
112000 7106.21658537
113000 7106.21658537
114000 7106.21658537
115000 7106.21658537
116000 7106.21658537
117000 6742.33048875
118000 6742.33048875
119000 6742.33048875
120000 6742.33048875
121000 6742.33048875
122000 4872.37883008
123000 9185.90652632
124000 9185.90652632
125000 9185.90652632
126000 9185.90652632
127000 9185.90652632
128000 5553.25307763
129000 5553.25307763
130000 5553.25307763
131000 5553.25307763
132000 1920.59962894
133000 1920.59962894
134000 1920.59962894
135000 1920.59962894
136000 1920.59962894
137000 1263.72382512
138000 1263.72382512
139000 1263.72382512
140000 1263.72382512
141000 1263.72382512
142000 1263.72382512
143000 1263.72382512
144000 1263.72382512
145000 1427.94463478
146000 1427.94463478
147000 1427.94463478
148000 1427.94463478
149000 1427.94463478
150000 1427.94463478
151000 1427.94463478
152000 1427.94463478
153000 3445.664
154000 3445.664
155000 3445.664
156000 5000.048
157000 5000.048
158000 2849.89069424
159000 2849.89069424
160000 1793.31412104
161000 1793.31412104
162000 1793.31412104
163000 1793.31412104
164000 1793.31412104
165000 1793.31412104
166000 1793.31412104
167000 1793.31412104
168000 1793.31412104
169000 1357.88554217
170000 1593.59217962
171000 1593.59217962
172000 1593.59217962
173000 1593.59217962
174000 1593.59217962
175000 1593.59217962
176000 1723.55475982
177000 1853.51734001
178000 1853.51734001
179000 1853.51734001
180000 1853.51734001
181000 1853.51734001
182000 1811.37842779
183000 1811.37842779
184000 1811.37842779
185000 3174.17167568
186000 3174.17167568
187000 3174.17167568
188000 3174.17167568
189000 3174.17167568
190000 2091.5575493
191000 2091.5575493
192000 2091.5575493
193000 2091.5575493
194000 1008.94342291
195000 1008.94342291
196000 1008.94342291
197000 1008.94342291
198000 1008.94342291
199000 1008.94342291
200000 1008.94342291
201000 1008.94342291
202000 1008.94342291
203000 1008.94342291
204000 1008.94342291
205000 4038.10382294
206000 4038.10382294
207000 4038.10382294
208000 3151.23809524
209000 3151.23809524
210000 3151.23809524
211000 2329.12776133
212000 2329.12776133
213000 2329.12776133
214000 2329.12776133
215000 2006.89443744
216000 1684.66111355
217000 1684.66111355
218000 1684.66111355
219000 1684.66111355
220000 4043.30773511
221000 4043.30773511
222000 4043.30773511
223000 4043.30773511
224000 1208.17647059
225000 4000.7171368
226000 4000.7171368
227000 4000.7171368
228000 4000.7171368
229000 4000.7171368
230000 4000.7171368
231000 4000.7171368
232000 4000.7171368
233000 4000.7171368
234000 7484.06825939
235000 7484.06825939
236000 7484.06825939
237000 7484.06825939
238000 7484.06825939
239000 7106.21658537
240000 7106.21658537
241000 7106.21658537
242000 7106.21658537
243000 7106.21658537
244000 6924.27353706
245000 6742.33048875
246000 6742.33048875
247000 6742.33048875
248000 6742.33048875
249000 6742.33048875
250000 9185.90652632
251000 9185.90652632
252000 9185.90652632
253000 9185.90652632
254000 9185.90652632
