0 5554.65030675
1000 5554.65030675
2000 5554.65030675
3000 5554.65030675
4000 5554.65030675
5000 5346.07747126
6000 5346.07747126
7000 5137.50463576
8000 5225.23348018
9000 7385.92177988
10000 8897.11290005
11000 8381.27563408
12000 8514.93554765
13000 8514.93554765
14000 6979.88842294
15000 5444.84129824
16000 5444.84129824
17000 5444.84129824
18000 4921.60218884
19000 4398.36307944
20000 4398.36307944
21000 4398.36307944
22000 4398.36307944
23000 4398.36307944
24000 4377.33221757
25000 4377.33221757
26000 4377.33221757
27000 5348.21218075
28000 4339.69554912
29000 4339.69554912
30000 4339.69554912
31000 4339.69554912
32000 5821.10434754
33000 7302.51314597
34000 7302.51314597
35000 3003.46493506
36000 5975.04139434
37000 5975.04139434
38000 5975.04139434
39000 5975.04139434
40000 5975.04139434
41000 12528.1408597
42000 12528.1408597
43000 10861.8061077
44000 9195.47135564
45000 9195.47135564
46000 9195.47135564
47000 10716.0076778
48000 12236.544
49000 10850.7967148
50000 9465.04942966
51000 9465.04942966
52000 10561.4067561
53000 10561.4067561
54000 9161.23534269
55000 9161.23534269
56000 9161.23534269
57000 9505.77311475
58000 9505.77311475
59000 9505.77311475
60000 8350.66254601
61000 7195.55197727
62000 7195.55197727
63000 7195.55197727
64000 7195.55197727
65000 3987.64844955
66000 3987.64844955
67000 3987.64844955
68000 3987.64844955
69000 3987.64844955
70000 3987.64844955
71000 6407.46136466
72000 6407.46136466
73000 6407.46136466
74000 6407.46136466
75000 6851.70652531
76000 7295.95168596
77000 7295.95168596
78000 7295.95168596
79000 6470.54085101
80000 5645.13001605
81000 5645.13001605
82000 5645.13001605
83000 5645.13001605
84000 5645.13001605
85000 7243.29170931
86000 7243.29170931
87000 7243.29170931
88000 7243.29170931
89000 5257.90160389
90000 5257.90160389
91000 5257.90160389
92000 5257.90160389
93000 5257.90160389
94000 6078.76837468
95000 6078.76837468
96000 6078.76837468
97000 6078.76837468
98000 6078.76837468
99000 4329.28352899
100000 4329.28352899
101000 4329.28352899
102000 4329.28352899
103000 4329.28352899
104000 4536.95851311
105000 4536.95851311
106000 4536.95851311
107000 4536.95851311
108000 4536.95851311
109000 4536.95851311
110000 4536.95851311
111000 5994.06217121
112000 5994.06217121
113000 5994.06217121
114000 5994.06217121
115000 3835.16085372
116000 3835.16085372
117000 3835.16085372
118000 3835.16085372
119000 3835.16085372
120000 3835.16085372
121000 3835.16085372
122000 3835.16085372
123000 6649.43482975
124000 6649.43482975
125000 6649.43482975
126000 6649.43482975
127000 5638.34361233
128000 5638.34361233
129000 5638.34361233
130000 5638.34361233
131000 5325.56725146
132000 5325.56725146
133000 5325.56725146
134000 4662.98980392
135000 4662.98980392
136000 4662.98980392
137000 4662.98980392
138000 4662.98980392
139000 4662.98980392
140000 4662.98980392
141000 8276.59376909
142000 8276.59376909
143000 8276.59376909
144000 6286.99512195
145000 6286.99512195
146000 6286.99512195
147000 5943.94321739
148000 5600.89131282
149000 5600.89131282
150000 5600.89131282
151000 5600.89131282
152000 5600.89131282
153000 7049.22739726
154000 7049.22739726
155000 7049.22739726
156000 2976.86278286
157000 2976.86278286
158000 2976.86278286
159000 2976.86278286
160000 3301.746206
161000 3301.746206
162000 3301.746206
163000 3301.746206
164000 5554.65030675
165000 5346.07747126
166000 5346.07747126
167000 5137.50463576
168000 5225.23348018
169000 9546.61007958
170000 8897.11290005
171000 8514.93554765
172000 8514.93554765
173000 8514.93554765
174000 5444.84129824
175000 5444.84129824
176000 5444.84129824
177000 5444.84129824
178000 4921.60218884
179000 4398.36307944
180000 4398.36307944
181000 4398.36307944
182000 4398.36307944
183000 4398.36307944
184000 4377.33221757
185000 4377.33221757
186000 4377.33221757
187000 5348.21218075
188000 4339.69554912
189000 4339.69554912
190000 4339.69554912
191000 4339.69554912
192000 7302.51314597
193000 7302.51314597
194000 7302.51314597
195000 3003.46493506
196000 5975.04139434
197000 5975.04139434
198000 5975.04139434
199000 5975.04139434
200000 5975.04139434
201000 12528.1408597
202000 12528.1408597
203000 10861.8061077
204000 9195.47135564
205000 9195.47135564
206000 9195.47135564
207000 12236.544
208000 12236.544
209000 10850.7967148
210000 9465.04942966
211000 9465.04942966
212000 10561.4067561
213000 10561.4067561
214000 9161.23534269
215000 9161.23534269
216000 9161.23534269
217000 9505.77311475
218000 9505.77311475
219000 9505.77311475
220000 7195.55197727
221000 7195.55197727
222000 7195.55197727
223000 7195.55197727
224000 7195.55197727
225000 3987.64844955
226000 3987.64844955
227000 3987.64844955
228000 3987.64844955
229000 3987.64844955
230000 3987.64844955
231000 6407.46136466
232000 6407.46136466
233000 6407.46136466
234000 6407.46136466
235000 7295.95168596
236000 7295.95168596
237000 7295.95168596
238000 7295.95168596
239000 5645.13001605
240000 5645.13001605
241000 5645.13001605
242000 5645.13001605
243000 5645.13001605
244000 7243.29170931
245000 7243.29170931
246000 7243.29170931
247000 7243.29170931
248000 6250.5966566
249000 5257.90160389
250000 5257.90160389
251000 5257.90160389
252000 5257.90160389
253000 5257.90160389
254000 6078.76837468
255000 6078.76837468
256000 6078.76837468
257000 6078.76837468
258000 5204.02595184
259000 4329.28352899
260000 4329.28352899
261000 4329.28352899
262000 4329.28352899
263000 4329.28352899
264000 4536.95851311
265000 4536.95851311
266000 4536.95851311
267000 4536.95851311
268000 4536.95851311
269000 4536.95851311
270000 5994.06217121
271000 5994.06217121
272000 5994.06217121
273000 5994.06217121
274000 5994.06217121
275000 3835.16085372
276000 3835.16085372
277000 3835.16085372
278000 3835.16085372
279000 3835.16085372
280000 3835.16085372
281000 3835.16085372
282000 5242.29784174
283000 6649.43482975
284000 6649.43482975
285000 6649.43482975
286000 6649.43482975
287000 5638.34361233
288000 5638.34361233
289000 5638.34361233
290000 5638.34361233
291000 5325.56725146
292000 5325.56725146
293000 5325.56725146
294000 4662.98980392
295000 4662.98980392
296000 4662.98980392
297000 4662.98980392
298000 4662.98980392
299000 4662.98980392
300000 8276.59376909
301000 8276.59376909
302000 8276.59376909
303000 8276.59376909
304000 6286.99512195
305000 6286.99512195
306000 6286.99512195
307000 5600.89131282
308000 5600.89131282
309000 5600.89131282
310000 5600.89131282
311000 5600.89131282
312000 6325.05935504
313000 7049.22739726
314000 7049.22739726
315000 7049.22739726
316000 2976.86278286
317000 2976.86278286
318000 2976.86278286
319000 2976.86278286
