0 6023.70294494
1000 6023.70294494
2000 6023.70294494
3000 5348.19025977
4000 4672.67757459
5000 4672.67757459
6000 4159.28740431
7000 4159.28740431
8000 4159.28740431
9000 2554.06672374
10000 948.846043165
11000 2365.54452195
12000 2365.54452195
13000 2365.54452195
14000 2365.54452195
15000 2365.54452195
16000 5013.33333333
17000 5013.33333333
18000 4839.95258416
19000 4666.57183499
20000 4666.57183499
21000 4666.57183499
22000 5159.51881815
23000 5159.51881815
24000 5159.51881815
25000 3803.86913229
26000 6772.49182914
27000 6772.49182914
28000 6772.49182914
29000 6772.49182914
30000 6772.49182914
31000 6772.49182914
32000 6772.49182914
33000 6772.49182914
34000 6772.49182914
35000 5860.38621863
36000 5860.38621863
37000 5860.38621863
38000 5860.38621863
39000 5860.38621863
40000 5860.38621863
41000 5860.38621863
42000 5860.38621863
43000 5860.38621863
44000 5860.38621863
45000 7221.59594497
46000 7221.59594497
47000 7221.59594497
48000 7221.59594497
49000 7221.59594497
50000 7221.59594497
51000 7221.59594497
52000 6485.03415718
53000 6485.03415718
54000 6485.03415718
55000 6485.03415718
56000 6485.03415718
57000 6485.03415718
58000 6485.03415718
59000 6779.41277235
60000 6779.41277235
61000 6779.41277235
62000 6779.41277235
63000 6779.41277235
64000 6779.41277235
65000 6779.41277235
66000 6325.210232
67000 6325.210232
68000 6325.210232
69000 6325.210232
70000 6325.210232
71000 6325.210232
72000 6325.210232
73000 6325.210232
74000 6325.210232
75000 7134.32475599
76000 7134.32475599
77000 7134.32475599
78000 7134.32475599
79000 7134.32475599
80000 7134.32475599
81000 7134.32475599
82000 7134.32475599
83000 6902.53578419
84000 6670.74681239
85000 6670.74681239
86000 6670.74681239
87000 6670.74681239
88000 6670.74681239
89000 6670.74681239
90000 6670.74681239
91000 6167.27761987
92000 5663.80842735
93000 5663.80842735
94000 5663.80842735
95000 5663.80842735
96000 5663.80842735
97000 5663.80842735
98000 5663.80842735
99000 5663.80842735
100000 5905.29201254
101000 6146.77559773
102000 6146.77559773
103000 6146.77559773
104000 6146.77559773
105000 6146.77559773
106000 6146.77559773
107000 6146.77559773
108000 6146.77559773
109000 6146.77559773
110000 6146.77559773
111000 5202.80701754
112000 5202.80701754
113000 5202.80701754
114000 5202.80701754
115000 5202.80701754
116000 5202.80701754
117000 5202.80701754
118000 5202.80701754
119000 5202.80701754
120000 5202.80701754
121000 5202.80701754
122000 6306.11744387
123000 6306.11744387
124000 6306.11744387
125000 6306.11744387
126000 6306.11744387
127000 6306.11744387
128000 6306.11744387
129000 6306.11744387
130000 6306.11744387
131000 6306.11744387
132000 6429.14424825
133000 6552.17105263
134000 6552.17105263
135000 6552.17105263
136000 6552.17105263
137000 6552.17105263
138000 6552.17105263
139000 6552.17105263
140000 6668.498205
141000 6668.498205
142000 6784.82535736
143000 6784.82535736
144000 6784.82535736
145000 6784.82535736
146000 6784.82535736
147000 6784.82535736
148000 6427.67028567
149000 6427.67028567
150000 6070.51521397
151000 6070.51521397
152000 6070.51521397
153000 6070.51521397
154000 6070.51521397
155000 6070.51521397
156000 6070.51521397
157000 6070.51521397
158000 5777.44792987
159000 5777.44792987
160000 5484.38064577
161000 5484.38064577
162000 5484.38064577
163000 5484.38064577
164000 5484.38064577
165000 5484.38064577
166000 5484.38064577
167000 5484.38064577
168000 5484.38064577
169000 5484.38064577
170000 5484.38064577
171000 4636.44745798
172000 3788.51427018
173000 3788.51427018
174000 3788.51427018
175000 3788.51427018
176000 3788.51427018
177000 3788.51427018
178000 3788.51427018
179000 3788.51427018
180000 3788.51427018
181000 3788.51427018
182000 3788.51427018
183000 3788.51427018
184000 3788.51427018
185000 3788.51427018
186000 5335.32103021
187000 6882.12779024
188000 6882.12779024
189000 6882.12779024
190000 6882.12779024
191000 6882.12779024
192000 6882.12779024
193000 6882.12779024
194000 6882.12779024
195000 6839.90841177
196000 6797.68903331
197000 6797.68903331
198000 6797.68903331
199000 6797.68903331
200000 6797.68903331
201000 6797.68903331
202000 2256.45825716
203000 2256.45825716
204000 4140.08060105
205000 6023.70294494
206000 6023.70294494
207000 4672.67757459
208000 4672.67757459
209000 4415.98248945
210000 4159.28740431
211000 4159.28740431
212000 4159.28740431
213000 948.846043165
214000 2365.54452195
215000 2365.54452195
216000 2365.54452195
217000 2365.54452195
218000 2365.54452195
219000 5013.33333333
220000 5013.33333333
221000 5013.33333333
222000 4666.57183499
223000 4666.57183499
224000 4666.57183499
225000 5159.51881815
226000 5159.51881815
227000 5159.51881815
228000 3803.86913229
229000 3803.86913229
230000 6772.49182914
231000 6772.49182914
232000 6772.49182914
233000 6772.49182914
234000 6772.49182914
235000 6772.49182914
236000 6772.49182914
237000 6772.49182914
238000 6772.49182914
239000 5860.38621863
240000 5860.38621863
241000 5860.38621863
242000 5860.38621863
243000 5860.38621863
244000 5860.38621863
245000 5860.38621863
246000 5860.38621863
247000 5860.38621863
248000 7221.59594497
249000 7221.59594497
250000 7221.59594497
251000 7221.59594497
252000 7221.59594497
253000 7221.59594497
254000 7221.59594497
255000 6485.03415718
256000 6485.03415718
257000 6485.03415718
258000 6485.03415718
259000 6485.03415718
260000 6485.03415718
261000 6485.03415718
262000 6632.22346477
263000 6779.41277235
264000 6779.41277235
265000 6779.41277235
266000 6779.41277235
267000 6779.41277235
268000 6779.41277235
269000 6552.31150217
270000 6325.210232
271000 6325.210232
272000 6325.210232
273000 6325.210232
274000 6325.210232
275000 6325.210232
276000 6325.210232
277000 6325.210232
278000 6729.767494
279000 7134.32475599
280000 7134.32475599
281000 7134.32475599
282000 7134.32475599
283000 7134.32475599
284000 7134.32475599
285000 7134.32475599
286000 7134.32475599
287000 6670.74681239
288000 6670.74681239
289000 6670.74681239
290000 6670.74681239
291000 6670.74681239
292000 6670.74681239
293000 6670.74681239
294000 6670.74681239
295000 5663.80842735
296000 5663.80842735
297000 5663.80842735
298000 5663.80842735
299000 5663.80842735
300000 5663.80842735
301000 5663.80842735
302000 5663.80842735
303000 5663.80842735
304000 5905.29201254
305000 6146.77559773
306000 6146.77559773
307000 6146.77559773
308000 6146.77559773
309000 6146.77559773
310000 6146.77559773
311000 6146.77559773
312000 6146.77559773
313000 6146.77559773
314000 5202.80701754
315000 5202.80701754
316000 5202.80701754
317000 5202.80701754
318000 5202.80701754
319000 5202.80701754
320000 5202.80701754
321000 5202.80701754
322000 5202.80701754
323000 5202.80701754
324000 5202.80701754
325000 5754.4622307
326000 6306.11744387
327000 6306.11744387
328000 6306.11744387
329000 6306.11744387
330000 6306.11744387
331000 6306.11744387
332000 6306.11744387
333000 6306.11744387
334000 6306.11744387
335000 6429.14424825
336000 6552.17105263
337000 6552.17105263
338000 6552.17105263
339000 6552.17105263
340000 6552.17105263
341000 6552.17105263
342000 6552.17105263
343000 6552.17105263
344000 6668.498205
345000 6784.82535736
346000 6784.82535736
347000 6784.82535736
348000 6784.82535736
349000 6784.82535736
350000 6784.82535736
351000 6784.82535736
352000 6427.67028567
353000 6070.51521397
354000 6070.51521397
355000 6070.51521397
356000 6070.51521397
357000 6070.51521397
358000 6070.51521397
359000 6070.51521397
360000 6070.51521397
361000 6070.51521397
362000 5777.44792987
363000 5777.44792987
364000 5484.38064577
365000 5484.38064577
366000 5484.38064577
367000 5484.38064577
368000 5484.38064577
369000 5484.38064577
370000 5484.38064577
371000 5484.38064577
372000 5484.38064577
373000 5484.38064577
374000 4636.44745798
375000 3788.51427018
376000 3788.51427018
377000 3788.51427018
378000 3788.51427018
379000 3788.51427018
380000 3788.51427018
381000 3788.51427018
382000 3788.51427018
383000 3788.51427018
384000 3788.51427018
385000 3788.51427018
386000 3788.51427018
387000 3788.51427018
388000 3788.51427018
389000 3788.51427018
390000 6882.12779024
391000 6882.12779024
392000 6882.12779024
393000 6882.12779024
394000 6882.12779024
395000 6882.12779024
396000 6882.12779024
397000 6882.12779024
398000 6882.12779024
399000 6797.68903331
400000 6797.68903331
401000 6797.68903331
402000 6797.68903331
403000 6797.68903331
404000 6797.68903331
405000 4527.07364524
406000 2256.45825716
