0 8077.91426072
1000 8077.91426072
2000 8077.91426072
3000 8077.91426072
4000 8077.91426072
5000 8077.91426072
6000 6546.74829502
7000 6546.74829502
8000 5015.58232932
9000 3627.26957876
10000 2238.95682819
11000 12223.7300995
12000 3263.45847697
13000 3263.45847697
14000 3263.45847697
15000 3263.45847697
16000 5707.42214727
17000 5707.42214727
18000 4408.60929773
19000 4408.60929773
20000 5038.15715823
21000 5038.15715823
22000 5839.81670666
23000 6641.47625509
24000 7109.32462871
25000 7577.17300233
26000 5052.77256682
27000 5052.77256682
28000 0.0
29000 3197.21883792
30000 6394.43767584
31000 6394.43767584
32000 6394.43767584
33000 6394.43767584
34000 6394.43767584
35000 6394.43767584
36000 6394.43767584
37000 6394.43767584
38000 6371.55918738
39000 6371.55918738
40000 6371.55918738
41000 6371.55918738
42000 6371.55918738
43000 6371.55918738
44000 6371.55918738
45000 6371.55918738
46000 6371.55918738
47000 8519.77393105
48000 8519.77393105
49000 8519.77393105
50000 8519.77393105
51000 8519.77393105
52000 8519.77393105
53000 8519.77393105
54000 7183.65008855
55000 5847.52624605
56000 5847.52624605
57000 5847.52624605
58000 5847.52624605
59000 5847.52624605
60000 5847.52624605
61000 5847.52624605
62000 5847.52624605
63000 5847.52624605
64000 5847.52624605
65000 6305.72875858
66000 6305.72875858
67000 6305.72875858
68000 6305.72875858
69000 6305.72875858
70000 6305.72875858
71000 6305.72875858
72000 6305.72875858
73000 6776.70111399
74000 7247.67346939
75000 7247.67346939
76000 7247.67346939
77000 7247.67346939
78000 7247.67346939
79000 7247.67346939
80000 7247.67346939
81000 5850.74176738
82000 5850.74176738
83000 5850.74176738
84000 5850.74176738
85000 5850.74176738
86000 5850.74176738
87000 5850.74176738
88000 5850.74176738
89000 5850.74176738
90000 5602.29413039
91000 5602.29413039
92000 5602.29413039
93000 5602.29413039
94000 5602.29413039
95000 5602.29413039
96000 5602.29413039
97000 5602.29413039
98000 5602.29413039
99000 5602.29413039
100000 6655.39913337
101000 6655.39913337
102000 6655.39913337
103000 6655.39913337
104000 6655.39913337
105000 6655.39913337
106000 6655.39913337
107000 6655.39913337
108000 5446.31606185
109000 4237.23299032
110000 4237.23299032
111000 4237.23299032
112000 4237.23299032
113000 4237.23299032
114000 4237.23299032
115000 4237.23299032
116000 4237.23299032
117000 4237.23299032
118000 4237.23299032
119000 4237.23299032
120000 4237.23299032
121000 4237.23299032
122000 3835.27644866
123000 3835.27644866
124000 3835.27644866
125000 3835.27644866
126000 3835.27644866
127000 3835.27644866
128000 3835.27644866
129000 3835.27644866
130000 3835.27644866
131000 3835.27644866
132000 3835.27644866
133000 3835.27644866
134000 3835.27644866
135000 3835.27644866
136000 3835.27644866
137000 6153.03033131
138000 6153.03033131
139000 6153.03033131
140000 6153.03033131
141000 6153.03033131
142000 6153.03033131
143000 6153.03033131
144000 6153.03033131
145000 6153.03033131
146000 5654.2349308
147000 5654.2349308
148000 5654.2349308
149000 5654.2349308
150000 5654.2349308
151000 5654.2349308
152000 5654.2349308
153000 5654.2349308
154000 5654.2349308
155000 5035.83062397
156000 5035.83062397
157000 5035.83062397
158000 5035.83062397
159000 5035.83062397
160000 5035.83062397
161000 5035.83062397
162000 5035.83062397
163000 5035.83062397
164000 5035.83062397
165000 5035.83062397
166000 5058.6723699
167000 5058.6723699
168000 5058.6723699
169000 5058.6723699
170000 5058.6723699
171000 5058.6723699
172000 5058.6723699
173000 5058.6723699
174000 5058.6723699
175000 5058.6723699
176000 5944.05920865
177000 5944.05920865
178000 5944.05920865
179000 5944.05920865
180000 7010.98673469
181000 7010.98673469
182000 7010.98673469
183000 7010.98673469
184000 8077.91426072
185000 6546.74829502
186000 6546.74829502
187000 5015.58232932
188000 3627.26957876
189000 2238.95682819
190000 12223.7300995
191000 12735.9809239
192000 3263.45847697
193000 3263.45847697
194000 3263.45847697
195000 5707.42214727
196000 5707.42214727
197000 4408.60929773
198000 4408.60929773
199000 4723.38322798
200000 5038.15715823
201000 5839.81670666
202000 6641.47625509
203000 7109.32462871
204000 7577.17300233
205000 5052.77256682
206000 5052.77256682
207000 2526.38628341
208000 3197.21883792
209000 6394.43767584
210000 6394.43767584
211000 6394.43767584
212000 6394.43767584
213000 6394.43767584
214000 6394.43767584
215000 6394.43767584
216000 6394.43767584
217000 6371.55918738
218000 6371.55918738
219000 6371.55918738
220000 6371.55918738
221000 6371.55918738
222000 6371.55918738
223000 6371.55918738
224000 6371.55918738
225000 6371.55918738
226000 8519.77393105
227000 8519.77393105
228000 8519.77393105
229000 8519.77393105
230000 8519.77393105
231000 8519.77393105
232000 8519.77393105
233000 7183.65008855
234000 5847.52624605
235000 5847.52624605
236000 5847.52624605
237000 5847.52624605
238000 5847.52624605
239000 5847.52624605
240000 5847.52624605
241000 5847.52624605
242000 5847.52624605
243000 5847.52624605
244000 6305.72875858
245000 6305.72875858
246000 6305.72875858
247000 6305.72875858
248000 6305.72875858
249000 6305.72875858
250000 6305.72875858
251000 6305.72875858
252000 6776.70111399
253000 7247.67346939
254000 7247.67346939
255000 7247.67346939
256000 7247.67346939
257000 7247.67346939
258000 7247.67346939
259000 7247.67346939
260000 5850.74176738
261000 5850.74176738
262000 5850.74176738
263000 5850.74176738
264000 5850.74176738
265000 5850.74176738
266000 5850.74176738
267000 5850.74176738
268000 5850.74176738
269000 5602.29413039
270000 5602.29413039
271000 5602.29413039
272000 5602.29413039
273000 5602.29413039
274000 5602.29413039
275000 5602.29413039
276000 5602.29413039
277000 5602.29413039
278000 5602.29413039
279000 6655.39913337
280000 6655.39913337
281000 6655.39913337
282000 6655.39913337
283000 6655.39913337
284000 6655.39913337
285000 6655.39913337
286000 6655.39913337
287000 5446.31606185
288000 4237.23299032
289000 4237.23299032
290000 4237.23299032
291000 4237.23299032
292000 4237.23299032
293000 4237.23299032
294000 4237.23299032
295000 4237.23299032
296000 4237.23299032
297000 4237.23299032
298000 4237.23299032
299000 4237.23299032
300000 4237.23299032
301000 3835.27644866
302000 3835.27644866
303000 3835.27644866
304000 3835.27644866
305000 3835.27644866
306000 3835.27644866
307000 3835.27644866
308000 3835.27644866
309000 3835.27644866
310000 3835.27644866
311000 3835.27644866
312000 3835.27644866
313000 3835.27644866
314000 3835.27644866
315000 3835.27644866
316000 6153.03033131
317000 6153.03033131
318000 6153.03033131
319000 6153.03033131
320000 6153.03033131
321000 6153.03033131
322000 6153.03033131
323000 6153.03033131
324000 6153.03033131
325000 5654.2349308
326000 5654.2349308
327000 5654.2349308
328000 5654.2349308
329000 5654.2349308
330000 5654.2349308
331000 5654.2349308
332000 5654.2349308
333000 5654.2349308
334000 5035.83062397
335000 5035.83062397
336000 5035.83062397
337000 5035.83062397
338000 5035.83062397
339000 5035.83062397
340000 5035.83062397
341000 5035.83062397
342000 5035.83062397
343000 5035.83062397
344000 5035.83062397
345000 5058.6723699
346000 5058.6723699
347000 5058.6723699
348000 5058.6723699
349000 5058.6723699
350000 5058.6723699
351000 5058.6723699
352000 5058.6723699
353000 5058.6723699
354000 5058.6723699
355000 5944.05920865
356000 5944.05920865
357000 5944.05920865
358000 5944.05920865
