0 3516.33210874
1000 3516.33210874
2000 3516.33210874
3000 3516.33210874
4000 3516.33210874
5000 3516.33210874
6000 3570.96243446
7000 3570.96243446
8000 3570.96243446
9000 3570.96243446
10000 3570.96243446
11000 3406.8362914
12000 3406.8362914
13000 3188.07982262
14000 4773.98709677
15000 4383.90111141
16000 3993.81512605
17000 4002.87567568
18000 4002.87567568
19000 3899.54639175
20000 3758.7929374
21000 3973.55299044
22000 4188.31304348
23000 4768.47157895
24000 3980.99591837
25000 2664.29488704
26000 3451.43512674
27000 4238.57536644
28000 4238.57536644
29000 4238.57536644
30000 4238.57536644
31000 4238.57536644
32000 5811.52761905
33000 5811.52761905
34000 5811.52761905
35000 5811.52761905
36000 5863.17471862
37000 5914.82181818
38000 5914.82181818
39000 5914.82181818
40000 5379.07256923
41000 5379.07256923
42000 5379.07256923
43000 5379.07256923
44000 5379.07256923
45000 5492.85120719
46000 5492.85120719
47000 5492.85120719
48000 5492.85120719
49000 4406.06397415
50000 4406.06397415
51000 4406.06397415
52000 4821.65486611
53000 4821.65486611
54000 5237.24575807
55000 5237.24575807
56000 5237.24575807
57000 5237.24575807
58000 5477.00715501
59000 5477.00715501
60000 5477.00715501
61000 5477.00715501
62000 5477.00715501
63000 5477.00715501
64000 5477.00715501
65000 5716.76855195
66000 5716.76855195
67000 4912.64718839
68000 4912.64718839
69000 4912.64718839
70000 4912.64718839
71000 4912.64718839
72000 4912.64718839
73000 4912.64718839
74000 4108.52582484
75000 4108.52582484
76000 4108.52582484
77000 4108.52582484
78000 4108.52582484
79000 4108.52582484
80000 5132.67868303
81000 5132.67868303
82000 5132.67868303
83000 5132.67868303
84000 5132.67868303
85000 6156.83154122
86000 6156.83154122
87000 5827.05461051
88000 5827.05461051
89000 5827.05461051
90000 5827.05461051
91000 5827.05461051
92000 5827.05461051
93000 5827.05461051
94000 5497.2776798
95000 5497.2776798
96000 5497.2776798
97000 5497.2776798
98000 5497.2776798
99000 5864.06741133
100000 5864.06741133
101000 5864.06741133
102000 5864.06741133
103000 5864.06741133
104000 5864.06741133
105000 6230.85714286
106000 6230.85714286
107000 6230.85714286
108000 5851.51896691
109000 5851.51896691
110000 5851.51896691
111000 5851.51896691
112000 5851.51896691
113000 5851.51896691
114000 5472.18079096
115000 5472.18079096
116000 5472.18079096
117000 5472.18079096
118000 5472.18079096
119000 5306.69726304
120000 5306.69726304
121000 5306.69726304
122000 5306.69726304
123000 5306.69726304
124000 5306.69726304
125000 5141.21373511
126000 5141.21373511
127000 5141.21373511
128000 6124.91177255
129000 6124.91177255
130000 6124.91177255
131000 6124.91177255
132000 6124.91177255
133000 6124.91177255
134000 7108.60980999
135000 7108.60980999
136000 5312.47095937
137000 5312.47095937
138000 5312.47095937
139000 5312.47095937
140000 5312.47095937
141000 3516.33210874
142000 3570.96243446
143000 3570.96243446
144000 3570.96243446
145000 3570.96243446
146000 3625.59276018
147000 3406.8362914
148000 3188.07982262
149000 3981.03345969
150000 4773.98709677
151000 3993.81512605
152000 3998.34540086
153000 4002.87567568
154000 3899.54639175
155000 3829.16966457
156000 3758.7929374
157000 4188.31304348
158000 4768.47157895
159000 4374.73374866
160000 3980.99591837
161000 2664.29488704
162000 3451.43512674
163000 4238.57536644
164000 4238.57536644
165000 4238.57536644
166000 4238.57536644
167000 5025.05149275
168000 5811.52761905
169000 5811.52761905
170000 5811.52761905
171000 5811.52761905
172000 5914.82181818
173000 5914.82181818
174000 5914.82181818
175000 5646.94719371
176000 5379.07256923
177000 5379.07256923
178000 5379.07256923
179000 5379.07256923
180000 5379.07256923
181000 5492.85120719
182000 5492.85120719
183000 5492.85120719
184000 5492.85120719
185000 4406.06397415
186000 4406.06397415
187000 4406.06397415
188000 4821.65486611
189000 4821.65486611
190000 5237.24575807
191000 5237.24575807
192000 5237.24575807
193000 5477.00715501
194000 5477.00715501
195000 5477.00715501
196000 5477.00715501
197000 5477.00715501
198000 5477.00715501
199000 5477.00715501
200000 5716.76855195
201000 5716.76855195
202000 5716.76855195
203000 4912.64718839
204000 4912.64718839
205000 4912.64718839
206000 4912.64718839
207000 4912.64718839
208000 4912.64718839
209000 4912.64718839
210000 4108.52582484
211000 4108.52582484
212000 4108.52582484
213000 4108.52582484
214000 4108.52582484
215000 5132.67868303
216000 5132.67868303
217000 5132.67868303
218000 5132.67868303
219000 5132.67868303
220000 5132.67868303
221000 6156.83154122
222000 6156.83154122
223000 5827.05461051
224000 5827.05461051
225000 5827.05461051
226000 5827.05461051
227000 5827.05461051
228000 5827.05461051
229000 5827.05461051
230000 5497.2776798
231000 5497.2776798
232000 5497.2776798
233000 5497.2776798
234000 5497.2776798
235000 5864.06741133
236000 5864.06741133
237000 5864.06741133
238000 5864.06741133
239000 5864.06741133
240000 5864.06741133
241000 6230.85714286
242000 6230.85714286
243000 5851.51896691
244000 5851.51896691
245000 5851.51896691
246000 5851.51896691
247000 5851.51896691
248000 5851.51896691
249000 5851.51896691
250000 5472.18079096
251000 5472.18079096
252000 5472.18079096
253000 5472.18079096
254000 5306.69726304
255000 5306.69726304
256000 5306.69726304
257000 5306.69726304
258000 5306.69726304
259000 5306.69726304
260000 5306.69726304
261000 5141.21373511
262000 5141.21373511
263000 5141.21373511
264000 6124.91177255
265000 6124.91177255
266000 6124.91177255
267000 6124.91177255
268000 6124.91177255
269000 7108.60980999
270000 7108.60980999
271000 7108.60980999
