0 4437.07749077
1000 4437.07749077
2000 4437.07749077
3000 4437.07749077
4000 4437.07749077
5000 4437.07749077
6000 4437.07749077
7000 3555.25750334
8000 2673.43751591
9000 2673.43751591
10000 2673.43751591
11000 3263.61178121
12000 3853.78604651
13000 3853.78604651
14000 3853.78604651
15000 3853.78604651
16000 3040.84597701
17000 3040.84597701
18000 3040.84597701
19000 3289.18038495
20000 3537.5147929
21000 3537.5147929
22000 3537.5147929
23000 2173.19827763
24000 2173.19827763
25000 2173.19827763
26000 2173.19827763
27000 2173.19827763
28000 2313.76819407
29000 2313.76819407
30000 2313.76819407
31000 2313.76819407
32000 2313.76819407
33000 2493.29777778
34000 2493.29777778
35000 2493.29777778
36000 2493.29777778
37000 2493.29777778
38000 2493.29777778
39000 2768.59600614
40000 2768.59600614
41000 2768.59600614
42000 2768.59600614
43000 2768.59600614
44000 2768.59600614
45000 3546.97389739
46000 3546.97389739
47000 3546.97389739
48000 5274.46900917
49000 7001.96412096
50000 7001.96412096
51000 7001.96412096
52000 7001.96412096
53000 116.299251871
54000 116.299251871
55000 116.299251871
56000 116.299251871
57000 116.299251871
58000 226.549842887
59000 226.549842887
60000 226.549842887
61000 226.549842887
62000 226.549842887
63000 2453.42935208
64000 4686.35752212
65000 4686.35752212
66000 1910.10898896
67000 1910.10898896
68000 1910.10898896
69000 1910.10898896
70000 1910.10898896
71000 1910.10898896
72000 2490.52785388
73000 2490.52785388
74000 2490.52785388
75000 2490.52785388
76000 2490.52785388
77000 1370.6993865
78000 1370.6993865
79000 7838.10265487
80000 7838.10265487
81000 7838.10265487
82000 6645.02010995
83000 5451.93756504
84000 7476.22817229
85000 7476.22817229
86000 7476.22817229
87000 7476.22817229
88000 7476.22817229
89000 7476.22817229
90000 7476.22817229
91000 7476.22817229
92000 8032.22894168
93000 8032.22894168
94000 8032.22894168
95000 8032.22894168
96000 8032.22894168
97000 8032.22894168
98000 8032.22894168
99000 11390.0071129
100000 14747.7852841
101000 14747.7852841
102000 14747.7852841
103000 12684.1334644
104000 12684.1334644
105000 12684.1334644
106000 10620.4816446
107000 10620.4816446
108000 10620.4816446
109000 10620.4816446
110000 10620.4816446
111000 11182.3893984
112000 11744.2971523
113000 11744.2971523
114000 11744.2971523
115000 11744.2971523
116000 11744.2971523
117000 7484.64895988
118000 3225.00076746
119000 3225.00076746
120000 3225.00076746
121000 3225.00076746
122000 3225.00076746
123000 3225.00076746
124000 3225.00076746
125000 3225.00076746
126000 3225.00076746
127000 3225.00076746
128000 3225.00076746
129000 3225.00076746
130000 3225.00076746
131000 3225.00076746
132000 3225.00076746
133000 3225.00076746
134000 3225.00076746
135000 3225.00076746
136000 6210.99775508
137000 9196.99474271
138000 9196.99474271
139000 9196.99474271
140000 9196.99474271
141000 9196.99474271
142000 9196.99474271
143000 9215.99647333
144000 9215.99647333
145000 9234.99820395
146000 9234.99820395
147000 9234.99820395
148000 9234.99820395
149000 9234.99820395
150000 10299.8002342
151000 11364.6022645
152000 11364.6022645
153000 11364.6022645
154000 11364.6022645
155000 9497.06722667
156000 7629.53218884
157000 7629.53218884
158000 7629.53218884
159000 7629.53218884
160000 7629.53218884
161000 7629.53218884
162000 7629.53218884
163000 7697.76609442
164000 7766.0
165000 7766.0
166000 7766.0
167000 7766.0
168000 7766.0
169000 7766.0
170000 7766.0
171000 7766.0
172000 4290.06213266
173000 4290.06213266
174000 4290.06213266
175000 4290.06213266
176000 4290.06213266
177000 4363.56981172
178000 4363.56981172
179000 4363.56981172
180000 4363.56981172
181000 4437.07749077
182000 4437.07749077
183000 3555.25750334
184000 2673.43751591
185000 2673.43751591
186000 2673.43751591
187000 2673.43751591
188000 3263.61178121
189000 3853.78604651
190000 3853.78604651
191000 3853.78604651
192000 3040.84597701
193000 3040.84597701
194000 3040.84597701
195000 3040.84597701
196000 3537.5147929
197000 3537.5147929
198000 3537.5147929
199000 2173.19827763
200000 2173.19827763
201000 2173.19827763
202000 2173.19827763
203000 2173.19827763
204000 2243.48323585
205000 2313.76819407
206000 2313.76819407
207000 2313.76819407
208000 2313.76819407
209000 2403.53298593
210000 2493.29777778
211000 2493.29777778
212000 2493.29777778
213000 2493.29777778
214000 2493.29777778
215000 2493.29777778
216000 2768.59600614
217000 2768.59600614
218000 2768.59600614
219000 2768.59600614
220000 2768.59600614
221000 3546.97389739
222000 3546.97389739
223000 3546.97389739
224000 3546.97389739
225000 7001.96412096
226000 7001.96412096
227000 7001.96412096
228000 7001.96412096
229000 3500.98206048
230000 116.299251871
231000 116.299251871
232000 116.299251871
233000 116.299251871
234000 232.598503741
235000 226.549842887
236000 226.549842887
237000 226.549842887
238000 226.549842887
239000 220.501182033
240000 4686.35752212
241000 4686.35752212
242000 1910.10898896
243000 1910.10898896
244000 1910.10898896
245000 1910.10898896
246000 1910.10898896
247000 1910.10898896
248000 2490.52785388
249000 2490.52785388
250000 2490.52785388
251000 2490.52785388
252000 2490.52785388
253000 1370.6993865
254000 1370.6993865
255000 7838.10265487
256000 7838.10265487
257000 7838.10265487
258000 6645.02010995
259000 5451.93756504
260000 7476.22817229
261000 7476.22817229
262000 7476.22817229
263000 7476.22817229
264000 7476.22817229
265000 7476.22817229
266000 7476.22817229
267000 7476.22817229
268000 8032.22894168
269000 8032.22894168
270000 8032.22894168
271000 8032.22894168
272000 8032.22894168
273000 8032.22894168
274000 8032.22894168
275000 8032.22894168
276000 14747.7852841
277000 14747.7852841
278000 14747.7852841
279000 14747.7852841
280000 12684.1334644
281000 12684.1334644
282000 10620.4816446
283000 10620.4816446
284000 10620.4816446
285000 10620.4816446
286000 10620.4816446
287000 11182.3893984
288000 11744.2971523
289000 11744.2971523
290000 11744.2971523
291000 11744.2971523
292000 11744.2971523
293000 7484.64895988
294000 3225.00076746
295000 3225.00076746
296000 3225.00076746
297000 3225.00076746
298000 3225.00076746
299000 3225.00076746
300000 3225.00076746
301000 3225.00076746
302000 3225.00076746
303000 3225.00076746
304000 3225.00076746
305000 3225.00076746
306000 3225.00076746
307000 3225.00076746
308000 3225.00076746
309000 3225.00076746
310000 3225.00076746
311000 3225.00076746
312000 3225.00076746
313000 9196.99474271
314000 9196.99474271
315000 9196.99474271
316000 9196.99474271
317000 9196.99474271
318000 9196.99474271
319000 9215.99647333
320000 9215.99647333
321000 9234.99820395
322000 9234.99820395
323000 9234.99820395
324000 9234.99820395
325000 9234.99820395
326000 10299.8002342
327000 11364.6022645
328000 11364.6022645
329000 11364.6022645
330000 11364.6022645
331000 9497.06722667
332000 7629.53218884
333000 7629.53218884
334000 7629.53218884
335000 7629.53218884
336000 7629.53218884
337000 7629.53218884
338000 7629.53218884
339000 7629.53218884
340000 7766.0
341000 7766.0
342000 7766.0
343000 7766.0
344000 7766.0
345000 7766.0
346000 7766.0
347000 7766.0
348000 4290.06213266
349000 4290.06213266
350000 4290.06213266
351000 4290.06213266
352000 4290.06213266
