0 4314.63122924
1000 4314.63122924
2000 4198.17835498
3000 1583.71910871
4000 1583.71910871
5000 1583.71910871
6000 1032.24137931
7000 3267.08699397
8000 4451.77660695
9000 4455.77570093
10000 2684.57236304
11000 4056.04120677
12000 4056.04120677
13000 4490.92292292
14000 4183.24004086
15000 4266.15384615
16000 4392.08821035
17000 4250.78769492
18000 4109.48717949
19000 2624.55057351
20000 2624.55057351
21000 3897.71617162
22000 4602.08706705
23000 4602.08706705
24000 4602.08706705
25000 4602.08706705
26000 4602.08706705
27000 4602.08706705
28000 4602.08706705
29000 4532.18628719
30000 4532.18628719
31000 4532.18628719
32000 4532.18628719
33000 4532.18628719
34000 4532.18628719
35000 4686.23000505
36000 4686.23000505
37000 4686.23000505
38000 4686.23000505
39000 4686.23000505
40000 4686.23000505
41000 4734.67383739
42000 4734.67383739
43000 4734.67383739
44000 4734.67383739
45000 4734.67383739
46000 4734.67383739
47000 4722.57081237
48000 4722.57081237
49000 4722.57081237
50000 4722.57081237
51000 4722.57081237
52000 4722.57081237
53000 4698.54877193
54000 4698.54877193
55000 4698.54877193
56000 4698.54877193
57000 4698.54877193
58000 4698.54877193
59000 4709.62968326
60000 4709.62968326
61000 4709.62968326
62000 4709.62968326
63000 4709.62968326
64000 4661.28667564
65000 4661.28667564
66000 4661.28667564
67000 4661.28667564
68000 4661.28667564
69000 4661.28667564
70000 4722.5281018
71000 4722.5281018
72000 4722.5281018
73000 4722.5281018
74000 4722.5281018
75000 4722.5281018
76000 4726.89029471
77000 4726.89029471
78000 4726.89029471
79000 4726.89029471
80000 4726.89029471
81000 4726.89029471
82000 4726.89029471
83000 4634.51819045
84000 4634.51819045
85000 4634.51819045
86000 4634.51819045
87000 4634.51819045
88000 4634.51819045
89000 4689.42861773
90000 4689.42861773
91000 4689.42861773
92000 4689.42861773
93000 4689.42861773
94000 4689.42861773
95000 4623.49054726
96000 4623.49054726
97000 4623.49054726
98000 4623.49054726
99000 4623.49054726
100000 4623.49054726
101000 4625.68321439
102000 4627.87588152
103000 4627.87588152
104000 4627.87588152
105000 4627.87588152
106000 4627.87588152
107000 4558.81148725
108000 4558.81148725
109000 4558.81148725
110000 4558.81148725
111000 4558.81148725
112000 4558.81148725
113000 4558.81148725
114000 3204.47660751
115000 3204.47660751
116000 3204.47660751
117000 3204.47660751
118000 3204.47660751
119000 3204.47660751
120000 3204.47660751
121000 3204.47660751
122000 3759.55391837
123000 4314.63122924
124000 4198.17835498
125000 1583.71910871
126000 1583.71910871
127000 1583.71910871
128000 1032.24137931
129000 3267.08699397
130000 4451.77660695
131000 4455.77570093
132000 2684.57236304
133000 4056.04120677
134000 4056.04120677
135000 4490.92292292
136000 4183.24004086
137000 4266.15384615
138000 4392.08821035
139000 4109.48717949
140000 4109.48717949
141000 2624.55057351
142000 2624.55057351
143000 3897.71617162
144000 4602.08706705
145000 4602.08706705
146000 4602.08706705
147000 4602.08706705
148000 4602.08706705
149000 4602.08706705
150000 4567.13667712
151000 4532.18628719
152000 4532.18628719
153000 4532.18628719
154000 4532.18628719
155000 4532.18628719
156000 4532.18628719
157000 4686.23000505
158000 4686.23000505
159000 4686.23000505
160000 4686.23000505
161000 4686.23000505
162000 4686.23000505
163000 4734.67383739
164000 4734.67383739
165000 4734.67383739
166000 4734.67383739
167000 4734.67383739
168000 4734.67383739
169000 4722.57081237
170000 4722.57081237
171000 4722.57081237
172000 4722.57081237
173000 4722.57081237
174000 4722.57081237
175000 4698.54877193
176000 4698.54877193
177000 4698.54877193
178000 4698.54877193
179000 4698.54877193
180000 4698.54877193
181000 4709.62968326
182000 4709.62968326
183000 4709.62968326
184000 4709.62968326
185000 4709.62968326
186000 4661.28667564
187000 4661.28667564
188000 4661.28667564
189000 4661.28667564
190000 4661.28667564
191000 4661.28667564
192000 4722.5281018
193000 4722.5281018
194000 4722.5281018
195000 4722.5281018
196000 4722.5281018
197000 4722.5281018
198000 4726.89029471
199000 4726.89029471
200000 4726.89029471
201000 4726.89029471
202000 4726.89029471
203000 4726.89029471
204000 4726.89029471
205000 4634.51819045
206000 4634.51819045
207000 4634.51819045
208000 4634.51819045
209000 4634.51819045
210000 4634.51819045
211000 4689.42861773
212000 4689.42861773
213000 4689.42861773
214000 4689.42861773
215000 4689.42861773
216000 4689.42861773
217000 4623.49054726
218000 4623.49054726
219000 4623.49054726
220000 4623.49054726
221000 4623.49054726
222000 4623.49054726
223000 4627.87588152
224000 4627.87588152
225000 4627.87588152
226000 4627.87588152
227000 4627.87588152
228000 4627.87588152
229000 4558.81148725
230000 4558.81148725
231000 4558.81148725
232000 4558.81148725
233000 4558.81148725
234000 4558.81148725
235000 4558.81148725
236000 3204.47660751
237000 3204.47660751
238000 3204.47660751
239000 3204.47660751
240000 3204.47660751
241000 3204.47660751
242000 3204.47660751
243000 3204.47660751
