0 2900.13428281
1000 2900.13428281
2000 2900.13428281
3000 2900.13428281
4000 2970.76843734
5000 2970.76843734
6000 3603.60770578
7000 1086.6879056
8000 1086.6879056
9000 2795.17249541
10000 4503.65708522
11000 4503.65708522
12000 4867.38903672
13000 4867.38903672
14000 4722.57577347
15000 4722.57577347
16000 3997.99187359
17000 3997.99187359
18000 1806.64869151
19000 1806.64869151
20000 1806.64869151
21000 1806.64869151
22000 1806.64869151
23000 1115.79781962
24000 3368.65628944
25000 3368.65628944
26000 3368.65628944
27000 3368.65628944
28000 3368.65628944
29000 1422.56601702
30000 2845.13203404
31000 2845.13203404
32000 2845.13203404
33000 2845.13203404
34000 2845.13203404
35000 2845.13203404
36000 2845.13203404
37000 6587.6256787
38000 6587.6256787
39000 6587.6256787
40000 3124.68011188
41000 3124.68011188
42000 3124.68011188
43000 3124.68011188
44000 3124.68011188
45000 3124.68011188
46000 3124.68011188
47000 5457.4164484
48000 5457.4164484
49000 5457.4164484
50000 5457.4164484
51000 5598.04291845
52000 5598.04291845
53000 5598.04291845
54000 5598.04291845
55000 5968.0221914
56000 5968.0221914
57000 5968.0221914
58000 5968.0221914
59000 2535.09848114
60000 2535.09848114
61000 2535.09848114
62000 2535.09848114
63000 2535.09848114
64000 2535.09848114
65000 2535.09848114
66000 2535.09848114
67000 5840.78483835
68000 5840.78483835
69000 5840.78483835
70000 5840.78483835
71000 5110.28235294
72000 5110.28235294
73000 5110.28235294
74000 5110.28235294
75000 4594.79511654
76000 4594.79511654
77000 4594.79511654
78000 4594.79511654
79000 4594.79511654
80000 3657.29155313
81000 3657.29155313
82000 3657.29155313
83000 3657.29155313
84000 3657.29155313
85000 3657.29155313
86000 6983.63254593
87000 6983.63254593
88000 6983.63254593
89000 5911.53205849
90000 5911.53205849
91000 5911.53205849
92000 5911.53205849
93000 7096.03701256
94000 7096.03701256
95000 7096.03701256
96000 6380.60268478
97000 5665.168357
98000 5665.168357
99000 5665.168357
100000 4282.6513199
101000 2900.13428281
102000 2900.13428281
103000 2970.76843734
104000 2970.76843734
105000 3603.60770578
106000 1086.6879056
107000 1086.6879056
108000 2795.17249541
109000 4503.65708522
110000 4503.65708522
111000 4867.38903672
112000 4867.38903672
113000 4722.57577347
114000 4722.57577347
115000 3997.99187359
116000 3997.99187359
117000 1806.64869151
118000 1806.64869151
119000 1806.64869151
120000 1806.64869151
121000 1806.64869151
122000 1115.79781962
123000 3368.65628944
124000 3368.65628944
125000 3368.65628944
126000 3368.65628944
127000 3368.65628944
128000 1422.56601702
129000 2845.13203404
130000 2845.13203404
131000 2845.13203404
132000 2845.13203404
133000 2845.13203404
134000 2845.13203404
135000 2845.13203404
136000 6587.6256787
137000 6587.6256787
138000 6587.6256787
139000 3124.68011188
140000 3124.68011188
141000 3124.68011188
142000 3124.68011188
143000 3124.68011188
144000 3124.68011188
145000 3124.68011188
146000 5457.4164484
147000 5457.4164484
148000 5457.4164484
149000 5457.4164484
150000 5598.04291845
151000 5598.04291845
152000 5598.04291845
153000 5598.04291845
154000 5968.0221914
155000 5968.0221914
156000 5968.0221914
157000 5968.0221914
158000 2535.09848114
159000 2535.09848114
160000 2535.09848114
161000 2535.09848114
162000 2535.09848114
163000 2535.09848114
164000 2535.09848114
165000 2535.09848114
166000 5840.78483835
167000 5840.78483835
168000 5840.78483835
169000 5840.78483835
170000 5110.28235294
171000 5110.28235294
172000 5110.28235294
173000 5110.28235294
174000 4594.79511654
175000 4594.79511654
176000 4594.79511654
177000 4594.79511654
178000 4594.79511654
179000 3657.29155313
180000 3657.29155313
181000 3657.29155313
182000 3657.29155313
183000 3657.29155313
184000 3657.29155313
185000 6983.63254593
186000 6983.63254593
187000 6983.63254593
188000 5911.53205849
189000 5911.53205849
190000 5911.53205849
191000 5911.53205849
192000 7096.03701256
193000 7096.03701256
194000 7096.03701256
195000 6380.60268478
196000 5665.168357
197000 5665.168357
198000 5665.168357
