0 4376.05491991
1000 4376.05491991
2000 4376.05491991
3000 5429.44
4000 6201.27935223
5000 9425.77043765
6000 9425.77043765
7000 9029.43900911
8000 8633.10758057
9000 8633.10758057
10000 13505.8294885
11000 13505.8294885
12000 16116.3833496
13000 18726.9372108
14000 18726.9372108
15000 14524.506111
16000 10322.0750113
17000 10322.0750113
18000 10322.0750113
19000 9192.15686275
20000 9192.15686275
21000 6937.74447646
22000 4683.33209018
23000 4683.33209018
24000 4683.33209018
25000 4683.33209018
26000 4683.33209018
27000 4683.33209018
28000 4851.43486239
29000 4851.43486239
30000 4851.43486239
31000 4851.43486239
32000 4851.43486239
33000 4285.37356322
34000 4285.37356322
35000 4285.37356322
36000 4285.37356322
37000 4285.37356322
38000 3828.00811258
39000 3370.64266195
40000 3370.64266195
41000 3370.64266195
42000 3370.64266195
43000 3370.64266195
44000 3370.64266195
45000 2559.68402977
46000 5119.36805953
47000 5119.36805953
48000 5119.36805953
49000 10280.0458307
50000 10280.0458307
51000 10658.9452736
52000 10658.9452736
53000 7395.34189805
54000 7395.34189805
55000 7395.34189805
56000 6959.26806953
57000 6959.26806953
58000 3651.32724342
59000 3651.32724342
60000 5735.39776952
61000 5735.39776952
62000 5735.39776952
63000 5735.39776952
64000 5735.39776952
65000 5503.56388416
66000 5503.56388416
67000 5503.56388416
68000 5503.56388416
69000 5503.56388416
70000 4375.5036855
71000 4375.5036855
72000 4375.5036855
73000 4375.5036855
74000 4375.5036855
75000 4375.5036855
76000 4375.5036855
77000 5373.86321327
78000 5373.86321327
79000 5373.86321327
80000 5373.86321327
81000 5373.86321327
82000 6427.7671557
83000 6427.7671557
84000 6427.7671557
85000 6427.7671557
86000 6427.7671557
87000 3243.0345988
88000 3243.0345988
89000 3243.0345988
90000 3243.0345988
91000 3243.0345988
92000 3243.0345988
93000 3243.0345988
94000 3243.0345988
95000 3243.0345988
96000 3436.05980952
97000 3629.08502024
98000 3629.08502024
99000 3629.08502024
100000 3629.08502024
101000 3629.08502024
102000 3629.08502024
103000 4665.59646702
104000 4665.59646702
105000 4665.59646702
106000 4665.59646702
107000 4317.84889946
108000 4317.84889946
109000 4317.84889946
110000 5032.61538462
111000 5032.61538462
112000 5032.61538462
113000 5032.61538462
114000 2507.42714819
115000 2507.42714819
116000 4166.52274755
117000 4166.52274755
118000 4166.52274755
119000 4166.52274755
120000 4166.52274755
121000 4166.52274755
122000 5278.72778815
123000 6390.93282876
124000 6390.93282876
125000 5095.58026625
126000 5095.58026625
127000 5095.58026625
128000 5330.88773748
129000 5330.88773748
130000 3151.4899203
131000 3151.4899203
132000 3151.4899203
133000 3151.4899203
134000 358.996756757
135000 5988.33114323
136000 5988.33114323
137000 5988.33114323
138000 4881.28475436
139000 3774.23836549
140000 3774.23836549
141000 4400.86699507
142000 4400.86699507
143000 4400.86699507
144000 4400.86699507
145000 4400.86699507
146000 4400.86699507
147000 6807.32629511
148000 6807.32629511
149000 6807.32629511
150000 6807.32629511
151000 6044.88927062
152000 5282.45224613
153000 5282.45224613
154000 5282.45224613
155000 5282.45224613
156000 5282.45224613
157000 7022.21787982
158000 7022.21787982
159000 7022.21787982
160000 7022.21787982
161000 6217.29107752
162000 6217.29107752
163000 6217.29107752
164000 6217.29107752
165000 6284.4602756
166000 6351.62947368
167000 6351.62947368
168000 6351.62947368
169000 6351.62947368
170000 6097.48191375
171000 5843.33435382
172000 5843.33435382
173000 5843.33435382
174000 5843.33435382
175000 2084.95459316
176000 2084.95459316
177000 2084.95459316
178000 2084.95459316
179000 2084.95459316
180000 2084.95459316
181000 2084.95459316
182000 2084.95459316
183000 2084.95459316
184000 2084.95459316
185000 2084.95459316
186000 2084.95459316
187000 2084.95459316
188000 2084.95459316
189000 2084.95459316
190000 3157.95131451
191000 4449.4961039
192000 4449.4961039
193000 4963.2
194000 3281.57527594
195000 3281.57527594
196000 3281.57527594
197000 3440.49521666
198000 3440.49521666
199000 4567.33584906
200000 4030.03864091
201000 3522.81251087
202000 3015.58638083
203000 3015.58638083
204000 2904.86857143
205000 2904.86857143
206000 2855.15962714
207000 2805.45068285
208000 2805.45068285
209000 3563.67306326
210000 3563.67306326
211000 6910.57430894
212000 6910.57430894
213000 6910.57430894
214000 4505.80848398
215000 4505.80848398
216000 4505.80848398
217000 4505.80848398
218000 4505.80848398
219000 4505.80848398
220000 2676.0367515
221000 2676.0367515
222000 2676.0367515
223000 2676.0367515
224000 2676.0367515
225000 2676.0367515
226000 2676.0367515
227000 2676.0367515
228000 2676.0367515
229000 1328.06132311
230000 1328.06132311
231000 1328.06132311
232000 1328.06132311
233000 1328.06132311
234000 1328.06132311
235000 1448.82816935
236000 1481.78434269
237000 3067.72557316
238000 3067.72557316
239000 4376.05491991
240000 5798.81588448
241000 6201.27935223
242000 9425.77043765
243000 9425.77043765
244000 8633.10758057
245000 8633.10758057
246000 8633.10758057
247000 13505.8294885
248000 13505.8294885
249000 16116.3833496
250000 18726.9372108
251000 18726.9372108
252000 14524.506111
253000 10322.0750113
254000 10322.0750113
255000 9757.11593702
256000 9192.15686275
257000 9192.15686275
258000 4683.33209018
259000 4683.33209018
260000 4683.33209018
261000 4683.33209018
262000 4683.33209018
263000 4683.33209018
264000 4767.38347629
265000 4851.43486239
266000 4851.43486239
267000 4851.43486239
268000 4851.43486239
269000 4568.4042128
270000 4285.37356322
271000 4285.37356322
272000 4285.37356322
273000 4285.37356322
274000 4285.37356322
275000 3370.64266195
276000 3370.64266195
277000 3370.64266195
278000 3370.64266195
279000 3370.64266195
280000 3370.64266195
281000 3370.64266195
282000 5119.36805953
283000 5119.36805953
284000 5119.36805953
285000 5119.36805953
286000 10280.0458307
287000 10280.0458307
288000 10658.9452736
289000 10658.9452736
290000 7395.34189805
291000 7395.34189805
292000 7395.34189805
293000 6959.26806953
294000 6959.26806953
295000 3651.32724342
296000 3651.32724342
297000 5735.39776952
298000 5735.39776952
299000 5735.39776952
300000 5735.39776952
301000 5619.48082684
302000 5503.56388416
303000 5503.56388416
304000 5503.56388416
305000 5503.56388416
306000 5503.56388416
307000 4375.5036855
308000 4375.5036855
309000 4375.5036855
310000 4375.5036855
311000 4375.5036855
312000 4375.5036855
313000 4375.5036855
314000 5373.86321327
315000 5373.86321327
316000 5373.86321327
317000 5373.86321327
318000 5373.86321327
319000 6427.7671557
320000 6427.7671557
321000 6427.7671557
322000 6427.7671557
323000 4835.40087725
324000 3243.0345988
325000 3243.0345988
326000 3243.0345988
327000 3243.0345988
328000 3243.0345988
329000 3243.0345988
330000 3243.0345988
331000 3243.0345988
332000 3243.0345988
333000 3629.08502024
334000 3629.08502024
335000 3629.08502024
336000 3629.08502024
337000 3629.08502024
338000 3629.08502024
339000 3629.08502024
340000 4665.59646702
341000 4665.59646702
342000 4665.59646702
343000 4491.72268324
344000 4317.84889946
345000 4317.84889946
346000 4317.84889946
347000 5032.61538462
348000 5032.61538462
349000 5032.61538462
350000 5032.61538462
351000 2507.42714819
352000 4166.52274755
353000 4166.52274755
354000 4166.52274755
355000 4166.52274755
356000 4166.52274755
357000 4166.52274755
358000 4166.52274755
359000 5278.72778815
360000 6390.93282876
361000 6390.93282876
362000 5095.58026625
363000 5095.58026625
364000 5330.88773748
365000 5330.88773748
366000 5330.88773748
367000 3151.4899203
368000 3151.4899203
369000 3151.4899203
370000 3151.4899203
371000 358.996756757
372000 5988.33114323
373000 5988.33114323
374000 5988.33114323
375000 4881.28475436
376000 3774.23836549
377000 4400.86699507
378000 4400.86699507
379000 4400.86699507
380000 4400.86699507
381000 4400.86699507
382000 4400.86699507
383000 4400.86699507
384000 6807.32629511
385000 6807.32629511
386000 6807.32629511
387000 6807.32629511
388000 5282.45224613
389000 5282.45224613
390000 5282.45224613
391000 5282.45224613
392000 5282.45224613
393000 5282.45224613
394000 7022.21787982
395000 7022.21787982
396000 7022.21787982
397000 7022.21787982
398000 6217.29107752
399000 6217.29107752
400000 6217.29107752
401000 6217.29107752
402000 6351.62947368
403000 6351.62947368
404000 6351.62947368
405000 6351.62947368
406000 6351.62947368
407000 5843.33435382
408000 5843.33435382
409000 5843.33435382
410000 5843.33435382
411000 5843.33435382
412000 2084.95459316
413000 2084.95459316
414000 2084.95459316
415000 2084.95459316
416000 2084.95459316
417000 2084.95459316
418000 2084.95459316
419000 2084.95459316
420000 2084.95459316
421000 2084.95459316
422000 2084.95459316
423000 2084.95459316
424000 2084.95459316
425000 2084.95459316
426000 2621.45295383
427000 3157.95131451
428000 4449.4961039
429000 4706.34805195
430000 4963.2
431000 3281.57527594
432000 3281.57527594
433000 3281.57527594
434000 3440.49521666
435000 4003.91553286
436000 4567.33584906
437000 4030.03864091
438000 3015.58638083
439000 3015.58638083
440000 3015.58638083
441000 2904.86857143
442000 2904.86857143
443000 2805.45068285
444000 2805.45068285
445000 2805.45068285
446000 3563.67306326
447000 3563.67306326
448000 6910.57430894
449000 6910.57430894
450000 6910.57430894
451000 4505.80848398
452000 4505.80848398
453000 4505.80848398
454000 4505.80848398
455000 4505.80848398
456000 3590.92261774
457000 2676.0367515
458000 2676.0367515
459000 2676.0367515
460000 2676.0367515
461000 2676.0367515
462000 2676.0367515
463000 2676.0367515
464000 2676.0367515
465000 2676.0367515
466000 1328.06132311
467000 1328.06132311
468000 1328.06132311
469000 1328.06132311
470000 1328.06132311
471000 1328.06132311
472000 1569.59501558
473000 1481.78434269
