0 3031.95100041
1000 3031.95100041
2000 3031.95100041
3000 3031.95100041
4000 3031.95100041
5000 3031.95100041
6000 3031.95100041
7000 3031.95100041
8000 3031.95100041
9000 3189.5834689
10000 3189.5834689
11000 3347.21593739
12000 3347.21593739
13000 3347.21593739
14000 3739.35905045
15000 3739.35905045
16000 3739.35905045
17000 4070.57112828
18000 4401.78320611
19000 4401.78320611
20000 4401.78320611
21000 7603.46507405
22000 10805.146942
23000 9572.75528918
24000 8340.36363636
25000 5469.62626262
26000 6023.89695503
27000 9448.90502117
28000 9448.90502117
29000 9448.90502117
30000 9448.90502117
31000 9448.90502117
32000 4904.43467832
33000 359.964335469
34000 359.964335469
35000 359.964335469
36000 359.964335469
37000 359.964335469
38000 359.964335469
39000 359.964335469
40000 359.964335469
41000 7256.19268915
42000 7256.19268915
43000 7256.19268915
44000 7256.19268915
45000 3628.09634457
46000 4370.82527881
47000 4370.82527881
48000 4370.82527881
49000 3913.23975139
50000 3455.65422397
51000 3455.65422397
52000 3455.65422397
53000 3455.65422397
54000 4161.29147982
55000 4161.29147982
56000 4161.29147982
57000 4596.00661286
58000 5030.72174591
59000 5030.72174591
60000 7144.81700239
61000 9258.91225887
62000 9258.91225887
63000 9258.91225887
64000 9258.91225887
65000 9258.91225887
66000 8889.70089848
67000 8889.70089848
68000 8520.4895381
69000 8520.4895381
70000 8520.4895381
71000 8520.4895381
72000 8520.4895381
73000 8520.4895381
74000 9350.8913306
75000 10181.2931231
76000 10181.2931231
77000 10181.2931231
78000 10181.2931231
79000 9543.5230131
80000 9543.5230131
81000 8905.7529031
82000 8905.7529031
83000 8905.7529031
84000 8905.7529031
85000 8905.7529031
86000 9773.4151144
87000 9773.4151144
88000 10641.0773257
89000 10641.0773257
90000 10641.0773257
91000 10641.0773257
92000 10830.9100184
93000 10830.9100184
94000 11020.742711
95000 11020.742711
96000 11020.742711
97000 11020.742711
98000 8219.39406406
99000 5418.04541711
100000 5418.04541711
101000 5418.04541711
102000 5418.04541711
103000 5418.04541711
104000 5418.04541711
105000 5418.04541711
106000 5418.04541711
107000 5418.04541711
108000 14642.9950996
109000 14642.9950996
110000 14642.9950996
111000 12335.9157267
112000 12335.9157267
113000 10028.8363538
114000 10028.8363538
115000 10028.8363538
116000 10028.8363538
117000 5070.0007856
118000 1571.5581089
119000 1571.5581089
120000 1571.5581089
121000 1571.5581089
122000 1571.5581089
123000 1571.5581089
124000 3031.95100041
125000 3031.95100041
126000 3031.95100041
127000 3189.5834689
128000 3189.5834689
129000 3347.21593739
130000 3347.21593739
131000 3347.21593739
132000 3739.35905045
133000 3739.35905045
134000 3739.35905045
135000 4070.57112828
136000 4401.78320611
137000 4401.78320611
138000 4401.78320611
139000 10805.146942
140000 10805.146942
141000 8340.36363636
142000 8340.36363636
143000 5469.62626262
144000 6023.89695503
145000 9448.90502117
146000 9448.90502117
147000 9448.90502117
148000 9448.90502117
149000 4904.43467832
150000 4904.43467832
151000 359.964335469
152000 359.964335469
153000 359.964335469
154000 359.964335469
155000 359.964335469
156000 359.964335469
157000 359.964335469
158000 3808.07851231
159000 7256.19268915
160000 7256.19268915
161000 7256.19268915
162000 7256.19268915
163000 2185.4126394
164000 4370.82527881
165000 4370.82527881
166000 4370.82527881
167000 3455.65422397
168000 3455.65422397
169000 3455.65422397
170000 3455.65422397
171000 3455.65422397
172000 4161.29147982
173000 4161.29147982
174000 4161.29147982
175000 4596.00661286
176000 5030.72174591
177000 5030.72174591
178000 7144.81700239
179000 9258.91225887
180000 9258.91225887
181000 9258.91225887
182000 9258.91225887
183000 9258.91225887
184000 8889.70089848
185000 8889.70089848
186000 8520.4895381
187000 8520.4895381
188000 8520.4895381
189000 8520.4895381
190000 8520.4895381
191000 9350.8913306
192000 10181.2931231
193000 10181.2931231
194000 10181.2931231
195000 10181.2931231
196000 10181.2931231
197000 9543.5230131
198000 9543.5230131
199000 8905.7529031
200000 8905.7529031
201000 8905.7529031
202000 8905.7529031
203000 8905.7529031
204000 9773.4151144
205000 9773.4151144
206000 10641.0773257
207000 10641.0773257
208000 10641.0773257
209000 10641.0773257
210000 10830.9100184
211000 10830.9100184
212000 11020.742711
213000 11020.742711
214000 11020.742711
215000 11020.742711
216000 8219.39406406
217000 5418.04541711
218000 5418.04541711
219000 5418.04541711
220000 5418.04541711
221000 5418.04541711
222000 5418.04541711
223000 5418.04541711
224000 5418.04541711
225000 10030.5202584
226000 14642.9950996
227000 14642.9950996
228000 14642.9950996
229000 12335.9157267
230000 12335.9157267
231000 10028.8363538
232000 10028.8363538
233000 10028.8363538
234000 5070.0007856
235000 5070.0007856
