0 3388.16236162
1000 3388.16236162
2000 3388.16236162
3000 3388.16236162
4000 3241.45412579
5000 3241.45412579
6000 2961.10107527
7000 2961.10107527
8000 2970.00421053
9000 2970.00421053
10000 1361.34417344
11000 1361.34417344
12000 1361.34417344
13000 1361.34417344
14000 1099.52442997
15000 1099.52442997
16000 1099.52442997
17000 1099.52442997
18000 1099.52442997
19000 779.760459395
20000 1559.52091879
21000 1559.52091879
22000 1559.52091879
23000 1559.52091879
24000 1559.52091879
25000 1559.52091879
26000 1559.52091879
27000 1559.52091879
28000 2904.54012739
29000 2904.54012739
30000 2904.54012739
31000 2904.54012739
32000 2904.54012739
33000 3023.67529741
34000 3342.96694935
35000 3662.2586013
36000 3662.2586013
37000 3662.2586013
38000 3662.2586013
39000 3662.2586013
40000 3662.2586013
41000 3662.2586013
42000 3662.2586013
43000 3662.2586013
44000 3695.69103448
45000 3695.69103448
46000 3695.69103448
47000 3695.69103448
48000 3695.69103448
49000 3695.69103448
50000 3695.69103448
51000 3695.69103448
52000 3784.20821918
53000 3784.20821918
54000 3784.20821918
55000 3784.20821918
56000 3784.20821918
57000 3784.20821918
58000 3784.20821918
59000 3784.20821918
60000 3784.20821918
61000 3772.04745017
62000 3772.04745017
63000 3772.04745017
64000 3772.04745017
65000 3772.04745017
66000 3772.04745017
67000 3772.04745017
68000 3772.04745017
69000 3785.15651135
70000 3785.15651135
71000 3785.15651135
72000 3785.15651135
73000 3785.15651135
74000 3785.15651135
75000 3785.15651135
76000 3785.15651135
77000 3785.15651135
78000 3666.32068645
79000 3666.32068645
80000 3666.32068645
81000 3666.32068645
82000 3666.32068645
83000 3666.32068645
84000 3666.32068645
85000 3666.32068645
86000 3666.32068645
87000 3666.32068645
88000 3786.09910098
89000 3786.09910098
90000 3786.09910098
91000 3786.09910098
92000 3786.09910098
93000 3786.09910098
94000 3786.09910098
95000 3786.09910098
96000 3786.09910098
97000 3791.5877162
98000 3791.5877162
99000 3791.5877162
100000 3791.5877162
101000 3791.5877162
102000 3791.5877162
103000 3791.5877162
104000 3791.5877162
105000 3791.5877162
106000 3601.44480449
107000 3601.44480449
108000 3601.44480449
109000 3601.44480449
110000 3601.44480449
111000 3601.44480449
112000 3601.44480449
113000 3601.44480449
114000 3601.44480449
115000 3778.34146341
116000 3778.34146341
117000 3778.34146341
118000 3778.34146341
119000 3778.34146341
120000 3778.34146341
121000 3778.34146341
122000 3778.34146341
123000 3778.34146341
124000 3738.54606932
125000 3738.54606932
126000 3738.54606932
127000 3738.54606932
128000 3738.54606932
129000 3738.54606932
130000 3738.54606932
131000 3738.54606932
132000 3738.54606932
133000 3738.54606932
134000 2036.89177785
135000 2036.89177785
136000 2036.89177785
137000 2036.89177785
138000 2036.89177785
139000 2036.89177785
140000 2036.89177785
141000 2036.89177785
142000 2036.89177785
143000 2036.89177785
144000 2036.89177785
145000 2036.89177785
146000 2036.89177785
147000 2036.89177785
148000 2036.89177785
149000 2036.89177785
150000 2036.89177785
151000 921.914880773
152000 921.914880773
153000 921.914880773
154000 921.914880773
155000 1331.93794415
156000 1331.93794415
157000 1331.93794415
158000 1331.93794415
159000 1331.93794415
160000 1331.93794415
161000 1331.93794415
162000 1331.93794415
163000 1331.93794415
164000 1331.93794415
165000 2976.20669407
166000 2976.20669407
167000 2976.20669407
168000 3346.37474815
169000 3346.37474815
170000 3346.37474815
171000 3418.13550136
172000 3418.13550136
173000 3418.13550136
174000 3341.42878013
175000 3341.42878013
176000 3341.42878013
177000 3267.41859583
178000 3267.41859583
179000 3267.41859583
180000 3669.99479618
181000 3669.99479618
182000 3669.99479618
183000 3669.99479618
184000 3669.99479618
185000 3669.99479618
186000 3669.99479618
187000 3669.99479618
188000 3669.99479618
189000 3794.01654669
190000 3794.01654669
191000 3794.01654669
192000 3794.01654669
193000 3794.01654669
194000 3794.01654669
195000 3794.01654669
196000 3794.01654669
197000 3794.01654669
198000 3757.00827334
199000 3720.0
200000 3720.0
201000 3720.0
202000 3720.0
203000 3720.0
204000 3720.0
205000 3720.0
206000 3720.0
207000 3720.0
208000 3779.67191245
209000 3779.67191245
210000 3779.67191245
211000 3779.67191245
212000 3779.67191245
213000 3779.67191245
214000 3779.67191245
215000 3779.67191245
216000 3779.67191245
217000 3778.99315179
218000 3778.31439114
219000 3778.31439114
220000 3778.31439114
221000 3778.31439114
222000 3778.31439114
223000 3778.31439114
224000 3778.31439114
225000 3778.31439114
226000 3778.31439114
227000 2713.03790968
228000 2713.03790968
229000 2713.03790968
230000 2713.03790968
231000 2713.03790968
232000 2713.03790968
233000 2713.03790968
234000 2713.03790968
235000 2713.03790968
236000 2713.03790968
237000 2713.03790968
238000 2713.03790968
239000 2713.03790968
240000 2747.7058548
241000 2747.7058548
242000 2747.7058548
243000 2747.7058548
244000 2747.7058548
245000 2747.7058548
246000 2747.7058548
247000 2747.7058548
248000 2747.7058548
249000 2747.7058548
250000 2747.7058548
251000 2747.7058548
252000 2747.7058548
253000 3351.351854
254000 3351.351854
255000 3351.351854
256000 3351.351854
257000 3351.351854
258000 3351.351854
259000 3351.351854
260000 3351.351854
261000 3351.351854
262000 3353.12247771
263000 3353.12247771
264000 3370.64241967
265000 3388.16236162
266000 3388.16236162
267000 3388.16236162
268000 3241.45412579
269000 3241.45412579
270000 2961.10107527
271000 2965.5526429
272000 2970.00421053
273000 2165.67419199
274000 1361.34417344
275000 1361.34417344
276000 1361.34417344
277000 1361.34417344
278000 1099.52442997
279000 1099.52442997
280000 1099.52442997
281000 1099.52442997
282000 1099.52442997
283000 1559.52091879
284000 1559.52091879
285000 1559.52091879
286000 1559.52091879
287000 1559.52091879
288000 1559.52091879
289000 1559.52091879
290000 1559.52091879
291000 1559.52091879
292000 2904.54012739
293000 2904.54012739
294000 2904.54012739
295000 2904.54012739
296000 2904.54012739
297000 3023.67529741
298000 3662.2586013
299000 3662.2586013
300000 3662.2586013
301000 3662.2586013
302000 3662.2586013
303000 3662.2586013
304000 3662.2586013
305000 3662.2586013
306000 3662.2586013
307000 3695.69103448
308000 3695.69103448
309000 3695.69103448
310000 3695.69103448
311000 3695.69103448
312000 3695.69103448
313000 3695.69103448
314000 3695.69103448
315000 3695.69103448
316000 3784.20821918
317000 3784.20821918
318000 3784.20821918
319000 3784.20821918
320000 3784.20821918
321000 3784.20821918
322000 3784.20821918
323000 3784.20821918
324000 3784.20821918
325000 3772.04745017
326000 3772.04745017
327000 3772.04745017
328000 3772.04745017
329000 3772.04745017
330000 3772.04745017
331000 3772.04745017
332000 3772.04745017
333000 3785.15651135
334000 3785.15651135
335000 3785.15651135
336000 3785.15651135
337000 3785.15651135
338000 3785.15651135
339000 3785.15651135
340000 3785.15651135
341000 3725.7385989
342000 3666.32068645
343000 3666.32068645
344000 3666.32068645
345000 3666.32068645
346000 3666.32068645
347000 3666.32068645
348000 3666.32068645
349000 3666.32068645
350000 3666.32068645
351000 3786.09910098
352000 3786.09910098
353000 3786.09910098
354000 3786.09910098
355000 3786.09910098
356000 3786.09910098
357000 3786.09910098
358000 3786.09910098
359000 3786.09910098
360000 3786.09910098
361000 3791.5877162
362000 3791.5877162
363000 3791.5877162
364000 3791.5877162
365000 3791.5877162
366000 3791.5877162
367000 3791.5877162
368000 3791.5877162
369000 3696.51626034
370000 3601.44480449
371000 3601.44480449
372000 3601.44480449
373000 3601.44480449
374000 3601.44480449
375000 3601.44480449
376000 3601.44480449
377000 3601.44480449
378000 3601.44480449
379000 3778.34146341
380000 3778.34146341
381000 3778.34146341
382000 3778.34146341
383000 3778.34146341
384000 3778.34146341
385000 3778.34146341
386000 3778.34146341
387000 3778.34146341
388000 3738.54606932
389000 3738.54606932
390000 3738.54606932
391000 3738.54606932
392000 3738.54606932
393000 3738.54606932
394000 3738.54606932
395000 3738.54606932
396000 3738.54606932
397000 2036.89177785
398000 2036.89177785
399000 2036.89177785
400000 2036.89177785
401000 2036.89177785
402000 2036.89177785
403000 2036.89177785
404000 2036.89177785
405000 2036.89177785
406000 2036.89177785
407000 2036.89177785
408000 2036.89177785
409000 2036.89177785
410000 2036.89177785
411000 2036.89177785
412000 2036.89177785
413000 2036.89177785
414000 2036.89177785
415000 921.914880773
416000 921.914880773
417000 921.914880773
418000 1331.93794415
419000 1331.93794415
420000 1331.93794415
421000 1331.93794415
422000 1331.93794415
423000 1331.93794415
424000 1331.93794415
425000 1331.93794415
426000 1331.93794415
427000 1331.93794415
428000 2976.20669407
429000 2976.20669407
430000 2976.20669407
431000 2976.20669407
432000 3346.37474815
433000 3346.37474815
434000 3346.37474815
435000 3418.13550136
436000 3418.13550136
437000 3418.13550136
438000 3341.42878013
439000 3341.42878013
440000 3341.42878013
441000 3267.41859583
442000 3267.41859583
443000 3669.99479618
444000 3669.99479618
445000 3669.99479618
446000 3669.99479618
447000 3669.99479618
448000 3669.99479618
449000 3669.99479618
450000 3669.99479618
451000 3669.99479618
452000 3669.99479618
453000 3794.01654669
454000 3794.01654669
455000 3794.01654669
456000 3794.01654669
457000 3794.01654669
458000 3794.01654669
459000 3794.01654669
460000 3794.01654669
461000 3794.01654669
462000 3720.0
463000 3720.0
464000 3720.0
465000 3720.0
466000 3720.0
467000 3720.0
468000 3720.0
469000 3720.0
470000 3720.0
471000 3779.67191245
472000 3779.67191245
473000 3779.67191245
474000 3779.67191245
475000 3779.67191245
476000 3779.67191245
477000 3779.67191245
478000 3779.67191245
479000 3779.67191245
480000 3779.67191245
481000 3778.31439114
482000 3778.31439114
483000 3778.31439114
484000 3778.31439114
485000 3778.31439114
486000 3778.31439114
487000 3778.31439114
488000 3778.31439114
489000 3778.31439114
490000 3778.31439114
491000 2713.03790968
492000 2713.03790968
493000 2713.03790968
494000 2713.03790968
495000 2713.03790968
496000 2713.03790968
497000 2713.03790968
498000 2713.03790968
499000 2713.03790968
500000 2713.03790968
501000 2713.03790968
502000 2713.03790968
503000 2713.03790968
504000 2747.7058548
505000 2747.7058548
506000 2747.7058548
507000 2747.7058548
508000 2747.7058548
509000 2747.7058548
510000 2747.7058548
511000 2747.7058548
512000 2747.7058548
513000 2747.7058548
514000 2747.7058548
515000 2747.7058548
516000 2747.7058548
517000 3351.351854
518000 3351.351854
519000 3351.351854
520000 3351.351854
521000 3351.351854
522000 3351.351854
523000 3351.351854
524000 3351.351854
525000 3351.351854
526000 3353.12247771
527000 3353.12247771
