0 2583.04340124
1000 2583.04340124
2000 2583.04340124
3000 2583.04340124
4000 2583.04340124
5000 3188.79788639
6000 2729.24816754
7000 1414.66307278
8000 1618.67564725
9000 1822.68822171
10000 1822.68822171
11000 2495.17159763
12000 2937.35031847
13000 3632.39118357
14000 4327.43204868
15000 3033.63636364
16000 3033.63636364
17000 4298.69468155
18000 4597.79865772
19000 4597.79865772
20000 3964.24691358
21000 3964.24691358
22000 4328.4483188
23000 6406.78651685
24000 12813.5730337
25000 12813.5730337
26000 10183.1215077
27000 7552.66998168
28000 7552.66998168
29000 7552.66998168
30000 7552.66998168
31000 6436.48978819
32000 5320.30959469
33000 5320.30959469
34000 5320.30959469
35000 5320.30959469
36000 5475.90132827
37000 5475.90132827
38000 5475.90132827
39000 5475.90132827
40000 7531.713376
41000 9587.52542373
42000 9587.52542373
43000 9587.52542373
44000 7430.92410953
45000 5274.32279534
46000 5274.32279534
47000 5274.32279534
48000 5274.32279534
49000 5188.32320478
50000 5102.32361423
51000 5102.32361423
52000 5102.32361423
53000 5102.32361423
54000 5102.32361423
55000 5102.32361423
56000 4354.63079223
57000 4354.63079223
58000 4354.63079223
59000 4354.63079223
60000 4354.63079223
61000 4354.63079223
62000 4354.63079223
63000 8064.60631579
64000 8064.60631579
65000 8064.60631579
66000 6195.46135458
67000 6195.46135458
68000 6195.46135458
69000 6195.46135458
70000 6195.46135458
71000 5094.68305824
72000 3993.9047619
73000 3993.9047619
74000 3993.9047619
75000 3993.9047619
76000 3993.9047619
77000 3993.9047619
78000 4803.91977013
79000 5613.93477836
80000 5613.93477836
81000 5613.93477836
82000 5613.93477836
83000 5613.93477836
84000 5859.04553449
85000 5859.04553449
86000 5859.04553449
87000 5859.04553449
88000 5859.04553449
89000 6381.06122449
90000 6381.06122449
91000 6381.06122449
92000 6381.06122449
93000 6381.06122449
94000 7367.47264478
95000 7367.47264478
96000 7367.47264478
97000 7367.47264478
98000 5644.29134675
99000 5644.29134675
100000 5644.29134675
101000 5644.29134675
102000 5644.29134675
103000 5078.77447516
104000 5078.77447516
105000 5078.77447516
106000 5078.77447516
107000 5078.77447516
108000 5541.72238738
109000 5541.72238738
110000 5541.72238738
111000 5541.72238738
112000 5541.72238738
113000 6212.83221477
114000 6212.83221477
115000 6212.83221477
116000 6212.83221477
117000 3834.19443441
118000 3834.19443441
119000 3834.19443441
120000 3834.19443441
121000 3834.19443441
122000 5169.0623719
123000 6503.9303094
124000 6503.9303094
125000 6503.9303094
126000 5734.16291445
127000 5734.16291445
128000 4158.60315785
129000 4158.60315785
130000 4158.60315785
131000 4158.60315785
132000 2583.04340124
133000 2959.02302697
134000 1364.62408377
135000 1414.66307278
136000 1618.67564725
137000 1822.68822171
138000 1822.68822171
139000 2495.17159763
140000 2937.35031847
141000 3632.39118357
142000 3680.53420616
143000 3033.63636364
144000 3033.63636364
145000 4298.69468155
146000 4597.79865772
147000 4597.79865772
148000 3964.24691358
149000 4146.34761619
150000 4328.4483188
151000 6406.78651685
152000 12813.5730337
153000 12813.5730337
154000 10183.1215077
155000 7552.66998168
156000 7552.66998168
157000 7552.66998168
158000 7552.66998168
159000 6436.48978819
160000 5320.30959469
161000 5320.30959469
162000 5320.30959469
163000 5320.30959469
164000 5475.90132827
165000 5475.90132827
166000 5475.90132827
167000 5475.90132827
168000 7531.713376
169000 9587.52542373
170000 9587.52542373
171000 9587.52542373
172000 7430.92410953
173000 5274.32279534
174000 5274.32279534
175000 5274.32279534
176000 5274.32279534
177000 5188.32320478
178000 5102.32361423
179000 5102.32361423
180000 5102.32361423
181000 5102.32361423
182000 5102.32361423
183000 5102.32361423
184000 4354.63079223
185000 4354.63079223
186000 4354.63079223
187000 4354.63079223
188000 4354.63079223
189000 4354.63079223
190000 4354.63079223
191000 8064.60631579
192000 8064.60631579
193000 8064.60631579
194000 6195.46135458
195000 6195.46135458
196000 6195.46135458
197000 6195.46135458
198000 6195.46135458
199000 5094.68305824
200000 3993.9047619
201000 3993.9047619
202000 3993.9047619
203000 3993.9047619
204000 3993.9047619
205000 3993.9047619
206000 4803.91977013
207000 5613.93477836
208000 5613.93477836
209000 5613.93477836
210000 5613.93477836
211000 5613.93477836
212000 5859.04553449
213000 5859.04553449
214000 5859.04553449
215000 5859.04553449
216000 5859.04553449
217000 6381.06122449
218000 6381.06122449
219000 6381.06122449
220000 6381.06122449
221000 6381.06122449
222000 7367.47264478
223000 7367.47264478
224000 7367.47264478
225000 7367.47264478
226000 5644.29134675
227000 5644.29134675
228000 5644.29134675
229000 5644.29134675
230000 5644.29134675
231000 5078.77447516
232000 5078.77447516
233000 5078.77447516
234000 5078.77447516
235000 5078.77447516
236000 5541.72238738
237000 5541.72238738
238000 5541.72238738
239000 5541.72238738
240000 5541.72238738
241000 6212.83221477
242000 6212.83221477
243000 6212.83221477
244000 5023.51332459
245000 3834.19443441
246000 3834.19443441
247000 3834.19443441
248000 3834.19443441
249000 3834.19443441
250000 6503.9303094
251000 6503.9303094
252000 6503.9303094
253000 6503.9303094
254000 5734.16291445
255000 5734.16291445
