0 1825.75124378
1000 1825.75124378
2000 1825.75124378
3000 1825.75124378
4000 1825.75124378
5000 1825.75124378
6000 1825.75124378
7000 1825.75124378
8000 2015.64212217
9000 2205.53300055
10000 2205.53300055
11000 3724.27771011
12000 3305.94473579
13000 2823.43145631
14000 2823.43145631
15000 2823.43145631
16000 5486.50187266
17000 5420.43914494
18000 5354.37641723
19000 5354.37641723
20000 5354.37641723
21000 2425.78142077
22000 2425.78142077
23000 5139.53402537
24000 5139.53402537
25000 5139.53402537
26000 5139.53402537
27000 2569.76701268
28000 3084.00823233
29000 3084.00823233
30000 3084.00823233
31000 3084.00823233
32000 5009.18645984
33000 6934.36468734
34000 6934.36468734
35000 5760.04508877
36000 4585.7254902
37000 4585.7254902
38000 4585.7254902
39000 6059.57315307
40000 6059.57315307
41000 5970.24194523
42000 5880.91073739
43000 5927.73852689
44000 5974.56631639
45000 5974.56631639
46000 5974.56631639
47000 5974.56631639
48000 7828.61704871
49000 9682.66778103
50000 9682.66778103
51000 10755.5005572
52000 11828.3333333
53000 11828.3333333
54000 9469.29911199
55000 9469.29911199
56000 7110.26489068
57000 7110.26489068
58000 7110.26489068
59000 7110.26489068
60000 7629.26816877
61000 8148.27144686
62000 8148.27144686
63000 8148.27144686
64000 8148.27144686
65000 7695.83428803
66000 7243.39712919
67000 7243.39712919
68000 7243.39712919
69000 8352.44748856
70000 9461.49784792
71000 9461.49784792
72000 9461.49784792
73000 9397.79526378
74000 9397.79526378
75000 9334.09267965
76000 9334.09267965
77000 9334.09267965
78000 9676.61967318
79000 10019.1466667
80000 10019.1466667
81000 10019.1466667
82000 8122.28919508
83000 6225.43172346
84000 6225.43172346
85000 6225.43172346
86000 6225.43172346
87000 6225.43172346
88000 8441.81436918
89000 10658.1970149
90000 10658.1970149
91000 10997.2133111
92000 11336.2296073
93000 11336.2296073
94000 11336.2296073
95000 10145.0532595
96000 8953.8769116
97000 8953.8769116
98000 8953.8769116
99000 10241.6713899
100000 11529.4658683
101000 11529.4658683
102000 11529.4658683
103000 8968.14384553
104000 6406.82182277
105000 6406.82182277
106000 6406.82182277
107000 4193.81015631
108000 4193.81015631
109000 1980.79848985
110000 1980.79848985
111000 3676.16386837
112000 3676.16386837
113000 3676.16386837
114000 4540.82634011
115000 5405.48881185
116000 5405.48881185
117000 5405.48881185
118000 4391.24871432
119000 3377.00861678
120000 3377.00861678
121000 3377.00861678
122000 5263.73056252
123000 5263.73056252
124000 5263.73056252
125000 3544.74090315
126000 3544.74090315
127000 3544.74090315
128000 3544.74090315
129000 3544.74090315
130000 1825.75124378
131000 1825.75124378
132000 2015.64212217
133000 2205.53300055
134000 2205.53300055
135000 3724.27771011
136000 3788.45801527
137000 2823.43145631
138000 2823.43145631
139000 2823.43145631
140000 5486.50187266
141000 5486.50187266
142000 5420.43914494
143000 5354.37641723
144000 5354.37641723
145000 3890.078919
146000 2425.78142077
147000 3782.65772307
148000 5139.53402537
149000 5139.53402537
150000 5139.53402537
151000 2569.76701268
152000 3084.00823233
153000 3084.00823233
154000 3084.00823233
155000 3084.00823233
156000 3084.00823233
157000 6934.36468734
158000 6934.36468734
159000 5760.04508877
160000 4585.7254902
161000 4585.7254902
162000 4585.7254902
163000 5322.64932164
164000 6059.57315307
165000 6059.57315307
166000 5880.91073739
167000 5880.91073739
168000 5974.56631639
169000 5974.56631639
170000 5974.56631639
171000 5974.56631639
172000 7828.61704871
173000 9682.66778103
174000 9682.66778103
175000 10755.5005572
176000 11828.3333333
177000 11828.3333333
178000 11828.3333333
179000 9469.29911199
180000 7110.26489068
181000 7110.26489068
182000 7110.26489068
183000 7110.26489068
184000 7629.26816877
185000 7629.26816877
186000 8148.27144686
187000 8148.27144686
188000 8148.27144686
189000 7695.83428803
190000 7243.39712919
191000 7243.39712919
192000 7243.39712919
193000 8352.44748856
194000 8352.44748856
195000 9461.49784792
196000 9461.49784792
197000 9461.49784792
198000 9397.79526378
199000 9334.09267965
200000 9334.09267965
201000 9334.09267965
202000 9676.61967318
203000 9676.61967318
204000 10019.1466667
205000 10019.1466667
206000 10019.1466667
207000 8122.28919508
208000 6225.43172346
209000 6225.43172346
210000 6225.43172346
211000 6225.43172346
212000 8441.81436918
213000 10658.1970149
214000 10658.1970149
215000 10997.2133111
216000 10997.2133111
217000 11336.2296073
218000 11336.2296073
219000 10145.0532595
220000 10145.0532595
221000 8953.8769116
222000 8953.8769116
223000 10241.6713899
224000 11529.4658683
225000 11529.4658683
226000 11529.4658683
227000 8968.14384553
228000 8968.14384553
229000 6406.82182277
230000 6406.82182277
231000 6406.82182277
232000 4193.81015631
233000 1980.79848985
234000 1980.79848985
235000 2828.48117911
236000 3676.16386837
237000 3676.16386837
238000 3676.16386837
239000 5405.48881185
240000 5405.48881185
241000 5405.48881185
242000 5405.48881185
243000 4391.24871432
244000 3377.00861678
245000 3377.00861678
246000 5263.73056252
247000 5263.73056252
248000 5263.73056252
