0 2735.41000878
1000 2735.41000878
2000 2735.41000878
3000 2735.41000878
4000 2735.41000878
5000 3019.95231788
6000 4670.8494382
7000 5015.74939759
8000 4212.2523342
9000 5176.96296296
10000 5501.97468354
11000 3117.59641256
12000 3076.78615575
13000 3144.02466598
14000 5370.35607321
15000 3144.23188406
16000 3050.31652989
17000 3560.99297424
18000 3078.98525074
19000 4360.95265423
20000 2704.99055614
21000 2556.24227441
22000 5189.58743455
23000 5189.58743455
24000 5189.58743455
25000 5189.58743455
26000 6011.72727273
27000 6011.72727273
28000 6011.72727273
29000 6011.72727273
30000 5700.17922927
31000 5388.63118581
32000 5388.63118581
33000 5388.63118581
34000 5388.63118581
35000 5626.27620064
36000 5626.27620064
37000 5626.27620064
38000 5626.27620064
39000 5626.27620064
40000 2302.78325938
41000 2302.78325938
42000 2302.78325938
43000 2302.78325938
44000 2302.78325938
45000 2302.78325938
46000 2302.78325938
47000 2302.78325938
48000 2302.78325938
49000 2302.78325938
50000 2302.78325938
51000 5983.68980875
52000 5983.68980875
53000 5983.68980875
54000 5983.68980875
55000 5998.4606414
56000 5998.4606414
57000 5998.4606414
58000 5998.4606414
59000 6016.36407649
60000 6016.36407649
61000 6016.36407649
62000 6016.36407649
63000 6043.6301286
64000 6043.6301286
65000 6043.6301286
66000 6043.6301286
67000 6043.6301286
68000 5714.83495146
69000 5714.83495146
70000 5714.83495146
71000 5714.83495146
72000 5714.83495146
73000 5986.80745342
74000 5986.80745342
75000 5986.80745342
76000 5986.80745342
77000 6016.0
78000 6016.0
79000 6016.0
80000 6016.0
81000 6016.0
82000 5860.42690946
83000 5860.42690946
84000 5860.42690946
85000 5860.42690946
86000 6029.53162212
87000 6029.53162212
88000 6029.53162212
89000 6029.53162212
90000 5959.96493425
91000 5959.96493425
92000 5959.96493425
93000 6030.40721262
94000 6030.40721262
95000 6030.40721262
96000 6030.40721262
97000 6030.40721262
98000 6030.40721262
99000 6039.30140845
100000 6039.30140845
101000 6039.30140845
102000 6039.30140845
103000 6039.30140845
104000 6005.88262584
105000 6005.88262584
106000 6005.88262584
107000 6005.88262584
108000 6050.05851703
109000 6050.05851703
110000 6050.05851703
111000 6050.05851703
112000 6050.05851703
113000 5542.68122936
114000 5542.68122936
115000 5542.68122936
116000 5542.68122936
117000 5541.28754972
118000 5539.89387008
119000 5539.89387008
120000 5539.89387008
121000 5539.89387008
122000 4010.56615878
123000 4010.56615878
124000 4010.56615878
125000 4010.56615878
126000 4010.56615878
127000 5692.12053778
128000 5692.12053778
129000 5692.12053778
130000 5692.12053778
131000 5625.87734445
132000 5559.63415113
133000 5559.63415113
134000 5559.63415113
135000 5559.63415113
136000 5559.63415113
137000 4666.01489506
138000 4666.01489506
139000 4666.01489506
140000 4666.01489506
141000 4666.01489506
142000 4666.01489506
143000 5386.23321555
144000 5386.23321555
145000 5386.23321555
146000 5386.23321555
147000 5386.23321555
148000 4812.59411362
149000 4812.59411362
150000 4812.59411362
151000 4812.59411362
152000 4812.59411362
153000 4812.59411362
154000 5355.37848606
155000 5355.37848606
156000 5355.37848606
157000 5355.37848606
158000 5536.99540474
159000 5536.99540474
160000 5536.99540474
161000 5536.99540474
162000 5536.99540474
163000 5536.99540474
164000 5431.9351304
165000 5431.9351304
166000 5431.9351304
167000 5431.9351304
168000 5221.16603333
169000 5010.39693625
170000 5010.39693625
171000 5010.39693625
172000 5010.39693625
173000 5483.58135444
174000 5483.58135444
175000 5483.58135444
176000 5483.58135444
177000 5483.58135444
178000 5341.68879137
179000 5341.68879137
180000 5341.68879137
181000 5341.68879137
182000 5341.68879137
183000 5412.22992786
184000 5412.22992786
185000 5412.22992786
186000 5412.22992786
187000 5412.22992786
188000 5602.01271094
189000 5602.01271094
190000 5602.01271094
191000 5602.01271094
192000 5419.35144033
193000 5419.35144033
194000 5419.35144033
195000 5419.35144033
196000 5419.35144033
197000 5332.27123226
198000 5332.27123226
199000 5332.27123226
200000 5332.27123226
201000 5332.27123226
202000 5737.04581006
203000 5737.04581006
204000 5737.04581006
205000 5737.04581006
206000 5568.93779904
207000 5568.93779904
208000 5568.93779904
209000 5568.93779904
210000 5568.93779904
211000 5456.50711093
212000 5456.50711093
213000 5456.50711093
214000 5456.50711093
215000 5456.50711093
216000 4421.21953958
217000 4421.21953958
218000 3578.31477418
219000 2735.41000878
220000 2735.41000878
221000 2735.41000878
222000 3019.95231788
223000 4670.8494382
224000 5015.74939759
225000 3435.84325109
226000 5176.96296296
227000 5501.97468354
228000 4957.11764706
229000 3097.19128416
230000 3144.02466598
231000 5370.35607321
232000 3144.23188406
233000 3050.31652989
234000 3560.99297424
235000 3078.98525074
236000 4360.95265423
237000 2704.99055614
238000 2556.24227441
239000 5189.58743455
240000 5189.58743455
241000 5189.58743455
242000 5189.58743455
243000 6011.72727273
244000 6011.72727273
245000 6011.72727273
246000 6011.72727273
247000 6011.72727273
248000 5388.63118581
249000 5388.63118581
250000 5388.63118581
251000 5388.63118581
252000 5626.27620064
253000 5626.27620064
254000 5626.27620064
255000 5626.27620064
256000 5626.27620064
257000 2302.78325938
258000 2302.78325938
259000 2302.78325938
260000 2302.78325938
261000 2302.78325938
262000 2302.78325938
263000 2302.78325938
264000 2302.78325938
265000 2302.78325938
266000 2302.78325938
267000 2302.78325938
268000 4143.23653407
269000 5983.68980875
270000 5983.68980875
271000 5983.68980875
272000 5998.4606414
273000 5998.4606414
274000 5998.4606414
275000 5998.4606414
276000 6016.36407649
277000 6016.36407649
278000 6016.36407649
279000 6016.36407649
280000 6029.99710254
281000 6043.6301286
282000 6043.6301286
283000 6043.6301286
284000 6043.6301286
285000 5879.23254003
286000 5714.83495146
287000 5714.83495146
288000 5714.83495146
289000 5714.83495146
290000 5850.82120244
291000 5986.80745342
292000 5986.80745342
293000 5986.80745342
294000 6001.40372671
295000 6016.0
296000 6016.0
297000 6016.0
298000 6016.0
299000 5860.42690946
300000 5860.42690946
301000 5860.42690946
302000 5860.42690946
303000 6029.53162212
304000 6029.53162212
305000 6029.53162212
306000 6029.53162212
307000 5959.96493425
308000 5959.96493425
309000 5959.96493425
310000 5995.18607343
311000 6030.40721262
312000 6030.40721262
313000 6030.40721262
314000 6030.40721262
315000 6030.40721262
316000 6039.30140845
317000 6039.30140845
318000 6039.30140845
319000 6039.30140845
320000 6039.30140845
321000 6005.88262584
322000 6005.88262584
323000 6005.88262584
324000 6005.88262584
325000 6027.97057144
326000 6050.05851703
327000 6050.05851703
328000 6050.05851703
329000 6050.05851703
330000 5796.36987319
331000 5542.68122936
332000 5542.68122936
333000 5542.68122936
334000 5542.68122936
335000 5539.89387008
336000 5539.89387008
337000 5539.89387008
338000 5539.89387008
339000 4010.56615878
340000 4010.56615878
341000 4010.56615878
342000 4010.56615878
343000 4010.56615878
344000 5692.12053778
345000 5692.12053778
346000 5692.12053778
347000 5692.12053778
348000 5692.12053778
349000 5559.63415113
350000 5559.63415113
351000 5559.63415113
352000 5559.63415113
353000 5559.63415113
354000 4666.01489506
355000 4666.01489506
356000 4666.01489506
357000 4666.01489506
358000 4666.01489506
359000 4666.01489506
360000 5386.23321555
361000 5386.23321555
362000 5386.23321555
363000 5386.23321555
364000 5386.23321555
365000 4812.59411362
366000 4812.59411362
367000 4812.59411362
368000 4812.59411362
369000 4812.59411362
370000 4812.59411362
371000 5355.37848606
372000 5355.37848606
373000 5355.37848606
374000 5355.37848606
375000 5536.99540474
376000 5536.99540474
377000 5536.99540474
378000 5536.99540474
379000 5536.99540474
380000 5536.99540474
381000 5431.9351304
382000 5431.9351304
383000 5431.9351304
384000 5431.9351304
385000 5431.9351304
386000 5010.39693625
387000 5010.39693625
388000 5010.39693625
389000 5010.39693625
390000 5483.58135444
391000 5483.58135444
392000 5483.58135444
393000 5483.58135444
394000 5483.58135444
395000 5341.68879137
396000 5341.68879137
397000 5341.68879137
398000 5341.68879137
399000 5341.68879137
400000 5376.95935962
401000 5412.22992786
402000 5412.22992786
403000 5412.22992786
404000 5412.22992786
405000 5602.01271094
406000 5602.01271094
407000 5602.01271094
408000 5602.01271094
409000 5602.01271094
410000 5419.35144033
411000 5419.35144033
412000 5419.35144033
413000 5419.35144033
414000 5375.81133629
415000 5332.27123226
416000 5332.27123226
417000 5332.27123226
418000 5332.27123226
419000 5737.04581006
420000 5737.04581006
421000 5737.04581006
422000 5737.04581006
423000 5568.93779904
424000 5568.93779904
425000 5568.93779904
426000 5568.93779904
427000 5568.93779904
428000 5456.50711093
429000 5456.50711093
430000 5456.50711093
431000 5456.50711093
432000 5456.50711093
433000 4421.21953958
434000 4421.21953958
