0 1584.75805433
1000 1584.75805433
2000 1584.75805433
3000 1584.75805433
4000 1817.75753846
5000 1895.80987203
6000 1895.80987203
7000 913.737206086
8000 913.737206086
9000 913.737206086
10000 1058.72836332
11000 1058.72836332
12000 1277.42898135
13000 1277.42898135
14000 1836.62792715
15000 1399.45875811
16000 1399.45875811
17000 1399.45875811
18000 1506.71316897
19000 1615.83378896
20000 1615.83378896
21000 1838.03855422
22000 1838.03855422
23000 1737.12749004
24000 1737.12749004
25000 1737.12749004
26000 1737.12749004
27000 1737.12749004
28000 1737.12749004
29000 1737.12749004
30000 1737.12749004
31000 1683.87836836
32000 1630.62924668
33000 1630.62924668
34000 1630.62924668
35000 1740.26181495
36000 1740.26181495
37000 1740.26181495
38000 1740.26181495
39000 1740.26181495
40000 1765.66929134
41000 1765.66929134
42000 1765.66929134
43000 1617.58853199
44000 1617.58853199
45000 1617.58853199
46000 1617.58853199
47000 1617.58853199
48000 1617.58853199
49000 1617.58853199
50000 1617.58853199
51000 1656.78493558
52000 1656.78493558
53000 1656.78493558
54000 1656.78493558
55000 1690.09581166
56000 1690.09581166
57000 1690.09581166
58000 1690.09581166
59000 1688.08812729
60000 1688.08812729
61000 1688.08812729
62000 1688.08812729
63000 1704.81276919
64000 1704.81276919
65000 1704.81276919
66000 1704.81276919
67000 1403.53868613
68000 1700.72148719
69000 1700.72148719
70000 1700.72148719
71000 1700.72148719
72000 1700.72148719
73000 1700.72148719
74000 1927.38580396
75000 1927.38580396
76000 1927.38580396
77000 1927.38580396
78000 1927.38580396
79000 1927.38580396
80000 1927.38580396
81000 1494.92467749
82000 1494.92467749
83000 1494.92467749
84000 1494.92467749
85000 1494.92467749
86000 1537.42222222
87000 1537.42222222
88000 1537.42222222
89000 1537.42222222
90000 1492.08712871
91000 1492.08712871
92000 1492.08712871
93000 1492.08712871
94000 1318.54318418
95000 1318.54318418
96000 1318.54318418
97000 1318.54318418
98000 1747.53255714
99000 1747.53255714
100000 1747.53255714
101000 1747.53255714
102000 1591.24959064
103000 1591.24959064
104000 1591.24959064
105000 1591.24959064
106000 1591.24959064
107000 1466.71960298
108000 1680.40373832
109000 1680.40373832
110000 1680.40373832
111000 1680.40373832
112000 1680.40373832
113000 1680.40373832
114000 1680.40373832
115000 1775.45633906
116000 1775.45633906
117000 1775.45633906
118000 1685.51724138
119000 1685.51724138
120000 1685.51724138
121000 1685.51724138
122000 1722.08173632
123000 1722.08173632
124000 1722.08173632
125000 1722.08173632
126000 1722.08173632
127000 1758.45080687
128000 1758.45080687
129000 1758.45080687
130000 1758.45080687
131000 1747.27307326
132000 1747.27307326
133000 1747.27307326
134000 1747.27307326
135000 1715.56883671
136000 1715.56883671
137000 1715.56883671
138000 1715.56883671
139000 1738.07843137
140000 1738.07843137
141000 1738.07843137
142000 1738.07843137
143000 1738.07843137
144000 1738.07843137
145000 1562.64931309
146000 1562.64931309
147000 1562.64931309
148000 1573.70368371
149000 1584.75805433
150000 1584.75805433
151000 1817.75753846
152000 1817.75753846
153000 1895.80987203
154000 913.737206086
155000 913.737206086
156000 913.737206086
157000 1058.72836332
158000 1058.72836332
159000 1168.07867233
160000 1277.42898135
161000 1277.42898135
162000 1836.62792715
163000 1399.45875811
164000 1399.45875811
165000 1506.71316897
166000 1506.71316897
167000 1615.83378896
168000 1615.83378896
169000 1838.03855422
170000 1787.58302213
171000 1737.12749004
172000 1737.12749004
173000 1737.12749004
174000 1737.12749004
175000 1737.12749004
176000 1737.12749004
177000 1737.12749004
178000 1737.12749004
179000 1630.62924668
180000 1630.62924668
181000 1630.62924668
182000 1685.44553081
183000 1740.26181495
184000 1740.26181495
185000 1740.26181495
186000 1740.26181495
187000 1765.66929134
188000 1765.66929134
189000 1765.66929134
190000 1765.66929134
191000 1617.58853199
192000 1617.58853199
193000 1617.58853199
194000 1617.58853199
195000 1617.58853199
196000 1617.58853199
197000 1617.58853199
198000 1656.78493558
199000 1656.78493558
200000 1656.78493558
201000 1656.78493558
202000 1690.09581166
203000 1690.09581166
204000 1690.09581166
205000 1690.09581166
206000 1688.08812729
207000 1688.08812729
208000 1688.08812729
209000 1688.08812729
210000 1704.81276919
211000 1704.81276919
212000 1704.81276919
213000 1704.81276919
214000 1403.53868613
215000 1403.53868613
216000 1700.72148719
217000 1700.72148719
218000 1700.72148719
219000 1700.72148719
220000 1700.72148719
221000 1700.72148719
222000 1927.38580396
223000 1927.38580396
224000 1927.38580396
225000 1927.38580396
226000 1927.38580396
227000 1927.38580396
228000 1494.92467749
229000 1494.92467749
230000 1494.92467749
231000 1494.92467749
232000 1494.92467749
233000 1537.42222222
234000 1537.42222222
235000 1537.42222222
236000 1537.42222222
237000 1537.42222222
238000 1492.08712871
239000 1492.08712871
240000 1492.08712871
241000 1318.54318418
242000 1318.54318418
243000 1318.54318418
244000 1318.54318418
245000 1747.53255714
246000 1747.53255714
247000 1747.53255714
248000 1747.53255714
249000 1747.53255714
250000 1591.24959064
251000 1591.24959064
252000 1591.24959064
253000 1591.24959064
254000 1466.71960298
255000 1466.71960298
256000 1680.40373832
257000 1680.40373832
258000 1680.40373832
259000 1680.40373832
260000 1680.40373832
261000 1680.40373832
262000 1775.45633906
263000 1775.45633906
264000 1775.45633906
265000 1685.51724138
266000 1685.51724138
267000 1685.51724138
268000 1685.51724138
269000 1685.51724138
270000 1722.08173632
271000 1722.08173632
272000 1722.08173632
273000 1722.08173632
274000 1758.45080687
275000 1758.45080687
276000 1758.45080687
277000 1758.45080687
278000 1747.27307326
279000 1747.27307326
280000 1747.27307326
281000 1747.27307326
282000 1715.56883671
283000 1715.56883671
284000 1715.56883671
285000 1715.56883671
286000 1738.07843137
287000 1738.07843137
288000 1738.07843137
289000 1738.07843137
290000 1738.07843137
291000 1738.07843137
292000 1738.07843137
293000 1562.64931309
294000 1562.64931309
295000 1562.64931309
