0 4129.68067227
1000 4129.68067227
2000 4129.68067227
3000 4129.68067227
4000 4129.68067227
5000 4129.68067227
6000 4129.68067227
7000 4536.96912402
8000 4944.25757576
9000 4944.25757576
10000 3941.40561143
11000 2938.55364711
12000 2938.55364711
13000 2938.55364711
14000 2938.55364711
15000 2938.55364711
16000 2370.38487856
17000 1802.21611002
18000 6412.90358902
19000 6412.90358902
20000 3130.21480315
21000 3130.21480315
22000 3130.21480315
23000 3704.87654321
24000 3704.87654321
25000 3704.87654321
26000 8113.62057878
27000 6923.21671878
28000 5732.81285878
29000 5938.43715922
30000 6144.06145967
31000 6168.84817532
32000 6193.63489097
33000 7192.37596921
34000 8191.11704745
35000 8191.11704745
36000 8191.11704745
37000 8191.11704745
38000 8191.11704745
39000 8191.11704745
40000 3025.28735632
41000 3025.28735632
42000 3025.28735632
43000 3025.28735632
44000 3025.28735632
45000 3025.28735632
46000 3025.28735632
47000 3025.28735632
48000 3025.28735632
49000 3025.28735632
50000 3025.28735632
51000 3025.28735632
52000 3025.28735632
53000 3025.28735632
54000 3025.28735632
55000 7242.18545986
56000 11459.0835634
57000 11459.0835634
58000 11459.0835634
59000 11459.0835634
60000 10138.8806309
61000 8818.67769838
62000 8818.67769838
63000 8818.67769838
64000 8818.67769838
65000 8818.67769838
66000 8818.67769838
67000 10935.9441637
68000 10935.9441637
69000 10935.9441637
70000 10935.9441637
71000 8062.87523449
72000 8062.87523449
73000 5189.80630528
74000 5189.80630528
75000 5189.80630528
76000 5189.80630528
77000 5189.80630528
78000 5189.80630528
79000 5189.80630528
80000 5189.80630528
81000 5189.80630528
82000 2651.24830453
83000 2651.24830453
84000 2651.24830453
85000 2651.24830453
86000 2651.24830453
87000 2651.24830453
88000 2651.24830453
89000 2651.24830453
90000 2651.24830453
91000 2651.24830453
92000 2651.24830453
93000 2651.24830453
94000 2651.24830453
95000 2651.24830453
96000 2651.24830453
97000 2651.24830453
98000 2651.24830453
99000 2651.24830453
100000 2371.62474934
101000 2092.00119415
102000 2092.00119415
103000 2092.00119415
104000 2092.00119415
105000 2092.00119415
106000 2092.00119415
107000 2092.00119415
108000 2092.00119415
109000 2092.00119415
110000 2092.00119415
111000 3497.52272966
112000 3497.52272966
113000 3497.52272966
114000 3497.52272966
115000 3497.52272966
116000 3497.52272966
117000 3497.52272966
118000 3497.52272966
119000 3497.52272966
120000 3497.52272966
121000 3210.03262481
122000 3210.03262481
123000 3210.03262481
124000 3210.03262481
125000 3210.03262481
126000 3210.03262481
127000 3210.03262481
128000 3210.03262481
129000 4062.80297907
130000 4915.57333333
131000 4915.57333333
132000 4915.57333333
133000 4915.57333333
134000 4915.57333333
135000 960.814035088
136000 7171.47390397
137000 7171.47390397
138000 7171.47390397
139000 7171.47390397
140000 7171.47390397
141000 28.9230769231
142000 2079.3018746
143000 2079.3018746
144000 2079.3018746
145000 2079.3018746
146000 4129.68067227
147000 4129.68067227
148000 4536.96912402
149000 4944.25757576
150000 4944.25757576
151000 4944.25757576
152000 3941.40561143
153000 2938.55364711
154000 2938.55364711
155000 2938.55364711
156000 2938.55364711
157000 2370.38487856
158000 1802.21611002
159000 1802.21611002
160000 6412.90358902
161000 3130.21480315
162000 3130.21480315
163000 3130.21480315
164000 3130.21480315
165000 3704.87654321
166000 3704.87654321
167000 8113.62057878
168000 8113.62057878
169000 5732.81285878
170000 5732.81285878
171000 6144.06145967
172000 6144.06145967
173000 6193.63489097
174000 6193.63489097
175000 7192.37596921
176000 8191.11704745
177000 8191.11704745
178000 8191.11704745
179000 8191.11704745
180000 8191.11704745
181000 5608.20220189
182000 3025.28735632
183000 3025.28735632
184000 3025.28735632
185000 3025.28735632
186000 3025.28735632
187000 3025.28735632
188000 3025.28735632
189000 3025.28735632
190000 3025.28735632
191000 3025.28735632
192000 3025.28735632
193000 3025.28735632
194000 3025.28735632
195000 3025.28735632
196000 3025.28735632
197000 11459.0835634
198000 11459.0835634
199000 11459.0835634
200000 11459.0835634
201000 10138.8806309
202000 10138.8806309
203000 8818.67769838
204000 8818.67769838
205000 8818.67769838
206000 8818.67769838
207000 8818.67769838
208000 9877.31093104
209000 10935.9441637
210000 10935.9441637
211000 10935.9441637
212000 10935.9441637
213000 8062.87523449
214000 8062.87523449
215000 5189.80630528
216000 5189.80630528
217000 5189.80630528
218000 5189.80630528
219000 5189.80630528
220000 5189.80630528
221000 5189.80630528
222000 5189.80630528
223000 3920.52730491
224000 2651.24830453
225000 2651.24830453
226000 2651.24830453
227000 2651.24830453
228000 2651.24830453
229000 2651.24830453
230000 2651.24830453
231000 2651.24830453
232000 2651.24830453
233000 2651.24830453
234000 2651.24830453
235000 2651.24830453
236000 2651.24830453
237000 2651.24830453
238000 2651.24830453
239000 2651.24830453
240000 2651.24830453
241000 2651.24830453
242000 2092.00119415
243000 2092.00119415
244000 2092.00119415
245000 2092.00119415
246000 2092.00119415
247000 2092.00119415
248000 2092.00119415
249000 2092.00119415
250000 2092.00119415
251000 2092.00119415
252000 2794.76196191
253000 3497.52272966
254000 3497.52272966
255000 3497.52272966
256000 3497.52272966
257000 3497.52272966
258000 3497.52272966
259000 3497.52272966
260000 3497.52272966
261000 3497.52272966
262000 3353.77767723
263000 3210.03262481
264000 3210.03262481
265000 3210.03262481
266000 3210.03262481
267000 3210.03262481
268000 3210.03262481
269000 3210.03262481
270000 3210.03262481
271000 4915.57333333
272000 4915.57333333
273000 4915.57333333
274000 4915.57333333
275000 4915.57333333
276000 2938.19368421
277000 4066.14396953
278000 7171.47390397
279000 7171.47390397
280000 7171.47390397
281000 7171.47390397
282000 3600.19849045
283000 28.9230769231
