0 5439.40294511
1000 5439.40294511
2000 5439.40294511
3000 5439.40294511
4000 5439.40294511
5000 4715.49405024
6000 4715.49405024
7000 4715.49405024
8000 5089.20276954
9000 5089.20276954
10000 4618.86315789
11000 4618.86315789
12000 4319.36646465
13000 4319.36646465
14000 4319.36646465
15000 5613.58677686
16000 5597.30907158
17000 5581.03136629
18000 5703.9528089
19000 5826.8742515
20000 4998.01162791
21000 6242.21000451
22000 6242.21000451
23000 6242.21000451
24000 6242.21000451
25000 6242.21000451
26000 6242.21000451
27000 6242.21000451
28000 6242.21000451
29000 6242.21000451
30000 5922.95180235
31000 5922.95180235
32000 5922.95180235
33000 5922.95180235
34000 5922.95180235
35000 5922.95180235
36000 5922.95180235
37000 5922.95180235
38000 5922.95180235
39000 5922.95180235
40000 6305.4221438
41000 6305.4221438
42000 6305.4221438
43000 6305.4221438
44000 6305.4221438
45000 6305.4221438
46000 6305.4221438
47000 6305.4221438
48000 6305.4221438
49000 7538.71971922
50000 8772.01729463
51000 8772.01729463
52000 8772.01729463
53000 8772.01729463
54000 8772.01729463
55000 8772.01729463
56000 6890.22001419
57000 6890.22001419
58000 6890.22001419
59000 6890.22001419
60000 6890.22001419
61000 6890.22001419
62000 6890.22001419
63000 6890.22001419
64000 6890.22001419
65000 5125.47195239
66000 5125.47195239
67000 5125.47195239
68000 5125.47195239
69000 5125.47195239
70000 5125.47195239
71000 5125.47195239
72000 5125.47195239
73000 5125.47195239
74000 5125.47195239
75000 5125.47195239
76000 3434.78599631
77000 3434.78599631
78000 3434.78599631
79000 3434.78599631
80000 3434.78599631
81000 3434.78599631
82000 3434.78599631
83000 3434.78599631
84000 3434.78599631
85000 3434.78599631
86000 3434.78599631
87000 3434.78599631
88000 3434.78599631
89000 3434.78599631
90000 3434.78599631
91000 2396.9108824
92000 1359.03576848
93000 1359.03576848
94000 1359.03576848
95000 1359.03576848
96000 1847.63048499
97000 1847.63048499
98000 1847.63048499
99000 1847.63048499
100000 1847.63048499
101000 1847.63048499
102000 1847.63048499
103000 1847.63048499
104000 1847.63048499
105000 1847.63048499
106000 1918.17027687
107000 1988.71006874
108000 1988.71006874
109000 1988.71006874
110000 1988.71006874
111000 1988.71006874
112000 1988.71006874
113000 1988.71006874
114000 3240.73510925
115000 3240.73510925
116000 3240.73510925
117000 3240.73510925
118000 2479.41385015
119000 2479.41385015
120000 2479.41385015
121000 2479.41385015
122000 3537.08483459
123000 3537.08483459
124000 3537.08483459
125000 2942.92420538
126000 2942.92420538
127000 3986.94113996
128000 3986.94113996
129000 3986.94113996
130000 3986.94113996
131000 3986.94113996
132000 3986.94113996
133000 3986.94113996
134000 3986.94113996
135000 3986.94113996
136000 3986.94113996
137000 5006.64795059
138000 5006.64795059
139000 5006.64795059
140000 5006.64795059
141000 5006.64795059
142000 5006.64795059
143000 5006.64795059
144000 4372.99781394
145000 4372.99781394
146000 4372.99781394
147000 4372.99781394
148000 4372.99781394
149000 4372.99781394
150000 4372.99781394
151000 4372.99781394
152000 5597.7113854
153000 5597.7113854
154000 5597.7113854
155000 5597.7113854
156000 5597.7113854
157000 5597.7113854
158000 5597.7113854
159000 5597.7113854
160000 5597.7113854
161000 6114.28853268
162000 6114.28853268
163000 6114.28853268
164000 6114.28853268
165000 6114.28853268
166000 3755.6198399
167000 3755.6198399
168000 5439.40294511
169000 5439.40294511
170000 5439.40294511
171000 4715.49405024
172000 4715.49405024
173000 4902.34840989
174000 5089.20276954
175000 5089.20276954
176000 4618.86315789
177000 4618.86315789
178000 4319.36646465
179000 4319.36646465
180000 4966.47662076
181000 5613.58677686
182000 5597.30907158
183000 5581.03136629
184000 5826.8742515
185000 5826.8742515
186000 4998.01162791
187000 6242.21000451
188000 6242.21000451
189000 6242.21000451
190000 6242.21000451
191000 6242.21000451
192000 6242.21000451
193000 6242.21000451
194000 6242.21000451
195000 6242.21000451
196000 5922.95180235
197000 5922.95180235
198000 5922.95180235
199000 5922.95180235
200000 5922.95180235
201000 5922.95180235
202000 5922.95180235
203000 5922.95180235
204000 5922.95180235
205000 5922.95180235
206000 6305.4221438
207000 6305.4221438
208000 6305.4221438
209000 6305.4221438
210000 6305.4221438
211000 6305.4221438
212000 6305.4221438
213000 6305.4221438
214000 6305.4221438
215000 8772.01729463
216000 8772.01729463
217000 8772.01729463
218000 8772.01729463
219000 8772.01729463
220000 8772.01729463
221000 8772.01729463
222000 6890.22001419
223000 6890.22001419
224000 6890.22001419
225000 6890.22001419
226000 6890.22001419
227000 6890.22001419
228000 6890.22001419
229000 6890.22001419
230000 6890.22001419
231000 5125.47195239
232000 5125.47195239
233000 5125.47195239
234000 5125.47195239
235000 5125.47195239
236000 5125.47195239
237000 5125.47195239
238000 5125.47195239
239000 5125.47195239
240000 5125.47195239
241000 5125.47195239
242000 3434.78599631
243000 3434.78599631
244000 3434.78599631
245000 3434.78599631
246000 3434.78599631
247000 3434.78599631
248000 3434.78599631
249000 3434.78599631
250000 3434.78599631
251000 3434.78599631
252000 3434.78599631
253000 3434.78599631
254000 3434.78599631
255000 3434.78599631
256000 3434.78599631
257000 2396.9108824
258000 1359.03576848
259000 1359.03576848
260000 1359.03576848
261000 1359.03576848
262000 1847.63048499
263000 1847.63048499
264000 1847.63048499
265000 1847.63048499
266000 1847.63048499
267000 1847.63048499
268000 1847.63048499
269000 1847.63048499
270000 1847.63048499
271000 1847.63048499
272000 1918.17027687
273000 1988.71006874
274000 1988.71006874
275000 1988.71006874
276000 1988.71006874
277000 1988.71006874
278000 1988.71006874
279000 1988.71006874
280000 3240.73510925
281000 3240.73510925
282000 3240.73510925
283000 3240.73510925
284000 2479.41385015
285000 2479.41385015
286000 2479.41385015
287000 2479.41385015
288000 3537.08483459
289000 3537.08483459
290000 3537.08483459
291000 2942.92420538
292000 2942.92420538
293000 3986.94113996
294000 3986.94113996
295000 3986.94113996
296000 3986.94113996
297000 3986.94113996
298000 3986.94113996
299000 3986.94113996
300000 3986.94113996
301000 3986.94113996
302000 3986.94113996
303000 5006.64795059
304000 5006.64795059
305000 5006.64795059
306000 5006.64795059
307000 5006.64795059
308000 5006.64795059
309000 5006.64795059
310000 4372.99781394
311000 4372.99781394
312000 4372.99781394
313000 4372.99781394
314000 4372.99781394
315000 4372.99781394
316000 4372.99781394
317000 4372.99781394
318000 5597.7113854
319000 5597.7113854
320000 5597.7113854
321000 5597.7113854
322000 5597.7113854
323000 5597.7113854
324000 5597.7113854
325000 5597.7113854
326000 5597.7113854
327000 6114.28853268
328000 6114.28853268
329000 6114.28853268
330000 6114.28853268
331000 6114.28853268
