0 1530.58418029
1000 1530.58418029
2000 1530.58418029
3000 1530.58418029
4000 1530.58418029
5000 1220.13424756
6000 1220.13424756
7000 1220.13424756
8000 1464.45612999
9000 1464.45612999
10000 1464.45612999
11000 1221.64487068
12000 1221.64487068
13000 1221.64487068
14000 1221.64487068
15000 1719.89317507
16000 1719.89317507
17000 1820.43947853
18000 1920.98578199
19000 1920.98578199
20000 1623.22783661
21000 1623.22783661
22000 1623.22783661
23000 1317.99063063
24000 1012.75342466
25000 1012.75342466
26000 1012.75342466
27000 1012.75342466
28000 1012.75342466
29000 1012.75342466
30000 1012.75342466
31000 919.321090276
32000 919.321090276
33000 919.321090276
34000 919.321090276
35000 919.321090276
36000 1479.53961635
37000 1479.53961635
38000 1479.53961635
39000 954.599049128
40000 954.599049128
41000 1081.18224903
42000 1081.18224903
43000 1081.18224903
44000 1081.18224903
45000 1081.18224903
46000 1408.42105263
47000 1408.42105263
48000 1408.42105263
49000 1408.42105263
50000 1701.73998045
51000 1701.73998045
52000 1224.92078775
53000 1224.92078775
54000 1224.92078775
55000 1224.92078775
56000 1224.92078775
57000 1632.24806202
58000 1632.24806202
59000 1276.80505796
60000 1276.80505796
61000 1276.80505796
62000 1501.244111
63000 1725.68316404
64000 1725.68316404
65000 1725.68316404
66000 1725.68316404
67000 1817.81563195
68000 1817.81563195
69000 1817.81563195
70000 1817.81563195
71000 1817.81563195
72000 1817.81563195
73000 1471.42460155
74000 1471.42460155
75000 1471.42460155
76000 1471.42460155
77000 1471.42460155
78000 2021.50965353
79000 2021.50965353
80000 2021.50965353
81000 2021.50965353
82000 1630.83196979
83000 1630.83196979
84000 1630.83196979
85000 1462.65002745
86000 1294.46808511
87000 1294.46808511
88000 1523.30357143
89000 1523.30357143
90000 1523.30357143
91000 1523.30357143
92000 1523.30357143
93000 1437.29769137
94000 1437.29769137
95000 1437.29769137
96000 1637.23339012
97000 1637.23339012
98000 1637.23339012
99000 1637.23339012
100000 1637.23339012
101000 1755.23250564
102000 1755.23250564
103000 1755.23250564
104000 1755.23250564
105000 1594.81953291
106000 1594.81953291
107000 1594.81953291
108000 1114.11318635
109000 1114.11318635
110000 1114.11318635
111000 1114.11318635
112000 1114.11318635
113000 1114.11318635
114000 1114.11318635
115000 2101.93314982
116000 2101.93314982
117000 1942.36793545
118000 1782.80272109
119000 1782.80272109
120000 1782.80272109
121000 1782.80272109
122000 412.786449322
123000 412.786449322
124000 412.786449322
125000 412.786449322
126000 412.786449322
127000 412.786449322
128000 412.786449322
129000 412.786449322
130000 412.786449322
131000 412.786449322
132000 412.786449322
133000 850.062593145
134000 850.062593145
135000 850.062593145
136000 850.062593145
137000 850.062593145
138000 722.735678846
139000 595.408764546
140000 595.408764546
141000 595.408764546
142000 595.408764546
143000 1062.99647242
144000 1062.99647242
145000 1530.58418029
146000 1530.58418029
147000 1220.13424756
148000 1220.13424756
149000 1220.13424756
150000 1464.45612999
151000 1464.45612999
152000 1464.45612999
153000 1221.64487068
154000 1221.64487068
155000 1221.64487068
156000 1221.64487068
157000 1719.89317507
158000 1719.89317507
159000 1719.89317507
160000 1920.98578199
161000 1920.98578199
162000 1623.22783661
163000 1623.22783661
164000 1623.22783661
165000 1623.22783661
166000 1012.75342466
167000 1012.75342466
168000 1012.75342466
169000 1012.75342466
170000 1012.75342466
171000 1012.75342466
172000 1012.75342466
173000 919.321090276
174000 919.321090276
175000 919.321090276
176000 919.321090276
177000 919.321090276
178000 1479.53961635
179000 1479.53961635
180000 1479.53961635
181000 954.599049128
182000 954.599049128
183000 1017.89064908
184000 1081.18224903
185000 1081.18224903
186000 1081.18224903
187000 1081.18224903
188000 1408.42105263
189000 1408.42105263
190000 1408.42105263
191000 1408.42105263
192000 1701.73998045
193000 1701.73998045
194000 1224.92078775
195000 1224.92078775
196000 1224.92078775
197000 1224.92078775
198000 1224.92078775
199000 1632.24806202
200000 1632.24806202
201000 1454.52655999
202000 1276.80505796
203000 1276.80505796
204000 1501.244111
205000 1725.68316404
206000 1725.68316404
207000 1725.68316404
208000 1725.68316404
209000 1771.74939799
210000 1817.81563195
211000 1817.81563195
212000 1817.81563195
213000 1817.81563195
214000 1817.81563195
215000 1471.42460155
216000 1471.42460155
217000 1471.42460155
218000 1471.42460155
219000 1471.42460155
220000 2021.50965353
221000 2021.50965353
222000 2021.50965353
223000 2021.50965353
224000 1630.83196979
225000 1630.83196979
226000 1630.83196979
227000 1630.83196979
228000 1294.46808511
229000 1294.46808511
230000 1523.30357143
231000 1523.30357143
232000 1523.30357143
233000 1523.30357143
234000 1523.30357143
235000 1437.29769137
236000 1437.29769137
237000 1437.29769137
238000 1537.26554074
239000 1637.23339012
240000 1637.23339012
241000 1637.23339012
242000 1637.23339012
243000 1755.23250564
244000 1755.23250564
245000 1755.23250564
246000 1755.23250564
247000 1594.81953291
248000 1594.81953291
249000 1594.81953291
250000 1114.11318635
251000 1114.11318635
252000 1114.11318635
253000 1114.11318635
254000 1114.11318635
255000 1114.11318635
256000 1114.11318635
257000 2101.93314982
258000 2101.93314982
259000 2101.93314982
260000 1782.80272109
261000 1782.80272109
262000 1782.80272109
263000 1782.80272109
264000 412.786449322
265000 412.786449322
266000 412.786449322
267000 412.786449322
268000 412.786449322
269000 412.786449322
270000 412.786449322
271000 412.786449322
272000 412.786449322
273000 412.786449322
274000 412.786449322
275000 850.062593145
276000 850.062593145
277000 850.062593145
278000 850.062593145
279000 850.062593145
280000 722.735678846
281000 595.408764546
282000 595.408764546
283000 595.408764546
284000 595.408764546
