0 1991.29340801
1000 1991.29340801
2000 1991.29340801
3000 1991.29340801
4000 1722.87390029
5000 1722.87390029
6000 1722.87390029
7000 1772.03172924
8000 1772.03172924
9000 2676.70247435
10000 2513.6182708
11000 2513.6182708
12000 1298.6751246
13000 1298.6751246
14000 1295.02446326
15000 1291.37380192
16000 1291.37380192
17000 1291.37380192
18000 1291.37380192
19000 1291.37380192
20000 2158.81355932
21000 2158.81355932
22000 1828.21887624
23000 1828.21887624
24000 1644.16335079
25000 1644.16335079
26000 1145.06970975
27000 1145.06970975
28000 1145.06970975
29000 1145.06970975
30000 1545.61048416
31000 1545.61048416
32000 1545.61048416
33000 627.79342723
34000 1306.66955423
35000 1306.66955423
36000 1306.66955423
37000 1306.66955423
38000 1306.66955423
39000 1306.66955423
40000 1838.79896462
41000 1838.79896462
42000 1838.79896462
43000 1663.62099396
44000 1663.62099396
45000 1663.62099396
46000 1663.62099396
47000 1663.62099396
48000 1191.91789513
49000 1191.91789513
50000 1191.91789513
51000 1191.91789513
52000 1191.91789513
53000 963.845076507
54000 963.845076507
55000 963.845076507
56000 963.845076507
57000 735.772257884
58000 735.772257884
59000 735.772257884
60000 735.772257884
61000 735.772257884
62000 735.772257884
63000 735.772257884
64000 990.474708171
65000 990.474708171
66000 990.474708171
67000 990.474708171
68000 990.474708171
69000 1114.7936623
70000 1239.11261643
71000 1239.11261643
72000 1239.11261643
73000 1510.14546445
74000 1510.14546445
75000 1510.14546445
76000 1510.14546445
77000 677.4863103
78000 677.4863103
79000 677.4863103
80000 677.4863103
81000 677.4863103
82000 677.4863103
83000 677.4863103
84000 677.4863103
85000 776.31246496
86000 776.31246496
87000 776.31246496
88000 776.31246496
89000 776.31246496
90000 954.624
91000 954.624
92000 954.624
93000 954.624
94000 954.624
95000 954.624
96000 1078.93965962
97000 1078.93965962
98000 1078.93965962
99000 1078.93965962
100000 1377.08407761
101000 1377.08407761
102000 1377.08407761
103000 1973.19918864
104000 1973.19918864
105000 1973.19918864
106000 2037.49192863
107000 2037.49192863
108000 1678.55512119
109000 1754.65790364
110000 1830.76068609
111000 1830.76068609
112000 1830.76068609
113000 1782.20806794
114000 1782.20806794
115000 1782.20806794
116000 1782.20806794
117000 1271.53161593
118000 1271.53161593
119000 1271.53161593
120000 1271.53161593
121000 1271.53161593
122000 1271.53161593
123000 1433.80863039
124000 1433.80863039
125000 1433.80863039
126000 1433.80863039
127000 1397.08056872
128000 1397.08056872
129000 1397.08056872
130000 1774.44518272
131000 1774.44518272
132000 2123.68584292
133000 2123.68584292
134000 2057.48962547
135000 2057.48962547
136000 1991.29340801
137000 1991.29340801
138000 1722.87390029
139000 1722.87390029
140000 1722.87390029
141000 1772.03172924
142000 1772.03172924
143000 2676.70247435
144000 2513.6182708
145000 2513.6182708
146000 1298.6751246
147000 1298.6751246
148000 1291.37380192
149000 1291.37380192
150000 1291.37380192
151000 1291.37380192
152000 1291.37380192
153000 1725.09368062
154000 2158.81355932
155000 1828.21887624
156000 1828.21887624
157000 1828.21887624
158000 1644.16335079
159000 1644.16335079
160000 1145.06970975
161000 1145.06970975
162000 1145.06970975
163000 1145.06970975
164000 1545.61048416
165000 1545.61048416
166000 1545.61048416
167000 627.79342723
168000 1306.66955423
169000 1306.66955423
170000 1306.66955423
171000 1306.66955423
172000 1306.66955423
173000 1306.66955423
174000 1838.79896462
175000 1838.79896462
176000 1838.79896462
177000 1663.62099396
178000 1663.62099396
179000 1663.62099396
180000 1663.62099396
181000 1663.62099396
182000 1191.91789513
183000 1191.91789513
184000 1191.91789513
185000 1191.91789513
186000 1191.91789513
187000 963.845076507
188000 963.845076507
189000 963.845076507
190000 963.845076507
191000 735.772257884
192000 735.772257884
193000 735.772257884
194000 735.772257884
195000 735.772257884
196000 735.772257884
197000 735.772257884
198000 990.474708171
199000 990.474708171
200000 990.474708171
201000 990.474708171
202000 990.474708171
203000 1239.11261643
204000 1239.11261643
205000 1239.11261643
206000 1239.11261643
207000 1510.14546445
208000 1510.14546445
209000 1510.14546445
210000 1510.14546445
211000 677.4863103
212000 677.4863103
213000 677.4863103
214000 677.4863103
215000 677.4863103
216000 677.4863103
217000 677.4863103
218000 776.31246496
219000 776.31246496
220000 776.31246496
221000 776.31246496
222000 776.31246496
223000 776.31246496
224000 954.624
225000 954.624
226000 954.624
227000 954.624
228000 954.624
229000 954.624
230000 1078.93965962
231000 1078.93965962
232000 1078.93965962
233000 1078.93965962
234000 1377.08407761
235000 1377.08407761
236000 1377.08407761
237000 1973.19918864
238000 1973.19918864
239000 1973.19918864
240000 2037.49192863
241000 2037.49192863
242000 1678.55512119
243000 1830.76068609
244000 1830.76068609
245000 1830.76068609
246000 1830.76068609
247000 1782.20806794
248000 1782.20806794
249000 1782.20806794
250000 1782.20806794
251000 1271.53161593
252000 1271.53161593
253000 1271.53161593
254000 1271.53161593
255000 1271.53161593
256000 1271.53161593
257000 1433.80863039
258000 1433.80863039
259000 1433.80863039
260000 1433.80863039
261000 1397.08056872
262000 1397.08056872
263000 1397.08056872
264000 1774.44518272
265000 1774.44518272
266000 2123.68584292
267000 2123.68584292
