0 3893.95
1000 3893.95
2000 3893.95
3000 3086.85675331
4000 2279.76350663
5000 2884.89679715
6000 4934.05782618
7000 0.0
8000 1927.91190351
9000 1927.91190351
10000 1927.91190351
11000 1927.91190351
12000 3154.31746378
13000 4380.72302405
14000 3402.72293335
15000 2424.72284264
16000 1998.51778767
17000 1572.31273269
18000 1779.56194927
19000 1986.81116585
20000 2995.16358464
21000 4754.8519873
22000 2093.34626576
23000 2258.68180967
24000 2424.01735358
25000 3446.87213115
26000 2816.69132632
27000 2186.5105215
28000 4384.6827254
29000 4543.6173808
30000 4543.6173808
31000 4702.5520362
32000 4338.27906502
33000 4338.27906502
34000 3974.00609385
35000 4497.02685645
36000 5020.04761905
37000 4419.99482402
38000 3819.94202899
39000 3819.94202899
40000 5233.2832952
41000 6646.6245614
42000 5402.07659495
43000 4157.5286285
44000 4157.5286285
45000 5273.24954254
46000 6388.97045658
47000 5685.88384047
48000 4982.79722436
49000 4916.58356014
50000 4850.36989592
51000 4840.66809402
52000 4830.96629213
53000 4830.96629213
54000 4471.9531267
55000 4112.93996127
56000 3226.85114233
57000 2340.76232339
58000 2340.76232339
59000 2340.76232339
60000 3350.84544741
61000 3350.84544741
62000 4360.92857143
63000 4524.69285715
64000 4688.45714286
65000 4569.20723431
66000 4449.95732575
67000 4449.95732575
68000 4698.10157197
69000 4946.24581818
70000 6233.12290909
71000 7520.0
72000 5198.54762794
73000 2877.09525588
74000 2877.09525588
75000 2877.09525588
76000 4557.78096128
77000 6238.46666667
78000 4101.0091447
79000 4101.0091447
80000 3394.41401946
81000 2687.81889421
82000 2687.81889421
83000 4547.55172353
84000 6407.28455285
85000 5340.51356355
86000 4273.74257426
87000 4273.74257426
88000 4504.58318423
89000 4735.42379421
90000 5943.27587815
91000 7151.12796209
92000 7418.86479405
93000 7686.60162602
94000 6154.53863119
95000 4622.47563636
96000 4574.17935664
97000 4525.88307692
98000 4525.88307692
99000 9198.05264956
100000 9198.05264956
101000 8028.99091879
102000 8028.99091879
103000 8028.99091879
104000 8028.99091879
105000 8028.99091879
106000 8028.99091879
107000 8028.99091879
108000 8028.99091879
109000 8028.99091879
110000 2187.75961538
111000 2187.75961538
112000 2187.75961538
113000 3025.05693634
114000 3862.3542573
115000 3862.3542573
116000 3923.13227513
117000 3923.13227513
118000 5050.42635262
119000 5050.42635262
120000 5050.42635262
121000 6177.72043011
122000 6177.72043011
123000 4160.36760422
124000 4160.36760422
125000 4160.36760422
126000 4160.36760422
127000 4160.36760422
128000 2143.01477833
129000 3018.48238916
130000 3018.48238916
131000 3893.95
132000 2279.76350663
133000 2582.33015189
134000 2884.89679715
135000 0.0
136000 1927.91190351
137000 1927.91190351
138000 1927.91190351
139000 1927.91190351
140000 3154.31746378
141000 4380.72302405
142000 3402.72293335
143000 2424.72284264
144000 1998.51778767
145000 1572.31273269
146000 1779.56194927
147000 1986.81116585
148000 2490.98737524
149000 4754.8519873
150000 4303.94332787
151000 2093.34626576
152000 2424.01735358
153000 2935.44474236
154000 2816.69132632
155000 2186.5105215
156000 4384.6827254
157000 4384.6827254
158000 4543.6173808
159000 4702.5520362
160000 4702.5520362
161000 4338.27906502
162000 3974.00609385
163000 3974.00609385
164000 5020.04761905
165000 5020.04761905
166000 4419.99482402
167000 3819.94202899
168000 5233.2832952
169000 6646.6245614
170000 6646.6245614
171000 4157.5286285
172000 4157.5286285
173000 5273.24954254
174000 6388.97045658
175000 5685.88384047
176000 4982.79722436
177000 4916.58356014
178000 4850.36989592
179000 4850.36989592
180000 4840.66809402
181000 4830.96629213
182000 4471.9531267
183000 4112.93996127
184000 3226.85114233
185000 2340.76232339
186000 2340.76232339
187000 2340.76232339
188000 2340.76232339
189000 3350.84544741
190000 4360.92857143
191000 4524.69285715
192000 4688.45714286
193000 4688.45714286
194000 4569.20723431
195000 4449.95732575
196000 4698.10157197
197000 4946.24581818
198000 6233.12290909
199000 6233.12290909
200000 5198.54762794
201000 2877.09525588
202000 2877.09525588
203000 2877.09525588
204000 4557.78096128
205000 6238.46666667
206000 5169.73790569
207000 4101.0091447
208000 4101.0091447
209000 2687.81889421
210000 2687.81889421
211000 2687.81889421
212000 4547.55172353
213000 6407.28455285
214000 5340.51356355
215000 4273.74257426
216000 4504.58318423
217000 4735.42379421
218000 4735.42379421
219000 7151.12796209
220000 7418.86479405
221000 7686.60162602
222000 6154.53863119
223000 4622.47563636
224000 4574.17935664
225000 4525.88307692
226000 4525.88307692
227000 9198.05264956
228000 9198.05264956
229000 13870.2222222
230000 8028.99091879
231000 8028.99091879
232000 8028.99091879
233000 8028.99091879
234000 8028.99091879
235000 8028.99091879
236000 8028.99091879
237000 8028.99091879
238000 2187.75961538
239000 2187.75961538
240000 2187.75961538
241000 3025.05693634
242000 3862.3542573
243000 3862.3542573
244000 3892.74326621
245000 3923.13227513
246000 3923.13227513
247000 5050.42635262
248000 5050.42635262
249000 6177.72043011
250000 6177.72043011
251000 4160.36760422
252000 4160.36760422
253000 4160.36760422
254000 4160.36760422
255000 4160.36760422
256000 2143.01477833
