0 6768.0
1000 6768.0
2000 3759.40401146
3000 3934.05076142
4000 3934.05076142
5000 4668.53621982
6000 2718.52719665
7000 3638.70967742
8000 1949.73433584
9000 1949.73433584
10000 1090.552663
11000 1090.552663
12000 1090.552663
13000 1090.552663
14000 4981.86277372
15000 2258.03518268
16000 1759.12668225
17000 1260.21818182
18000 1260.21818182
19000 4919.07065868
20000 8191.9926633
21000 8492.4137931
22000 11682.2894309
23000 11682.2894309
24000 8150.12111559
25000 4617.95280028
26000 4617.95280028
27000 4617.95280028
28000 4617.95280028
29000 4617.95280028
30000 4617.95280028
31000 2623.56722642
32000 2623.56722642
33000 2623.56722642
34000 2623.56722642
35000 2623.56722642
36000 2623.56722642
37000 2623.56722642
38000 2623.56722642
39000 2623.56722642
40000 3944.00911162
41000 3944.00911162
42000 3944.00911162
43000 3944.00911162
44000 3944.00911162
45000 3944.00911162
46000 3944.00911162
47000 4716.38765566
48000 4716.38765566
49000 4716.38765566
50000 4716.38765566
51000 4280.67205486
52000 4280.67205486
53000 4280.67205486
54000 4280.67205486
55000 3817.93185185
56000 3817.93185185
57000 3817.93185185
58000 3817.93185185
59000 3229.76482976
60000 3229.76482976
61000 3229.76482976
62000 3653.21698236
63000 3653.21698236
64000 3653.21698236
65000 3653.21698236
66000 3653.21698236
67000 3653.21698236
68000 3653.21698236
69000 3653.21698236
70000 2949.01503965
71000 2949.01503965
72000 2949.01503965
73000 2949.01503965
74000 2949.01503965
75000 2949.01503965
76000 2949.01503965
77000 3148.22423792
78000 3148.22423792
79000 3148.22423792
80000 3148.22423792
81000 3148.22423792
82000 3148.22423792
83000 3148.22423792
84000 3565.73333333
85000 3565.73333333
86000 3565.73333333
87000 3565.73333333
88000 3370.76690621
89000 3370.76690621
90000 3370.76690621
91000 3370.76690621
92000 3370.76690621
93000 3530.15048392
94000 3530.15048392
95000 3530.15048392
96000 3530.15048392
97000 2880.20915033
98000 2880.20915033
99000 2880.20915033
100000 2880.20915033
101000 3294.13750455
102000 3294.13750455
103000 3294.13750455
104000 3294.13750455
105000 3294.13750455
106000 3294.13750455
107000 4359.34238742
108000 4359.34238742
109000 4359.34238742
110000 4638.21623277
111000 4638.21623277
112000 4638.21623277
113000 3993.36242266
114000 3993.36242266
115000 3993.36242266
116000 3947.46044836
117000 3901.55847405
118000 3901.55847405
119000 3901.55847405
120000 3847.2541507
121000 3847.2541507
122000 6273.40427866
123000 6273.40427866
124000 6273.40427866
125000 6273.40427866
126000 2900.52433143
127000 2900.52433143
128000 2900.52433143
129000 2900.52433143
130000 2900.52433143
131000 2900.52433143
132000 2900.52433143
133000 2900.52433143
134000 2900.52433143
135000 3543.91473847
136000 3543.91473847
137000 3543.91473847
138000 3543.91473847
139000 3543.91473847
140000 3543.91473847
141000 3543.91473847
142000 11022.2073579
143000 7574.37342734
144000 4126.53949678
145000 4126.53949678
146000 4126.53949678
147000 4320.44324324
148000 4320.44324324
149000 4320.44324324
150000 2937.86528497
151000 2937.86528497
152000 2937.86528497
153000 2937.86528497
154000 3397.00590939
155000 3397.00590939
156000 3397.00590939
157000 3587.40227064
158000 3587.40227064
159000 3587.40227064
160000 3587.40227064
161000 3587.40227064
162000 3587.40227064
163000 3587.40227064
164000 4947.25334367
165000 4947.25334367
166000 4947.25334367
167000 4947.25334367
168000 4947.25334367
169000 4263.64021532
170000 4263.64021532
171000 4263.64021532
172000 4263.64021532
173000 4263.64021532
174000 4263.64021532
175000 3758.8275647
176000 3758.8275647
177000 3758.8275647
178000 3758.8275647
179000 3758.8275647
180000 3758.8275647
181000 3758.8275647
182000 4121.78883199
183000 4121.78883199
184000 4121.78883199
185000 4121.78883199
186000 4975.72264848
187000 4975.72264848
188000 4975.72264848
189000 4975.72264848
190000 3920.90733057
191000 3920.90733057
192000 4591.43581133
193000 4591.43581133
194000 4591.43581133
195000 4591.43581133
196000 4591.43581133
197000 4591.43581133
198000 4591.43581133
199000 4286.22969913
200000 4286.22969913
201000 4286.22969913
202000 3759.81910031
203000 3759.81910031
204000 3759.81910031
205000 3759.81910031
206000 3759.81910031
207000 4406.31952663
208000 4406.31952663
209000 4406.31952663
210000 4406.31952663
211000 5283.47406514
212000 5283.47406514
213000 15962.3313049
214000 12220.7739885
215000 8479.21667218
216000 8479.21667218
217000 8479.21667218
218000 6242.37927461
219000 6242.37927461
220000 6242.37927461
221000 6242.37927461
222000 3395.59344262
223000 5081.79672131
224000 3759.40401146
225000 3934.05076142
226000 3934.05076142
227000 4668.53621982
228000 2718.52719665
229000 3638.70967742
230000 1949.73433584
231000 1949.73433584
232000 1090.552663
233000 1090.552663
234000 1090.552663
235000 1090.552663
236000 4981.86277372
237000 2258.03518268
238000 1759.12668225
239000 1260.21818182
240000 1260.21818182
241000 4919.07065868
242000 8191.9926633
243000 8492.4137931
244000 11682.2894309
245000 11682.2894309
246000 8150.12111559
247000 4617.95280028
248000 4617.95280028
249000 4617.95280028
250000 4617.95280028
251000 4617.95280028
252000 4617.95280028
253000 2623.56722642
254000 2623.56722642
255000 2623.56722642
256000 2623.56722642
257000 2623.56722642
258000 2623.56722642
259000 2623.56722642
260000 2623.56722642
261000 2623.56722642
262000 3944.00911162
263000 3944.00911162
264000 3944.00911162
265000 3944.00911162
266000 3944.00911162
267000 3944.00911162
268000 3944.00911162
269000 4716.38765566
270000 4716.38765566
271000 4716.38765566
272000 4716.38765566
273000 4280.67205486
274000 4280.67205486
275000 4280.67205486
276000 4280.67205486
277000 3817.93185185
278000 3817.93185185
279000 3817.93185185
280000 3817.93185185
281000 3229.76482976
282000 3229.76482976
283000 3229.76482976
284000 3653.21698236
285000 3653.21698236
286000 3653.21698236
287000 3653.21698236
288000 3653.21698236
289000 3653.21698236
290000 3653.21698236
291000 3653.21698236
292000 2949.01503965
293000 2949.01503965
294000 2949.01503965
295000 2949.01503965
296000 2949.01503965
297000 2949.01503965
298000 2949.01503965
299000 3148.22423792
300000 3148.22423792
301000 3148.22423792
302000 3148.22423792
303000 3148.22423792
304000 3148.22423792
305000 3148.22423792
306000 3565.73333333
307000 3565.73333333
308000 3565.73333333
309000 3565.73333333
310000 3370.76690621
311000 3370.76690621
312000 3370.76690621
313000 3370.76690621
314000 3370.76690621
315000 3530.15048392
316000 3530.15048392
317000 3530.15048392
318000 3530.15048392
319000 2880.20915033
320000 2880.20915033
321000 2880.20915033
322000 2880.20915033
323000 3294.13750455
324000 3294.13750455
325000 3294.13750455
326000 3294.13750455
327000 3294.13750455
328000 3294.13750455
329000 4359.34238742
330000 4359.34238742
331000 4359.34238742
332000 4638.21623277
333000 4638.21623277
334000 4638.21623277
335000 3993.36242266
336000 3993.36242266
337000 3993.36242266
338000 3947.46044836
339000 3901.55847405
340000 3901.55847405
341000 3901.55847405
342000 3847.2541507
343000 3847.2541507
344000 6273.40427866
345000 6273.40427866
346000 6273.40427866
347000 6273.40427866
348000 2900.52433143
349000 2900.52433143
350000 2900.52433143
351000 2900.52433143
352000 2900.52433143
353000 2900.52433143
354000 2900.52433143
355000 2900.52433143
356000 2900.52433143
357000 3543.91473847
358000 3543.91473847
359000 3543.91473847
360000 3543.91473847
361000 3543.91473847
362000 3543.91473847
363000 3543.91473847
364000 11022.2073579
365000 11022.2073579
366000 4126.53949678
367000 4126.53949678
368000 4126.53949678
369000 4320.44324324
370000 4320.44324324
371000 4320.44324324
372000 2937.86528497
373000 2937.86528497
374000 2937.86528497
375000 2937.86528497
376000 3397.00590939
377000 3397.00590939
378000 3397.00590939
379000 3587.40227064
380000 3587.40227064
381000 3587.40227064
382000 3587.40227064
383000 3587.40227064
384000 3587.40227064
385000 3587.40227064
386000 4947.25334367
387000 4947.25334367
388000 4947.25334367
389000 4947.25334367
390000 4947.25334367
391000 4263.64021532
392000 4263.64021532
393000 4263.64021532
394000 4263.64021532
395000 4263.64021532
396000 4263.64021532
397000 3758.8275647
398000 3758.8275647
399000 3758.8275647
400000 3758.8275647
401000 3758.8275647
402000 3758.8275647
403000 3758.8275647
404000 4121.78883199
405000 4121.78883199
406000 4121.78883199
407000 4121.78883199
408000 4975.72264848
409000 4975.72264848
410000 4975.72264848
411000 4975.72264848
412000 3920.90733057
413000 3920.90733057
414000 3920.90733057
415000 4591.43581133
416000 4591.43581133
417000 4591.43581133
418000 4591.43581133
419000 4591.43581133
420000 4591.43581133
421000 4286.22969913
422000 4286.22969913
423000 4286.22969913
424000 4023.02439972
425000 3759.81910031
426000 3759.81910031
427000 3759.81910031
428000 3759.81910031
429000 4406.31952663
430000 4406.31952663
431000 4406.31952663
432000 4406.31952663
433000 5283.47406514
434000 5283.47406514
435000 15962.3313049
436000 12220.7739885
437000 8479.21667218
438000 8479.21667218
439000 8479.21667218
440000 6242.37927461
441000 6242.37927461
442000 6242.37927461
443000 6242.37927461
444000 3395.59344262
