0 3808.32904884
1000 3808.32904884
2000 1745.83673469
3000 5619.62561576
4000 5619.62561576
5000 6608.63856099
6000 6608.63856099
7000 6277.05850446
8000 6277.05850446
9000 6277.05850446
10000 3426.32072072
11000 5325.33333333
12000 5325.33333333
13000 5358.97382199
14000 5392.61431065
15000 5392.61431065
16000 5392.61431065
17000 6666.82684646
18000 6666.82684646
19000 6666.82684646
20000 6315.37420754
21000 5963.92156863
22000 5963.92156863
23000 5963.92156863
24000 5963.92156863
25000 8153.2906815
26000 8153.2906815
27000 8153.2906815
28000 6973.68028155
29000 5794.06988161
30000 5794.06988161
31000 5794.06988161
32000 7986.4460274
33000 7986.4460274
34000 7986.4460274
35000 7986.4460274
36000 7399.02531346
37000 7399.02531346
38000 7399.02531346
39000 7399.02531346
40000 7633.3918807
41000 7633.3918807
42000 7633.3918807
43000 7633.3918807
44000 6215.6460177
45000 6215.6460177
46000 6215.6460177
47000 6215.6460177
48000 5483.67317426
49000 5483.67317426
50000 5483.67317426
51000 5230.8036036
52000 5230.8036036
53000 5230.8036036
54000 5230.8036036
55000 5230.8036036
56000 6605.59308907
57000 6605.59308907
58000 6605.59308907
59000 5979.34311406
60000 5979.34311406
61000 5979.34311406
62000 5979.34311406
63000 5979.34311406
64000 6954.25259705
65000 6954.25259705
66000 6954.25259705
67000 5589.33059625
68000 4224.40859545
69000 4224.40859545
70000 4224.40859545
71000 4224.40859545
72000 4224.40859545
73000 4224.40859545
74000 7349.20555822
75000 7349.20555822
76000 7349.20555822
77000 7349.20555822
78000 7223.81774171
79000 7098.42992519
80000 7098.42992519
81000 6566.63145063
82000 6566.63145063
83000 4924.34810563
84000 4924.34810563
85000 4924.34810563
86000 4924.34810563
87000 4924.34810563
88000 6745.10806697
89000 6745.10806697
90000 6745.10806697
91000 6745.10806697
92000 7777.79524302
93000 7777.79524302
94000 7777.79524302
95000 7777.79524302
96000 6939.33951057
97000 6939.33951057
98000 6939.33951057
99000 6939.33951057
100000 7932.22591362
101000 7932.22591362
102000 7932.22591362
103000 7932.22591362
104000 7209.33632287
105000 7209.33632287
106000 7209.33632287
107000 7209.33632287
108000 5631.78689398
109000 5631.78689398
110000 5631.78689398
111000 6584.79928177
112000 7537.81166956
113000 7537.81166956
114000 7537.81166956
115000 8312.92294297
116000 8312.92294297
117000 7979.74402677
118000 7646.56511057
119000 7646.56511057
120000 7646.56511057
121000 6743.14810282
122000 6743.14810282
123000 6743.14810282
124000 6743.14810282
125000 7436.72066116
126000 7436.72066116
127000 7436.72066116
128000 7436.72066116
129000 7663.15180723
130000 7663.15180723
131000 7663.15180723
132000 7663.15180723
133000 7499.43446852
134000 7499.43446852
135000 7499.43446852
136000 7499.43446852
137000 4940.43418358
138000 4940.43418358
139000 4940.43418358
140000 4940.43418358
141000 4940.43418358
142000 6219.15774714
143000 6219.15774714
144000 6219.15774714
145000 6219.15774714
146000 7161.99881492
147000 8104.8398827
148000 8104.8398827
149000 8104.8398827
150000 6313.58088601
151000 6313.58088601
152000 6313.58088601
153000 6313.58088601
154000 5873.0961359
155000 5873.0961359
156000 5873.0961359
157000 5873.0961359
158000 5873.0961359
159000 5873.0961359
160000 6889.33755172
161000 6889.33755172
162000 6889.33755172
163000 6889.33755172
164000 9129.02111075
165000 9129.02111075
166000 9129.02111075
167000 9150.06914547
168000 9150.06914547
169000 9150.06914547
170000 8348.11650315
171000 7546.16386083
172000 7546.16386083
173000 5677.24645483
174000 1745.83673469
175000 5619.62561576
176000 5619.62561576
177000 6608.63856099
178000 6608.63856099
179000 6277.05850446
180000 6277.05850446
181000 6277.05850446
182000 3426.32072072
183000 5325.33333333
184000 5325.33333333
185000 5358.97382199
186000 5392.61431065
187000 5392.61431065
188000 5392.61431065
189000 6666.82684646
190000 6666.82684646
191000 6666.82684646
192000 6315.37420754
193000 5963.92156863
194000 5963.92156863
195000 5963.92156863
196000 5963.92156863
197000 8153.2906815
198000 8153.2906815
199000 8153.2906815
200000 6973.68028155
201000 5794.06988161
202000 5794.06988161
203000 5794.06988161
204000 7986.4460274
205000 7986.4460274
206000 7986.4460274
207000 7986.4460274
208000 7399.02531346
209000 7399.02531346
210000 7399.02531346
211000 7399.02531346
212000 7633.3918807
213000 7633.3918807
214000 7633.3918807
215000 7633.3918807
216000 6215.6460177
217000 6215.6460177
218000 6215.6460177
219000 6215.6460177
220000 5483.67317426
221000 5483.67317426
222000 5483.67317426
223000 5230.8036036
224000 5230.8036036
225000 5230.8036036
226000 5230.8036036
227000 5230.8036036
228000 6605.59308907
229000 6605.59308907
230000 6605.59308907
231000 5979.34311406
232000 5979.34311406
233000 5979.34311406
234000 5979.34311406
235000 5979.34311406
236000 6954.25259705
237000 6954.25259705
238000 6954.25259705
239000 5589.33059625
240000 4224.40859545
241000 4224.40859545
242000 4224.40859545
243000 4224.40859545
244000 4224.40859545
245000 4224.40859545
246000 7349.20555822
247000 7349.20555822
248000 7349.20555822
249000 7349.20555822
250000 7223.81774171
251000 7098.42992519
252000 7098.42992519
253000 6566.63145063
254000 6566.63145063
255000 4924.34810563
256000 4924.34810563
257000 4924.34810563
258000 4924.34810563
259000 4924.34810563
260000 6745.10806697
261000 6745.10806697
262000 6745.10806697
263000 6745.10806697
264000 7777.79524302
265000 7777.79524302
266000 7777.79524302
267000 7777.79524302
268000 6939.33951057
269000 6939.33951057
270000 6939.33951057
271000 6939.33951057
272000 7932.22591362
273000 7932.22591362
274000 7932.22591362
275000 7932.22591362
276000 7209.33632287
277000 7209.33632287
278000 7209.33632287
279000 7209.33632287
280000 5631.78689398
281000 5631.78689398
282000 5631.78689398
283000 6584.79928177
284000 7537.81166956
285000 7537.81166956
286000 7537.81166956
287000 8312.92294297
288000 8312.92294297
289000 7979.74402677
290000 7646.56511057
291000 7646.56511057
292000 7646.56511057
293000 6743.14810282
294000 6743.14810282
295000 6743.14810282
296000 6743.14810282
297000 7436.72066116
298000 7436.72066116
299000 7436.72066116
300000 7436.72066116
301000 7663.15180723
302000 7663.15180723
303000 7663.15180723
304000 7663.15180723
305000 7499.43446852
306000 7499.43446852
307000 7499.43446852
308000 7499.43446852
309000 4940.43418358
310000 4940.43418358
311000 4940.43418358
312000 4940.43418358
313000 4940.43418358
314000 6219.15774714
315000 6219.15774714
316000 6219.15774714
317000 6219.15774714
318000 7161.99881492
319000 8104.8398827
320000 8104.8398827
321000 8104.8398827
322000 6313.58088601
323000 6313.58088601
324000 6313.58088601
325000 6313.58088601
326000 5873.0961359
327000 5873.0961359
328000 5873.0961359
329000 5873.0961359
330000 5873.0961359
331000 5873.0961359
332000 6889.33755172
333000 6889.33755172
334000 6889.33755172
335000 6889.33755172
336000 9129.02111075
337000 9129.02111075
338000 9129.02111075
339000 9150.06914547
340000 9150.06914547
341000 9150.06914547
342000 8348.11650315
343000 7546.16386083
344000 7546.16386083
