0 9798.05866667
1000 9798.05866667
2000 5392.21281741
3000 3182.76056338
4000 3182.76056338
5000 1229.94639175
6000 1229.94639175
7000 1229.94639175
8000 1229.94639175
9000 2503.35837563
10000 2503.35837563
11000 0.0
12000 4542.47644152
13000 4542.47644152
14000 4542.47644152
15000 4542.47644152
16000 4542.47644152
17000 4542.47644152
18000 0.0
19000 0.0
20000 0.0
21000 0.0
22000 4035.73333333
23000 4035.73333333
24000 3778.11099476
25000 3778.11099476
26000 3708.61437588
27000 3639.11775701
28000 3639.11775701
29000 4204.9028785
30000 4770.688
31000 6254.944
32000 7739.2
33000 3532.25142857
34000 3532.25142857
35000 1766.12571428
36000 0.0
37000 3587.41792416
38000 3587.41792416
39000 3587.41792416
40000 3587.41792416
41000 3587.41792416
42000 3587.41792416
43000 3587.41792416
44000 3587.41792416
45000 4601.9392
46000 4601.9392
47000 4601.9392
48000 4601.9392
49000 4601.9392
50000 5369.77091988
51000 5369.77091988
52000 5369.77091988
53000 5612.67212661
54000 5855.57333333
55000 5855.57333333
56000 5810.03555556
57000 5764.49777778
58000 5764.49777778
59000 5764.49777778
60000 5764.49777778
61000 5166.44324324
62000 5166.44324324
63000 5166.44324324
64000 5166.44324324
65000 5166.44324324
66000 5737.8630137
67000 5737.8630137
68000 5737.8630137
69000 5737.8630137
70000 5801.09601389
71000 5864.32901408
72000 5864.32901408
73000 5864.32901408
74000 5129.85434661
75000 5129.85434661
76000 5129.85434661
77000 5129.85434661
78000 4395.37967914
79000 4395.37967914
80000 4395.37967914
81000 4395.37967914
82000 7496.07272727
83000 5262.31011236
84000 5083.08405797
85000 6567.46666667
86000 7758.8169697
87000 9584.17163636
88000 9078.39466667
89000 6376.52405797
90000 4814.43478261
91000 3111.84761905
92000 3111.84761905
93000 3055.21076233
94000 3055.21076233
95000 6983.15555556
96000 0.0
97000 4249.77746967
98000 4249.77746967
99000 4249.77746967
100000 4249.77746967
101000 4249.77746967
102000 4249.77746967
103000 4100.53779264
104000 4100.53779264
105000 4100.53779264
106000 4100.53779264
107000 4100.53779264
108000 4100.53779264
109000 3677.045
110000 3677.045
111000 3677.045
112000 3677.045
113000 3677.045
114000 3677.045
115000 3677.045
116000 4930.72062257
117000 4930.72062257
118000 4930.72062257
119000 4930.72062257
120000 4930.72062257
121000 5999.28888889
122000 5999.28888889
123000 5999.28888889
124000 5999.28888889
125000 5537.44069264
126000 5537.44069264
127000 7667.74967966
128000 9798.05866667
129000 5392.21281741
130000 3182.76056338
131000 2206.35347757
132000 1229.94639175
133000 1229.94639175
134000 1229.94639175
135000 1229.94639175
136000 2503.35837563
137000 2503.35837563
138000 0.0
139000 4542.47644152
140000 4542.47644152
141000 4542.47644152
142000 4542.47644152
143000 4542.47644152
144000 4542.47644152
145000 0.0
146000 0.0
147000 0.0
148000 0.0
149000 4035.73333333
150000 4035.73333333
151000 3778.11099476
152000 3778.11099476
153000 3708.61437588
154000 3639.11775701
155000 3639.11775701
156000 4770.688
157000 4770.688
158000 6254.944
159000 7739.2
160000 3532.25142857
161000 3532.25142857
162000 1766.12571428
163000 0.0
164000 3587.41792416
165000 3587.41792416
166000 3587.41792416
167000 3587.41792416
168000 3587.41792416
169000 3587.41792416
170000 3587.41792416
171000 4094.67856208
172000 4601.9392
173000 4601.9392
174000 4601.9392
175000 4601.9392
176000 4601.9392
177000 5369.77091988
178000 5369.77091988
179000 5369.77091988
180000 5855.57333333
181000 5855.57333333
182000 5855.57333333
183000 5810.03555556
184000 5764.49777778
185000 5764.49777778
186000 5764.49777778
187000 5764.49777778
188000 5166.44324324
189000 5166.44324324
190000 5166.44324324
191000 5166.44324324
192000 5166.44324324
193000 5737.8630137
194000 5737.8630137
195000 5737.8630137
196000 5737.8630137
197000 5864.32901408
198000 5864.32901408
199000 5864.32901408
200000 5864.32901408
201000 5129.85434661
202000 5129.85434661
203000 5129.85434661
204000 5129.85434661
205000 4395.37967914
206000 4395.37967914
207000 4395.37967914
208000 4395.37967914
209000 7496.07272727
210000 5262.31011236
211000 5083.08405797
212000 6567.46666667
213000 7758.8169697
214000 9584.17163636
215000 9078.39466667
216000 6376.52405797
217000 4814.43478261
218000 3111.84761905
219000 3083.52919069
220000 3055.21076233
221000 5019.18315894
222000 6983.15555556
223000 0.0
224000 4249.77746967
225000 4249.77746967
226000 4249.77746967
227000 4249.77746967
228000 4249.77746967
229000 4249.77746967
230000 4100.53779264
231000 4100.53779264
232000 4100.53779264
233000 4100.53779264
234000 4100.53779264
235000 4100.53779264
236000 3677.045
237000 3677.045
238000 3677.045
239000 3677.045
240000 3677.045
241000 3677.045
242000 4303.88281129
243000 4930.72062257
244000 4930.72062257
245000 4930.72062257
246000 4930.72062257
247000 4930.72062257
248000 5999.28888889
249000 5999.28888889
250000 5999.28888889
251000 5999.28888889
252000 5537.44069264
253000 5537.44069264
