0 4309.64885496
1000 4309.64885496
2000 3188.59346925
3000 2067.53808354
4000 2067.53808354
5000 2311.47872913
6000 2311.47872913
7000 7509.71623932
8000 8838.50406504
9000 7315.37978518
10000 7315.37978518
11000 7315.37978518
12000 7315.37978518
13000 10182.4528926
14000 10363.6906436
15000 10363.6906436
16000 16458.6988783
17000 22553.707113
18000 12620.4348412
19000 2687.16256939
20000 2687.16256939
21000 2687.16256939
22000 2687.16256939
23000 2687.16256939
24000 2687.16256939
25000 2687.16256939
26000 2687.16256939
27000 849.373639661
28000 849.373639661
29000 3033.83964758
30000 3033.83964758
31000 3033.83964758
32000 1833.9794012
33000 1833.9794012
34000 1833.9794012
35000 1833.9794012
36000 2734.22907829
37000 2734.22907829
38000 2734.22907829
39000 20001.139726
40000 2234.16610398
41000 2234.16610398
42000 2234.16610398
43000 1397.21864521
44000 5512.44899088
45000 5512.44899088
46000 5512.44899088
47000 5512.44899088
48000 3825.60181503
49000 8360.73936681
50000 8360.73936681
51000 8360.73936681
52000 5524.4349622
53000 2688.13055759
54000 2688.13055759
55000 2688.13055759
56000 2688.13055759
57000 2688.13055759
58000 2688.13055759
59000 2688.13055759
60000 2688.13055759
61000 2688.13055759
62000 2569.87847278
63000 2451.62638798
64000 1565.25039159
65000 1565.25039159
66000 1565.25039159
67000 1565.25039159
68000 1565.25039159
69000 1208.81805447
70000 1208.81805447
71000 1208.81805447
72000 1208.81805447
73000 1208.81805447
74000 1208.81805447
75000 1208.81805447
76000 1147.13167988
77000 1147.13167988
78000 1147.13167988
79000 1147.13167988
80000 1603.264
81000 1603.264
82000 1603.264
83000 1303.36475666
84000 1003.46551332
85000 1003.46551332
86000 1003.46551332
87000 1003.46551332
88000 3828.57677319
89000 3828.57677319
90000 5312.48961749
91000 3828.39708756
92000 2344.30455764
93000 2344.30455764
94000 1015.74457216
95000 966.646477946
96000 966.646477946
97000 966.646477946
98000 966.646477946
99000 966.646477946
100000 1253.04880817
101000 1253.04880817
102000 1253.04880817
103000 1570.18952779
104000 1570.18952779
105000 1570.18952779
106000 1570.18952779
107000 2112.94833801
108000 2112.94833801
109000 2112.94833801
110000 1846.15471167
111000 1846.15471167
112000 1846.15471167
113000 2030.63169399
114000 2030.63169399
115000 2927.86262626
116000 2927.86262626
117000 2927.86262626
118000 2927.86262626
119000 1653.31458699
120000 22439.2408759
121000 12997.7910809
122000 12997.7910809
123000 3556.34128589
124000 3556.34128589
125000 7026.91797186
126000 7026.91797186
127000 7026.91797186
128000 7026.91797186
129000 1894.84282292
130000 1894.84282292
131000 1894.84282292
132000 1894.84282292
133000 1894.84282292
134000 1894.84282292
135000 1894.84282292
136000 1894.84282292
137000 1894.84282292
138000 1894.84282292
139000 1894.84282292
140000 4942.94720735
141000 4942.94720735
142000 4942.94720735
143000 1300.40928808
144000 1300.40928808
145000 1300.40928808
146000 1300.40928808
147000 1300.40928808
148000 1300.40928808
149000 1300.40928808
150000 1300.40928808
151000 3470.22222222
152000 3470.22222222
153000 3470.22222222
154000 3190.28809326
155000 1392.13790306
156000 1392.13790306
157000 1392.13790306
158000 1392.13790306
159000 1392.13790306
160000 2075.40945332
161000 2758.68100358
162000 2758.68100358
163000 1575.30752501
164000 1575.30752501
165000 1575.30752501
166000 1575.30752501
167000 1575.30752501
168000 5941.57754801
169000 4238.15719506
170000 2534.73684211
171000 2534.73684211
172000 1806.05028495
173000 1806.05028495
174000 1806.05028495
175000 3057.84956995
176000 4309.64885496
177000 2067.53808354
178000 2067.53808354
179000 2067.53808354
180000 2311.47872913
181000 2311.47872913
182000 7509.71623932
183000 8838.50406504
184000 7315.37978518
185000 7315.37978518
186000 7315.37978518
187000 7315.37978518
188000 10182.4528926
189000 10363.6906436
190000 10363.6906436
191000 16458.6988783
192000 22553.707113
193000 12620.4348412
194000 2687.16256939
195000 2687.16256939
196000 2687.16256939
197000 2687.16256939
198000 2687.16256939
199000 2687.16256939
200000 2687.16256939
201000 2687.16256939
202000 849.373639661
203000 849.373639661
204000 3033.83964758
205000 3033.83964758
206000 2433.90952439
207000 1833.9794012
208000 1833.9794012
209000 1833.9794012
210000 1833.9794012
211000 2734.22907829
212000 2734.22907829
213000 2734.22907829
214000 20001.139726
215000 2234.16610398
216000 2234.16610398
217000 2234.16610398
218000 560.271186441
219000 5512.44899088
220000 5512.44899088
221000 5512.44899088
222000 5512.44899088
223000 2138.75463918
224000 8360.73936681
225000 8360.73936681
226000 8360.73936681
227000 5524.4349622
228000 2688.13055759
229000 2688.13055759
230000 2688.13055759
231000 2688.13055759
232000 2688.13055759
233000 2688.13055759
234000 2688.13055759
235000 2688.13055759
236000 2688.13055759
237000 2569.87847278
238000 2451.62638798
239000 1565.25039159
240000 1565.25039159
241000 1565.25039159
242000 1565.25039159
243000 1565.25039159
244000 1208.81805447
245000 1208.81805447
246000 1208.81805447
247000 1208.81805447
248000 1208.81805447
249000 1208.81805447
250000 1177.97486718
251000 1147.13167988
252000 1147.13167988
253000 1147.13167988
254000 1147.13167988
255000 1603.264
256000 1603.264
257000 1603.264
258000 1003.46551332
259000 1003.46551332
260000 1003.46551332
261000 1003.46551332
262000 1003.46551332
263000 3828.57677319
264000 3828.57677319
265000 5312.48961749
266000 3828.39708756
267000 2344.30455764
268000 1680.0245649
269000 991.195525053
270000 966.646477946
271000 966.646477946
272000 966.646477946
273000 966.646477946
274000 1109.84764306
275000 1253.04880817
276000 1253.04880817
277000 1253.04880817
278000 1570.18952779
279000 1570.18952779
280000 1570.18952779
281000 1841.5689329
282000 2112.94833801
283000 2112.94833801
284000 1979.55152484
285000 1846.15471167
286000 1846.15471167
287000 1846.15471167
288000 2030.63169399
289000 2030.63169399
290000 2927.86262626
291000 2927.86262626
292000 2927.86262626
293000 2927.86262626
294000 1653.31458699
295000 22439.2408759
296000 12997.7910809
297000 3556.34128589
298000 3556.34128589
299000 3556.34128589
300000 7026.91797186
301000 7026.91797186
302000 7026.91797186
303000 7026.91797186
304000 1894.84282292
305000 1894.84282292
306000 1894.84282292
307000 1894.84282292
308000 1894.84282292
309000 1894.84282292
310000 1894.84282292
311000 1894.84282292
312000 1894.84282292
313000 1894.84282292
314000 1894.84282292
315000 4942.94720735
316000 4942.94720735
317000 4942.94720735
318000 1300.40928808
319000 1300.40928808
320000 1300.40928808
321000 1300.40928808
322000 1300.40928808
323000 1300.40928808
324000 1300.40928808
325000 1300.40928808
326000 3470.22222222
327000 3470.22222222
328000 3470.22222222
329000 3190.28809326
330000 1392.13790306
331000 1392.13790306
332000 1392.13790306
333000 1392.13790306
334000 1392.13790306
335000 2758.68100358
336000 2758.68100358
337000 2758.68100358
338000 1575.30752501
339000 1575.30752501
340000 1575.30752501
341000 1575.30752501
342000 1575.30752501
343000 5941.57754801
344000 2534.73684211
345000 2534.73684211
346000 2534.73684211
347000 1806.05028495
348000 1806.05028495
349000 1806.05028495
