0 3331.68695652
1000 3331.68695652
2000 3339.06918239
3000 3339.06918239
4000 3244.74074074
5000 3220.95575221
6000 3220.95575221
7000 3039.33333333
8000 3039.33333333
9000 1958.22818792
10000 1958.22818792
11000 1958.22818792
12000 2478.54982474
13000 2478.54982474
14000 2478.54982474
15000 2478.54982474
16000 2782.49636907
17000 2782.49636907
18000 2782.49636907
19000 2782.49636907
20000 2782.49636907
21000 2866.34196012
22000 2866.34196012
23000 2866.34196012
24000 2866.34196012
25000 2866.34196012
26000 2685.2559727
27000 2685.2559727
28000 2685.2559727
29000 2685.2559727
30000 2685.2559727
31000 3058.36814988
32000 3058.36814988
33000 3058.36814988
34000 3058.36814988
35000 2866.52631579
36000 2866.52631579
37000 2866.52631579
38000 2866.52631579
39000 2866.52631579
40000 2918.43776824
41000 2918.43776824
42000 2918.43776824
43000 2918.43776824
44000 2611.7486535
45000 2611.7486535
46000 2611.7486535
47000 2611.7486535
48000 2611.7486535
49000 3119.19316239
50000 3119.19316239
51000 3119.19316239
52000 3119.19316239
53000 3119.19316239
54000 2262.12267053
55000 2262.12267053
56000 2262.12267053
57000 2262.12267053
58000 2262.12267053
59000 1618.81959379
60000 1618.81959379
61000 2992.34541249
62000 2992.34541249
63000 2992.34541249
64000 2625.89989644
65000 2625.89989644
66000 2625.89989644
67000 2379.41585535
68000 2379.41585535
69000 2379.41585535
70000 2223.93457944
71000 2223.93457944
72000 2223.93457944
73000 2127.69563945
74000 2127.69563945
75000 2127.69563945
76000 2127.69563945
77000 2206.47250755
78000 2206.47250755
79000 2206.47250755
80000 1583.19036145
81000 2459.3408
82000 2459.3408
83000 2459.3408
84000 2459.3408
85000 2459.3408
86000 2383.2384
87000 2307.136
88000 2307.136
89000 2307.136
90000 2307.136
91000 2307.136
92000 2307.136
93000 2307.136
94000 2307.136
95000 1320.8479629
96000 1320.8479629
97000 1320.8479629
98000 1320.8479629
99000 1320.8479629
100000 1320.8479629
101000 2389.29394387
102000 2389.29394387
103000 2389.29394387
104000 2353.97716588
105000 2353.97716588
106000 2353.97716588
107000 2311.80057971
108000 2311.80057971
109000 2311.80057971
110000 2350.05789855
111000 2388.31521739
112000 2388.31521739
113000 2388.31521739
114000 2467.48928571
115000 2467.48928571
116000 3174.08920863
117000 3174.08920863
118000 3174.08920863
119000 3174.08920863
120000 3174.08920863
121000 2855.34471886
122000 2536.6002291
123000 2536.6002291
124000 2536.6002291
125000 2536.6002291
126000 2536.6002291
127000 2536.6002291
128000 2536.6002291
129000 2395.78352941
130000 2395.78352941
131000 2395.78352941
132000 2395.78352941
133000 2395.78352941
134000 1241.70989236
135000 1241.70989236
136000 3058.59327217
137000 3058.59327217
138000 3058.59327217
139000 2994.10951009
140000 2994.10951009
141000 3331.68695652
142000 3339.06918239
143000 3339.06918239
144000 3244.74074074
145000 3232.84824647
146000 3220.95575221
147000 3039.33333333
148000 3039.33333333
149000 1958.22818792
150000 1958.22818792
151000 1958.22818792
152000 2478.54982474
153000 2478.54982474
154000 2478.54982474
155000 2478.54982474
156000 2630.5230969
157000 2782.49636907
158000 2782.49636907
159000 2782.49636907
160000 2782.49636907
161000 2866.34196012
162000 2866.34196012
163000 2866.34196012
164000 2866.34196012
165000 2866.34196012
166000 2685.2559727
167000 2685.2559727
168000 2685.2559727
169000 2685.2559727
170000 2685.2559727
171000 3058.36814988
172000 3058.36814988
173000 3058.36814988
174000 3058.36814988
175000 2866.52631579
176000 2866.52631579
177000 2866.52631579
178000 2866.52631579
179000 2866.52631579
180000 2866.52631579
181000 2918.43776824
182000 2918.43776824
183000 2918.43776824
184000 2765.09321087
185000 2611.7486535
186000 2611.7486535
187000 2611.7486535
188000 2611.7486535
189000 3119.19316239
190000 3119.19316239
191000 3119.19316239
192000 3119.19316239
193000 3119.19316239
194000 2262.12267053
195000 2262.12267053
196000 2262.12267053
197000 2262.12267053
198000 2262.12267053
199000 1940.47113216
200000 1618.81959379
201000 2992.34541249
202000 2992.34541249
203000 2992.34541249
204000 2625.89989644
205000 2625.89989644
206000 2625.89989644
207000 2379.41585535
208000 2379.41585535
209000 2379.41585535
210000 2223.93457944
211000 2223.93457944
212000 2223.93457944
213000 2223.93457944
214000 2127.69563945
215000 2127.69563945
216000 2127.69563945
217000 2206.47250755
218000 2206.47250755
219000 2206.47250755
220000 1894.8314345
221000 2459.3408
222000 2459.3408
223000 2459.3408
224000 2459.3408
225000 2459.3408
226000 2459.3408
227000 2307.136
228000 2307.136
229000 2307.136
230000 2307.136
231000 2307.136
232000 2307.136
233000 2307.136
234000 2307.136
235000 1320.8479629
236000 1320.8479629
237000 1320.8479629
238000 1320.8479629
239000 1320.8479629
240000 1320.8479629
241000 2389.29394387
242000 2389.29394387
243000 2389.29394387
244000 2353.97716588
245000 2353.97716588
246000 2353.97716588
247000 2311.80057971
248000 2311.80057971
249000 2311.80057971
250000 2311.80057971
251000 2388.31521739
252000 2388.31521739
253000 2388.31521739
254000 2467.48928571
255000 2467.48928571
256000 3174.08920863
257000 3174.08920863
258000 3174.08920863
259000 3174.08920863
260000 3174.08920863
261000 3174.08920863
262000 2536.6002291
263000 2536.6002291
264000 2536.6002291
265000 2536.6002291
266000 2536.6002291
267000 2536.6002291
268000 2536.6002291
269000 2395.78352941
270000 2395.78352941
271000 2395.78352941
272000 2395.78352941
273000 2395.78352941
274000 1241.70989236
275000 1241.70989236
276000 3058.59327217
277000 3058.59327217
278000 3058.59327217
279000 2994.10951009
280000 2994.10951009
