0 59904.0
1000 59904.0
2000 59904.0
3000 59904.0
4000 59904.0
5000 31054.4064064
6000 31054.4064064
7000 31054.4064064
8000 31054.4064064
9000 31054.4064064
10000 31054.4064064
11000 2204.81281281
12000 2204.81281281
13000 2381.44549989
14000 2558.07818697
15000 1426.09569726
16000 2671.44827586
17000 2671.44827586
18000 2671.44827586
19000 2671.44827586
20000 2671.44827586
21000 2671.44827586
22000 2785.34645821
23000 2785.34645821
24000 2785.34645821
25000 2785.34645821
26000 2785.34645821
27000 2783.50648503
28000 2781.66651184
29000 2781.66651184
30000 2781.66651184
31000 2781.66651184
32000 2655.50912621
33000 2655.50912621
34000 2655.50912621
35000 2655.50912621
36000 2655.50912621
37000 2686.96191755
38000 2718.41470889
39000 2718.41470889
40000 2718.41470889
41000 2718.41470889
42000 2690.67701863
43000 2690.67701863
44000 2690.67701863
45000 2690.67701863
46000 2690.67701863
47000 2787.78710981
48000 2787.78710981
49000 2787.78710981
50000 2787.78710981
51000 2787.78710981
52000 2776.75327771
53000 2776.75327771
54000 2776.75327771
55000 2776.75327771
56000 2776.75327771
57000 2774.50211798
58000 2772.25095824
59000 2772.25095824
60000 2772.25095824
61000 2772.25095824
62000 2772.25095824
63000 2778.35619142
64000 2778.35619142
65000 2778.35619142
66000 2778.35619142
67000 2786.07660721
68000 2793.797023
69000 2793.797023
70000 2793.797023
71000 2793.797023
72000 2793.797023
73000 2793.797023
74000 2636.01163919
75000 2636.01163919
76000 2636.01163919
77000 2636.01163919
78000 2699.69114959
79000 2763.37065999
80000 2763.37065999
81000 2763.37065999
82000 2733.90654206
83000 2733.90654206
84000 2733.90654206
85000 2733.90654206
86000 2733.90654206
87000 2787.95454545
88000 2787.95454545
89000 2787.95454545
90000 2787.95454545
91000 2787.95454545
92000 2787.95454545
93000 2778.8985779
94000 2769.84261036
95000 2769.84261036
96000 2769.84261036
97000 2769.84261036
98000 2769.84261036
99000 2742.70877618
100000 2715.574942
101000 2715.574942
102000 2744.01518027
103000 2744.01518027
104000 2746.40263274
105000 2748.79008521
106000 2748.79008521
107000 2735.8358009
108000 2722.88151659
109000 2722.88151659
110000 2699.39109689
111000 2680.81572616
112000 2685.73077513
113000 2685.73077513
114000 2685.73077513
115000 2685.73077513
116000 2685.73077513
117000 2685.73077513
118000 2705.45155108
119000 2725.17232704
120000 2725.17232704
121000 2725.17232704
122000 2725.17232704
123000 2739.33641836
124000 2753.50050968
125000 2753.50050968
126000 2753.50050968
127000 2753.50050968
128000 2753.50050968
129000 2753.50050968
130000 2753.50050968
131000 2647.77181208
132000 2647.77181208
133000 2647.77181208
134000 2647.77181208
135000 2647.77181208
136000 2777.38958394
137000 2777.38958394
138000 2777.38958394
139000 2777.38958394
140000 2789.83468395
141000 2789.83468395
142000 2789.83468395
143000 2789.83468395
144000 2789.83468395
145000 2797.75663158
146000 2797.75663158
147000 2797.75663158
148000 2797.75663158
149000 2797.75663158
150000 2703.69855072
151000 2703.69855072
152000 2700.35066414
153000 2700.35066414
154000 2700.35066414
155000 2700.35066414
156000 2700.35066414
157000 2765.96407186
158000 2765.96407186
159000 2765.96407186
160000 2765.96407186
161000 2772.86009556
162000 2779.75611927
163000 2779.75611927
164000 2779.75611927
165000 2779.75611927
166000 2757.80529755
167000 2735.85447583
168000 2735.85447583
169000 2735.85447583
170000 2735.85447583
171000 2624.35506241
172000 2643.83265457
173000 2643.83265457
174000 2643.83265457
175000 2679.55660824
176000 2679.55660824
177000 2707.89388697
178000 2707.89388697
179000 2734.41856148
180000 2734.41856148
181000 2734.41856148
182000 1856.5
183000 31031.7948718
184000 31031.7948718
185000 31031.7948718
186000 31031.7948718
187000 31031.7948718
188000 31054.4064064
189000 31054.4064064
190000 31054.4064064
191000 31054.4064064
192000 31054.4064064
193000 31054.4064064
194000 2204.81281281
195000 2204.81281281
196000 2558.07818697
197000 2558.07818697
198000 1482.7807417
199000 2671.44827586
200000 2671.44827586
201000 2671.44827586
202000 2671.44827586
203000 2671.44827586
204000 2728.39736704
205000 2785.34645821
206000 2785.34645821
207000 2785.34645821
208000 2785.34645821
209000 2785.34645821
210000 2781.66651184
211000 2781.66651184
212000 2781.66651184
213000 2781.66651184
214000 2781.66651184
215000 2655.50912621
216000 2655.50912621
217000 2655.50912621
218000 2655.50912621
219000 2655.50912621
220000 2718.41470889
221000 2718.41470889
222000 2718.41470889
223000 2718.41470889
224000 2704.54586376
225000 2690.67701863
226000 2690.67701863
227000 2690.67701863
228000 2690.67701863
229000 2690.67701863
230000 2787.78710981
231000 2787.78710981
232000 2787.78710981
233000 2787.78710981
234000 2787.78710981
235000 2776.75327771
236000 2776.75327771
237000 2776.75327771
238000 2776.75327771
239000 2776.75327771
240000 2772.25095824
241000 2772.25095824
242000 2772.25095824
243000 2772.25095824
244000 2772.25095824
245000 2775.30357483
246000 2778.35619142
247000 2778.35619142
248000 2778.35619142
249000 2778.35619142
250000 2786.07660721
251000 2793.797023
252000 2793.797023
253000 2793.797023
254000 2793.797023
255000 2793.797023
256000 2714.9043311
257000 2636.01163919
258000 2636.01163919
259000 2636.01163919
260000 2636.01163919
261000 2699.69114959
262000 2763.37065999
263000 2763.37065999
264000 2763.37065999
265000 2733.90654206
266000 2733.90654206
267000 2733.90654206
268000 2733.90654206
269000 2760.93054376
270000 2787.95454545
271000 2787.95454545
272000 2787.95454545
273000 2787.95454545
274000 2787.95454545
275000 2787.95454545
276000 2778.8985779
277000 2769.84261036
278000 2769.84261036
279000 2769.84261036
280000 2769.84261036
281000 2769.84261036
282000 2742.70877618
283000 2715.574942
284000 2715.574942
285000 2744.01518027
286000 2744.01518027
287000 2746.40263274
288000 2748.79008521
289000 2748.79008521
290000 2722.88151659
291000 2722.88151659
292000 2722.88151659
293000 2675.9006772
294000 2685.73077513
295000 2685.73077513
296000 2685.73077513
297000 2685.73077513
298000 2685.73077513
299000 2685.73077513
300000 2685.73077513
301000 2725.17232704
302000 2725.17232704
303000 2725.17232704
304000 2725.17232704
305000 2725.17232704
306000 2753.50050968
307000 2753.50050968
308000 2753.50050968
309000 2753.50050968
310000 2753.50050968
311000 2753.50050968
312000 2753.50050968
313000 2700.63616088
314000 2647.77181208
315000 2647.77181208
316000 2647.77181208
317000 2647.77181208
318000 2647.77181208
319000 2777.38958394
320000 2777.38958394
321000 2777.38958394
322000 2783.61213395
323000 2789.83468395
324000 2789.83468395
325000 2789.83468395
326000 2789.83468395
327000 2789.83468395
328000 2797.75663158
329000 2797.75663158
330000 2797.75663158
331000 2797.75663158
332000 2797.75663158
333000 2703.69855072
334000 2700.35066414
335000 2700.35066414
336000 2700.35066414
337000 2700.35066414
338000 2700.35066414
339000 2700.35066414
340000 2765.96407186
341000 2765.96407186
342000 2765.96407186
343000 2765.96407186
344000 2779.75611927
345000 2779.75611927
346000 2779.75611927
347000 2779.75611927
348000 2779.75611927
349000 2735.85447583
350000 2735.85447583
351000 2735.85447583
352000 2735.85447583
353000 2735.85447583
354000 2624.35506241
355000 2643.83265457
356000 2643.83265457
357000 2661.69463141
358000 2679.55660824
359000 2679.55660824
360000 2707.89388697
361000 2707.89388697
362000 2734.41856148
363000 2734.41856148
364000 2295.45928074
365000 2008.0448718
