0 3648.84166228
1000 3648.84166228
2000 3648.84166228
3000 4045.7139129
4000 4442.58616352
5000 3074.90163871
6000 1707.21711391
7000 1707.21711391
8000 1707.21711391
9000 1707.21711391
10000 1707.21711391
11000 2904.32693255
12000 2904.32693255
13000 4356.33121019
14000 4356.33121019
15000 1300.07391409
16000 1300.07391409
17000 1300.07391409
18000 1300.07391409
19000 1428.22169186
20000 1428.22169186
21000 1428.22169186
22000 1428.22169186
23000 4277.87101557
24000 2557.79198376
25000 2557.79198376
26000 1865.51810719
27000 1865.51810719
28000 1889.65274951
29000 1913.78739184
30000 1913.78739184
31000 1913.78739184
32000 1913.78739184
33000 1913.78739184
34000 1913.78739184
35000 1913.78739184
36000 1913.78739184
37000 1913.78739184
38000 2141.87636854
39000 2141.87636854
40000 2141.87636854
41000 2141.87636854
42000 2141.87636854
43000 2141.87636854
44000 1549.6279336
45000 1549.6279336
46000 1549.6279336
47000 1549.6279336
48000 1549.6279336
49000 1549.6279336
50000 1549.6279336
51000 1549.6279336
52000 1549.6279336
53000 1687.26365677
54000 1687.26365677
55000 1687.26365677
56000 1687.26365677
57000 1687.26365677
58000 1687.26365677
59000 1687.26365677
60000 1687.26365677
61000 1836.50271939
62000 1836.50271939
63000 1836.50271939
64000 1836.50271939
65000 1836.50271939
66000 1836.50271939
67000 1836.50271939
68000 2513.22508657
69000 2513.22508657
70000 2513.22508657
71000 2513.22508657
72000 2513.22508657
73000 2155.96993533
74000 2155.96993533
75000 2155.96993533
76000 2155.96993533
77000 2155.96993533
78000 2155.96993533
79000 2155.96993533
80000 2155.96993533
81000 2155.96993533
82000 2155.96993533
83000 2155.96993533
84000 2155.96993533
85000 2309.22831692
86000 2309.22831692
87000 2309.22831692
88000 2309.22831692
89000 2309.22831692
90000 2309.22831692
91000 2309.22831692
92000 2309.22831692
93000 2309.22831692
94000 2393.9238965
95000 2393.9238965
96000 2393.9238965
97000 2393.9238965
98000 2393.9238965
99000 2636.02304527
100000 2636.02304527
101000 2636.02304527
102000 2636.02304527
103000 2636.02304527
104000 1405.84545723
105000 1405.84545723
106000 1405.84545723
107000 1405.84545723
108000 1405.84545723
109000 1405.84545723
110000 1405.84545723
111000 1405.84545723
112000 1405.84545723
113000 1405.84545723
114000 1836.9566787
115000 1836.9566787
116000 1836.9566787
117000 1836.9566787
118000 1836.9566787
119000 1107.95341836
120000 1107.95341836
121000 1107.95341836
122000 1107.95341836
123000 1107.95341836
124000 1107.95341836
125000 1107.95341836
126000 1107.95341836
127000 1107.95341836
128000 1107.95341836
129000 1107.95341836
130000 1107.95341836
131000 1932.95849163
132000 1932.95849163
133000 1932.95849163
134000 1932.95849163
135000 1932.95849163
136000 1932.95849163
137000 1932.95849163
138000 1932.95849163
139000 1835.20060906
140000 1835.20060906
141000 1835.20060906
142000 1835.20060906
143000 1835.20060906
144000 1594.71972209
145000 1594.71972209
146000 1594.71972209
147000 1594.71972209
148000 1594.71972209
149000 1594.71972209
150000 1594.71972209
151000 1952.49807445
152000 1952.49807445
153000 1952.49807445
154000 2523.13666203
155000 2523.13666203
156000 2523.13666203
157000 2523.13666203
158000 2523.13666203
159000 2849.39810779
160000 2849.39810779
161000 2849.39810779
162000 2849.39810779
163000 2849.39810779
164000 2849.39810779
165000 2849.39810779
166000 2849.39810779
167000 2849.39810779
168000 3290.56857178
169000 3290.56857178
170000 3290.56857178
171000 3290.56857178
172000 3290.56857178
173000 3290.56857178
174000 3290.56857178
175000 3290.56857178
176000 3144.68572474
177000 2998.8028777
178000 2998.8028777
179000 2998.8028777
180000 2998.8028777
181000 2998.8028777
182000 2998.8028777
183000 2998.8028777
184000 2998.8028777
185000 2389.75621082
186000 2389.75621082
187000 2389.75621082
188000 2389.75621082
189000 2389.75621082
190000 2389.75621082
191000 2389.75621082
192000 2389.75621082
193000 2389.75621082
194000 1413.73572918
195000 1413.73572918
196000 1413.73572918
197000 1413.73572918
198000 1413.73572918
199000 1413.73572918
200000 1413.73572918
201000 1413.73572918
202000 1413.73572918
203000 1413.73572918
204000 1486.0034188
205000 1486.0034188
206000 1486.0034188
207000 1486.0034188
208000 1486.0034188
209000 1486.0034188
210000 1486.0034188
211000 1486.0034188
212000 1486.0034188
213000 1134.23592619
214000 1134.23592619
215000 1134.23592619
216000 1134.23592619
217000 1134.23592619
218000 1134.23592619
219000 1134.23592619
220000 1134.23592619
221000 1134.23592619
222000 2711.74505495
223000 2711.74505495
224000 2711.74505495
225000 2711.74505495
226000 1176.81663047
227000 1176.81663047
228000 1176.81663047
229000 3248.40478381
230000 3248.40478381
231000 3248.40478381
232000 3248.40478381
233000 3199.7371011
234000 2114.70254111
235000 2114.70254111
236000 2114.70254111
237000 2114.70254111
238000 2114.70254111
239000 2881.77210169
240000 3648.84166228
241000 3648.84166228
242000 4442.58616352
243000 3074.90163871
244000 1707.21711391
245000 1707.21711391
246000 1707.21711391
247000 1707.21711391
248000 1707.21711391
249000 1707.21711391
250000 2904.32693255
251000 2904.32693255
252000 4356.33121019
253000 1300.07391409
254000 1300.07391409
255000 1300.07391409
256000 1300.07391409
257000 1428.22169186
258000 1428.22169186
259000 1428.22169186
260000 1428.22169186
261000 4277.87101557
262000 4277.87101557
263000 2557.79198376
264000 2557.79198376
265000 1865.51810719
266000 1865.51810719
267000 1913.78739184
268000 1913.78739184
269000 1913.78739184
270000 1913.78739184
271000 1913.78739184
272000 1913.78739184
273000 1913.78739184
274000 1913.78739184
275000 1913.78739184
276000 1913.78739184
277000 2141.87636854
278000 2141.87636854
279000 2141.87636854
280000 2141.87636854
281000 2141.87636854
282000 2141.87636854
283000 1549.6279336
284000 1549.6279336
285000 1549.6279336
286000 1549.6279336
287000 1549.6279336
288000 1549.6279336
289000 1549.6279336
290000 1549.6279336
291000 1549.6279336
292000 1687.26365677
293000 1687.26365677
294000 1687.26365677
295000 1687.26365677
296000 1687.26365677
297000 1687.26365677
298000 1687.26365677
299000 1687.26365677
300000 1836.50271939
301000 1836.50271939
302000 1836.50271939
303000 1836.50271939
304000 1836.50271939
305000 1836.50271939
306000 2174.86390298
307000 2513.22508657
308000 2513.22508657
309000 2513.22508657
310000 2513.22508657
311000 2513.22508657
312000 2155.96993533
313000 2155.96993533
314000 2155.96993533
315000 2155.96993533
316000 2155.96993533
317000 2155.96993533
318000 2155.96993533
319000 2155.96993533
320000 2155.96993533
321000 2155.96993533
322000 2155.96993533
323000 2309.22831692
324000 2309.22831692
325000 2309.22831692
326000 2309.22831692
327000 2309.22831692
328000 2309.22831692
329000 2309.22831692
330000 2309.22831692
331000 2309.22831692
332000 2393.9238965
333000 2393.9238965
334000 2393.9238965
335000 2393.9238965
336000 2393.9238965
337000 2636.02304527
338000 2636.02304527
339000 2636.02304527
340000 2636.02304527
341000 2636.02304527
342000 1405.84545723
343000 1405.84545723
344000 1405.84545723
345000 1405.84545723
346000 1405.84545723
347000 1405.84545723
348000 1405.84545723
349000 1405.84545723
350000 1405.84545723
351000 1405.84545723
352000 1621.40106797
353000 1836.9566787
354000 1836.9566787
355000 1836.9566787
356000 1836.9566787
357000 1107.95341836
358000 1107.95341836
359000 1107.95341836
360000 1107.95341836
361000 1107.95341836
362000 1107.95341836
363000 1107.95341836
364000 1107.95341836
365000 1107.95341836
366000 1107.95341836
367000 1107.95341836
368000 1107.95341836
369000 1107.95341836
370000 1932.95849163
371000 1932.95849163
372000 1932.95849163
373000 1932.95849163
374000 1932.95849163
375000 1932.95849163
376000 1932.95849163
377000 1835.20060906
378000 1835.20060906
379000 1835.20060906
380000 1835.20060906
381000 1835.20060906
382000 1714.96016558
383000 1594.71972209
384000 1594.71972209
385000 1594.71972209
386000 1594.71972209
387000 1594.71972209
388000 1594.71972209
389000 1952.49807445
390000 1952.49807445
391000 1952.49807445
392000 2523.13666203
393000 2523.13666203
394000 2523.13666203
395000 2523.13666203
396000 2523.13666203
397000 2849.39810779
398000 2849.39810779
399000 2849.39810779
400000 2849.39810779
401000 2849.39810779
402000 2849.39810779
403000 2849.39810779
404000 2849.39810779
405000 2849.39810779
406000 2849.39810779
407000 3290.56857178
408000 3290.56857178
409000 3290.56857178
410000 3290.56857178
411000 3290.56857178
412000 3290.56857178
413000 3290.56857178
414000 3290.56857178
415000 2998.8028777
416000 2998.8028777
417000 2998.8028777
418000 2998.8028777
419000 2998.8028777
420000 2998.8028777
421000 2998.8028777
422000 2998.8028777
423000 2694.27954426
424000 2389.75621082
425000 2389.75621082
426000 2389.75621082
427000 2389.75621082
428000 2389.75621082
429000 2389.75621082
430000 2389.75621082
431000 2389.75621082
432000 1413.73572918
433000 1413.73572918
434000 1413.73572918
435000 1413.73572918
436000 1413.73572918
437000 1413.73572918
438000 1413.73572918
439000 1413.73572918
440000 1413.73572918
441000 1413.73572918
442000 1486.0034188
443000 1486.0034188
444000 1486.0034188
445000 1486.0034188
446000 1486.0034188
447000 1486.0034188
448000 1486.0034188
449000 1486.0034188
450000 1486.0034188
451000 1486.0034188
452000 1134.23592619
453000 1134.23592619
454000 1134.23592619
455000 1134.23592619
456000 1134.23592619
457000 1134.23592619
458000 1134.23592619
459000 1134.23592619
460000 2711.74505495
461000 2711.74505495
462000 2711.74505495
463000 2711.74505495
464000 1176.81663047
465000 1176.81663047
466000 1176.81663047
467000 3248.40478381
468000 3248.40478381
469000 3248.40478381
470000 3248.40478381
471000 3248.40478381
472000 2632.88597975
473000 2114.70254111
474000 2114.70254111
475000 2114.70254111
476000 2114.70254111
