0 7186.37889688
1000 7186.37889688
2000 7186.37889688
3000 7186.37889688
4000 7186.37889688
5000 7186.37889688
6000 7186.37889688
7000 5539.36273364
8000 5539.36273364
9000 5539.36273364
10000 3892.3465704
11000 3892.3465704
12000 4974.84136131
13000 4974.84136131
14000 5487.01345764
15000 7343.14991411
16000 7038.42364532
17000 5773.09152191
18000 4507.7593985
19000 6240.41319943
20000 6894.95169775
21000 6366.48997276
22000 7270.39688936
23000 9703.9737538
24000 7600.04048915
25000 5149.4375
26000 5082.48275862
27000 8524.99303944
28000 3614.69322709
29000 4077.22435288
30000 4539.75547866
31000 2720.64098613
32000 2720.64098613
33000 4978.04753199
34000 4588.77280569
35000 4199.49807939
36000 4438.41776544
37000 4438.41776544
38000 4438.41776544
39000 4438.41776544
40000 4438.41776544
41000 4438.41776544
42000 7534.81344148
43000 7534.81344148
44000 7534.81344148
45000 7534.81344148
46000 6237.94318729
47000 6237.94318729
48000 6237.94318729
49000 6237.94318729
50000 4839.54375201
51000 3441.14431673
52000 3441.14431673
53000 3441.14431673
54000 3441.14431673
55000 3441.14431673
56000 3441.14431673
57000 4900.98515859
58000 6360.82600044
59000 6360.82600044
60000 6360.82600044
61000 6360.82600044
62000 7963.68946476
63000 9566.55292909
64000 9566.55292909
65000 9566.55292909
66000 5523.23646724
67000 5523.23646724
68000 5523.23646724
69000 5523.23646724
70000 5523.23646724
71000 6784.24744144
72000 6784.24744144
73000 6784.24744144
74000 6784.24744144
75000 6784.24744144
76000 6419.18072289
77000 6419.18072289
78000 6419.18072289
79000 6419.18072289
80000 6419.18072289
81000 4230.81922969
82000 4230.81922969
83000 4230.81922969
84000 4230.81922969
85000 4230.81922969
86000 4230.81922969
87000 4230.81922969
88000 7271.7517601
89000 7271.7517601
90000 7271.7517601
91000 7271.7517601
92000 8049.35601943
93000 8826.96027875
94000 8826.96027875
95000 8826.96027875
96000 8639.33445756
97000 8639.33445756
98000 8639.33445756
99000 8639.33445756
100000 4113.87537466
101000 4113.87537466
102000 4113.87537466
103000 4113.87537466
104000 4113.87537466
105000 4113.87537466
106000 4113.87537466
107000 4856.79746201
108000 4856.79746201
109000 4856.79746201
110000 4856.79746201
111000 4856.79746201
112000 4856.79746201
113000 4871.71120561
114000 4886.62494921
115000 4886.62494921
116000 4886.62494921
117000 4886.62494921
118000 4886.62494921
119000 4267.10346499
120000 4267.10346499
121000 4267.10346499
122000 4267.10346499
123000 4725.83646269
124000 5184.56946039
125000 5184.56946039
126000 5184.56946039
127000 7744.5879087
128000 10304.606357
129000 10304.606357
130000 8492.28282828
131000 8492.28282828
132000 8492.28282828
133000 8492.28282828
134000 8592.50572641
135000 8692.72862454
136000 8692.72862454
137000 8692.72862454
138000 7426.45215011
139000 6160.17567568
140000 6160.17567568
141000 6160.17567568
142000 6160.17567568
143000 5815.04929828
144000 5469.92292089
145000 5469.92292089
146000 5469.92292089
147000 5469.92292089
148000 5469.92292089
149000 4676.44459201
150000 3882.96626312
151000 3882.96626312
152000 3882.96626312
153000 3882.96626312
154000 3882.96626312
155000 3882.96626312
156000 4668.46434241
157000 5453.96242171
158000 5453.96242171
159000 5453.96242171
160000 5453.96242171
161000 5453.96242171
162000 5424.89521306
163000 5395.82800441
164000 5395.82800441
165000 5395.82800441
166000 5395.82800441
167000 5682.57867
168000 5682.57867
169000 5682.57867
170000 5682.57867
171000 5682.57867
172000 7186.37889688
173000 7186.37889688
174000 5539.36273364
175000 5539.36273364
176000 5539.36273364
177000 3892.3465704
178000 3892.3465704
179000 4974.84136131
180000 4974.84136131
181000 5487.01345764
182000 7343.14991411
183000 7038.42364532
184000 5773.09152191
185000 4507.7593985
186000 6240.41319943
187000 6894.95169775
188000 6366.48997276
189000 7270.39688936
190000 9703.9737538
191000 7600.04048915
192000 5149.4375
193000 5082.48275862
194000 8524.99303944
195000 3614.69322709
196000 4077.22435288
197000 4539.75547866
198000 2720.64098613
199000 2720.64098613
200000 4978.04753199
201000 4588.77280569
202000 4199.49807939
203000 4438.41776544
204000 4438.41776544
205000 4438.41776544
206000 4438.41776544
207000 4438.41776544
208000 4438.41776544
209000 7534.81344148
210000 7534.81344148
211000 7534.81344148
212000 7534.81344148
213000 6237.94318729
214000 6237.94318729
215000 6237.94318729
216000 6237.94318729
217000 4839.54375201
218000 3441.14431673
219000 3441.14431673
220000 3441.14431673
221000 3441.14431673
222000 3441.14431673
223000 3441.14431673
224000 4900.98515859
225000 6360.82600044
226000 6360.82600044
227000 6360.82600044
228000 6360.82600044
229000 7963.68946476
230000 9566.55292909
231000 9566.55292909
232000 9566.55292909
233000 5523.23646724
234000 5523.23646724
235000 5523.23646724
236000 5523.23646724
237000 5523.23646724
238000 6784.24744144
239000 6784.24744144
240000 6784.24744144
241000 6784.24744144
242000 6601.71408217
243000 6419.18072289
244000 6419.18072289
245000 6419.18072289
246000 6419.18072289
247000 6419.18072289
248000 4230.81922969
249000 4230.81922969
250000 4230.81922969
251000 4230.81922969
252000 4230.81922969
253000 4230.81922969
254000 4230.81922969
255000 7271.7517601
256000 7271.7517601
257000 7271.7517601
258000 7271.7517601
259000 8049.35601943
260000 8826.96027875
261000 8826.96027875
262000 8733.14736816
263000 8639.33445756
264000 8639.33445756
265000 8639.33445756
266000 8639.33445756
267000 4113.87537466
268000 4113.87537466
269000 4113.87537466
270000 4113.87537466
271000 4113.87537466
272000 4113.87537466
273000 4113.87537466
274000 4856.79746201
275000 4856.79746201
276000 4856.79746201
277000 4856.79746201
278000 4856.79746201
279000 4856.79746201
280000 4871.71120561
281000 4886.62494921
282000 4886.62494921
283000 4886.62494921
284000 4886.62494921
285000 4886.62494921
286000 4267.10346499
287000 4267.10346499
288000 4267.10346499
289000 4267.10346499
290000 4725.83646269
291000 5184.56946039
292000 5184.56946039
293000 5184.56946039
294000 7744.5879087
295000 10304.606357
296000 10304.606357
297000 8492.28282828
298000 8492.28282828
299000 8492.28282828
300000 8492.28282828
301000 8592.50572641
302000 8692.72862454
303000 8692.72862454
304000 8692.72862454
305000 7426.45215011
306000 6160.17567568
307000 6160.17567568
308000 6160.17567568
309000 6160.17567568
310000 5815.04929828
311000 5469.92292089
312000 5469.92292089
313000 5469.92292089
314000 5469.92292089
315000 5469.92292089
316000 4676.44459201
317000 3882.96626312
318000 3882.96626312
319000 3882.96626312
320000 3882.96626312
321000 3882.96626312
322000 3882.96626312
323000 4668.46434241
324000 5453.96242171
325000 5453.96242171
326000 5453.96242171
327000 5453.96242171
328000 5453.96242171
329000 5424.89521306
330000 5395.82800441
331000 5395.82800441
332000 5395.82800441
333000 5395.82800441
