0 2859.06019417
1000 2859.06019417
2000 2859.06019417
3000 2910.64564315
4000 2933.50280374
5000 2808.83232672
6000 2684.16184971
7000 2684.16184971
8000 2955.34614372
9000 2955.34614372
10000 2955.34614372
11000 2955.34614372
12000 762.213921902
13000 2575.36715941
14000 2575.36715941
15000 2638.28308095
16000 2701.19900249
17000 2701.19900249
18000 2880.20915033
19000 2880.20915033
20000 2617.766057
21000 2617.766057
22000 2617.766057
23000 2209.30718954
24000 2209.30718954
25000 2209.30718954
26000 2757.79310345
27000 2757.79310345
28000 2898.70653407
29000 3039.61996469
30000 3039.61996469
31000 3039.61996469
32000 3039.61996469
33000 3039.61996469
34000 3039.61996469
35000 3056.55880779
36000 3073.49765089
37000 3073.49765089
38000 3073.49765089
39000 3073.49765089
40000 3073.49765089
41000 3153.61712699
42000 3233.73660309
43000 3233.73660309
44000 3233.73660309
45000 3233.73660309
46000 3207.16880398
47000 3207.16880398
48000 3207.16880398
49000 3207.16880398
50000 3199.97530123
51000 3192.78179848
52000 3192.78179848
53000 3192.78179848
54000 3192.78179848
55000 3226.00091449
56000 3226.00091449
57000 3226.00091449
58000 3226.00091449
59000 3226.00091449
60000 3108.22859313
61000 3108.22859313
62000 3108.22859313
63000 3108.22859313
64000 3108.22859313
65000 3108.22859313
66000 2904.83981598
67000 2904.83981598
68000 2904.83981598
69000 2904.83981598
70000 2904.83981598
71000 2884.13599062
72000 2884.13599062
73000 2884.13599062
74000 2909.81611221
75000 2935.49623381
76000 2935.49623381
77000 2935.49623381
78000 1476.29068577
79000 2952.58137155
80000 2952.58137155
81000 2952.58137155
82000 2952.58137155
83000 2952.58137155
84000 2933.57470801
85000 2914.56804448
86000 2914.56804448
87000 2914.56804448
88000 2914.56804448
89000 3007.18658734
90000 3007.18658734
91000 3007.18658734
92000 3007.18658734
93000 3007.18658734
94000 3007.18658734
95000 3007.40270056
96000 3007.40270056
97000 3007.40270056
98000 3007.40270056
99000 3007.40270056
100000 3045.92097141
101000 3084.43924226
102000 3084.43924226
103000 3084.43924226
104000 3084.43924226
105000 3084.43924226
106000 3084.43924226
107000 2916.47841344
108000 2748.51758461
109000 2748.51758461
110000 2748.51758461
111000 2748.51758461
112000 2912.02659142
113000 3075.53559823
114000 3075.53559823
115000 3075.53559823
116000 2740.51577503
117000 2740.51577503
118000 2740.51577503
119000 2971.59265442
120000 2971.59265442
121000 2971.59265442
122000 2971.59265442
123000 2971.59265442
124000 3158.81362386
125000 3158.81362386
126000 3158.81362386
127000 3158.81362386
128000 3158.81362386
129000 3013.57840511
130000 3013.57840511
131000 3013.57840511
132000 3013.57840511
133000 3013.57840511
134000 3052.62794754
135000 3091.67748997
136000 3091.67748997
137000 3091.67748997
138000 3091.67748997
139000 3091.67748997
140000 2875.85342247
141000 2660.02935496
142000 2660.02935496
143000 2660.02935496
144000 2660.02935496
145000 2660.02935496
146000 2573.69828491
147000 2573.69828491
148000 2573.69828491
149000 2662.09956835
150000 2750.50085179
151000 2750.50085179
152000 2588.81219379
153000 2588.81219379
154000 2905.90850959
155000 2905.90850959
156000 2731.81893629
157000 2557.72936299
158000 2557.72936299
159000 2943.90147464
160000 2943.90147464
161000 2943.90147464
162000 2943.90147464
163000 2943.90147464
164000 2943.90147464
165000 2943.90147464
166000 2877.0843319
167000 2877.0843319
168000 2877.0843319
169000 2877.0843319
170000 2951.09322653
171000 3025.10212115
172000 3025.10212115
173000 3025.10212115
174000 3025.10212115
175000 2899.80154153
176000 2774.50096191
177000 2774.50096191
178000 2774.50096191
179000 2774.50096191
180000 2774.50096191
181000 2823.01241255
182000 2823.01241255
183000 2823.01241255
184000 2823.01241255
185000 2887.43117441
186000 2951.84993626
187000 2951.84993626
188000 2951.84993626
189000 2951.84993626
190000 2951.84993626
191000 2984.25285738
192000 3016.6557785
193000 3016.6557785
194000 3016.6557785
195000 3016.6557785
196000 3016.6557785
197000 3016.6557785
198000 2987.1028838
199000 2957.54998911
200000 2957.54998911
201000 2957.54998911
202000 2957.54998911
203000 2756.15005765
204000 2554.7501262
205000 2554.7501262
206000 2706.90516019
207000 2859.06019417
208000 2910.64564315
209000 2933.50280374
210000 2808.83232672
211000 2684.16184971
212000 2684.16184971
213000 2955.34614372
214000 2955.34614372
215000 2955.34614372
216000 2955.34614372
217000 762.213921902
218000 2575.36715941
219000 2575.36715941
220000 2638.28308095
221000 2701.19900249
222000 2701.19900249
223000 2880.20915033
224000 2880.20915033
225000 2748.98760366
226000 2617.766057
227000 2617.766057
228000 2209.30718954
229000 2209.30718954
230000 2209.30718954
231000 2757.79310345
232000 2757.79310345
233000 2898.70653407
234000 3039.61996469
235000 3039.61996469
236000 3039.61996469
237000 3039.61996469
238000 3039.61996469
239000 3039.61996469
240000 3056.55880779
241000 3073.49765089
242000 3073.49765089
243000 3073.49765089
244000 3073.49765089
245000 3073.49765089
246000 3153.61712699
247000 3233.73660309
248000 3233.73660309
249000 3233.73660309
250000 3233.73660309
251000 3207.16880398
252000 3207.16880398
253000 3207.16880398
254000 3207.16880398
255000 3199.97530123
256000 3192.78179848
257000 3192.78179848
258000 3192.78179848
259000 3192.78179848
260000 3226.00091449
261000 3226.00091449
262000 3226.00091449
263000 3226.00091449
264000 3226.00091449
265000 3108.22859313
266000 3108.22859313
267000 3108.22859313
268000 3108.22859313
269000 3108.22859313
270000 3108.22859313
271000 2904.83981598
272000 2904.83981598
273000 2904.83981598
274000 2904.83981598
275000 2904.83981598
276000 2884.13599062
277000 2884.13599062
278000 2884.13599062
279000 2909.81611221
280000 2935.49623381
281000 2935.49623381
282000 2935.49623381
283000 0.0
284000 2952.58137155
285000 2952.58137155
286000 2952.58137155
287000 2952.58137155
288000 2952.58137155
289000 2933.57470801
290000 2914.56804448
291000 2914.56804448
292000 2914.56804448
293000 2914.56804448
294000 3007.18658734
295000 3007.18658734
296000 3007.18658734
297000 3007.18658734
298000 3007.18658734
299000 3007.18658734
300000 3007.40270056
301000 3007.40270056
302000 3007.40270056
303000 3007.40270056
304000 3007.40270056
305000 3045.92097141
306000 3084.43924226
307000 3084.43924226
308000 3084.43924226
309000 3084.43924226
310000 3084.43924226
311000 3084.43924226
312000 2916.47841344
313000 2748.51758461
314000 2748.51758461
315000 2748.51758461
316000 2748.51758461
317000 2912.02659142
318000 3075.53559823
319000 3075.53559823
320000 3075.53559823
321000 2740.51577503
322000 2740.51577503
323000 2740.51577503
324000 2971.59265442
325000 2971.59265442
326000 2971.59265442
327000 2971.59265442
328000 2971.59265442
329000 3065.20313914
330000 3158.81362386
331000 3158.81362386
332000 3158.81362386
333000 3158.81362386
334000 3086.19601448
335000 3013.57840511
336000 3013.57840511
337000 3013.57840511
338000 3013.57840511
339000 3052.62794754
340000 3091.67748997
341000 3091.67748997
342000 3091.67748997
343000 3091.67748997
344000 3091.67748997
345000 2875.85342247
346000 2660.02935496
347000 2660.02935496
348000 2660.02935496
349000 2660.02935496
350000 2660.02935496
351000 2573.69828491
352000 2573.69828491
353000 2573.69828491
354000 2662.09956835
355000 2750.50085179
356000 2750.50085179
357000 2588.81219379
358000 2588.81219379
359000 2905.90850959
360000 2905.90850959
361000 2731.81893629
362000 2557.72936299
363000 2557.72936299
364000 2943.90147464
365000 2943.90147464
366000 2943.90147464
367000 2943.90147464
368000 2943.90147464
369000 2943.90147464
370000 2943.90147464
371000 2877.0843319
372000 2877.0843319
373000 2877.0843319
374000 2877.0843319
375000 2951.09322653
376000 3025.10212115
377000 3025.10212115
378000 3025.10212115
379000 3025.10212115
380000 2899.80154153
381000 2774.50096191
382000 2774.50096191
383000 2774.50096191
384000 2774.50096191
385000 2774.50096191
386000 2823.01241255
387000 2823.01241255
388000 2823.01241255
389000 2823.01241255
390000 2823.01241255
391000 2951.84993626
392000 2951.84993626
393000 2951.84993626
394000 2951.84993626
395000 2951.84993626
396000 2984.25285738
397000 3016.6557785
398000 3016.6557785
399000 3016.6557785
400000 3016.6557785
401000 3016.6557785
402000 3016.6557785
403000 2987.1028838
404000 2957.54998911
405000 2957.54998911
406000 2957.54998911
407000 2957.54998911
408000 2756.15005765
409000 2554.7501262
410000 2554.7501262
