0 1502.31832797
1000 1502.31832797
2000 1502.31832797
3000 1502.31832797
4000 1518.00517331
5000 1518.00517331
6000 1497.51024811
7000 1497.51024811
8000 1514.59547646
9000 1514.59547646
10000 1514.59547646
11000 1513.44723618
12000 1353.83852862
13000 1194.22982107
14000 1194.22982107
15000 1217.95211984
16000 1241.6744186
17000 1241.6744186
18000 1176.14356768
19000 1110.61271676
20000 1110.61271676
21000 1110.61271676
22000 1110.61271676
23000 919.974450498
24000 919.974450498
25000 919.974450498
26000 919.974450498
27000 919.974450498
28000 919.974450498
29000 2105.6
30000 2105.6
31000 1521.88597412
32000 1521.88597412
33000 1521.88597412
34000 1486.11551529
35000 1486.11551529
36000 1486.11551529
37000 1486.11551529
38000 1458.14832432
39000 1458.14832432
40000 1458.14832432
41000 1458.14832432
42000 1458.14832432
43000 1543.68836391
44000 1543.68836391
45000 1543.68836391
46000 1543.68836391
47000 1539.92548621
48000 1536.16260851
49000 1536.16260851
50000 1536.16260851
51000 1536.16260851
52000 1560.12992944
53000 1584.09725036
54000 1584.09725036
55000 1584.09725036
56000 1604.41590474
57000 1604.41590474
58000 1604.41590474
59000 1604.41590474
60000 1604.41590474
61000 1541.99837001
62000 1541.99837001
63000 1541.99837001
64000 1541.99837001
65000 1541.99837001
66000 1531.99619398
67000 1521.99401795
68000 1521.99401795
69000 1521.99401795
70000 1521.99401795
71000 1538.20983607
72000 1538.20983607
73000 1538.20983607
74000 1538.20983607
75000 1538.20983607
76000 1579.71624714
77000 1579.71624714
78000 1579.71624714
79000 1579.71624714
80000 1527.14340671
81000 1527.14340671
82000 1527.14340671
83000 1527.14340671
84000 1527.14340671
85000 1551.54356207
86000 1551.54356207
87000 1551.54356207
88000 1551.54356207
89000 1551.54356207
90000 1534.64693867
91000 1517.75031526
92000 1517.75031526
93000 1517.75031526
94000 1457.20108907
95000 1457.20108907
96000 1457.20108907
97000 1457.20108907
98000 1457.20108907
99000 1509.50022091
100000 1561.79935275
101000 1561.79935275
102000 1561.79935275
103000 1561.79935275
104000 1561.79935275
105000 1584.20742487
106000 1584.20742487
107000 1584.20742487
108000 1324.53948288
109000 1324.53948288
110000 1324.53948288
111000 1324.53948288
112000 1324.53948288
113000 1324.53948288
114000 3060.21672804
115000 3060.21672804
116000 3076.92296256
117000 3093.62919708
118000 3093.62919708
119000 3093.62919708
120000 3525.42143614
121000 3476.17314231
122000 2995.13260941
123000 2995.13260941
124000 2995.13260941
125000 2995.13260941
126000 2995.13260941
127000 2995.13260941
128000 3128.20722563
129000 3128.20722563
130000 3128.20722563
131000 3128.20722563
132000 3128.20722563
133000 3128.20722563
134000 2738.90646182
135000 2738.90646182
136000 2738.90646182
137000 1502.31832797
138000 1502.31832797
139000 1502.31832797
140000 1518.00517331
141000 1518.00517331
142000 1497.51024811
143000 1497.51024811
144000 1514.59547646
145000 1514.59547646
146000 1514.59547646
147000 1513.44723618
148000 1353.83852862
149000 1194.22982107
150000 1194.22982107
151000 1217.95211984
152000 1241.6744186
153000 1241.6744186
154000 1176.14356768
155000 1110.61271676
156000 1110.61271676
157000 1110.61271676
158000 1110.61271676
159000 919.974450498
160000 919.974450498
161000 919.974450498
162000 919.974450498
163000 919.974450498
164000 919.974450498
165000 2105.6
166000 2105.6
167000 1521.88597412
168000 1521.88597412
169000 1521.88597412
170000 1486.11551529
171000 1486.11551529
172000 1486.11551529
173000 1486.11551529
174000 1458.14832432
175000 1458.14832432
176000 1458.14832432
177000 1458.14832432
178000 1458.14832432
179000 1543.68836391
180000 1543.68836391
181000 1543.68836391
182000 1543.68836391
183000 1539.92548621
184000 1536.16260851
185000 1536.16260851
186000 1536.16260851
187000 1536.16260851
188000 1560.12992944
189000 1584.09725036
190000 1584.09725036
191000 1584.09725036
192000 1604.41590474
193000 1604.41590474
194000 1604.41590474
195000 1604.41590474
196000 1604.41590474
197000 1541.99837001
198000 1541.99837001
199000 1541.99837001
200000 1541.99837001
201000 1541.99837001
202000 1531.99619398
203000 1521.99401795
204000 1521.99401795
205000 1521.99401795
206000 1521.99401795
207000 1538.20983607
208000 1538.20983607
209000 1538.20983607
210000 1538.20983607
211000 1538.20983607
212000 1579.71624714
213000 1579.71624714
214000 1579.71624714
215000 1579.71624714
216000 1527.14340671
217000 1527.14340671
218000 1527.14340671
219000 1527.14340671
220000 1527.14340671
221000 1551.54356207
222000 1551.54356207
223000 1551.54356207
224000 1551.54356207
225000 1551.54356207
226000 1534.64693867
227000 1517.75031526
228000 1517.75031526
229000 1517.75031526
230000 1457.20108907
231000 1457.20108907
232000 1457.20108907
233000 1457.20108907
234000 1457.20108907
235000 1509.50022091
236000 1561.79935275
237000 1561.79935275
238000 1561.79935275
239000 1561.79935275
240000 1561.79935275
241000 1584.20742487
242000 1584.20742487
243000 1584.20742487
244000 1454.37345387
245000 1324.53948288
246000 1324.53948288
247000 1324.53948288
248000 1324.53948288
249000 1324.53948288
250000 2192.37810546
251000 3060.21672804
252000 3076.92296256
253000 3093.62919708
254000 3093.62919708
255000 3093.62919708
256000 3525.42143614
257000 3957.21367521
258000 2995.13260941
259000 2995.13260941
260000 2995.13260941
261000 2995.13260941
262000 2995.13260941
263000 2995.13260941
264000 3128.20722563
265000 3128.20722563
266000 3128.20722563
267000 3128.20722563
268000 3128.20722563
269000 3128.20722563
270000 2738.90646182
271000 2738.90646182
272000 2738.90646182
