0 8021.33333333
1000 8021.33333333
2000 8021.33333333
3000 6864.88055034
4000 3136.30896552
5000 4578.35294118
6000 4537.23489933
7000 4980.90878939
8000 5212.13793103
9000 4687.42768274
10000 3987.20855615
11000 4716.11428571
12000 4816.97349368
13000 3778.8
14000 3440.46565774
15000 6368.76700449
16000 6041.78285714
17000 6217.32283465
18000 6621.61066667
19000 4795.04059041
20000 4543.28677563
21000 3242.51622003
22000 8684.20740741
23000 8684.20740741
24000 8684.20740741
25000 5029.56128221
26000 5029.56128221
27000 5029.56128221
28000 7167.79768862
29000 9306.03409503
30000 9306.03409503
31000 8964.42928059
32000 8964.42928059
33000 8622.82446616
34000 8622.82446616
35000 8622.82446616
36000 7747.35748543
37000 7747.35748543
38000 6871.8905047
39000 6871.8905047
40000 6871.8905047
41000 6871.8905047
42000 8109.38575572
43000 8109.38575572
44000 8109.38575572
45000 8473.51312219
46000 8473.51312219
47000 8837.64048866
48000 8837.64048866
49000 8879.91822488
50000 8879.91822488
51000 8879.91822488
52000 8879.91822488
53000 8922.19596111
54000 8922.19596111
55000 8927.84633941
56000 8927.84633941
57000 8933.49671772
58000 8933.49671772
59000 8933.49671772
60000 8160.09815908
61000 8160.09815908
62000 7386.69960044
63000 7386.69960044
64000 7386.69960044
65000 7689.82000107
66000 7689.82000107
67000 7992.94040171
68000 7992.94040171
69000 7992.94040171
70000 8598.54903744
71000 9204.15767317
72000 9204.15767317
73000 9204.15767317
74000 8677.44898489
75000 8677.44898489
76000 8677.44898489
77000 8150.74029662
78000 8150.74029662
79000 8150.74029662
80000 8150.74029662
81000 8541.37969485
82000 8932.01909308
83000 8932.01909308
84000 8932.01909308
85000 9239.6176857
86000 9239.6176857
87000 9547.21627831
88000 9547.21627831
89000 9547.21627831
90000 7273.9240855
91000 7273.9240855
92000 7273.9240855
93000 6510.98261301
94000 8021.33333333
95000 8021.33333333
96000 6864.88055034
97000 3136.30896552
98000 4578.35294118
99000 4537.23489933
100000 4980.90878939
101000 5212.13793103
102000 4687.42768274
103000 3987.20855615
104000 4716.11428571
105000 4816.97349368
106000 3778.8
107000 3440.46565774
108000 6368.76700449
109000 6041.78285714
110000 6217.32283465
111000 6621.61066667
112000 4795.04059041
113000 4543.28677563
114000 3242.51622003
115000 8684.20740741
116000 8684.20740741
117000 8684.20740741
118000 5029.56128221
119000 5029.56128221
120000 5029.56128221
121000 7167.79768862
122000 9306.03409503
123000 9306.03409503
124000 8964.42928059
125000 8964.42928059
126000 8622.82446616
127000 8622.82446616
128000 7747.35748543
129000 7747.35748543
130000 6871.8905047
131000 6871.8905047
132000 6871.8905047
133000 6871.8905047
134000 6871.8905047
135000 8109.38575572
136000 8109.38575572
137000 8109.38575572
138000 8473.51312219
139000 8473.51312219
140000 8837.64048866
141000 8837.64048866
142000 8879.91822488
143000 8879.91822488
144000 8879.91822488
145000 8879.91822488
146000 8922.19596111
147000 8922.19596111
148000 8927.84633941
149000 8927.84633941
150000 8933.49671772
151000 8933.49671772
152000 8933.49671772
153000 8160.09815908
154000 8160.09815908
155000 7386.69960044
156000 7386.69960044
157000 7386.69960044
158000 7689.82000107
159000 7689.82000107
160000 7992.94040171
161000 7992.94040171
162000 7992.94040171
163000 8598.54903744
164000 9204.15767317
165000 9204.15767317
166000 8677.44898489
167000 8677.44898489
168000 8677.44898489
169000 8677.44898489
170000 8150.74029662
171000 8150.74029662
172000 8150.74029662
173000 8150.74029662
174000 8541.37969485
175000 8932.01909308
176000 8932.01909308
177000 8932.01909308
178000 9239.6176857
179000 9239.6176857
180000 9547.21627831
181000 9547.21627831
182000 9547.21627831
183000 7273.9240855
184000 7273.9240855
185000 7273.9240855
