0 3264.23298143
1000 3264.23298143
2000 3264.23298143
3000 3264.23298143
4000 3264.23298143
5000 3264.23298143
6000 3264.23298143
7000 3488.18174442
8000 3488.18174442
9000 3488.18174442
10000 2920.00866739
11000 2428.51549613
12000 1937.02232487
13000 1309.88207336
14000 682.741821842
15000 682.741821842
16000 682.741821842
17000 682.741821842
18000 884.690910921
19000 1086.64
20000 1086.64
21000 1086.64
22000 447.326712675
23000 447.326712675
24000 447.326712675
25000 447.326712675
26000 447.326712675
27000 447.326712675
28000 1293.91172235
29000 2140.49673203
30000 692.580810672
31000 692.580810672
32000 692.580810672
33000 692.580810672
34000 346.290405336
35000 995.39963303
36000 1990.79926606
37000 1990.79926606
38000 1990.79926606
39000 995.39963303
40000 7086.7965812
41000 5354.87492612
42000 5354.87492612
43000 3622.95327103
44000 3622.95327103
45000 2614.31683168
46000 2614.31683168
47000 2614.31683168
48000 3167.16766226
49000 3167.16766226
50000 3720.01849283
51000 3720.01849283
52000 1585.22698443
53000 1585.22698443
54000 1585.22698443
55000 1585.22698443
56000 1585.22698443
57000 1585.22698443
58000 2704.48350122
59000 2704.48350122
60000 2704.48350122
61000 4769.63357913
62000 4769.63357913
63000 6350.11278956
64000 6350.11278956
65000 6350.11278956
66000 7930.592
67000 1332.79922718
68000 1332.79922718
69000 1332.79922718
70000 1332.79922718
71000 1332.79922718
72000 1332.79922718
73000 1332.79922718
74000 3974.91186959
75000 3974.91186959
76000 4145.05267614
77000 4315.19348269
78000 4315.19348269
79000 3044.0017147
80000 1772.80994671
81000 1772.80994671
82000 1772.80994671
83000 1772.80994671
84000 1977.61591497
85000 2182.42188322
86000 2182.42188322
87000 2182.42188322
88000 2182.42188322
89000 9436.32850242
90000 8640.00469648
91000 7843.68089054
92000 7843.68089054
93000 5549.13333333
94000 5797.98101513
95000 5797.98101513
96000 6046.82869693
97000 10029.8864205
98000 14012.9441441
99000 10842.2179886
100000 7671.49183303
101000 7128.08422498
102000 6584.67661692
103000 4393.57424554
104000 4393.57424554
105000 2202.47187417
106000 2202.47187417
107000 2202.47187417
108000 7677.77195049
109000 13153.0720268
110000 7241.7211704
111000 7241.7211704
112000 4817.91716614
113000 2394.11316188
114000 2394.11316188
115000 2394.11316188
116000 2409.69535525
117000 2425.27754862
118000 2425.27754862
119000 2425.27754862
120000 5411.1700918
121000 8397.06263499
122000 3240.75506305
123000 3240.75506305
124000 5565.4301676
125000 5565.4301676
126000 882.380942207
127000 882.380942207
128000 882.380942207
129000 882.380942207
130000 882.380942207
131000 882.380942207
132000 882.380942207
133000 882.380942207
134000 882.380942207
135000 882.380942207
136000 2608.88583429
137000 2608.88583429
138000 2608.88583429
139000 2936.55940786
140000 2936.55940786
141000 2936.55940786
142000 2936.55940786
143000 3264.23298143
144000 3264.23298143
145000 3488.18174442
146000 3488.18174442
147000 3488.18174442
148000 3204.09520591
149000 2920.00866739
150000 1937.02232487
151000 1937.02232487
152000 682.741821842
153000 682.741821842
154000 682.741821842
155000 682.741821842
156000 884.690910921
157000 884.690910921
158000 1086.64
159000 1086.64
160000 766.983356338
161000 447.326712675
162000 447.326712675
163000 447.326712675
164000 447.326712675
165000 447.326712675
166000 447.326712675
167000 2140.49673203
168000 1416.53877135
169000 692.580810672
170000 692.580810672
171000 692.580810672
172000 692.580810672
173000 0.0
174000 1990.79926606
175000 1990.79926606
176000 1990.79926606
177000 995.39963303
178000 0.0
179000 7086.7965812
180000 5354.87492612
181000 3622.95327103
182000 3622.95327103
183000 3118.63505136
184000 2614.31683168
185000 2614.31683168
186000 2614.31683168
187000 3167.16766226
188000 3720.01849283
189000 3720.01849283
190000 3720.01849283
191000 1585.22698443
192000 1585.22698443
193000 1585.22698443
194000 1585.22698443
195000 1585.22698443
196000 2704.48350122
197000 2704.48350122
198000 2704.48350122
199000 4769.63357913
200000 4769.63357913
201000 6350.11278956
202000 6350.11278956
203000 6350.11278956
204000 7930.592
205000 4631.69561359
206000 1332.79922718
207000 1332.79922718
208000 1332.79922718
209000 1332.79922718
210000 1332.79922718
211000 1332.79922718
212000 2653.85554839
213000 3974.91186959
214000 3974.91186959
215000 4145.05267614
216000 4315.19348269
217000 4315.19348269
218000 1772.80994671
219000 1772.80994671
220000 1772.80994671
221000 1772.80994671
222000 1977.61591497
223000 2182.42188322
224000 2182.42188322
225000 2182.42188322
226000 2182.42188322
227000 5809.37519282
228000 8640.00469648
229000 8640.00469648
230000 7843.68089054
231000 5549.13333333
232000 5549.13333333
233000 5797.98101513
234000 6046.82869693
235000 10029.8864205
236000 10029.8864205
237000 10842.2179886
238000 7671.49183303
239000 7128.08422498
240000 7128.08422498
241000 6584.67661692
242000 4393.57424554
243000 2202.47187417
244000 2202.47187417
245000 2202.47187417
246000 2202.47187417
247000 7677.77195049
248000 10197.3965986
249000 7241.7211704
250000 4817.91716614
251000 2394.11316188
252000 2394.11316188
253000 2394.11316188
254000 2394.11316188
255000 2425.27754862
256000 2425.27754862
257000 2425.27754862
258000 5411.1700918
259000 8397.06263499
260000 3240.75506305
261000 3240.75506305
262000 3240.75506305
263000 5565.4301676
264000 3223.9055549
265000 882.380942207
266000 882.380942207
267000 882.380942207
268000 882.380942207
269000 882.380942207
270000 882.380942207
271000 882.380942207
272000 882.380942207
273000 882.380942207
274000 1745.63338825
275000 2608.88583429
276000 2608.88583429
