0 5185.40617577
1000 5185.40617577
2000 5185.40617577
3000 5185.40617577
4000 5185.40617577
5000 5185.40617577
6000 3494.07764953
7000 0.0
8000 0.0
9000 0.0
10000 0.0
11000 0.0
12000 0.0
13000 3536.37894737
14000 2646.74509804
15000 2837.01894737
16000 696.671502591
17000 696.671502591
18000 696.671502591
19000 696.671502591
20000 1973.02518519
21000 1973.02518519
22000 1930.31366906
23000 2249.73333333
24000 3125.17209302
25000 2444.33873874
26000 3208.53333333
27000 2223.18644068
28000 2223.18644068
29000 3957.47175573
30000 3141.08121212
31000 3141.08121212
32000 3893.17862595
33000 3893.17862595
34000 3866.62686567
35000 3513.13655172
36000 3513.13655172
37000 2940.73394495
38000 2940.73394495
39000 1060.79672802
40000 1060.79672802
41000 1060.79672802
42000 1060.79672802
43000 1060.79672802
44000 1913.42222222
45000 1913.42222222
46000 1913.42222222
47000 1025.13567228
48000 1025.13567228
49000 1025.13567228
50000 1025.13567228
51000 1025.13567228
52000 3007.1255814
53000 3007.1255814
54000 1162.40183908
55000 1162.40183908
56000 1162.40183908
57000 1162.40183908
58000 2445.41886792
59000 2445.41886792
60000 2445.41886792
61000 3121.25301205
62000 2278.52687225
63000 2278.52687225
64000 2278.52687225
65000 1404.95609756
66000 1404.95609756
67000 1404.95609756
68000 1404.95609756
69000 3560.51111111
70000 1125.17792494
71000 1125.17792494
72000 1125.17792494
73000 1125.17792494
74000 1125.17792494
75000 2798.25297297
76000 2798.25297297
77000 3098.96047904
78000 3073.74371258
79000 3048.52694611
80000 3377.61045752
81000 3377.61045752
82000 3894.56842105
83000 3334.35816993
84000 3334.35816993
85000 4282.64
86000 1303.33974684
87000 1303.33974684
88000 1303.33974684
89000 1303.33974684
90000 11024.0
91000 3147.825
92000 4166.61558789
93000 4166.61558789
94000 4166.61558789
95000 4166.61558789
96000 4166.61558789
97000 5185.40617577
98000 3494.07764953
99000 0.0
100000 0.0
101000 0.0
102000 0.0
103000 0.0
104000 0.0
105000 3536.37894737
106000 2646.74509804
107000 2837.01894737
108000 696.671502591
109000 696.671502591
110000 696.671502591
111000 696.671502591
112000 1973.02518519
113000 1930.31366906
114000 1930.31366906
115000 2249.73333333
116000 3125.17209302
117000 2444.33873874
118000 3208.53333333
119000 2223.18644068
120000 3957.47175573
121000 3957.47175573
122000 3141.08121212
123000 3141.08121212
124000 3893.17862595
125000 3879.90274581
126000 3866.62686567
127000 3513.13655172
128000 5743.34327586
129000 2940.73394495
130000 2940.73394495
131000 1060.79672802
132000 1060.79672802
133000 1060.79672802
134000 1060.79672802
135000 1060.79672802
136000 1913.42222222
137000 1913.42222222
138000 1913.42222222
139000 1025.13567228
140000 1025.13567228
141000 1025.13567228
142000 1025.13567228
143000 1025.13567228
144000 3007.1255814
145000 3007.1255814
146000 1162.40183908
147000 1162.40183908
148000 1162.40183908
149000 1162.40183908
150000 2445.41886792
151000 2445.41886792
152000 2783.33593999
153000 3121.25301205
154000 2278.52687225
155000 2278.52687225
156000 2278.52687225
157000 1404.95609756
158000 1404.95609756
159000 1404.95609756
160000 2482.73360434
161000 3560.51111111
162000 1125.17792494
163000 1125.17792494
164000 1125.17792494
165000 1125.17792494
166000 1125.17792494
167000 2798.25297297
168000 2798.25297297
169000 3098.96047904
170000 3048.52694611
171000 3048.52694611
172000 3377.61045752
173000 3377.61045752
174000 3894.56842105
175000 3334.35816993
176000 3334.35816993
177000 4282.64
178000 1303.33974684
179000 1303.33974684
180000 1303.33974684
181000 1303.33974684
182000 11024.0
183000 3147.825
