0 1030.09652076
1000 1030.09652076
2000 1030.09652076
3000 1030.09652076
4000 1030.09652076
5000 1030.09652076
6000 1030.09652076
7000 1030.09652076
8000 790.332981575
9000 550.56944239
10000 550.56944239
11000 550.56944239
12000 550.56944239
13000 550.56944239
14000 550.56944239
15000 550.56944239
16000 1152.78659218
17000 1152.78659218
18000 1152.78659218
19000 2115.33462783
20000 2115.33462783
21000 2388.20466647
22000 2661.07470511
23000 2661.07470511
24000 1941.75196443
25000 1222.42922374
26000 1222.42922374
27000 1222.42922374
28000 1222.42922374
29000 2112.68571519
30000 2112.68571519
31000 6084.27236315
32000 4554.6747055
33000 3025.07704785
34000 4478.24017957
35000 6422.12008978
36000 5683.04210526
37000 3000.08421053
38000 5150.68493151
39000 2608.77909739
40000 2608.77909739
41000 3262.96569921
42000 3262.96569921
43000 2884.30287206
44000 3847.53128099
45000 4810.75968992
46000 2678.82666667
47000 3974.11958557
48000 3974.11958557
49000 3974.11958557
50000 3974.11958557
51000 3974.11958557
52000 3974.11958557
53000 3974.11958557
54000 3974.11958557
55000 2423.5394571
56000 2423.5394571
57000 2423.5394571
58000 2423.5394571
59000 2423.5394571
60000 2423.5394571
61000 2423.5394571
62000 2423.5394571
63000 2423.5394571
64000 2423.5394571
65000 2423.5394571
66000 2423.5394571
67000 3668.66373334
68000 3668.66373334
69000 4913.78800959
70000 4913.78800959
71000 4913.78800959
72000 4913.78800959
73000 3753.40491979
74000 3753.40491979
75000 3753.40491979
76000 3753.40491979
77000 3753.40491979
78000 4275.81321342
79000 4275.81321342
80000 4275.81321342
81000 3714.03937745
82000 3152.26554149
83000 3152.26554149
84000 3152.26554149
85000 3152.26554149
86000 3152.26554149
87000 3152.26554149
88000 3152.26554149
89000 2922.87498445
90000 2922.87498445
91000 2922.87498445
92000 2922.87498445
93000 2922.87498445
94000 2922.87498445
95000 2922.87498445
96000 2922.87498445
97000 2922.87498445
98000 3004.58879565
99000 3004.58879565
100000 3004.58879565
101000 3004.58879565
102000 3004.58879565
103000 3004.58879565
104000 3004.58879565
105000 3004.58879565
106000 3004.58879565
107000 2071.94109414
108000 2890.42764283
109000 2890.42764283
110000 2890.42764283
111000 2890.42764283
112000 2890.42764283
113000 2655.5185453
114000 2420.60944777
115000 2420.60944777
116000 2420.60944777
117000 2420.60944777
118000 2420.60944777
119000 2420.60944777
120000 4161.32420091
121000 4161.32420091
122000 4161.32420091
123000 4161.32420091
124000 3342.53656243
125000 3342.53656243
126000 3342.53656243
127000 3342.53656243
128000 3342.53656243
129000 2650.63883712
130000 2650.63883712
131000 2650.63883712
132000 2650.63883712
133000 2650.63883712
134000 7497.51490726
135000 12344.3909774
136000 10715.1346939
137000 8850.77664927
138000 6986.41860465
139000 6986.41860465
140000 6986.41860465
141000 6986.41860465
142000 3447.75355941
143000 3447.75355941
144000 3447.75355941
145000 3447.75355941
146000 3447.75355941
147000 3447.75355941
148000 3447.75355941
149000 3447.75355941
150000 3828.52459016
151000 3828.52459016
152000 3828.52459016
153000 7556.20399837
154000 7556.20399837
155000 6368.6006458
156000 5180.99729323
157000 5180.99729323
158000 5180.99729323
159000 7561.19810017
160000 9941.3989071
161000 9941.3989071
162000 5914.60674157
163000 5914.60674157
164000 4300.94884812
165000 2687.29095466
166000 2687.29095466
167000 2687.29095466
168000 2687.29095466
169000 5698.48888889
170000 5698.48888889
171000 5698.48888889
172000 5698.48888889
173000 5354.76852559
174000 5354.76852559
175000 5354.76852559
176000 5354.76852559
177000 5354.76852559
178000 4942.82359334
179000 4530.87866109
180000 4530.87866109
181000 4530.87866109
182000 4530.87866109
183000 4530.87866109
184000 4530.87866109
185000 4530.87866109
186000 6176.22217401
187000 6176.22217401
188000 6176.22217401
189000 6176.22217401
190000 6176.22217401
191000 5598.94519266
192000 5021.66821131
193000 5021.66821131
194000 3025.88236603
195000 3025.88236603
196000 3025.88236603
197000 3025.88236603
198000 1030.09652076
199000 1030.09652076
200000 1030.09652076
201000 1030.09652076
202000 550.56944239
203000 550.56944239
204000 550.56944239
205000 550.56944239
206000 550.56944239
207000 550.56944239
208000 550.56944239
209000 851.678017285
210000 1152.78659218
211000 1152.78659218
212000 1634.06061
213000 2115.33462783
214000 2388.20466647
215000 2661.07470511
216000 2661.07470511
217000 1941.75196443
218000 1222.42922374
219000 1222.42922374
220000 1222.42922374
221000 1222.42922374
222000 1222.42922374
223000 2112.68571519
224000 3002.94220665
225000 6084.27236315
226000 3025.07704785
227000 3751.65861371
228000 6422.12008978
229000 5683.04210526
230000 3000.08421053
231000 5150.68493151
232000 2608.77909739
233000 2608.77909739
234000 3262.96569921
235000 3262.96569921
236000 2884.30287206
237000 2884.30287206
238000 4810.75968992
239000 3744.79317829
240000 3326.47312612
241000 3974.11958557
242000 3974.11958557
243000 3974.11958557
244000 3974.11958557
245000 3974.11958557
246000 3974.11958557
247000 3974.11958557
248000 3974.11958557
249000 2423.5394571
250000 2423.5394571
251000 2423.5394571
252000 2423.5394571
253000 2423.5394571
254000 2423.5394571
255000 2423.5394571
256000 2423.5394571
257000 2423.5394571
258000 2423.5394571
259000 2423.5394571
260000 2423.5394571
261000 3668.66373334
262000 4913.78800959
263000 4913.78800959
264000 4913.78800959
265000 4913.78800959
266000 3753.40491979
267000 3753.40491979
268000 3753.40491979
269000 3753.40491979
270000 3753.40491979
271000 4014.6090666
272000 4275.81321342
273000 4275.81321342
274000 4275.81321342
275000 3152.26554149
276000 3152.26554149
277000 3152.26554149
278000 3152.26554149
279000 3152.26554149
280000 3152.26554149
281000 3152.26554149
282000 3037.57026297
283000 2922.87498445
284000 2922.87498445
285000 2922.87498445
286000 2922.87498445
287000 2922.87498445
288000 2922.87498445
289000 2922.87498445
290000 2922.87498445
291000 3004.58879565
292000 3004.58879565
293000 3004.58879565
294000 3004.58879565
295000 3004.58879565
296000 3004.58879565
297000 3004.58879565
298000 3004.58879565
299000 3004.58879565
300000 1253.45454545
301000 2890.42764283
302000 2890.42764283
303000 2890.42764283
304000 2890.42764283
305000 2890.42764283
306000 2890.42764283
307000 2420.60944777
308000 2420.60944777
309000 2420.60944777
310000 2420.60944777
311000 2420.60944777
312000 2420.60944777
313000 4161.32420091
314000 4161.32420091
315000 4161.32420091
316000 4161.32420091
317000 3751.93038167
318000 3342.53656243
319000 3342.53656243
320000 3342.53656243
321000 3342.53656243
322000 2650.63883712
323000 2650.63883712
324000 2650.63883712
325000 2650.63883712
326000 2650.63883712
327000 2650.63883712
328000 12344.3909774
329000 11529.7628356
330000 10715.1346939
331000 6986.41860465
332000 6986.41860465
333000 6986.41860465
334000 6986.41860465
335000 5217.08608203
336000 3447.75355941
337000 3447.75355941
338000 3447.75355941
339000 3447.75355941
340000 3447.75355941
341000 3447.75355941
342000 3447.75355941
343000 3638.13907479
344000 3828.52459016
345000 3828.52459016
346000 7556.20399837
347000 7556.20399837
348000 7556.20399837
349000 5180.99729323
350000 5180.99729323
351000 5180.99729323
352000 5180.99729323
353000 7561.19810017
354000 9941.3989071
355000 5914.60674157
356000 5914.60674157
357000 5914.60674157
358000 2687.29095466
359000 2687.29095466
360000 2687.29095466
361000 2687.29095466
362000 4192.88992178
363000 5698.48888889
364000 5698.48888889
365000 5698.48888889
366000 5526.62870724
367000 5354.76852559
368000 5354.76852559
369000 5354.76852559
370000 5354.76852559
371000 5354.76852559
372000 4530.87866109
373000 4530.87866109
374000 4530.87866109
375000 4530.87866109
376000 4530.87866109
377000 4530.87866109
378000 4530.87866109
379000 5353.55041755
380000 6176.22217401
381000 6176.22217401
382000 6176.22217401
383000 6176.22217401
384000 5598.94519266
385000 5021.66821131
386000 5021.66821131
