0 2801.97260274
1000 2801.97260274
2000 2801.97260274
3000 3822.38565022
4000 5532.21333333
5000 6577.16582915
6000 5494.12255739
7000 5494.12255739
8000 5494.12255739
9000 5494.12255739
10000 5494.12255739
11000 5494.12255739
12000 7247.92723598
13000 7247.92723598
14000 7247.92723598
15000 7247.92723598
16000 7243.50707071
17000 7243.50707071
18000 7243.50707071
19000 7171.92400691
20000 7171.92400691
21000 7171.92400691
22000 7335.32683279
23000 7335.32683279
24000 7335.32683279
25000 7219.87772944
26000 7104.4286261
27000 7104.4286261
28000 7166.59337847
29000 7228.75813084
30000 7228.75813084
31000 7292.21307227
32000 7292.21307227
33000 7292.21307227
34000 7292.21307227
35000 7236.88006354
36000 7236.88006354
37000 7236.88006354
38000 7236.88006354
39000 7207.44501666
40000 7207.44501666
41000 7207.44501666
42000 7305.51394029
43000 7305.51394029
44000 7305.51394029
45000 7305.51394029
46000 7033.09609895
47000 7033.09609895
48000 7033.09609895
49000 7033.09609895
50000 7033.09609895
51000 7220.77486911
52000 7220.77486911
53000 7220.77486911
54000 7294.7206823
55000 7294.7206823
56000 7294.7206823
57000 7294.7206823
58000 6963.86976744
59000 6963.86976744
60000 7088.56841429
61000 7088.56841429
62000 7213.26706114
63000 7213.26706114
64000 7332.31281198
65000 7332.31281198
66000 7332.31281198
67000 7332.31281198
68000 7332.31281198
69000 6590.39790301
70000 6590.39790301
71000 6590.39790301
72000 6590.39790301
73000 7188.32141593
74000 7188.32141593
75000 7217.2462658
76000 7246.17111567
77000 7246.17111567
78000 7246.17111567
79000 7246.17111567
80000 7266.5382666
81000 7266.5382666
82000 7266.5382666
83000 7266.5382666
84000 7318.52408931
85000 7318.52408931
86000 7318.52408931
87000 7318.52408931
88000 7199.55855303
89000 7199.55855303
90000 7199.55855303
91000 7201.03430678
92000 7201.03430678
93000 7201.03430678
94000 7201.03430678
95000 7193.50263312
96000 7193.50263312
97000 7193.50263312
98000 7275.44715447
99000 7275.44715447
100000 7275.44715447
101000 7275.44715447
102000 7294.4609565
103000 7294.4609565
104000 7294.4609565
105000 7294.4609565
106000 7324.28260262
107000 7324.28260262
108000 7324.28260262
109000 7324.28260262
110000 7006.96888889
111000 7006.96888889
112000 7006.96888889
113000 7006.96888889
114000 7289.45349174
115000 7289.45349174
116000 7289.45349174
117000 7298.82378729
118000 7308.19408284
119000 7308.19408284
120000 7255.37999073
121000 7202.56589862
122000 7202.56589862
123000 7202.56589862
124000 7294.14862433
125000 7294.14862433
126000 7294.14862433
127000 7294.14862433
128000 7318.85058335
129000 7343.55254237
130000 7343.55254237
131000 7343.55254237
132000 5072.76257256
133000 2801.97260274
134000 3822.38565022
135000 5532.21333333
136000 6577.16582915
137000 5494.12255739
138000 5494.12255739
139000 5494.12255739
140000 5494.12255739
141000 5494.12255739
142000 5494.12255739
143000 7247.92723598
144000 7247.92723598
145000 7247.92723598
146000 7247.92723598
147000 7243.50707071
148000 7243.50707071
149000 7243.50707071
150000 7171.92400691
151000 7171.92400691
152000 7171.92400691
153000 7335.32683279
154000 7335.32683279
155000 7335.32683279
156000 7219.87772944
157000 7104.4286261
158000 7104.4286261
159000 7104.4286261
160000 7228.75813084
161000 7228.75813084
162000 7260.48560156
163000 7292.21307227
164000 7292.21307227
165000 7292.21307227
166000 7236.88006354
167000 7236.88006354
168000 7236.88006354
169000 7236.88006354
170000 7207.44501666
171000 7207.44501666
172000 7207.44501666
173000 7305.51394029
174000 7305.51394029
175000 7305.51394029
176000 7305.51394029
177000 7169.30501962
178000 7033.09609895
179000 7033.09609895
180000 7033.09609895
181000 7033.09609895
182000 7220.77486911
183000 7220.77486911
184000 7220.77486911
185000 7294.7206823
186000 7294.7206823
187000 7294.7206823
188000 7294.7206823
189000 6963.86976744
190000 6963.86976744
191000 7088.56841429
192000 7088.56841429
193000 7213.26706114
194000 7213.26706114
195000 7272.78993656
196000 7332.31281198
197000 7332.31281198
198000 7332.31281198
199000 7332.31281198
200000 6590.39790301
201000 6590.39790301
202000 6590.39790301
203000 6590.39790301
204000 7188.32141593
205000 7188.32141593
206000 7188.32141593
207000 7246.17111567
208000 7246.17111567
209000 7246.17111567
210000 7246.17111567
211000 7266.5382666
212000 7266.5382666
213000 7266.5382666
214000 7266.5382666
215000 7318.52408931
216000 7318.52408931
217000 7318.52408931
218000 7318.52408931
219000 7199.55855303
220000 7199.55855303
221000 7199.55855303
222000 7201.03430678
223000 7201.03430678
224000 7201.03430678
225000 7201.03430678
226000 7193.50263312
227000 7193.50263312
228000 7193.50263312
229000 7275.44715447
230000 7275.44715447
231000 7275.44715447
232000 7275.44715447
233000 7284.95405549
234000 7294.4609565
235000 7294.4609565
236000 7294.4609565
237000 7324.28260262
238000 7324.28260262
239000 7324.28260262
240000 7324.28260262
241000 7006.96888889
242000 7006.96888889
243000 7006.96888889
244000 7006.96888889
245000 7289.45349174
246000 7289.45349174
247000 7289.45349174
248000 7298.82378729
249000 7308.19408284
250000 7308.19408284
251000 7255.37999073
252000 7202.56589862
253000 7202.56589862
254000 7202.56589862
255000 7248.35726147
256000 7294.14862433
257000 7294.14862433
258000 7294.14862433
259000 7318.85058335
260000 7343.55254237
261000 7343.55254237
262000 7343.55254237
