0 3384.90167866
1000 3384.90167866
2000 2755.6314258
3000 2755.6314258
4000 1512.75303644
5000 4504.26735219
6000 2579.79613357
7000 4167.86440678
8000 4421.15436242
9000 4138.33540373
10000 3795.95841996
11000 4402.81030445
12000 3717.61169102
13000 4372.41763341
14000 4199.43276284
15000 4334.41927711
16000 3956.44081633
17000 4462.87437186
18000 4027.86279683
19000 4391.07537688
20000 4494.14950534
21000 4494.14950534
22000 4494.14950534
23000 4494.14950534
24000 4597.2236338
25000 4597.2236338
26000 4597.2236338
27000 4597.2236338
28000 4597.2236338
29000 4428.40926316
30000 4428.40926316
31000 4428.40926316
32000 4428.40926316
33000 4428.40926316
34000 4350.34394904
35000 4350.34394904
36000 4350.34394904
37000 4350.34394904
38000 4350.34394904
39000 4762.0790355
40000 4762.0790355
41000 4762.0790355
42000 4762.0790355
43000 4762.0790355
44000 4762.0790355
45000 4251.21532904
46000 4251.21532904
47000 4251.21532904
48000 4251.21532904
49000 4251.21532904
50000 4251.21532904
51000 4534.5650708
52000 4534.5650708
53000 4534.5650708
54000 4534.5650708
55000 4534.5650708
56000 4534.5650708
57000 4367.03285533
58000 4367.03285533
59000 4367.03285533
60000 4367.03285533
61000 4367.03285533
62000 4367.03285533
63000 4612.23499684
64000 4612.23499684
65000 4612.23499684
66000 4612.23499684
67000 4612.23499684
68000 4612.23499684
69000 4676.63308778
70000 4741.03117871
71000 4741.03117871
72000 4741.03117871
73000 4741.03117871
74000 4741.03117871
75000 4468.51539912
76000 4468.51539912
77000 4468.51539912
78000 3498.60962567
79000 3441.75565216
80000 3070.26655223
81000 2755.6314258
82000 1512.75303644
83000 4504.26735219
84000 2579.79613357
85000 4167.86440678
86000 4421.15436242
87000 4138.33540373
88000 3795.95841996
89000 4402.81030445
90000 3717.61169102
91000 4372.41763341
92000 4199.43276284
93000 4334.41927711
94000 3956.44081633
95000 4462.87437186
96000 4027.86279683
97000 4391.07537688
98000 4494.14950534
99000 4494.14950534
100000 4494.14950534
101000 4494.14950534
102000 4597.2236338
103000 4597.2236338
104000 4597.2236338
105000 4597.2236338
106000 4597.2236338
107000 4428.40926316
108000 4428.40926316
109000 4428.40926316
110000 4428.40926316
111000 4428.40926316
112000 4350.34394904
113000 4350.34394904
114000 4350.34394904
115000 4350.34394904
116000 4350.34394904
117000 4762.0790355
118000 4762.0790355
119000 4762.0790355
120000 4762.0790355
121000 4762.0790355
122000 4762.0790355
123000 4251.21532904
124000 4251.21532904
125000 4251.21532904
126000 4251.21532904
127000 4251.21532904
128000 4251.21532904
129000 4534.5650708
130000 4534.5650708
131000 4534.5650708
132000 4534.5650708
133000 4534.5650708
134000 4534.5650708
135000 4367.03285533
136000 4367.03285533
137000 4367.03285533
138000 4367.03285533
139000 4367.03285533
140000 4367.03285533
141000 4612.23499684
142000 4612.23499684
143000 4612.23499684
144000 4612.23499684
145000 4612.23499684
146000 4612.23499684
147000 4676.63308778
148000 4741.03117871
149000 4741.03117871
150000 4741.03117871
151000 4741.03117871
152000 4741.03117871
153000 4468.51539912
154000 4468.51539912
155000 4468.51539912
156000 3498.60962567
