0 2659.05254648
1000 2659.05254648
2000 2659.05254648
3000 2503.65866667
4000 2061.20481928
5000 2061.20481928
6000 2730.59107819
7000 3399.97733711
8000 1598.42519685
9000 2033.21745848
10000 2033.21745848
11000 2437.22780315
12000 2437.22780315
13000 2191.74133949
14000 2191.74133949
15000 2191.74133949
16000 2059.93133047
17000 2059.93133047
18000 2444.12745763
19000 2140.12712136
20000 1836.12678509
21000 1836.12678509
22000 2017.32655044
23000 2198.52631579
24000 3582.24159166
25000 3582.24159166
26000 2432.22273782
27000 2432.22273782
28000 2432.22273782
29000 2540.10248068
30000 2540.10248068
31000 2540.10248068
32000 2540.10248068
33000 2540.10248068
34000 2540.10248068
35000 2540.10248068
36000 2540.10248068
37000 2540.10248068
38000 2540.10248068
39000 3121.34846029
40000 3121.34846029
41000 3121.34846029
42000 3121.34846029
43000 2560.96015002
44000 2560.96015002
45000 2560.96015002
46000 2560.96015002
47000 2666.79640402
48000 2666.79640402
49000 2666.79640402
50000 2666.79640402
51000 2666.79640402
52000 2666.79640402
53000 2140.49396472
54000 3116.04162471
55000 3116.04162471
56000 3116.04162471
57000 3116.04162471
58000 3116.04162471
59000 3116.04162471
60000 2459.23750353
61000 2459.23750353
62000 2459.23750353
63000 2459.23750353
64000 2459.23750353
65000 2459.23750353
66000 2459.23750353
67000 2925.82529511
68000 2925.82529511
69000 2925.82529511
70000 2925.82529511
71000 2925.82529511
72000 2925.82529511
73000 1978.12821807
74000 1978.12821807
75000 1978.12821807
76000 1978.12821807
77000 3523.86830467
78000 3523.86830467
79000 3523.86830467
80000 2903.26801619
81000 2903.26801619
82000 2640.33566434
83000 2640.33566434
84000 2569.76851852
85000 2569.76851852
86000 2569.76851852
87000 2569.76851852
88000 2569.76851852
89000 2569.76851852
90000 2569.76851852
91000 2196.22405272
92000 2196.22405272
93000 2196.22405272
94000 2196.22405272
95000 2196.22405272
96000 2105.32500381
97000 2105.32500381
98000 2105.32500381
99000 2105.32500381
100000 2105.32500381
101000 2105.32500381
102000 2105.32500381
103000 2367.83079974
104000 2367.83079974
105000 2367.83079974
106000 1436.00152614
107000 1436.00152614
108000 1436.00152614
109000 1436.00152614
110000 1436.00152614
111000 2039.39794261
112000 2039.39794261
113000 2039.39794261
114000 2039.39794261
115000 2414.45627622
116000 2414.45627622
117000 2414.45627622
118000 1934.60762101
119000 2135.24605636
120000 2135.24605636
121000 2135.24605636
122000 2135.24605636
123000 2135.24605636
124000 2135.24605636
125000 2135.24605636
126000 2135.24605636
127000 2279.2078397
128000 2279.2078397
129000 2279.2078397
130000 2279.2078397
131000 2279.2078397
132000 2279.2078397
133000 2279.2078397
134000 2513.97739701
135000 2513.97739701
136000 2513.97739701
137000 2122.03766595
138000 2122.03766595
139000 2122.03766595
140000 2176.61503155
141000 2176.61503155
142000 2176.61503155
143000 2176.61503155
144000 1820.96102913
145000 1820.96102913
146000 1820.96102913
147000 1820.96102913
148000 1820.96102913
149000 1820.96102913
150000 1820.96102913
151000 1820.96102913
152000 2358.76103714
153000 2358.76103714
154000 2358.76103714
155000 2066.29909526
156000 2066.29909526
157000 2066.29909526
158000 2066.29909526
159000 2011.08751793
160000 2011.08751793
161000 2011.08751793
162000 1607.06225848
163000 1607.06225848
164000 1607.06225848
165000 2077.25656756
166000 2077.25656756
167000 2077.25656756
168000 2077.25656756
169000 2077.25656756
170000 2077.25656756
171000 1756.17247364
172000 1756.17247364
173000 1756.17247364
174000 1756.17247364
175000 1756.17247364
176000 1756.17247364
177000 1756.17247364
178000 1756.17247364
179000 1754.95041884
180000 1754.95041884
181000 1754.95041884
182000 1754.95041884
183000 2012.87898856
184000 2012.87898856
185000 2012.87898856
186000 2384.48973266
187000 2384.48973266
188000 2384.48973266
189000 1461.76859504
190000 2527.82289865
191000 2527.82289865
192000 2527.82289865
193000 2527.82289865
194000 2527.82289865
195000 2087.59912854
196000 2087.59912854
197000 2087.59912854
198000 2087.59912854
199000 2087.59912854
200000 2777.96433471
201000 2777.96433471
202000 2428.10171496
203000 2428.10171496
204000 2428.10171496
205000 2428.10171496
206000 2428.10171496
207000 2021.14723926
208000 2021.14723926
209000 2021.14723926
210000 2340.09989287
211000 2659.05254648
212000 2503.65866667
213000 2061.20481928
214000 2061.20481928
215000 2730.59107819
216000 3399.97733711
217000 1598.42519685
218000 2033.21745848
219000 2033.21745848
220000 2437.22780315
221000 2437.22780315
222000 2191.74133949
223000 2191.74133949
224000 2191.74133949
225000 2059.93133047
226000 2059.93133047
227000 2444.12745763
228000 2444.12745763
229000 1836.12678509
230000 1836.12678509
231000 2017.32655044
232000 2198.52631579
233000 3582.24159166
234000 3582.24159166
235000 2432.22273782
236000 2432.22273782
237000 2432.22273782
238000 2540.10248068
239000 2540.10248068
240000 2540.10248068
241000 2540.10248068
242000 2540.10248068
243000 2540.10248068
244000 2540.10248068
245000 2540.10248068
246000 2540.10248068
247000 2540.10248068
248000 3121.34846029
249000 3121.34846029
250000 3121.34846029
251000 3121.34846029
252000 2560.96015002
253000 2560.96015002
254000 2560.96015002
255000 2560.96015002
256000 2666.79640402
257000 2666.79640402
258000 2666.79640402
259000 2666.79640402
260000 2666.79640402
261000 2666.79640402
262000 2140.49396472
263000 3116.04162471
264000 3116.04162471
265000 3116.04162471
266000 3116.04162471
267000 3116.04162471
268000 3116.04162471
269000 2459.23750353
270000 2459.23750353
271000 2459.23750353
272000 2459.23750353
273000 2459.23750353
274000 2459.23750353
275000 2459.23750353
276000 2925.82529511
277000 2925.82529511
278000 2925.82529511
279000 2925.82529511
280000 2925.82529511
281000 2925.82529511
282000 1978.12821807
283000 1978.12821807
284000 1978.12821807
285000 1978.12821807
286000 2750.99826137
287000 3523.86830467
288000 3523.86830467
289000 2903.26801619
290000 2903.26801619
291000 2640.33566434
292000 2640.33566434
293000 2569.76851852
294000 2569.76851852
295000 2569.76851852
296000 2569.76851852
297000 2569.76851852
298000 2569.76851852
299000 2569.76851852
300000 2196.22405272
301000 2196.22405272
302000 2196.22405272
303000 2196.22405272
304000 2196.22405272
305000 2105.32500381
306000 2105.32500381
307000 2105.32500381
308000 2105.32500381
309000 2105.32500381
310000 2105.32500381
311000 2105.32500381
312000 2367.83079974
313000 2367.83079974
314000 2367.83079974
315000 1436.00152614
316000 1436.00152614
317000 1436.00152614
318000 1436.00152614
319000 1436.00152614
320000 2039.39794261
321000 2039.39794261
322000 2039.39794261
323000 2039.39794261
324000 2414.45627622
325000 2414.45627622
326000 2414.45627622
327000 1934.60762101
328000 2135.24605636
329000 2135.24605636
330000 2135.24605636
331000 2135.24605636
332000 2135.24605636
333000 2135.24605636
334000 2135.24605636
335000 2135.24605636
336000 2279.2078397
337000 2279.2078397
338000 2279.2078397
339000 2279.2078397
340000 2279.2078397
341000 2279.2078397
342000 2279.2078397
343000 2513.97739701
344000 2513.97739701
345000 2513.97739701
346000 2122.03766595
347000 2122.03766595
348000 2122.03766595
349000 2176.61503155
350000 2176.61503155
351000 2176.61503155
352000 2176.61503155
353000 1911.68780386
354000 1820.96102913
355000 1820.96102913
356000 1820.96102913
357000 1820.96102913
358000 1820.96102913
359000 1820.96102913
360000 1820.96102913
361000 2089.86103314
362000 2358.76103714
363000 2358.76103714
364000 2066.29909526
365000 2066.29909526
366000 2066.29909526
367000 2066.29909526
368000 2011.08751793
369000 2011.08751793
370000 2011.08751793
371000 1607.06225848
372000 1607.06225848
373000 1607.06225848
374000 2077.25656756
375000 2077.25656756
376000 2077.25656756
377000 2077.25656756
378000 2077.25656756
379000 2077.25656756
380000 1756.17247364
381000 1756.17247364
382000 1756.17247364
383000 1756.17247364
384000 1756.17247364
385000 1756.17247364
386000 1756.17247364
387000 1756.17247364
388000 1754.95041884
389000 1754.95041884
390000 1754.95041884
391000 1754.95041884
392000 2012.87898856
393000 2012.87898856
394000 2012.87898856
395000 2384.48973266
396000 2384.48973266
397000 2384.48973266
398000 1461.76859504
399000 2527.82289865
400000 2527.82289865
401000 2527.82289865
402000 2527.82289865
403000 2527.82289865
404000 2307.71101359
405000 2087.59912854
406000 2087.59912854
407000 2087.59912854
408000 2087.59912854
409000 2777.96433471
410000 2777.96433471
411000 2428.10171496
412000 2428.10171496
413000 2428.10171496
414000 2428.10171496
415000 2428.10171496
416000 2021.14723926
417000 2021.14723926
418000 2021.14723926
