0 4161.06666667
1000 4161.06666667
2000 4161.06666667
3000 4161.06666667
4000 3176.82059847
5000 3176.82059847
6000 3176.82059847
7000 3176.82059847
8000 2192.57453027
9000 2192.57453027
10000 2192.57453027
11000 2192.57453027
12000 2192.57453027
13000 2563.16613757
14000 2563.16613757
15000 2563.16613757
16000 2563.16613757
17000 1281.58306879
18000 0.0
19000 0.0
20000 2011.60967742
21000 4023.21935484
22000 4023.21935484
23000 4023.21935484
24000 4023.21935484
25000 2011.60967742
26000 2011.60967742
27000 2011.60967742
28000 2011.60967742
29000 0.0
30000 1617.40063898
31000 1617.40063898
32000 1617.40063898
33000 1617.40063898
34000 3234.80127796
35000 3234.80127796
36000 3234.80127796
37000 3486.5414332
38000 3486.5414332
39000 3486.5414332
40000 3486.5414332
41000 3738.28158845
42000 3738.28158845
43000 3738.28158845
44000 1869.14079423
45000 1960.42634731
46000 1960.42634731
47000 1960.42634731
48000 1960.42634731
49000 1960.42634731
50000 5797.77965081
51000 5797.77965081
52000 2875.88066298
53000 2875.88066298
54000 2875.88066298
55000 2875.88066298
56000 2867.99019299
57000 2860.09972299
58000 2860.09972299
59000 2860.09972299
60000 1430.04986149
61000 0.0
62000 0.0
63000 0.0
64000 0.0
65000 4848.69090909
66000 4848.69090909
67000 4848.69090909
68000 4848.69090909
69000 4848.69090909
70000 4848.69090909
71000 4848.69090909
72000 4848.69090909
73000 4848.69090909
74000 4848.69090909
75000 4976.01725998
76000 4976.01725998
77000 4976.01725998
78000 4695.07251058
79000 4414.12776119
80000 4414.12776119
81000 4414.12776119
82000 4414.12776119
83000 5573.62619943
84000 6733.12463768
85000 6733.12463768
86000 6085.35329629
87000 5437.58195489
88000 5437.58195489
89000 5437.58195489
90000 4453.38403042
91000 4453.38403042
92000 4453.38403042
93000 4453.38403042
94000 4453.38403042
95000 4453.38403042
96000 4453.38403042
97000 4453.38403042
98000 4453.38403042
99000 4453.38403042
100000 4453.38403042
101000 1984.01836266
102000 1984.01836266
103000 1984.01836266
104000 1984.01836266
105000 6911.95969773
106000 6911.95969773
107000 6911.95969773
108000 6911.95969773
109000 6140.04138732
110000 5368.12307692
111000 5368.12307692
112000 5368.12307692
113000 5368.12307692
114000 5368.12307692
115000 3075.79071348
116000 3075.79071348
117000 3075.79071348
118000 3075.79071348
119000 3075.79071348
120000 3075.79071348
121000 3075.79071348
122000 3075.79071348
123000 3075.79071348
124000 1756.46947439
125000 7619.53867635
126000 7619.53867635
127000 7619.53867635
128000 7619.53867635
129000 6000.51705471
130000 4381.49543307
131000 4381.49543307
132000 4381.49543307
133000 4381.49543307
134000 4381.49543307
135000 4381.49543307
136000 5780.67387387
137000 5780.67387387
138000 5780.67387387
139000 5780.67387387
140000 3976.74843878
141000 2172.82300369
142000 2172.82300369
143000 2172.82300369
144000 2172.82300369
145000 2172.82300369
146000 2172.82300369
147000 2172.82300369
148000 2172.82300369
149000 2172.82300369
150000 2172.82300369
151000 2172.82300369
152000 2172.82300369
153000 2172.82300369
154000 2172.82300369
155000 2172.82300369
156000 41314.1147554
157000 41314.1147554
158000 41314.1147554
159000 2512.29808219
160000 2512.29808219
161000 2512.29808219
162000 2512.29808219
163000 2512.29808219
164000 2512.29808219
165000 2512.29808219
166000 2512.29808219
167000 2512.29808219
168000 2512.29808219
169000 2512.29808219
170000 3204.69565217
171000 5073.42093863
172000 5073.42093863
173000 4453.28535993
174000 4453.28535993
175000 3833.14978122
176000 3833.14978122
177000 3833.14978122
178000 3997.10822394
179000 4161.06666667
180000 4161.06666667
181000 3176.82059847
182000 3176.82059847
183000 3176.82059847
184000 3176.82059847
185000 3176.82059847
186000 2192.57453027
187000 2192.57453027
188000 2192.57453027
189000 2192.57453027
190000 2377.87033392
191000 2563.16613757
192000 2563.16613757
193000 2563.16613757
194000 1281.58306879
195000 0.0
196000 0.0
197000 2011.60967742
198000 4023.21935484
199000 4023.21935484
200000 4023.21935484
201000 4023.21935484
202000 2011.60967742
203000 2011.60967742
204000 2011.60967742
205000 2011.60967742
206000 0.0
207000 1617.40063898
208000 1617.40063898
209000 1617.40063898
210000 1617.40063898
211000 3234.80127796
212000 3234.80127796
213000 3234.80127796
214000 3486.5414332
215000 3486.5414332
216000 3486.5414332
217000 3486.5414332
218000 3486.5414332
219000 3738.28158845
220000 3738.28158845
221000 1869.14079423
222000 1960.42634731
223000 1960.42634731
224000 1960.42634731
225000 1960.42634731
226000 1960.42634731
227000 5797.77965081
228000 5797.77965081
229000 2875.88066298
230000 2875.88066298
231000 2875.88066298
232000 2875.88066298
233000 2867.99019299
234000 2860.09972299
235000 2860.09972299
236000 2860.09972299
237000 1430.04986149
238000 0.0
239000 0.0
240000 0.0
241000 0.0
242000 4848.69090909
243000 4848.69090909
244000 4848.69090909
245000 4848.69090909
246000 4848.69090909
247000 4848.69090909
248000 4848.69090909
249000 4848.69090909
250000 4848.69090909
251000 4848.69090909
252000 4976.01725998
253000 4976.01725998
254000 4976.01725998
255000 4695.07251058
256000 4414.12776119
257000 4414.12776119
258000 4414.12776119
259000 4414.12776119
260000 5573.62619943
261000 6733.12463768
262000 6733.12463768
263000 6085.35329629
264000 5437.58195489
265000 5437.58195489
266000 5437.58195489
267000 4453.38403042
268000 4453.38403042
269000 4453.38403042
270000 4453.38403042
271000 4453.38403042
272000 4453.38403042
273000 4453.38403042
274000 4453.38403042
275000 4453.38403042
276000 4453.38403042
277000 4453.38403042
278000 1984.01836266
279000 1984.01836266
280000 1984.01836266
281000 1984.01836266
282000 4447.98903019
283000 6911.95969773
284000 6911.95969773
285000 6911.95969773
286000 6911.95969773
287000 5368.12307692
288000 5368.12307692
289000 5368.12307692
290000 5368.12307692
291000 5368.12307692
292000 3075.79071348
293000 3075.79071348
294000 3075.79071348
295000 3075.79071348
296000 3075.79071348
297000 3075.79071348
298000 3075.79071348
299000 3075.79071348
300000 3075.79071348
301000 1756.46947439
302000 437.148235294
303000 7619.53867635
304000 7619.53867635
305000 7619.53867635
306000 6000.51705471
307000 4381.49543307
308000 4381.49543307
309000 4381.49543307
310000 4381.49543307
311000 4381.49543307
312000 4381.49543307
313000 5780.67387387
314000 5780.67387387
315000 5780.67387387
316000 5780.67387387
317000 5780.67387387
318000 2172.82300369
319000 2172.82300369
320000 2172.82300369
321000 2172.82300369
322000 2172.82300369
323000 2172.82300369
324000 2172.82300369
325000 2172.82300369
326000 2172.82300369
327000 2172.82300369
328000 2172.82300369
329000 2172.82300369
330000 2172.82300369
331000 2172.82300369
332000 2172.82300369
333000 41314.1147554
334000 41314.1147554
335000 41314.1147554
336000 2512.29808219
337000 2512.29808219
338000 2512.29808219
339000 2512.29808219
340000 2512.29808219
341000 2512.29808219
342000 2512.29808219
343000 2512.29808219
344000 2512.29808219
345000 2512.29808219
346000 2512.29808219
347000 3204.69565217
348000 5073.42093863
349000 5073.42093863
350000 4453.28535993
351000 4453.28535993
352000 3833.14978122
353000 3833.14978122
354000 3833.14978122
