0 4487.94612795
1000 4487.94612795
2000 4487.94612795
3000 4487.94612795
4000 3901.31345626
5000 3901.31345626
6000 3901.31345626
7000 3295.214596
8000 3295.214596
9000 3513.98811053
10000 3732.76162506
11000 3732.76162506
12000 3732.76162506
13000 3732.76162506
14000 4696.97359948
15000 4696.97359948
16000 4696.97359948
17000 4964.70847968
18000 4964.70847968
19000 4964.70847968
20000 4964.70847968
21000 4955.1996764
22000 4945.69087313
23000 4945.69087313
24000 4945.69087313
25000 4945.69087313
26000 4945.69087313
27000 4945.69087313
28000 4945.69087313
29000 2416.433281
30000 2416.433281
31000 2416.433281
32000 5286.24531025
33000 5286.24531025
34000 5044.83201146
35000 4803.41871267
36000 4803.41871267
37000 4803.41871267
38000 4854.9761606
39000 4854.9761606
40000 4854.9761606
41000 5308.10949165
42000 5308.10949165
43000 5308.10949165
44000 4109.125
45000 4109.125
46000 4109.125
47000 5394.8597029
48000 5394.8597029
49000 5394.8597029
50000 5394.8597029
51000 5394.8597029
52000 5394.8597029
53000 5394.8597029
54000 5394.8597029
55000 5394.8597029
56000 5434.49669929
57000 5434.49669929
58000 5434.49669929
59000 5434.49669929
60000 5434.49669929
61000 5434.49669929
62000 5434.49669929
63000 5434.49669929
64000 5423.4959029
65000 5412.49510651
66000 5412.49510651
67000 5412.49510651
68000 5412.49510651
69000 5412.49510651
70000 5412.49510651
71000 5412.49510651
72000 5412.49510651
73000 5435.03154411
74000 5457.5679817
75000 5457.5679817
76000 5457.5679817
77000 5457.5679817
78000 5457.5679817
79000 5457.5679817
80000 5457.5679817
81000 5457.5679817
82000 5331.57150971
83000 5331.57150971
84000 5331.57150971
85000 5331.57150971
86000 5331.57150971
87000 5331.57150971
88000 5331.57150971
89000 5331.57150971
90000 5331.57150971
91000 5648.55054173
92000 5648.55054173
93000 5648.55054173
94000 5648.55054173
95000 5648.55054173
96000 5648.55054173
97000 5648.55054173
98000 5648.55054173
99000 5648.55054173
100000 5526.39709223
101000 5526.39709223
102000 5526.39709223
103000 5526.39709223
104000 5526.39709223
105000 5526.39709223
106000 5526.39709223
107000 5526.39709223
108000 5526.39709223
109000 5401.99952886
110000 5401.99952886
111000 5401.99952886
112000 5401.99952886
113000 5401.99952886
114000 5401.99952886
115000 5401.99952886
116000 5401.99952886
117000 5415.01188841
118000 5428.02424797
119000 5428.02424797
120000 5428.02424797
121000 5428.02424797
122000 5428.02424797
123000 5428.02424797
124000 5428.02424797
125000 5428.02424797
126000 5294.47369613
127000 5160.9231443
128000 5160.9231443
129000 5160.9231443
130000 5160.9231443
131000 5160.9231443
132000 5160.9231443
133000 5160.9231443
134000 5160.9231443
135000 5160.9231443
136000 5481.2171068
137000 5481.2171068
138000 5481.2171068
139000 5481.2171068
140000 5481.2171068
141000 5481.2171068
142000 5481.2171068
143000 5481.2171068
144000 5481.2171068
145000 5212.3937733
146000 5212.3937733
147000 5212.3937733
148000 5212.3937733
149000 5212.3937733
150000 5212.3937733
151000 5212.3937733
152000 5212.3937733
153000 5212.3937733
154000 5507.58425832
155000 5507.58425832
156000 5507.58425832
157000 5507.58425832
158000 5507.58425832
159000 5507.58425832
160000 5507.58425832
161000 5507.58425832
162000 5507.58425832
163000 5585.27097532
164000 5662.95769231
165000 5662.95769231
166000 5662.95769231
167000 5662.95769231
168000 5662.95769231
169000 5662.95769231
170000 5662.95769231
171000 5662.95769231
172000 5301.84487863
173000 5301.84487863
174000 5301.84487863
175000 5301.84487863
176000 5301.84487863
177000 5301.84487863
178000 5301.84487863
179000 5301.84487863
180000 5301.84487863
181000 5355.43851614
182000 5355.43851614
183000 5355.43851614
184000 5355.43851614
185000 5355.43851614
186000 5355.43851614
187000 5355.43851614
188000 5355.43851614
189000 5355.43851614
190000 5452.37533764
191000 5452.37533764
192000 5452.37533764
193000 5452.37533764
194000 5452.37533764
195000 5452.37533764
196000 5452.37533764
197000 5452.37533764
198000 5452.37533764
199000 3736.83926853
200000 3736.83926853
201000 4112.39269824
202000 4487.94612795
203000 4487.94612795
204000 4487.94612795
205000 3901.31345626
206000 3901.31345626
207000 3295.214596
208000 3295.214596
209000 3295.214596
210000 3732.76162506
211000 3732.76162506
212000 3732.76162506
213000 3732.76162506
214000 4696.97359948
215000 4696.97359948
216000 4696.97359948
217000 4830.84103958
218000 4964.70847968
219000 4964.70847968
220000 4964.70847968
221000 4964.70847968
222000 4945.69087313
223000 4945.69087313
224000 4945.69087313
225000 4945.69087313
226000 4945.69087313
227000 4945.69087313
228000 4945.69087313
229000 2416.433281
230000 2416.433281
231000 2416.433281
232000 5286.24531025
233000 5286.24531025
234000 5286.24531025
235000 4803.41871267
236000 4803.41871267
237000 4803.41871267
238000 4854.9761606
239000 4854.9761606
240000 4854.9761606
241000 5308.10949165
242000 5308.10949165
243000 5308.10949165
244000 4109.125
245000 4109.125
246000 4109.125
247000 4751.99235145
248000 5394.8597029
249000 5394.8597029
250000 5394.8597029
251000 5394.8597029
252000 5394.8597029
253000 5394.8597029
254000 5394.8597029
255000 5394.8597029
256000 5434.49669929
257000 5434.49669929
258000 5434.49669929
259000 5434.49669929
260000 5434.49669929
261000 5434.49669929
262000 5434.49669929
263000 5434.49669929
264000 5434.49669929
265000 5412.49510651
266000 5412.49510651
267000 5412.49510651
268000 5412.49510651
269000 5412.49510651
270000 5412.49510651
271000 5412.49510651
272000 5412.49510651
273000 5412.49510651
274000 5457.5679817
275000 5457.5679817
276000 5457.5679817
277000 5457.5679817
278000 5457.5679817
279000 5457.5679817
280000 5457.5679817
281000 5457.5679817
282000 5457.5679817
283000 5331.57150971
284000 5331.57150971
285000 5331.57150971
286000 5331.57150971
287000 5331.57150971
288000 5331.57150971
289000 5331.57150971
290000 5331.57150971
291000 5331.57150971
292000 5648.55054173
293000 5648.55054173
294000 5648.55054173
295000 5648.55054173
296000 5648.55054173
297000 5648.55054173
298000 5648.55054173
299000 5648.55054173
300000 5526.39709223
301000 5526.39709223
302000 5526.39709223
303000 5526.39709223
304000 5526.39709223
305000 5526.39709223
306000 5526.39709223
307000 5526.39709223
308000 5526.39709223
309000 5401.99952886
310000 5401.99952886
311000 5401.99952886
312000 5401.99952886
313000 5401.99952886
314000 5401.99952886
315000 5401.99952886
316000 5401.99952886
317000 5401.99952886
318000 5428.02424797
319000 5428.02424797
320000 5428.02424797
321000 5428.02424797
322000 5428.02424797
323000 5428.02424797
324000 5428.02424797
325000 5428.02424797
326000 5428.02424797
327000 5160.9231443
328000 5160.9231443
329000 5160.9231443
330000 5160.9231443
331000 5160.9231443
332000 5160.9231443
333000 5160.9231443
334000 5160.9231443
335000 5160.9231443
336000 5321.07012555
337000 5481.2171068
338000 5481.2171068
339000 5481.2171068
340000 5481.2171068
341000 5481.2171068
342000 5481.2171068
343000 5481.2171068
344000 5481.2171068
345000 5212.3937733
346000 5212.3937733
347000 5212.3937733
348000 5212.3937733
349000 5212.3937733
350000 5212.3937733
351000 5212.3937733
352000 5212.3937733
353000 5212.3937733
354000 5359.98901581
355000 5507.58425832
356000 5507.58425832
357000 5507.58425832
358000 5507.58425832
359000 5507.58425832
360000 5507.58425832
361000 5507.58425832
362000 5507.58425832
363000 5507.58425832
364000 5662.95769231
365000 5662.95769231
366000 5662.95769231
367000 5662.95769231
368000 5662.95769231
369000 5662.95769231
370000 5662.95769231
371000 5662.95769231
372000 5482.40128547
373000 5301.84487863
374000 5301.84487863
375000 5301.84487863
376000 5301.84487863
377000 5301.84487863
378000 5301.84487863
379000 5301.84487863
380000 5301.84487863
381000 5355.43851614
382000 5355.43851614
383000 5355.43851614
384000 5355.43851614
385000 5355.43851614
386000 5355.43851614
387000 5355.43851614
388000 5355.43851614
389000 5355.43851614
390000 5403.90692689
391000 5452.37533764
392000 5452.37533764
393000 5452.37533764
394000 5452.37533764
395000 5452.37533764
396000 5452.37533764
397000 5452.37533764
398000 5452.37533764
399000 3736.83926853
400000 3736.83926853
