0 3190.19644528
1000 3190.19644528
2000 3190.19644528
3000 3190.19644528
4000 3190.19644528
5000 3190.19644528
6000 3408.60460829
7000 3505.824
8000 3452.96914285
9000 3400.11428571
10000 3449.36074766
11000 3286.92363636
12000 3392.87114338
13000 3304.62222222
14000 3498.40379147
15000 3525.70882643
16000 3553.01386139
17000 3149.24521739
18000 3182.14736842
19000 3381.89158879
20000 3505.47692308
21000 3442.18312173
22000 3378.88932039
23000 3701.76652998
24000 3701.76652998
25000 4024.64373957
26000 4024.64373957
27000 4024.64373957
28000 4024.64373957
29000 4024.64373957
30000 4024.64373957
31000 4024.64373957
32000 4024.64373957
33000 4024.64373957
34000 4024.64373957
35000 4024.64373957
36000 4024.64373957
37000 3568.96681887
38000 3568.96681887
39000 3568.96681887
40000 3568.96681887
41000 3568.96681887
42000 3568.96681887
43000 3568.96681887
44000 3568.96681887
45000 3568.96681887
46000 3568.96681887
47000 3568.96681887
48000 3568.96681887
49000 3568.96681887
50000 4105.93427068
51000 4105.93427068
52000 4105.93427068
53000 4105.93427068
54000 4105.93427068
55000 4105.93427068
56000 4105.93427068
57000 4105.93427068
58000 4105.93427068
59000 4105.93427068
60000 4105.93427068
61000 4124.72645798
62000 4143.51864529
63000 4143.51864529
64000 4143.51864529
65000 4143.51864529
66000 4143.51864529
67000 4143.51864529
68000 4143.51864529
69000 4143.51864529
70000 4143.51864529
71000 4143.51864529
72000 4143.51864529
73000 4102.39271645
74000 4102.39271645
75000 4102.39271645
76000 4102.39271645
77000 4102.39271645
78000 4102.39271645
79000 4102.39271645
80000 4102.39271645
81000 4102.39271645
82000 4102.39271645
83000 4102.39271645
84000 4209.05378705
85000 4209.05378705
86000 4209.05378705
87000 4209.05378705
88000 4209.05378705
89000 4209.05378705
90000 4209.05378705
91000 4209.05378705
92000 4209.05378705
93000 4209.05378705
94000 4209.05378705
95000 4155.50112749
96000 4155.50112749
97000 4155.50112749
98000 4155.50112749
99000 4155.50112749
100000 4155.50112749
101000 4155.50112749
102000 4155.50112749
103000 4155.50112749
104000 4155.50112749
105000 4155.50112749
106000 4155.50112749
107000 3434.51897436
108000 3434.51897436
109000 3434.51897436
110000 3434.51897436
111000 3434.51897436
112000 3434.51897436
113000 3434.51897436
114000 3434.51897436
115000 3434.51897436
116000 3434.51897436
117000 3434.51897436
118000 3434.51897436
119000 3434.51897436
120000 3434.51897436
121000 3513.68305525
122000 3513.68305525
123000 3513.68305525
124000 3513.68305525
125000 3513.68305525
126000 3513.68305525
127000 3513.68305525
128000 3513.68305525
129000 3513.68305525
130000 3513.68305525
131000 3513.68305525
132000 3513.68305525
133000 3513.68305525
134000 3685.33417522
135000 3685.33417522
136000 3685.33417522
137000 3685.33417522
138000 3685.33417522
139000 3685.33417522
140000 3685.33417522
141000 3685.33417522
142000 3685.33417522
143000 3685.33417522
144000 3685.33417522
145000 3685.33417522
146000 3685.33417522
147000 4092.26671377
148000 4092.26671377
149000 4092.26671377
150000 4092.26671377
151000 4092.26671377
152000 4092.26671377
153000 4092.26671377
154000 4092.26671377
155000 4092.26671377
156000 4092.26671377
157000 4092.26671377
158000 3557.42040816
159000 3557.42040816
160000 3373.80842672
161000 3373.80842672
162000 3373.80842672
163000 3190.19644528
164000 3190.19644528
165000 3299.40052678
166000 3408.60460829
167000 3505.824
168000 3400.11428571
169000 3449.36074766
170000 3286.92363636
171000 3392.87114338
172000 3392.87114338
173000 3304.62222222
174000 3498.40379147
175000 3553.01386139
176000 3149.24521739
177000 3182.14736842
178000 3381.89158879
179000 3381.89158879
180000 3505.47692308
181000 3442.18312173
182000 3378.88932039
183000 3701.76652998
184000 4024.64373957
185000 4024.64373957
186000 4024.64373957
187000 4024.64373957
188000 4024.64373957
189000 4024.64373957
190000 4024.64373957
191000 4024.64373957
192000 4024.64373957
193000 4024.64373957
194000 4024.64373957
195000 4024.64373957
196000 3568.96681887
197000 3568.96681887
198000 3568.96681887
199000 3568.96681887
200000 3568.96681887
201000 3568.96681887
202000 3568.96681887
203000 3568.96681887
204000 3568.96681887
205000 3568.96681887
206000 3568.96681887
207000 3568.96681887
208000 3568.96681887
209000 4105.93427068
210000 4105.93427068
211000 4105.93427068
212000 4105.93427068
213000 4105.93427068
214000 4105.93427068
215000 4105.93427068
216000 4105.93427068
217000 4105.93427068
218000 4105.93427068
219000 4105.93427068
220000 4105.93427068
221000 4143.51864529
222000 4143.51864529
223000 4143.51864529
224000 4143.51864529
225000 4143.51864529
226000 4143.51864529
227000 4143.51864529
228000 4143.51864529
229000 4143.51864529
230000 4143.51864529
231000 4143.51864529
232000 4102.39271645
233000 4102.39271645
234000 4102.39271645
235000 4102.39271645
236000 4102.39271645
237000 4102.39271645
238000 4102.39271645
239000 4102.39271645
240000 4102.39271645
241000 4102.39271645
242000 4102.39271645
243000 4102.39271645
244000 4209.05378705
245000 4209.05378705
246000 4209.05378705
247000 4209.05378705
248000 4209.05378705
249000 4209.05378705
250000 4209.05378705
251000 4209.05378705
252000 4209.05378705
253000 4209.05378705
254000 4209.05378705
255000 4155.50112749
256000 4155.50112749
257000 4155.50112749
258000 4155.50112749
259000 4155.50112749
260000 4155.50112749
261000 4155.50112749
262000 4155.50112749
263000 4155.50112749
264000 4155.50112749
265000 4155.50112749
266000 3434.51897436
267000 3434.51897436
268000 3434.51897436
269000 3434.51897436
270000 3434.51897436
271000 3434.51897436
272000 3434.51897436
273000 3434.51897436
274000 3434.51897436
275000 3434.51897436
276000 3434.51897436
277000 3434.51897436
278000 3434.51897436
279000 3434.51897436
280000 3513.68305525
281000 3513.68305525
282000 3513.68305525
283000 3513.68305525
284000 3513.68305525
285000 3513.68305525
286000 3513.68305525
287000 3513.68305525
288000 3513.68305525
289000 3513.68305525
290000 3513.68305525
291000 3513.68305525
292000 3513.68305525
293000 3513.68305525
294000 3685.33417522
295000 3685.33417522
296000 3685.33417522
297000 3685.33417522
298000 3685.33417522
299000 3685.33417522
300000 3685.33417522
301000 3685.33417522
302000 3685.33417522
303000 3685.33417522
304000 3685.33417522
305000 3685.33417522
306000 4092.26671377
307000 4092.26671377
308000 4092.26671377
309000 4092.26671377
310000 4092.26671377
311000 4092.26671377
312000 4092.26671377
313000 4092.26671377
314000 4092.26671377
315000 4092.26671377
316000 4092.26671377
317000 4092.26671377
318000 3557.42040816
