0 7456.87591241
1000 7456.87591241
2000 6344.55359566
3000 763.391162029
4000 1470.73949569
5000 2178.08782936
6000 2826.2915485
7000 2826.2915485
8000 3876.89443059
9000 3144.23965763
10000 3144.23965763
11000 1536.75499093
12000 1536.75499093
13000 1536.75499093
14000 1912.56374395
15000 1912.56374395
16000 1391.18360227
17000 1391.18360227
18000 1391.18360227
19000 2792.98927806
20000 1692.01781784
21000 4618.37383383
22000 8645.70131004
23000 7654.23512736
24000 6662.76894468
25000 6662.76894468
26000 4646.05405406
27000 9292.10810811
28000 9292.10810811
29000 9292.10810811
30000 9292.10810811
31000 6019.32283899
32000 6019.32283899
33000 6019.32283899
34000 6019.32283899
35000 7741.31714368
36000 7741.31714368
37000 7741.31714368
38000 7741.31714368
39000 6285.39333933
40000 6285.39333933
41000 6285.39333933
42000 6521.48443257
43000 6757.57552581
44000 6757.57552581
45000 6757.57552581
46000 6757.57552581
47000 7093.19107021
48000 7428.80661461
49000 7428.80661461
50000 7878.25515916
51000 8327.7037037
52000 8327.7037037
53000 6998.23459245
54000 6998.23459245
55000 6428.23617734
56000 5858.23776224
57000 5507.02296638
58000 5155.80817052
59000 9768.57021877
60000 9768.57021877
61000 9768.57021877
62000 8176.70006874
63000 8176.70006874
64000 6584.8299187
65000 6584.8299187
66000 6584.8299187
67000 7829.37358004
68000 9073.91724138
69000 9073.91724138
70000 7851.34387316
71000 6628.77050494
72000 6628.77050494
73000 6628.77050494
74000 6628.77050494
75000 6021.8742054
76000 5414.97790586
77000 5414.97790586
78000 8861.13649025
79000 8861.13649025
80000 8861.13649025
81000 8053.89087286
82000 7246.64525547
83000 7246.64525547
84000 7246.64525547
85000 5533.56059957
86000 5533.56059957
87000 5533.56059957
88000 5533.56059957
89000 5533.56059957
90000 9594.5
91000 9594.5
92000 9594.5
93000 6927.83258419
94000 4261.16516839
95000 4261.16516839
96000 4261.16516839
97000 4261.16516839
98000 4261.16516839
99000 4261.16516839
100000 4261.16516839
101000 4261.16516839
102000 6831.36649746
103000 6831.36649746
104000 6831.36649746
105000 6831.36649746
106000 5501.69316081
107000 5501.69316081
108000 5501.69316081
109000 5501.69316081
110000 5501.69316081
111000 5501.69316081
112000 4693.38950229
113000 4693.38950229
114000 4693.38950229
115000 4693.38950229
116000 4693.38950229
117000 4693.38950229
118000 5014.15023627
119000 5014.15023627
120000 5014.15023627
121000 5014.15023627
122000 5014.15023627
123000 5014.15023627
124000 5014.15023627
125000 7376.65060865
126000 7376.65060865
127000 7376.65060865
128000 7376.65060865
129000 5028.80119433
130000 5028.80119433
131000 5028.80119433
132000 5028.80119433
133000 6956.88145263
134000 8884.96171093
135000 8884.96171093
136000 8884.96171093
137000 8795.89423027
138000 8706.82674961
139000 8706.82674961
140000 8706.82674961
141000 9867.68278846
142000 11028.5388273
143000 11028.5388273
144000 8470.2992513
145000 5912.0596753
146000 5912.0596753
147000 5912.0596753
148000 5912.0596753
149000 5912.0596753
150000 3013.05714286
151000 3013.05714286
152000 5234.96652763
153000 6900.71475403
154000 763.391162029
155000 1470.73949569
156000 2178.08782936
157000 2826.2915485
158000 2826.2915485
159000 3876.89443059
160000 3510.56704411
161000 3144.23965763
162000 1536.75499093
163000 1536.75499093
164000 1536.75499093
165000 1724.65936744
166000 1912.56374395
167000 1651.87367311
168000 1391.18360227
169000 1391.18360227
170000 2792.98927806
171000 2792.98927806
172000 591.046357616
173000 8645.70131004
174000 7654.23512736
175000 6662.76894468
176000 6662.76894468
177000 0.0
178000 9292.10810811
179000 9292.10810811
180000 9292.10810811
181000 9292.10810811
182000 6019.32283899
183000 6019.32283899
184000 6019.32283899
185000 6019.32283899
186000 6880.31999133
187000 7741.31714368
188000 7741.31714368
189000 7741.31714368
190000 6285.39333933
191000 6285.39333933
192000 6285.39333933
193000 6521.48443257
194000 6757.57552581
195000 6757.57552581
196000 6757.57552581
197000 6757.57552581
198000 7093.19107021
199000 7428.80661461
200000 7428.80661461
201000 7878.25515916
202000 8327.7037037
203000 8327.7037037
204000 7662.96914807
205000 6998.23459245
206000 6998.23459245
207000 5858.23776224
208000 5858.23776224
209000 5155.80817052
210000 7462.18919465
211000 9768.57021877
212000 9768.57021877
213000 8176.70006874
214000 8176.70006874
215000 6584.8299187
216000 6584.8299187
217000 6584.8299187
218000 7829.37358004
219000 9073.91724138
220000 9073.91724138
221000 9073.91724138
222000 7851.34387316
223000 6628.77050494
224000 6628.77050494
225000 6628.77050494
226000 6021.8742054
227000 5414.97790586
228000 5414.97790586
229000 7138.05719806
230000 8861.13649025
231000 8861.13649025
232000 8053.89087286
233000 7246.64525547
234000 7246.64525547
235000 7246.64525547
236000 6390.10292752
237000 5533.56059957
238000 5533.56059957
239000 5533.56059957
240000 5533.56059957
241000 7564.03029978
242000 9594.5
243000 9594.5
244000 9594.5
245000 6927.83258419
246000 4261.16516839
247000 4261.16516839
248000 4261.16516839
249000 4261.16516839
250000 4261.16516839
251000 4261.16516839
252000 4261.16516839
253000 6831.36649746
254000 6831.36649746
255000 6831.36649746
256000 6831.36649746
257000 6166.52982913
258000 5501.69316081
259000 5501.69316081
260000 5501.69316081
261000 5501.69316081
262000 5501.69316081
263000 4693.38950229
264000 4693.38950229
265000 4693.38950229
266000 4693.38950229
267000 4693.38950229
268000 4693.38950229
269000 4853.76986928
270000 5014.15023627
271000 5014.15023627
272000 5014.15023627
273000 5014.15023627
274000 5014.15023627
275000 5014.15023627
276000 7376.65060865
277000 7376.65060865
278000 7376.65060865
279000 7376.65060865
280000 5028.80119433
281000 5028.80119433
282000 5028.80119433
283000 5028.80119433
284000 6956.88145263
285000 8884.96171093
286000 8884.96171093
287000 8884.96171093
288000 8795.89423027
289000 8706.82674961
290000 8706.82674961
291000 8706.82674961
292000 9867.68278846
293000 11028.5388273
294000 11028.5388273
295000 8470.2992513
296000 5912.0596753
297000 5912.0596753
298000 5912.0596753
299000 5912.0596753
300000 5912.0596753
301000 3013.05714286
302000 3013.05714286
