0 4156.74916388
1000 4156.74916388
2000 4156.74916388
3000 4156.74916388
4000 4156.74916388
5000 5943.8147939
6000 5943.8147939
7000 2227.77976008
8000 4455.55952015
9000 4455.55952015
10000 4455.55952015
11000 4012.0650927
12000 3568.57066524
13000 3568.57066524
14000 3568.57066524
15000 3568.57066524
16000 3568.57066524
17000 3568.57066524
18000 3568.57066524
19000 1899.13349735
20000 1899.13349735
21000 1899.13349735
22000 1899.13349735
23000 1899.13349735
24000 1899.13349735
25000 1899.13349735
26000 1899.13349735
27000 2326.98152503
28000 2326.98152503
29000 2326.98152503
30000 2326.98152503
31000 2326.98152503
32000 2326.98152503
33000 3063.45722714
34000 3063.45722714
35000 3063.45722714
36000 3063.45722714
37000 2995.01131626
38000 2995.01131626
39000 2995.01131626
40000 3653.89272292
41000 3653.89272292
42000 3653.89272292
43000 1099.75361217
44000 1587.14226712
45000 2074.53092208
46000 2074.53092208
47000 2074.53092208
48000 2074.53092208
49000 2235.09758266
50000 2395.66424323
51000 2395.66424323
52000 2395.66424323
53000 2395.66424323
54000 2395.66424323
55000 2395.66424323
56000 2375.22232444
57000 2375.22232444
58000 2375.22232444
59000 2375.22232444
60000 2375.22232444
61000 2375.22232444
62000 2348.91109229
63000 2348.91109229
64000 2348.91109229
65000 2015.65259155
66000 2015.65259155
67000 2015.65259155
68000 2015.65259155
69000 2015.65259155
70000 2015.65259155
71000 2015.65259155
72000 2015.65259155
73000 2015.65259155
74000 2015.65259155
75000 2189.08866995
76000 2189.08866995
77000 2189.08866995
78000 2189.08866995
79000 2189.08866995
80000 2189.08866995
81000 1959.97492846
82000 1959.97492846
83000 1959.97492846
84000 1959.97492846
85000 1959.97492846
86000 1959.97492846
87000 1959.97492846
88000 1959.97492846
89000 1503.52783591
90000 1503.52783591
91000 1503.52783591
92000 1503.52783591
93000 1503.52783591
94000 1503.52783591
95000 1503.52783591
96000 1503.52783591
97000 1503.52783591
98000 2182.45153734
99000 2182.45153734
100000 2182.45153734
101000 2182.45153734
102000 2182.45153734
103000 2182.45153734
104000 2182.45153734
105000 945.23287491
106000 945.23287491
107000 945.23287491
108000 945.23287491
109000 945.23287491
110000 945.23287491
111000 945.23287491
112000 945.23287491
113000 945.23287491
114000 945.23287491
115000 945.23287491
116000 945.23287491
117000 945.23287491
118000 945.23287491
119000 945.23287491
120000 1371.74037805
121000 1371.74037805
122000 1371.74037805
123000 1371.74037805
124000 1371.74037805
125000 1166.28024122
126000 1166.28024122
127000 1166.28024122
128000 1166.28024122
129000 1166.28024122
130000 1166.28024122
131000 1166.28024122
132000 1166.28024122
133000 2390.42329469
134000 2390.42329469
135000 2390.42329469
136000 2390.42329469
137000 1368.80898876
138000 1368.80898876
139000 0.0
140000 1677.53846154
141000 2917.14381271
142000 2917.14381271
143000 4156.74916388
144000 4156.74916388
145000 4156.74916388
146000 5943.8147939
147000 2971.90739695
148000 4455.55952015
149000 4455.55952015
150000 4455.55952015
151000 4012.0650927
152000 3568.57066524
153000 3568.57066524
154000 3568.57066524
155000 3568.57066524
156000 3568.57066524
157000 3568.57066524
158000 3568.57066524
159000 3568.57066524
160000 1899.13349735
161000 1899.13349735
162000 1899.13349735
163000 1899.13349735
164000 1899.13349735
165000 1899.13349735
166000 1899.13349735
167000 1899.13349735
168000 2326.98152503
169000 2326.98152503
170000 2326.98152503
171000 2326.98152503
172000 2326.98152503
173000 2326.98152503
174000 3063.45722714
175000 3063.45722714
176000 3063.45722714
177000 2995.01131626
178000 2995.01131626
179000 2995.01131626
180000 2995.01131626
181000 3653.89272292
182000 3653.89272292
183000 3653.89272292
184000 1099.75361217
185000 2074.53092208
186000 2074.53092208
187000 2074.53092208
188000 2074.53092208
189000 2074.53092208
190000 2395.66424323
191000 2395.66424323
192000 2395.66424323
193000 2395.66424323
194000 2395.66424323
195000 2395.66424323
196000 2375.22232444
197000 2375.22232444
198000 2375.22232444
199000 2375.22232444
200000 2375.22232444
201000 2375.22232444
202000 2375.22232444
203000 2348.91109229
204000 2348.91109229
205000 2015.65259155
206000 2015.65259155
207000 2015.65259155
208000 2015.65259155
209000 2015.65259155
210000 2015.65259155
211000 2015.65259155
212000 2015.65259155
213000 2015.65259155
214000 2015.65259155
215000 2189.08866995
216000 2189.08866995
217000 2189.08866995
218000 2189.08866995
219000 2189.08866995
220000 2189.08866995
221000 2189.08866995
222000 1959.97492846
223000 1959.97492846
224000 1959.97492846
225000 1959.97492846
226000 1959.97492846
227000 1959.97492846
228000 1959.97492846
229000 1503.52783591
230000 1503.52783591
231000 1503.52783591
232000 1503.52783591
233000 1503.52783591
234000 1503.52783591
235000 1503.52783591
236000 1503.52783591
237000 1503.52783591
238000 1503.52783591
239000 2182.45153734
240000 2182.45153734
241000 2182.45153734
242000 2182.45153734
243000 2182.45153734
244000 2182.45153734
245000 1563.84220612
246000 945.23287491
247000 945.23287491
248000 945.23287491
249000 945.23287491
250000 945.23287491
251000 945.23287491
252000 945.23287491
253000 945.23287491
254000 945.23287491
255000 945.23287491
256000 945.23287491
257000 945.23287491
258000 945.23287491
259000 945.23287491
260000 945.23287491
261000 1371.74037805
262000 1371.74037805
263000 1371.74037805
264000 1371.74037805
265000 1166.28024122
266000 1166.28024122
267000 1166.28024122
268000 1166.28024122
269000 1166.28024122
270000 1166.28024122
271000 1166.28024122
272000 1166.28024122
273000 1166.28024122
274000 2390.42329469
275000 2390.42329469
276000 2390.42329469
277000 1879.61614173
278000 1368.80898876
279000 1368.80898876
280000 838.76923077
