0 1286.87831364
1000 1286.87831364
2000 1286.87831364
3000 1286.87831364
4000 3615.80206186
5000 1235.41622615
6000 1235.41622615
7000 1235.41622615
8000 1235.41622615
9000 1235.41622615
10000 1208.79107807
11000 1208.79107807
12000 1208.79107807
13000 4189.45542169
14000 2056.19818659
15000 525.798726115
16000 4566.69090909
17000 4566.69090909
18000 1995.06010929
19000 1995.06010929
20000 1995.06010929
21000 6040.90066225
22000 6040.90066225
23000 5990.06896552
24000 5990.06896552
25000 1932.18861789
26000 5661.66733321
27000 5661.66733321
28000 5661.66733321
29000 5661.66733321
30000 5661.66733321
31000 5661.66733321
32000 4577.75399674
33000 4577.75399674
34000 4577.75399674
35000 4577.75399674
36000 4577.75399674
37000 4577.75399674
38000 8064.24322538
39000 8064.24322538
40000 8064.24322538
41000 9027.02481674
42000 9989.80640809
43000 9989.80640809
44000 9989.80640809
45000 10061.0390065
46000 10132.2716049
47000 10132.2716049
48000 9966.1474191
49000 9800.0232333
50000 9800.0232333
51000 9800.0232333
52000 9201.11763384
53000 8602.21203438
54000 8602.21203438
55000 8602.21203438
56000 8825.6759322
57000 8825.6759322
58000 8825.6759322
59000 9736.39902805
60000 10647.1221239
61000 10647.1221239
62000 10575.6717339
63000 10504.2213439
64000 10504.2213439
65000 4882.45149137
66000 4882.45149137
67000 4882.45149137
68000 4882.45149137
69000 4882.45149137
70000 4882.45149137
71000 4882.45149137
72000 8479.56309963
73000 8479.56309963
74000 8479.56309963
75000 11033.2705061
76000 11033.2705061
77000 11033.2705061
78000 9074.90909091
79000 9074.90909091
80000 9074.90909091
81000 9074.90909091
82000 9605.34268678
83000 9605.34268678
84000 9605.34268678
85000 10341.6647013
86000 11077.9867159
87000 11077.9867159
88000 11077.9867159
89000 9506.16470588
90000 9506.16470588
91000 9506.16470588
92000 6939.33015253
93000 4372.49559919
94000 4372.49559919
95000 4372.49559919
96000 4372.49559919
97000 4372.49559919
98000 4372.49559919
99000 3879.81082827
100000 3879.81082827
101000 3879.81082827
102000 3879.81082827
103000 3879.81082827
104000 3879.81082827
105000 3879.81082827
106000 3879.81082827
107000 5498.79234168
108000 5498.79234168
109000 5498.79234168
110000 5498.79234168
111000 5498.79234168
112000 6260.4223013
113000 6260.4223013
114000 6260.4223013
115000 6260.4223013
116000 3715.60888578
117000 3715.60888578
118000 3715.60888578
119000 3715.60888578
120000 3715.60888578
121000 2501.24359971
122000 1286.87831364
123000 1286.87831364
124000 1286.87831364
125000 3615.80206186
126000 1235.41622615
127000 1235.41622615
128000 1235.41622615
129000 1235.41622615
130000 1235.41622615
131000 1208.79107807
132000 1208.79107807
133000 1208.79107807
134000 4189.45542169
135000 2056.19818659
136000 525.798726115
137000 4566.69090909
138000 3280.87550919
139000 1995.06010929
140000 1995.06010929
141000 1995.06010929
142000 6040.90066225
143000 6040.90066225
144000 5990.06896552
145000 5990.06896552
146000 1932.18861789
147000 5661.66733321
148000 5661.66733321
149000 5661.66733321
150000 5661.66733321
151000 5661.66733321
152000 5661.66733321
153000 4577.75399674
154000 4577.75399674
155000 4577.75399674
156000 4577.75399674
157000 4577.75399674
158000 4577.75399674
159000 8064.24322538
160000 8064.24322538
161000 8064.24322538
162000 9027.02481674
163000 9989.80640809
164000 9989.80640809
165000 9989.80640809
166000 10061.0390065
167000 10132.2716049
168000 10132.2716049
169000 9966.1474191
170000 9800.0232333
171000 9800.0232333
172000 9800.0232333
173000 9201.11763384
174000 8602.21203438
175000 8602.21203438
176000 8602.21203438
177000 8825.6759322
178000 8825.6759322
179000 8825.6759322
180000 9736.39902805
181000 10647.1221239
182000 10647.1221239
183000 10575.6717339
184000 10504.2213439
185000 10504.2213439
186000 4882.45149137
187000 4882.45149137
188000 4882.45149137
189000 4882.45149137
190000 4882.45149137
191000 4882.45149137
192000 4882.45149137
193000 8479.56309963
194000 8479.56309963
195000 8479.56309963
196000 11033.2705061
197000 11033.2705061
198000 11033.2705061
199000 9074.90909091
200000 9074.90909091
201000 9074.90909091
202000 9340.12588884
203000 9605.34268678
204000 9605.34268678
205000 9605.34268678
206000 10341.6647013
207000 11077.9867159
208000 11077.9867159
209000 11077.9867159
210000 9506.16470588
211000 9506.16470588
212000 9506.16470588
213000 6939.33015253
214000 4372.49559919
215000 4372.49559919
216000 4372.49559919
217000 4372.49559919
218000 4372.49559919
219000 4372.49559919
220000 3879.81082827
221000 3879.81082827
222000 3879.81082827
223000 3879.81082827
224000 3879.81082827
225000 3879.81082827
226000 3879.81082827
227000 3879.81082827
228000 5498.79234168
229000 5498.79234168
230000 5498.79234168
231000 5498.79234168
232000 5498.79234168
233000 6260.4223013
234000 6260.4223013
235000 6260.4223013
236000 6260.4223013
237000 3715.60888578
238000 3715.60888578
239000 3715.60888578
240000 3715.60888578
241000 3715.60888578
