0 3277.67027677
1000 3277.67027677
2000 3277.67027677
3000 3277.67027677
4000 3277.67027677
5000 3885.29199118
6000 3885.29199118
7000 4492.91370558
8000 3443.63895739
9000 2394.3642092
10000 2394.3642092
11000 2394.3642092
12000 2645.01420336
13000 2895.66419753
14000 3326.55405662
15000 3757.4439157
16000 3744.85644809
17000 3732.26898048
18000 3502.01459854
19000 3502.01459854
20000 3342.22222222
21000 3280.61558872
22000 3219.00895522
23000 3025.20458787
24000 2831.40022051
25000 2831.40022051
26000 4748.14205607
27000 3632.38148668
28000 3632.38148668
29000 3767.56329236
30000 3767.56329236
31000 3902.74509804
32000 3902.74509804
33000 3902.74509804
34000 3902.74509804
35000 3902.74509804
36000 3902.74509804
37000 3902.74509804
38000 3902.74509804
39000 2995.54819633
40000 2995.54819633
41000 2995.54819633
42000 2995.54819633
43000 2995.54819633
44000 2995.54819633
45000 2995.54819633
46000 2995.54819633
47000 2995.54819633
48000 2158.70258093
49000 1321.85696553
50000 1321.85696553
51000 1321.85696553
52000 1321.85696553
53000 1321.85696553
54000 1321.85696553
55000 1321.85696553
56000 1321.85696553
57000 1321.85696553
58000 1321.85696553
59000 724.669806594
60000 724.669806594
61000 724.669806594
62000 724.669806594
63000 724.669806594
64000 724.669806594
65000 724.669806594
66000 724.669806594
67000 724.669806594
68000 724.669806594
69000 953.224270628
70000 953.224270628
71000 953.224270628
72000 953.224270628
73000 953.224270628
74000 953.224270628
75000 703.729035783
76000 703.729035783
77000 703.729035783
78000 703.729035783
79000 703.729035783
80000 703.729035783
81000 703.729035783
82000 767.179980345
83000 830.630924907
84000 830.630924907
85000 830.630924907
86000 830.630924907
87000 830.630924907
88000 1079.11147744
89000 1079.11147744
90000 1079.11147744
91000 1079.11147744
92000 1079.11147744
93000 767.095910781
94000 767.095910781
95000 767.095910781
96000 767.095910781
97000 767.095910781
98000 767.095910781
99000 767.095910781
100000 946.973140873
101000 946.973140873
102000 946.973140873
103000 946.973140873
104000 946.973140873
105000 946.973140873
106000 1275.63344482
107000 1275.63344482
108000 1275.63344482
109000 1399.88562829
110000 1399.88562829
111000 1399.88562829
112000 1251.21761468
113000 1251.21761468
114000 1251.21761468
115000 896.433339691
116000 896.433339691
117000 896.433339691
118000 896.433339691
119000 896.433339691
120000 1048.27275397
121000 1200.11216825
122000 1200.11216825
123000 1200.11216825
124000 1200.11216825
125000 1245.68091319
126000 1245.68091319
127000 1245.68091319
128000 1245.68091319
129000 1354.83326825
130000 1354.83326825
131000 1269.01719722
132000 1269.01719722
133000 1269.01719722
134000 2273.34373699
135000 2273.34373699
136000 2273.34373699
137000 2273.34373699
138000 3277.67027677
139000 3885.29199118
140000 3885.29199118
141000 3443.63895739
142000 3443.63895739
143000 2394.3642092
144000 2394.3642092
145000 2394.3642092
146000 2895.66419753
147000 2895.66419753
148000 3757.4439157
149000 3757.4439157
150000 3732.26898048
151000 3732.26898048
152000 3502.01459854
153000 3422.11841038
154000 3342.22222222
155000 3219.00895522
156000 3219.00895522
157000 2831.40022051
158000 2831.40022051
159000 4748.14205607
160000 4190.26177137
161000 3632.38148668
162000 3767.56329236
163000 3767.56329236
164000 3767.56329236
165000 3902.74509804
166000 3902.74509804
167000 3902.74509804
168000 3902.74509804
169000 3902.74509804
170000 3902.74509804
171000 3902.74509804
172000 3449.14664718
173000 2995.54819633
174000 2995.54819633
175000 2995.54819633
176000 2995.54819633
177000 2995.54819633
178000 2995.54819633
179000 2995.54819633
180000 2995.54819633
181000 2158.70258093
182000 1321.85696553
183000 1321.85696553
184000 1321.85696553
185000 1321.85696553
186000 1321.85696553
187000 1321.85696553
188000 1321.85696553
189000 1321.85696553
190000 1321.85696553
191000 1321.85696553
192000 1321.85696553
193000 724.669806594
194000 724.669806594
195000 724.669806594
196000 724.669806594
197000 724.669806594
198000 724.669806594
199000 724.669806594
200000 724.669806594
201000 724.669806594
202000 724.669806594
203000 953.224270628
204000 953.224270628
205000 953.224270628
206000 953.224270628
207000 953.224270628
208000 953.224270628
209000 703.729035783
210000 703.729035783
211000 703.729035783
212000 703.729035783
213000 703.729035783
214000 703.729035783
215000 703.729035783
216000 830.630924907
217000 830.630924907
218000 830.630924907
219000 830.630924907
220000 830.630924907
221000 830.630924907
222000 1079.11147744
223000 1079.11147744
224000 1079.11147744
225000 1079.11147744
226000 1079.11147744
227000 767.095910781
228000 767.095910781
229000 767.095910781
230000 767.095910781
231000 767.095910781
232000 767.095910781
233000 767.095910781
234000 946.973140873
235000 946.973140873
236000 946.973140873
237000 946.973140873
238000 946.973140873
239000 946.973140873
240000 1275.63344482
241000 1275.63344482
242000 1275.63344482
243000 1399.88562829
244000 1399.88562829
245000 1399.88562829
246000 1251.21761468
247000 1251.21761468
248000 1073.82547719
249000 896.433339691
250000 896.433339691
251000 896.433339691
252000 896.433339691
253000 896.433339691
254000 1200.11216825
255000 1200.11216825
256000 1200.11216825
257000 1200.11216825
258000 1222.89654072
259000 1245.68091319
260000 1245.68091319
261000 1245.68091319
262000 1354.83326825
263000 1354.83326825
264000 1354.83326825
265000 1269.01719722
266000 1269.01719722
267000 1269.01719722
