0 3589.00733496
1000 3589.00733496
2000 3589.00733496
3000 3589.00733496
4000 3589.00733496
5000 3589.00733496
6000 5873.46405229
7000 5174.8017316
8000 0.0
9000 3671.75412751
10000 7343.50825502
11000 7343.50825502
12000 7343.50825502
13000 7343.50825502
14000 7963.72196854
15000 7963.72196854
16000 7963.72196854
17000 7963.72196854
18000 7935.04615385
19000 7935.04615385
20000 7935.04615385
21000 6267.63716814
22000 6267.63716814
23000 6267.63716814
24000 6267.63716814
25000 6113.77647918
26000 6113.77647918
27000 6113.77647918
28000 6113.77647918
29000 5876.91948658
30000 5876.91948658
31000 5876.91948658
32000 5876.91948658
33000 4367.90118511
34000 4367.90118511
35000 4367.90118511
36000 4367.90118511
37000 4367.90118511
38000 4367.90118511
39000 3800.25212606
40000 3800.25212606
41000 3800.25212606
42000 3800.25212606
43000 3800.25212606
44000 3800.25212606
45000 4463.28744939
46000 4463.28744939
47000 4463.28744939
48000 4463.28744939
49000 4463.28744939
50000 4768.29529376
51000 4768.29529376
52000 4768.29529376
53000 4768.29529376
54000 1703.91036871
55000 1703.91036871
56000 1703.91036871
57000 1703.91036871
58000 1703.91036871
59000 1703.91036871
60000 1703.91036871
61000 1703.91036871
62000 1703.91036871
63000 1703.91036871
64000 96.9730807577
65000 96.9730807577
66000 96.9730807577
67000 96.9730807577
68000 96.9730807577
69000 944.886850153
70000 944.886850153
71000 944.886850153
72000 944.886850153
73000 944.886850153
74000 4469.26489459
75000 4469.26489459
76000 2981.34683544
77000 3549.54723708
78000 3455.5964691
79000 4096.60952381
80000 4412.92589204
81000 4412.92589204
82000 4506.3757226
83000 4747.37007874
84000 4296.98353848
85000 4296.98353848
86000 4296.98353848
87000 4296.98353848
88000 4296.98353848
89000 4296.98353848
90000 4296.98353848
91000 7169.58432618
92000 7169.58432618
93000 7169.58432618
94000 7169.58432618
95000 5045.01575106
96000 5045.01575106
97000 5045.01575106
98000 5045.01575106
99000 5045.01575106
100000 3169.49584625
101000 3169.49584625
102000 3169.49584625
103000 3169.49584625
104000 3169.49584625
105000 3169.49584625
106000 3169.49584625
107000 3169.49584625
108000 2147.07462179
109000 2147.07462179
110000 2147.07462179
111000 2147.07462179
112000 2147.07462179
113000 2147.07462179
114000 723.513277844
115000 723.513277844
116000 723.513277844
117000 723.513277844
118000 723.513277844
119000 1832.79828326
120000 1832.79828326
121000 1832.79828326
122000 1832.79828326
123000 5230.15264188
124000 5186.30008985
125000 3745.54640308
126000 3745.54640308
127000 4823.41104294
128000 4823.41104294
129000 4743.15665025
130000 5682.42349304
131000 4030.05959226
132000 4030.05959226
133000 4425.94190871
134000 19.4973862536
135000 19.4973862536
136000 19.4973862536
137000 19.4973862536
138000 19.4973862536
139000 995.608586563
140000 995.608586563
141000 995.608586563
142000 995.608586563
143000 995.608586563
144000 995.608586563
145000 995.608586563
146000 1715.37770048
147000 2435.1468144
148000 2435.1468144
149000 3065.76680384
150000 3657.74504249
151000 3657.74504249
152000 3575.15083799
153000 3852.8
154000 3852.8
155000 4642.38969957
156000 3829.936721
157000 3709.47202798
158000 3709.47202798
159000 3709.47202798
160000 3709.47202798
161000 3589.00733496
162000 4687.17470882
163000 5873.46405229
164000 5174.8017316
165000 3671.75412751
166000 3671.75412751
167000 7343.50825502
168000 7343.50825502
169000 7343.50825502
170000 7653.61511178
171000 7963.72196854
172000 7963.72196854
173000 7963.72196854
174000 7949.38406119
175000 7935.04615385
176000 7935.04615385
177000 7935.04615385
178000 6267.63716814
179000 6267.63716814
180000 6267.63716814
181000 6190.70682366
182000 6113.77647918
183000 6113.77647918
184000 6113.77647918
185000 6113.77647918
186000 5876.91948658
187000 5876.91948658
188000 5876.91948658
189000 4367.90118511
190000 4367.90118511
191000 4367.90118511
192000 4367.90118511
193000 4367.90118511
194000 4367.90118511
195000 3800.25212606
196000 3800.25212606
197000 3800.25212606
198000 3800.25212606
199000 3800.25212606
200000 3800.25212606
201000 4131.76978773
202000 4463.28744939
203000 4463.28744939
204000 4463.28744939
205000 4463.28744939
206000 4463.28744939
207000 4768.29529376
208000 4768.29529376
209000 4768.29529376
210000 1703.91036871
211000 1703.91036871
212000 1703.91036871
213000 1703.91036871
214000 1703.91036871
215000 1703.91036871
216000 1703.91036871
217000 1703.91036871
218000 1703.91036871
219000 1703.91036871
220000 539.222482436
221000 96.9730807577
222000 96.9730807577
223000 96.9730807577
224000 96.9730807577
225000 96.9730807577
226000 944.886850153
227000 944.886850153
228000 944.886850153
229000 944.886850153
230000 944.886850153
231000 4469.26489459
232000 2981.34683544
233000 2981.34683544
234000 3549.54723708
235000 3455.5964691
236000 4096.60952381
237000 4412.92589204
238000 4265.38136646
239000 4747.37007874
240000 1425.05915493
241000 4296.98353848
242000 4296.98353848
243000 4296.98353848
244000 4296.98353848
245000 4296.98353848
246000 4296.98353848
247000 7169.58432618
248000 7169.58432618
249000 7169.58432618
250000 7169.58432618
251000 5045.01575106
252000 5045.01575106
253000 5045.01575106
254000 5045.01575106
255000 5045.01575106
256000 5045.01575106
257000 3169.49584625
258000 3169.49584625
259000 3169.49584625
260000 3169.49584625
261000 3169.49584625
262000 3169.49584625
263000 3169.49584625
264000 3169.49584625
265000 2147.07462179
266000 2147.07462179
267000 2147.07462179
268000 2147.07462179
269000 2147.07462179
270000 2147.07462179
271000 723.513277844
272000 723.513277844
273000 723.513277844
274000 723.513277844
275000 723.513277844
276000 1832.79828326
277000 1832.79828326
278000 1832.79828326
279000 1832.79828326
280000 5230.15264188
281000 5186.30008985
282000 3745.54640308
283000 3745.54640308
284000 4823.41104294
285000 4743.15665025
286000 5682.42349304
287000 5682.42349304
288000 4030.05959226
289000 4030.05959226
290000 4425.94190871
291000 19.4973862536
292000 19.4973862536
293000 19.4973862536
294000 19.4973862536
295000 19.4973862536
296000 995.608586563
297000 995.608586563
298000 995.608586563
299000 995.608586563
300000 995.608586563
301000 995.608586563
302000 995.608586563
303000 2435.1468144
304000 2435.1468144
305000 3065.76680384
306000 3065.76680384
307000 3657.74504249
308000 3575.15083799
309000 3575.15083799
310000 3852.8
311000 4642.38969957
312000 4642.38969957
313000 3829.936721
