0 2609.45528455
1000 2609.45528455
2000 2609.45528455
3000 2609.45528455
4000 2609.45528455
5000 2609.45528455
6000 2609.45528455
7000 2609.45528455
8000 3129.47173198
9000 3129.47173198
10000 3129.47173198
11000 2590.22222222
12000 2590.22222222
13000 2590.22222222
14000 2590.22222222
15000 1553.06416275
16000 1553.06416275
17000 4666.60414788
18000 4666.60414788
19000 4952.0
20000 4952.0
21000 4406.13333334
22000 3860.26666667
23000 3860.26666667
24000 991.047303328
25000 991.047303328
26000 991.047303328
27000 991.047303328
28000 991.047303328
29000 991.047303328
30000 991.047303328
31000 991.047303328
32000 3273.83603562
33000 3273.83603562
34000 3273.83603562
35000 3273.83603562
36000 3273.83603562
37000 5436.53924146
38000 5436.53924146
39000 2413.80707842
40000 2413.80707842
41000 2413.80707842
42000 3713.12389949
43000 5012.44072057
44000 5012.44072057
45000 5012.44072057
46000 5012.44072057
47000 5012.44072057
48000 5012.44072057
49000 5012.44072057
50000 5012.44072057
51000 5012.44072057
52000 5694.36088933
53000 5694.36088933
54000 5694.36088933
55000 5694.36088933
56000 5694.36088933
57000 5694.36088933
58000 5694.36088933
59000 5694.36088933
60000 5694.36088933
61000 4736.00322029
62000 4736.00322029
63000 4736.00322029
64000 4736.00322029
65000 4736.00322029
66000 4736.00322029
67000 4736.00322029
68000 4736.00322029
69000 4736.00322029
70000 4736.00322029
71000 4452.74639716
72000 4452.74639716
73000 4452.74639716
74000 4452.74639716
75000 4452.74639716
76000 4452.74639716
77000 4452.74639716
78000 4452.74639716
79000 4452.74639716
80000 4452.74639716
81000 5193.24448821
82000 5933.74257926
83000 5933.74257926
84000 5933.74257926
85000 5933.74257926
86000 5933.74257926
87000 5933.74257926
88000 5933.74257926
89000 5609.20659176
90000 5284.67060427
91000 5284.67060427
92000 5284.67060427
93000 5284.67060427
94000 5284.67060427
95000 5284.67060427
96000 5284.67060427
97000 5284.67060427
98000 4652.8104064
99000 4020.95020853
100000 4020.95020853
101000 4020.95020853
102000 4020.95020853
103000 4020.95020853
104000 4020.95020853
105000 4020.95020853
106000 4020.95020853
107000 4020.95020853
108000 4020.95020853
109000 4020.95020853
110000 5836.85422377
111000 5836.85422377
112000 5836.85422377
113000 5836.85422377
114000 5836.85422377
115000 5836.85422377
116000 5836.85422377
117000 5836.85422377
118000 4800.8044422
119000 4800.8044422
120000 4800.8044422
121000 4800.8044422
122000 4800.8044422
123000 4800.8044422
124000 4800.8044422
125000 4800.8044422
126000 4800.8044422
127000 4800.8044422
128000 4635.59122993
129000 4470.37801766
130000 4470.37801766
131000 4470.37801766
132000 4470.37801766
133000 4470.37801766
134000 4470.37801766
135000 4470.37801766
136000 4470.37801766
137000 4470.37801766
138000 4470.37801766
139000 3482.43539615
140000 3482.43539615
141000 3482.43539615
142000 3482.43539615
143000 3482.43539615
144000 3482.43539615
145000 3482.43539615
146000 3482.43539615
147000 3482.43539615
148000 3482.43539615
149000 3482.43539615
150000 3482.43539615
151000 3482.43539615
152000 3482.43539615
153000 3922.49049206
154000 3922.49049206
155000 3922.49049206
156000 3922.49049206
157000 3922.49049206
158000 4170.76914992
159000 4170.76914992
160000 4419.04780778
161000 4419.04780778
162000 4419.04780778
163000 4419.04780778
164000 4419.04780778
165000 4419.04780778
166000 4419.04780778
167000 4419.04780778
168000 4697.92114695
169000 4697.92114695
170000 4697.92114695
171000 4697.92114695
172000 4697.92114695
173000 3891.39125272
174000 3891.39125272
175000 3891.39125272
176000 3891.39125272
177000 3891.39125272
178000 3891.39125272
179000 3891.39125272
180000 3891.39125272
181000 3891.39125272
182000 3891.39125272
183000 4513.90923516
184000 4513.90923516
185000 4513.90923516
186000 4513.90923516
187000 4513.90923516
188000 4513.90923516
189000 4513.90923516
190000 3779.3889227
191000 3779.3889227
192000 3779.3889227
193000 3194.42210363
194000 3194.42210363
195000 3194.42210363
196000 3194.42210363
197000 2609.45528455
198000 2609.45528455
199000 2609.45528455
200000 3129.47173198
201000 3129.47173198
202000 3129.47173198
203000 3129.47173198
204000 2590.22222222
205000 2590.22222222
206000 2590.22222222
207000 2590.22222222
208000 1553.06416275
209000 515.906103286
210000 4666.60414788
211000 4666.60414788
212000 4952.0
213000 4952.0
214000 3860.26666667
215000 3860.26666667
216000 3860.26666667
217000 991.047303328
218000 991.047303328
219000 991.047303328
220000 991.047303328
221000 991.047303328
222000 991.047303328
223000 991.047303328
224000 991.047303328
225000 3273.83603562
226000 3273.83603562
227000 3273.83603562
228000 3273.83603562
229000 5436.53924146
230000 5436.53924146
231000 5436.53924146
232000 2413.80707842
233000 2413.80707842
234000 2413.80707842
235000 5012.44072057
236000 5012.44072057
237000 5012.44072057
238000 5012.44072057
239000 5012.44072057
240000 5012.44072057
241000 5012.44072057
242000 5012.44072057
243000 5012.44072057
244000 5012.44072057
245000 5694.36088933
246000 5694.36088933
247000 5694.36088933
248000 5694.36088933
249000 5694.36088933
250000 5694.36088933
251000 5694.36088933
252000 5694.36088933
253000 4736.00322029
254000 4736.00322029
255000 4736.00322029
256000 4736.00322029
257000 4736.00322029
258000 4736.00322029
259000 4736.00322029
260000 4736.00322029
261000 4736.00322029
262000 4736.00322029
263000 4452.74639716
264000 4452.74639716
265000 4452.74639716
266000 4452.74639716
267000 4452.74639716
268000 4452.74639716
269000 4452.74639716
270000 4452.74639716
271000 4452.74639716
272000 4452.74639716
273000 4452.74639716
274000 5933.74257926
275000 5933.74257926
276000 5933.74257926
277000 5933.74257926
278000 5933.74257926
279000 5933.74257926
280000 5933.74257926
281000 5933.74257926
282000 5284.67060427
283000 5284.67060427
284000 5284.67060427
285000 5284.67060427
286000 5284.67060427
287000 5284.67060427
288000 5284.67060427
289000 5284.67060427
290000 5284.67060427
291000 4020.95020853
292000 4020.95020853
293000 4020.95020853
294000 4020.95020853
295000 4020.95020853
296000 4020.95020853
297000 4020.95020853
298000 4020.95020853
299000 4020.95020853
300000 4020.95020853
301000 4020.95020853
302000 4020.95020853
303000 5836.85422377
304000 5836.85422377
305000 5836.85422377
306000 5836.85422377
307000 5836.85422377
308000 5836.85422377
309000 5836.85422377
310000 5836.85422377
311000 4800.8044422
312000 4800.8044422
313000 4800.8044422
314000 4800.8044422
315000 4800.8044422
316000 4800.8044422
317000 4800.8044422
318000 4800.8044422
319000 4800.8044422
320000 4800.8044422
321000 4470.37801766
322000 4470.37801766
323000 4470.37801766
324000 4470.37801766
325000 4470.37801766
326000 4470.37801766
327000 4470.37801766
328000 4470.37801766
329000 4470.37801766
330000 4470.37801766
331000 3976.40670691
332000 3482.43539615
333000 3482.43539615
334000 3482.43539615
335000 3482.43539615
336000 3482.43539615
337000 3482.43539615
338000 3482.43539615
339000 3482.43539615
340000 3482.43539615
341000 3482.43539615
342000 3482.43539615
343000 3482.43539615
344000 3482.43539615
345000 3922.49049206
346000 3922.49049206
347000 3922.49049206
348000 3922.49049206
349000 3922.49049206
350000 4170.76914992
351000 4170.76914992
352000 4419.04780778
353000 4419.04780778
354000 4419.04780778
355000 4419.04780778
356000 4419.04780778
357000 4419.04780778
358000 4419.04780778
359000 4419.04780778
360000 4697.92114695
361000 4697.92114695
362000 4697.92114695
363000 4697.92114695
364000 4697.92114695
365000 3891.39125272
366000 3891.39125272
367000 3891.39125272
368000 3891.39125272
369000 3891.39125272
370000 3891.39125272
371000 3891.39125272
372000 3891.39125272
373000 3891.39125272
374000 3891.39125272
375000 3891.39125272
376000 4513.90923516
377000 4513.90923516
378000 4513.90923516
379000 4513.90923516
380000 4513.90923516
381000 4513.90923516
382000 3779.3889227
383000 3779.3889227
384000 3779.3889227
385000 3779.3889227
