0 5233.48926014
1000 5233.48926014
2000 5233.48926014
3000 6709.38307795
4000 6709.38307795
5000 4744.54763045
6000 4744.54763045
7000 5020.79023646
8000 5020.79023646
9000 5020.79023646
10000 5020.79023646
11000 5020.79023646
12000 4836.72845157
13000 4652.66666667
14000 4652.66666667
15000 4652.66666667
16000 4652.66666667
17000 4652.66666667
18000 4652.66666667
19000 4718.82809774
20000 4784.9895288
21000 4784.9895288
22000 4784.9895288
23000 4784.9895288
24000 4784.9895288
25000 4784.9895288
26000 4784.9895288
27000 4784.9895288
28000 4784.9895288
29000 8617.10138741
30000 8617.10138741
31000 8617.10138741
32000 8617.10138741
33000 5197.28531307
34000 5197.28531307
35000 5197.28531307
36000 5197.28531307
37000 5197.28531307
38000 5197.28531307
39000 7365.54027836
40000 7365.54027836
41000 7365.54027836
42000 7365.54027836
43000 7365.54027836
44000 8054.69702277
45000 8054.69702277
46000 8054.69702277
47000 8054.69702277
48000 8054.69702277
49000 8054.69702277
50000 7182.51357789
51000 7182.51357789
52000 7182.51357789
53000 7182.51357789
54000 7182.51357789
55000 7182.51357789
56000 7182.51357789
57000 3921.88035306
58000 3921.88035306
59000 3921.88035306
60000 3921.88035306
61000 3921.88035306
62000 3921.88035306
63000 3921.88035306
64000 3921.88035306
65000 3921.88035306
66000 3921.88035306
67000 3921.88035306
68000 3921.88035306
69000 3728.94793537
70000 5148.64555795
71000 5148.64555795
72000 5148.64555795
73000 5148.64555795
74000 5148.64555795
75000 5148.64555795
76000 4313.6230731
77000 4313.6230731
78000 4313.6230731
79000 4313.6230731
80000 4313.6230731
81000 4313.6230731
82000 4313.6230731
83000 4313.6230731
84000 3919.46308725
85000 5024.25902864
86000 5024.25902864
87000 5024.25902864
88000 5024.25902864
89000 5024.25902864
90000 5024.25902864
91000 5024.25902864
92000 5024.25902864
93000 4004.99361197
94000 4004.99361197
95000 4004.99361197
96000 4004.99361197
97000 4004.99361197
98000 4004.99361197
99000 4004.99361197
100000 4004.99361197
101000 4004.99361197
102000 4004.99361197
103000 4004.99361197
104000 3753.16634834
105000 3753.16634834
106000 3753.16634834
107000 3753.16634834
108000 3753.16634834
109000 3753.16634834
110000 3753.16634834
111000 3753.16634834
112000 3753.16634834
113000 3753.16634834
114000 3753.16634834
115000 3867.05844715
116000 3867.05844715
117000 3867.05844715
118000 3867.05844715
119000 3867.05844715
120000 3867.05844715
121000 3867.05844715
122000 3867.05844715
123000 3611.98657309
124000 3611.98657309
125000 3611.98657309
126000 3611.98657309
127000 3611.98657309
128000 3611.98657309
129000 3611.98657309
130000 5031.31588133
131000 5031.31588133
132000 5031.31588133
133000 5031.31588133
134000 5031.31588133
135000 3554.20135034
136000 3554.20135034
137000 3554.20135034
138000 3554.20135034
139000 3554.20135034
140000 3554.20135034
141000 3554.20135034
142000 3554.20135034
143000 3554.20135034
144000 3554.20135034
145000 3554.20135034
146000 3554.20135034
147000 3554.20135034
148000 3215.81518375
149000 2877.42901716
150000 10823.0717449
151000 10823.0717449
152000 8110.25369328
153000 5397.43564167
154000 5397.43564167
155000 5397.43564167
156000 5397.43564167
157000 5397.43564167
158000 9121.73285199
159000 9121.73285199
160000 9121.73285199
161000 5283.2393736
162000 5283.2393736
163000 5283.2393736
164000 5283.2393736
165000 5258.36431687
166000 5233.48926014
167000 6709.38307795
168000 6709.38307795
169000 4744.54763045
170000 4744.54763045
171000 5020.79023646
172000 5020.79023646
173000 5020.79023646
174000 5020.79023646
175000 5020.79023646
176000 5020.79023646
177000 4652.66666667
178000 4652.66666667
179000 4652.66666667
180000 4652.66666667
181000 4652.66666667
182000 4652.66666667
183000 4652.66666667
184000 4784.9895288
185000 4784.9895288
186000 4784.9895288
187000 4784.9895288
188000 4784.9895288
189000 4784.9895288
190000 4784.9895288
191000 4784.9895288
192000 4784.9895288
193000 8617.10138741
194000 8617.10138741
195000 8617.10138741
196000 8617.10138741
197000 5197.28531307
198000 5197.28531307
199000 5197.28531307
200000 5197.28531307
201000 5197.28531307
202000 5197.28531307
203000 7365.54027836
204000 7365.54027836
205000 7365.54027836
206000 7365.54027836
207000 7365.54027836
208000 7710.11865057
209000 8054.69702277
210000 8054.69702277
211000 8054.69702277
212000 8054.69702277
213000 8054.69702277
214000 8054.69702277
215000 7182.51357789
216000 7182.51357789
217000 7182.51357789
218000 7182.51357789
219000 7182.51357789
220000 7182.51357789
221000 3921.88035306
222000 3921.88035306
223000 3921.88035306
224000 3921.88035306
225000 3921.88035306
226000 3921.88035306
227000 3921.88035306
228000 3921.88035306
229000 3921.88035306
230000 3921.88035306
231000 3921.88035306
232000 3921.88035306
233000 3728.94793537
234000 5148.64555795
235000 5148.64555795
236000 5148.64555795
237000 5148.64555795
238000 5148.64555795
239000 5148.64555795
240000 4313.6230731
241000 4313.6230731
242000 4313.6230731
243000 4313.6230731
244000 4313.6230731
245000 4313.6230731
246000 4313.6230731
247000 4313.6230731
248000 4313.6230731
249000 5024.25902864
250000 5024.25902864
251000 5024.25902864
252000 5024.25902864
253000 5024.25902864
254000 5024.25902864
255000 5024.25902864
256000 5024.25902864
257000 4004.99361197
258000 4004.99361197
259000 4004.99361197
260000 4004.99361197
261000 4004.99361197
262000 4004.99361197
263000 4004.99361197
264000 4004.99361197
265000 4004.99361197
266000 4004.99361197
267000 4004.99361197
268000 3753.16634834
269000 3753.16634834
270000 3753.16634834
271000 3753.16634834
272000 3753.16634834
273000 3753.16634834
274000 3753.16634834
275000 3753.16634834
276000 3753.16634834
277000 3753.16634834
278000 3753.16634834
279000 3867.05844715
280000 3867.05844715
281000 3867.05844715
282000 3867.05844715
283000 3867.05844715
284000 3867.05844715
285000 3867.05844715
286000 3867.05844715
287000 3611.98657309
288000 3611.98657309
289000 3611.98657309
290000 3611.98657309
291000 3611.98657309
292000 3611.98657309
293000 3611.98657309
294000 5031.31588133
295000 5031.31588133
296000 5031.31588133
297000 5031.31588133
298000 5031.31588133
299000 3554.20135034
300000 3554.20135034
301000 3554.20135034
302000 3554.20135034
303000 3554.20135034
304000 3554.20135034
305000 3554.20135034
306000 3554.20135034
307000 3554.20135034
308000 3554.20135034
309000 3554.20135034
310000 3554.20135034
311000 3554.20135034
312000 3554.20135034
313000 2877.42901716
314000 10823.0717449
315000 10823.0717449
316000 8110.25369328
317000 5397.43564167
318000 5397.43564167
319000 5397.43564167
320000 5397.43564167
321000 5397.43564167
322000 5397.43564167
323000 9121.73285199
324000 9121.73285199
325000 7202.4861128
326000 5283.2393736
327000 5283.2393736
328000 5283.2393736
