0 2831.62473348
1000 2831.62473348
2000 2831.62473348
3000 2831.62473348
4000 2831.62473348
5000 2558.08427841
6000 2558.08427841
7000 2284.54382333
8000 2284.54382333
9000 1721.6
10000 1721.6
11000 2634.50110865
12000 2307.52471163
13000 1980.54831461
14000 2197.07527151
15000 2413.60222841
16000 2429.93364432
17000 2446.26506024
18000 2446.26506024
19000 2446.26506024
20000 2814.52315512
21000 3182.78125
22000 3182.78125
23000 2727.95833333
24000 2727.95833333
25000 2727.95833333
26000 2727.95833333
27000 2727.95833333
28000 2727.95833333
29000 2791.6463895
30000 2791.6463895
31000 2422.57414292
32000 2053.50189633
33000 2053.50189633
34000 2053.50189633
35000 2053.50189633
36000 2053.50189633
37000 2053.50189633
38000 1848.98350186
39000 1848.98350186
40000 1848.98350186
41000 1848.98350186
42000 2206.03489933
43000 2206.03489933
44000 2206.03489933
45000 2430.01887505
46000 2430.01887505
47000 2430.01887505
48000 1888.28976378
49000 1888.28976378
50000 1888.28976378
51000 1943.03846154
52000 5221.02857143
53000 3668.72414156
54000 2116.4197117
55000 2116.4197117
56000 2116.4197117
57000 6186.52040134
58000 6186.52040134
59000 6186.52040134
60000 4296.82926145
61000 2407.13812155
62000 3145.32543043
63000 3145.32543043
64000 3145.32543043
65000 3145.32543043
66000 3145.32543043
67000 3145.32543043
68000 3145.32543043
69000 2599.96755852
70000 2054.60968661
71000 2054.60968661
72000 2054.60968661
73000 2054.60968661
74000 2054.60968661
75000 2054.60968661
76000 1950.36734694
77000 3586.39542857
78000 3586.39542857
79000 3120.56426332
80000 3120.56426332
81000 3120.56426332
82000 3077.1027027
83000 3077.1027027
84000 2547.25079365
85000 2547.25079365
86000 2547.25079365
87000 2547.25079365
88000 2010.12134831
89000 2010.12134831
90000 2010.12134831
91000 1742.02841609
92000 1138.86301933
93000 1138.86301933
94000 1138.86301933
95000 1138.86301933
96000 1138.86301933
97000 1287.11488994
98000 1287.11488994
99000 1287.11488994
100000 1287.11488994
101000 1435.36676056
102000 1435.36676056
103000 1435.36676056
104000 1435.36676056
105000 2546.71731844
106000 2546.71731844
107000 3109.84705196
108000 3109.84705196
109000 3536.92348993
110000 3536.92348993
111000 3115.50122249
112000 1710.72718083
113000 1710.72718083
114000 1710.72718083
115000 1710.72718083
116000 1710.72718083
117000 1710.72718083
118000 1710.72718083
119000 1710.72718083
120000 1710.72718083
121000 1710.72718083
122000 11668.2418605
123000 6732.37894737
124000 6551.57073171
125000 2696.64292981
126000 2696.64292981
127000 2450.94723178
128000 2205.25153374
129000 2601.14871795
130000 2601.14871795
131000 3669.90133125
132000 3669.90133125
133000 2186.67983539
134000 2186.67983539
135000 5650.19605804
136000 8299.98713076
137000 5111.29592327
138000 2736.32986571
139000 2736.32986571
140000 2736.32986571
141000 2736.32986571
142000 2736.32986571
143000 2736.32986571
144000 2736.32986571
145000 2736.32986571
146000 2736.32986571
147000 2736.32986571
148000 2547.87979275
149000 2547.87979275
150000 2547.87979275
151000 2547.87979275
152000 2689.75226312
153000 2689.75226312
154000 2689.75226312
155000 2689.75226312
156000 2831.62473348
157000 2558.08427841
158000 2558.08427841
159000 2284.54382333
160000 2003.07191167
161000 1721.6
162000 2178.05055433
163000 2634.50110865
164000 1980.54831461
165000 1980.54831461
166000 2413.60222841
167000 2413.60222841
168000 2429.93364432
169000 2446.26506024
170000 2446.26506024
171000 2446.26506024
172000 3182.78125
173000 3182.78125
174000 2955.36979166
175000 2727.95833333
176000 2727.95833333
177000 2727.95833333
178000 2727.95833333
179000 2727.95833333
180000 2727.95833333
181000 2791.6463895
182000 2791.6463895
183000 2422.57414292
184000 2053.50189633
185000 2053.50189633
186000 2053.50189633
187000 2053.50189633
188000 2053.50189633
189000 1951.24269909
190000 1848.98350186
191000 1848.98350186
192000 1848.98350186
193000 2027.5092006
194000 2206.03489933
195000 2206.03489933
196000 2206.03489933
197000 2430.01887505
198000 2430.01887505
199000 2430.01887505
200000 1888.28976378
201000 1888.28976378
202000 1915.66411266
203000 5221.02857143
204000 5221.02857143
205000 2116.4197117
206000 2116.4197117
207000 2116.4197117
208000 4151.47005652
209000 6186.52040134
210000 6186.52040134
211000 6186.52040134
212000 2407.13812155
213000 2776.23177599
214000 3145.32543043
215000 3145.32543043
216000 3145.32543043
217000 3145.32543043
218000 3145.32543043
219000 3145.32543043
220000 3145.32543043
221000 2054.60968661
222000 2054.60968661
223000 2054.60968661
224000 2054.60968661
225000 2054.60968661
226000 2054.60968661
227000 2054.60968661
228000 1950.36734694
229000 3586.39542857
230000 3353.47984595
231000 3120.56426332
232000 3120.56426332
233000 3098.83348301
234000 3077.1027027
235000 3077.1027027
236000 2547.25079365
237000 2547.25079365
238000 2547.25079365
239000 2278.68607098
240000 2010.12134831
241000 2010.12134831
242000 2010.12134831
243000 1473.93548387
244000 1138.86301933
245000 1138.86301933
246000 1138.86301933
247000 1138.86301933
248000 1138.86301933
249000 1287.11488994
250000 1287.11488994
251000 1287.11488994
252000 1287.11488994
253000 1435.36676056
254000 1435.36676056
255000 1435.36676056
256000 1991.0420395
257000 2546.71731844
258000 2546.71731844
259000 3109.84705196
260000 3109.84705196
261000 3536.92348993
262000 3326.21235621
263000 3115.50122249
264000 1710.72718083
265000 1710.72718083
266000 1710.72718083
267000 1710.72718083
268000 1710.72718083
269000 1710.72718083
270000 1710.72718083
271000 1710.72718083
272000 1710.72718083
273000 1710.72718083
274000 9200.31040394
275000 6732.37894737
276000 6551.57073171
277000 2696.64292981
278000 2696.64292981
279000 2205.25153374
280000 2205.25153374
281000 2601.14871795
282000 2601.14871795
283000 3669.90133125
284000 2928.29058332
285000 2186.67983539
286000 2186.67983539
287000 9113.7122807
288000 7486.26198083
289000 2736.32986571
290000 2736.32986571
291000 2736.32986571
292000 2736.32986571
293000 2736.32986571
294000 2736.32986571
295000 2736.32986571
296000 2736.32986571
297000 2736.32986571
298000 2736.32986571
299000 2736.32986571
300000 2547.87979275
301000 2547.87979275
302000 2547.87979275
303000 2547.87979275
