0 2553.78247096
1000 2553.78247096
2000 3705.01687289
3000 2988.53647059
4000 5584.3637719
5000 5584.3637719
6000 5584.3637719
7000 4572.03492723
8000 4572.03492723
9000 4572.03492723
10000 6622.15659955
11000 4254.97192225
12000 4254.97192225
13000 4254.97192225
14000 4254.97192225
15000 4248.24318005
16000 4248.24318005
17000 4248.24318005
18000 4248.24318005
19000 4248.24318005
20000 4325.77437871
21000 4403.30557738
22000 4403.30557738
23000 4403.30557738
24000 4403.30557738
25000 4403.30557738
26000 4163.5308105
27000 4163.5308105
28000 4163.5308105
29000 4163.5308105
30000 4163.5308105
31000 4163.5308105
32000 4163.5308105
33000 3266.10167644
34000 2368.67254237
35000 2368.67254237
36000 2368.67254237
37000 2368.67254237
38000 2368.67254237
39000 2368.67254237
40000 1672.75777656
41000 3693.32783505
42000 3693.32783505
43000 3515.6743083
44000 3515.6743083
45000 3781.72444444
46000 3457.42760943
47000 3828.85888243
48000 4200.29015544
49000 3949.05277003
50000 3697.81538462
51000 2254.95215978
52000 2254.95215978
53000 2981.64206054
54000 2981.64206054
55000 2373.39552692
56000 1765.14899329
57000 2926.62285714
58000 2926.62285714
59000 2926.62285714
60000 2926.62285714
61000 2926.62285714
62000 2926.62285714
63000 4180.32498951
64000 4180.32498951
65000 4180.32498951
66000 4180.32498951
67000 4180.32498951
68000 4180.32498951
69000 4180.32498951
70000 4436.55314584
71000 4692.78130217
72000 4692.78130217
73000 4692.78130217
74000 5064.72082187
75000 5436.66034156
76000 5436.66034156
77000 5436.66034156
78000 5015.89918992
79000 5015.89918992
80000 5015.89918992
81000 5015.89918992
82000 6130.52631579
83000 6130.52631579
84000 6130.52631579
85000 6130.52631579
86000 6538.50594228
87000 6538.50594228
88000 6538.50594228
89000 6538.50594228
90000 6538.50594228
91000 6453.64803287
92000 6368.79012346
93000 6368.79012346
94000 6368.79012346
95000 6368.79012346
96000 5532.75462215
97000 5532.75462215
98000 5532.75462215
99000 5532.75462215
100000 5532.75462215
101000 5532.75462215
102000 6118.05077106
103000 6118.05077106
104000 6118.05077106
105000 6118.05077106
106000 6118.05077106
107000 5840.21519227
108000 5840.21519227
109000 5840.21519227
110000 5840.21519227
111000 5840.21519227
112000 5592.18525154
113000 5344.15531081
114000 5344.15531081
115000 5344.15531081
116000 5344.15531081
117000 5344.15531081
118000 7676.49278579
119000 7676.49278579
120000 7676.49278579
121000 7676.49278579
122000 3526.29368255
123000 3526.29368255
124000 3526.29368255
125000 3526.29368255
126000 3526.29368255
127000 3526.29368255
128000 3526.29368255
129000 3526.29368255
130000 2669.44128572
131000 1812.58888889
132000 6370.41014169
133000 6370.41014169
134000 6370.41014169
135000 5178.62853875
136000 5178.62853875
137000 5178.62853875
138000 5178.62853875
139000 3411.51955083
140000 3411.51955083
141000 3411.51955083
142000 3411.51955083
143000 3411.51955083
144000 5410.87714286
145000 5410.87714286
146000 5410.87714286
147000 6254.28174765
148000 6254.28174765
149000 6254.28174765
150000 6254.28174765
151000 6254.28174765
152000 5757.87753549
153000 5261.47332333
154000 5261.47332333
155000 5261.47332333
156000 5261.47332333
157000 3907.62789715
158000 2553.78247096
159000 3705.01687289
160000 2988.53647059
161000 5584.3637719
162000 5584.3637719
163000 5584.3637719
164000 4572.03492723
165000 4572.03492723
166000 6622.15659955
167000 6622.15659955
168000 4254.97192225
169000 4254.97192225
170000 4254.97192225
171000 4254.97192225
172000 4248.24318005
173000 4248.24318005
174000 4248.24318005
175000 4248.24318005
176000 4248.24318005
177000 4403.30557738
178000 4403.30557738
179000 4403.30557738
180000 4403.30557738
181000 4403.30557738
182000 4403.30557738
183000 4163.5308105
184000 4163.5308105
185000 4163.5308105
186000 4163.5308105
187000 4163.5308105
188000 4163.5308105
189000 4163.5308105
190000 3266.10167644
191000 2368.67254237
192000 2368.67254237
193000 2368.67254237
194000 2368.67254237
195000 2368.67254237
196000 2368.67254237
197000 1672.75777656
198000 3693.32783505
199000 3693.32783505
200000 3515.6743083
201000 3648.69937637
202000 3781.72444444
203000 3457.42760943
204000 3828.85888243
205000 4200.29015544
206000 3697.81538462
207000 2976.3837722
208000 2254.95215978
209000 2254.95215978
210000 2981.64206054
211000 2981.64206054
212000 1765.14899329
213000 1765.14899329
214000 2926.62285714
215000 2926.62285714
216000 2926.62285714
217000 2926.62285714
218000 2926.62285714
219000 2926.62285714
220000 4180.32498951
221000 4180.32498951
222000 4180.32498951
223000 4180.32498951
224000 4180.32498951
225000 4180.32498951
226000 4180.32498951
227000 4692.78130217
228000 4692.78130217
229000 4692.78130217
230000 4692.78130217
231000 5436.66034156
232000 5436.66034156
233000 5436.66034156
234000 5436.66034156
235000 5015.89918992
236000 5015.89918992
237000 5015.89918992
238000 6130.52631579
239000 6130.52631579
240000 6130.52631579
241000 6130.52631579
242000 6130.52631579
243000 6538.50594228
244000 6538.50594228
245000 6538.50594228
246000 6538.50594228
247000 6538.50594228
248000 6368.79012346
249000 6368.79012346
250000 6368.79012346
251000 6368.79012346
252000 6368.79012346
253000 5532.75462215
254000 5532.75462215
255000 5532.75462215
256000 5532.75462215
257000 5532.75462215
258000 5532.75462215
259000 6118.05077106
260000 6118.05077106
261000 6118.05077106
262000 6118.05077106
263000 5979.13298167
264000 5840.21519227
265000 5840.21519227
266000 5840.21519227
267000 5840.21519227
268000 5840.21519227
269000 5344.15531081
270000 5344.15531081
271000 5344.15531081
272000 5344.15531081
273000 5344.15531081
274000 5344.15531081
275000 7676.49278579
276000 7676.49278579
277000 7676.49278579
278000 7676.49278579
279000 3526.29368255
280000 3526.29368255
281000 3526.29368255
282000 3526.29368255
283000 3526.29368255
284000 3526.29368255
285000 3526.29368255
286000 3526.29368255
287000 1812.58888889
288000 1812.58888889
289000 6370.41014169
290000 6370.41014169
291000 6370.41014169
292000 5178.62853875
293000 5178.62853875
294000 5178.62853875
295000 5178.62853875
296000 3411.51955083
297000 3411.51955083
298000 3411.51955083
299000 3411.51955083
300000 3411.51955083
301000 5410.87714286
302000 5410.87714286
303000 5410.87714286
304000 6254.28174765
305000 6254.28174765
306000 6254.28174765
307000 6254.28174765
308000 6254.28174765
309000 5261.47332333
310000 5261.47332333
311000 5261.47332333
312000 5261.47332333
313000 5261.47332333
