0 3350.65256306
1000 3350.65256306
2000 3350.65256306
3000 3350.65256306
4000 4241.12169796
5000 5131.59083287
6000 4882.00321027
7000 7034.34813926
8000 7034.34813926
9000 10226.8610068
10000 10226.8610068
11000 10226.8610068
12000 9278.42111373
13000 8329.98122066
14000 10315.3873045
15000 12300.7933884
16000 12300.7933884
17000 12300.7933884
18000 8286.17150727
19000 8286.17150727
20000 4271.54962615
21000 4271.54962615
22000 4271.54962615
23000 4271.54962615
24000 4271.54962615
25000 4271.54962615
26000 4271.54962615
27000 4271.54962615
28000 4271.54962615
29000 4271.54962615
30000 4271.54962615
31000 4271.54962615
32000 4271.54962615
33000 4271.54962615
34000 3887.4925776
35000 4659.48163548
36000 4659.48163548
37000 4659.48163548
38000 4712.1635937
39000 4712.1635937
40000 4712.1635937
41000 2475.65635739
42000 2475.65635739
43000 2475.65635739
44000 2475.65635739
45000 2475.65635739
46000 4672.14368185
47000 4672.14368185
48000 4672.14368185
49000 4236.52654728
50000 4236.52654728
51000 4236.52654728
52000 2057.85355649
53000 2057.85355649
54000 2057.85355649
55000 2057.85355649
56000 3402.44657863
57000 3402.44657863
58000 3402.44657863
59000 3126.62751364
60000 2850.80844865
61000 2850.80844865
62000 2850.80844865
63000 2850.80844865
64000 2850.80844865
65000 2850.80844865
66000 2850.80844865
67000 2850.80844865
68000 2850.80844865
69000 2850.80844865
70000 2850.80844865
71000 4931.63208556
72000 4931.63208556
73000 4931.63208556
74000 4931.63208556
75000 4931.63208556
76000 4931.63208556
77000 4931.63208556
78000 2095.14686392
79000 2095.14686392
80000 2095.14686392
81000 2095.14686392
82000 2095.14686392
83000 2095.14686392
84000 2095.14686392
85000 2095.14686392
86000 2095.14686392
87000 2095.14686392
88000 2095.14686392
89000 2095.14686392
90000 2095.14686392
91000 2534.91066509
92000 2534.91066509
93000 2534.91066509
94000 2534.91066509
95000 2534.91066509
96000 1415.64158918
97000 1415.64158918
98000 1415.64158918
99000 1415.64158918
100000 1415.64158918
101000 1415.64158918
102000 1415.64158918
103000 1415.64158918
104000 1415.64158918
105000 1415.64158918
106000 2696.09684461
107000 2696.09684461
108000 2696.09684461
109000 2696.09684461
110000 2696.09684461
111000 4919.53902261
112000 4919.53902261
113000 4919.53902261
114000 1835.21008403
115000 3156.74007432
116000 3156.74007432
117000 3156.74007432
118000 3156.74007432
119000 3156.74007432
120000 3156.74007432
121000 3156.74007432
122000 3156.74007432
123000 3156.74007432
124000 3156.74007432
125000 4971.59618751
126000 4971.59618751
127000 4971.59618751
128000 4971.59618751
129000 4971.59618751
130000 3415.78789395
131000 3415.78789395
132000 3415.78789395
133000 3415.78789395
134000 3415.78789395
135000 3415.78789395
136000 3415.78789395
137000 3415.78789395
138000 2615.43137502
139000 2615.43137502
140000 2615.43137502
141000 2615.43137502
142000 2615.43137502
143000 2615.43137502
144000 2615.43137502
145000 2615.43137502
146000 691.943084804
147000 691.943084804
148000 691.943084804
149000 691.943084804
150000 1719.97409886
151000 1719.97409886
152000 1719.97409886
153000 1719.97409886
154000 1719.97409886
155000 2535.31333096
156000 3350.65256306
157000 3350.65256306
158000 3350.65256306
159000 5131.59083287
160000 4882.00321027
161000 5958.17567476
162000 7034.34813926
163000 10226.8610068
164000 10226.8610068
165000 10226.8610068
166000 9278.42111373
167000 8329.98122066
168000 10315.3873045
169000 12300.7933884
170000 12300.7933884
171000 12300.7933884
172000 12300.7933884
173000 8286.17150727
174000 4271.54962615
175000 4271.54962615
176000 4271.54962615
177000 4271.54962615
178000 4271.54962615
179000 4271.54962615
180000 4271.54962615
181000 4271.54962615
182000 4271.54962615
183000 4271.54962615
184000 4271.54962615
185000 4271.54962615
186000 4271.54962615
187000 4271.54962615
188000 3887.4925776
189000 4659.48163548
190000 4659.48163548
191000 4659.48163548
192000 4712.1635937
193000 4712.1635937
194000 4712.1635937
195000 2475.65635739
196000 2475.65635739
197000 2475.65635739
198000 2475.65635739
199000 2475.65635739
200000 4672.14368185
201000 4672.14368185
202000 4672.14368185
203000 4236.52654728
204000 4236.52654728
205000 4236.52654728
206000 2057.85355649
207000 2057.85355649
208000 2057.85355649
209000 2057.85355649
210000 3402.44657863
211000 3402.44657863
212000 3402.44657863
213000 3402.44657863
214000 2850.80844865
215000 2850.80844865
216000 2850.80844865
217000 2850.80844865
218000 2850.80844865
219000 2850.80844865
220000 2850.80844865
221000 2850.80844865
222000 2850.80844865
223000 2850.80844865
224000 2850.80844865
225000 4931.63208556
226000 4931.63208556
227000 4931.63208556
228000 4931.63208556
229000 4931.63208556
230000 4931.63208556
231000 4931.63208556
232000 2095.14686392
233000 2095.14686392
234000 2095.14686392
235000 2095.14686392
236000 2095.14686392
237000 2095.14686392
238000 2095.14686392
239000 2095.14686392
240000 2095.14686392
241000 2095.14686392
242000 2095.14686392
243000 2095.14686392
244000 2095.14686392
245000 2534.91066509
246000 2534.91066509
247000 2534.91066509
248000 2534.91066509
249000 2534.91066509
250000 2534.91066509
251000 1415.64158918
252000 1415.64158918
253000 1415.64158918
254000 1415.64158918
255000 1415.64158918
256000 1415.64158918
257000 1415.64158918
258000 1415.64158918
259000 1415.64158918
260000 2696.09684461
261000 2696.09684461
262000 2696.09684461
263000 2696.09684461
264000 2696.09684461
265000 4919.53902261
266000 4919.53902261
267000 4919.53902261
268000 1835.21008403
269000 3156.74007432
270000 3156.74007432
271000 3156.74007432
272000 3156.74007432
273000 3156.74007432
274000 3156.74007432
275000 3156.74007432
276000 3156.74007432
277000 3156.74007432
278000 3156.74007432
279000 4971.59618751
280000 4971.59618751
281000 4971.59618751
282000 4971.59618751
283000 4971.59618751
284000 3415.78789395
285000 3415.78789395
286000 3415.78789395
287000 3415.78789395
288000 3415.78789395
289000 3415.78789395
290000 3415.78789395
291000 3415.78789395
292000 3015.60963449
293000 2615.43137502
294000 2615.43137502
295000 2615.43137502
296000 2615.43137502
297000 2615.43137502
298000 2615.43137502
299000 2615.43137502
300000 1653.68722991
301000 691.943084804
302000 691.943084804
303000 691.943084804
304000 1719.97409886
305000 1719.97409886
306000 1719.97409886
307000 1719.97409886
308000 1719.97409886
