0 7151.18471338
1000 7151.18471338
2000 4035.23946138
3000 3504.03559511
4000 3504.03559511
5000 3504.03559511
6000 3504.03559511
7000 3168.32113572
8000 3168.32113572
9000 3168.32113572
10000 3168.32113572
11000 3168.32113572
12000 3168.32113572
13000 3168.32113572
14000 3168.32113572
15000 3449.93364929
16000 3449.93364929
17000 3449.93364929
18000 3449.93364929
19000 3449.93364929
20000 3449.93364929
21000 3449.93364929
22000 2954.16518859
23000 2954.16518859
24000 2954.16518859
25000 2954.16518859
26000 2954.16518859
27000 2954.16518859
28000 2954.16518859
29000 2954.16518859
30000 2954.16518859
31000 2954.16518859
32000 2505.78351254
33000 2505.78351254
34000 2505.78351254
35000 2505.78351254
36000 2505.78351254
37000 2505.78351254
38000 2505.78351254
39000 2505.78351254
40000 5276.36648395
41000 5276.36648395
42000 5276.36648395
43000 3257.26356778
44000 3257.26356778
45000 3257.26356778
46000 3257.26356778
47000 3302.26086957
48000 3302.26086957
49000 3302.26086957
50000 3302.26086957
51000 3031.44458999
52000 3031.44458999
53000 3031.44458999
54000 3031.44458999
55000 2860.44481397
56000 2860.44481397
57000 2860.44481397
58000 2860.44481397
59000 2860.44481397
60000 2860.44481397
61000 2860.44481397
62000 2860.44481397
63000 2860.44481397
64000 2860.44481397
65000 3619.12297227
66000 3619.12297227
67000 3619.12297227
68000 3619.12297227
69000 3681.22287547
70000 3681.22287547
71000 3681.22287547
72000 3681.22287547
73000 4293.29546156
74000 4293.29546156
75000 4293.29546156
76000 4012.59117083
77000 4012.59117083
78000 4012.59117083
79000 4012.59117083
80000 3231.51164096
81000 3637.62645652
82000 3637.62645652
83000 3637.62645652
84000 3637.62645652
85000 3637.62645652
86000 3637.62645652
87000 3637.62645652
88000 3637.62645652
89000 3637.62645652
90000 3637.62645652
91000 3637.62645652
92000 3637.62645652
93000 3637.62645652
94000 3637.62645652
95000 3793.05054
96000 3948.47462349
97000 3948.47462349
98000 3948.47462349
99000 3948.47462349
100000 3948.47462349
101000 3948.47462349
102000 3948.47462349
103000 3948.47462349
104000 3948.47462349
105000 3948.47462349
106000 3948.47462349
107000 4169.0602765
108000 4169.0602765
109000 4169.0602765
110000 4169.0602765
111000 4169.0602765
112000 4169.0602765
113000 4169.0602765
114000 4169.0602765
115000 4169.0602765
116000 4169.0602765
117000 4169.0602765
118000 3945.33778794
119000 3945.33778794
120000 3945.33778794
121000 3945.33778794
122000 3945.33778794
123000 3945.33778794
124000 3945.33778794
125000 3945.33778794
126000 3945.33778794
127000 3945.33778794
128000 3945.33778794
129000 3945.33778794
130000 4736.1855192
131000 4736.1855192
132000 4736.1855192
133000 4736.1855192
134000 4736.1855192
135000 4736.1855192
136000 4736.1855192
137000 4736.1855192
138000 3258.39596832
139000 3258.39596832
140000 3258.39596832
141000 3258.39596832
142000 3258.39596832
143000 3258.39596832
144000 3258.39596832
145000 3258.39596832
146000 3258.39596832
147000 3258.39596832
148000 3258.39596832
149000 2084.52525253
150000 3680.04814443
151000 3680.04814443
152000 3680.04814443
153000 3680.04814443
154000 3609.45454545
155000 3609.45454545
156000 3609.45454545
157000 3609.45454545
158000 3339.35530474
159000 3339.35530474
160000 3339.35530474
161000 3339.35530474
162000 2829.39238264
163000 2829.39238264
164000 2829.39238264
165000 3994.25792325
166000 3994.25792325
167000 3994.25792325
168000 3994.25792325
169000 3994.25792325
170000 3994.25792325
171000 3994.25792325
172000 3994.25792325
173000 3448.56664128
174000 3448.56664128
175000 3672.95464061
176000 3672.95464061
177000 3672.95464061
178000 3672.95464061
179000 3672.95464061
180000 3672.95464061
181000 3672.95464061
182000 3672.95464061
183000 3672.95464061
184000 3672.95464061
185000 3659.57151503
186000 3659.57151503
187000 3659.57151503
188000 3659.57151503
189000 3659.57151503
190000 3659.57151503
191000 3659.57151503
192000 3659.57151503
193000 3659.57151503
194000 3659.57151503
195000 4251.47976204
196000 4251.47976204
197000 4251.47976204
198000 4251.47976204
199000 4251.47976204
200000 4251.47976204
201000 4251.47976204
202000 4251.47976204
203000 4048.64389584
204000 4048.64389584
205000 4048.64389584
206000 4048.64389584
207000 4048.64389584
208000 4048.64389584
209000 4048.64389584
210000 4048.64389584
211000 4048.64389584
212000 3244.32321755
213000 3244.32321755
214000 3244.32321755
215000 3244.32321755
216000 3244.32321755
217000 3244.32321755
218000 3244.32321755
219000 3244.32321755
220000 3244.32321755
221000 3244.32321755
222000 3244.32321755
223000 3224.20753552
224000 3224.20753552
225000 3224.20753552
226000 3224.20753552
227000 3224.20753552
228000 3224.20753552
229000 3224.20753552
230000 3251.06522262
231000 3251.06522262
232000 3251.06522262
233000 3251.06522262
234000 3251.06522262
235000 3251.06522262
236000 3251.06522262
237000 3251.06522262
238000 1601.66916427
239000 1601.66916427
240000 2808.49275922
241000 2808.49275922
242000 2808.49275922
243000 2808.49275922
244000 2808.49275922
245000 4080.50758621
246000 4080.50758621
247000 4080.50758621
248000 4080.50758621
249000 5610.19695757
250000 5610.19695757
251000 5097.90147131
252000 4585.60598504
253000 4585.60598504
254000 4585.60598504
255000 3671.44025948
256000 3671.44025948
257000 3671.44025948
258000 3671.44025948
259000 3671.44025948
260000 3671.44025948
261000 3671.44025948
262000 3671.44025948
263000 3671.44025948
264000 3671.44025948
265000 3671.44025948
266000 3671.44025948
267000 3671.44025948
268000 3671.44025948
269000 3671.44025948
270000 4575.74851842
271000 4575.74851842
272000 4575.74851842
273000 4575.74851842
274000 4575.74851842
275000 4575.74851842
276000 4575.74851842
277000 4575.74851842
278000 4078.45337119
279000 4078.45337119
280000 4078.45337119
281000 4078.45337119
282000 4078.45337119
283000 4078.45337119
284000 4078.45337119
285000 5614.81904229
286000 5798.55421687
287000 2271.92470588
288000 3504.03559511
289000 3504.03559511
290000 3504.03559511
291000 3168.32113572
292000 3168.32113572
293000 3168.32113572
294000 3168.32113572
295000 3168.32113572
296000 3168.32113572
297000 3168.32113572
298000 3168.32113572
299000 3168.32113572
300000 3449.93364929
301000 3449.93364929
302000 3449.93364929
303000 3449.93364929
304000 3449.93364929
305000 3449.93364929
306000 3449.93364929
307000 2954.16518859
308000 2954.16518859
309000 2954.16518859
310000 2954.16518859
311000 2954.16518859
312000 2954.16518859
313000 2954.16518859
314000 2954.16518859
315000 2954.16518859
316000 2505.78351254
317000 2505.78351254
318000 2505.78351254
319000 2505.78351254
320000 2505.78351254
321000 2505.78351254
322000 2505.78351254
323000 2505.78351254
324000 2505.78351254
325000 5276.36648395
326000 5276.36648395
327000 3257.26356778
328000 3257.26356778
329000 3257.26356778
330000 3257.26356778
331000 3257.26356778
332000 3302.26086957
333000 3302.26086957
334000 3302.26086957
335000 3302.26086957
336000 3031.44458999
337000 3031.44458999
338000 3031.44458999
339000 3031.44458999
340000 2860.44481397
341000 2860.44481397
342000 2860.44481397
343000 2860.44481397
344000 2860.44481397
345000 2860.44481397
346000 2860.44481397
347000 2860.44481397
348000 2860.44481397
349000 1767.18792423
350000 3619.12297227
351000 3619.12297227
352000 3619.12297227
353000 3619.12297227
354000 3681.22287547
355000 3681.22287547
356000 3681.22287547
357000 3681.22287547
358000 4293.29546156
359000 4293.29546156
360000 4293.29546156
361000 4012.59117083
362000 4012.59117083
363000 4012.59117083
364000 4012.59117083
365000 3637.62645652
366000 3637.62645652
367000 3637.62645652
368000 3637.62645652
369000 3637.62645652
370000 3637.62645652
371000 3637.62645652
372000 3637.62645652
373000 3637.62645652
374000 3637.62645652
375000 3637.62645652
376000 3637.62645652
377000 3637.62645652
378000 3637.62645652
379000 3637.62645652
380000 3948.47462349
381000 3948.47462349
382000 3948.47462349
383000 3948.47462349
384000 3948.47462349
385000 3948.47462349
386000 3948.47462349
387000 3948.47462349
388000 3948.47462349
389000 3948.47462349
390000 3948.47462349
391000 3948.47462349
392000 4169.0602765
393000 4169.0602765
394000 4169.0602765
395000 4169.0602765
396000 4169.0602765
397000 4169.0602765
398000 4169.0602765
399000 4169.0602765
400000 4169.0602765
401000 4169.0602765
402000 4169.0602765
403000 3945.33778794
404000 3945.33778794
405000 3945.33778794
406000 3945.33778794
407000 3945.33778794
408000 3945.33778794
409000 3945.33778794
410000 3945.33778794
411000 3945.33778794
412000 3945.33778794
413000 3945.33778794
414000 4340.76165357
415000 4736.1855192
416000 4736.1855192
417000 4736.1855192
418000 4736.1855192
419000 4736.1855192
420000 4736.1855192
421000 4736.1855192
422000 4736.1855192
423000 3258.39596832
424000 3258.39596832
425000 3258.39596832
426000 3258.39596832
427000 3258.39596832
428000 3258.39596832
429000 3258.39596832
430000 3258.39596832
431000 3258.39596832
432000 3258.39596832
433000 3258.39596832
434000 3680.04814443
435000 3680.04814443
436000 3680.04814443
437000 3680.04814443
438000 3609.45454545
439000 3609.45454545
440000 3609.45454545
441000 3609.45454545
442000 3339.35530474
443000 3339.35530474
444000 3339.35530474
445000 3339.35530474
446000 3339.35530474
447000 2829.39238264
448000 2829.39238264
449000 3994.25792325
450000 3994.25792325
451000 3994.25792325
452000 3994.25792325
453000 3994.25792325
454000 3994.25792325
455000 3994.25792325
456000 3994.25792325
457000 3994.25792325
458000 3448.56664128
459000 3672.95464061
460000 3672.95464061
461000 3672.95464061
462000 3672.95464061
463000 3672.95464061
464000 3672.95464061
465000 3672.95464061
466000 3672.95464061
467000 3672.95464061
468000 3672.95464061
469000 3659.57151503
470000 3659.57151503
471000 3659.57151503
472000 3659.57151503
473000 3659.57151503
474000 3659.57151503
475000 3659.57151503
476000 3659.57151503
477000 3659.57151503
478000 3659.57151503
479000 4251.47976204
480000 4251.47976204
481000 4251.47976204
482000 4251.47976204
483000 4251.47976204
484000 4251.47976204
485000 4251.47976204
486000 4251.47976204
487000 4251.47976204
488000 4048.64389584
489000 4048.64389584
490000 4048.64389584
491000 4048.64389584
492000 4048.64389584
493000 4048.64389584
494000 4048.64389584
495000 4048.64389584
496000 4048.64389584
497000 3244.32321755
498000 3244.32321755
499000 3244.32321755
500000 3244.32321755
501000 3244.32321755
502000 3244.32321755
503000 3244.32321755
504000 3244.32321755
505000 3244.32321755
506000 3244.32321755
507000 3244.32321755
508000 3224.20753552
509000 3224.20753552
510000 3224.20753552
511000 3224.20753552
512000 3224.20753552
513000 3224.20753552
514000 3251.06522262
515000 3251.06522262
516000 3251.06522262
517000 3251.06522262
518000 3251.06522262
519000 3251.06522262
520000 3251.06522262
521000 3251.06522262
522000 3251.06522262
523000 1601.66916427
524000 1601.66916427
525000 2808.49275922
526000 2808.49275922
527000 2808.49275922
528000 2808.49275922
529000 2808.49275922
530000 4080.50758621
531000 4080.50758621
532000 4080.50758621
533000 4845.35227189
534000 5610.19695757
535000 5610.19695757
536000 4585.60598504
537000 4585.60598504
538000 4585.60598504
539000 4050.98305085
540000 3671.44025948
541000 3671.44025948
542000 3671.44025948
543000 3671.44025948
544000 3671.44025948
545000 3671.44025948
546000 3671.44025948
547000 3671.44025948
548000 3671.44025948
549000 3671.44025948
550000 3671.44025948
551000 3671.44025948
552000 3671.44025948
553000 3671.44025948
554000 3671.44025948
555000 4575.74851842
556000 4575.74851842
557000 4575.74851842
558000 4575.74851842
559000 4575.74851842
560000 4575.74851842
561000 4575.74851842
562000 4327.1009448
563000 4078.45337119
564000 4078.45337119
565000 4078.45337119
566000 4078.45337119
567000 4078.45337119
568000 4078.45337119
569000 4078.45337119
