0 3785.58946213
1000 3785.58946213
2000 3785.58946213
3000 3785.58946213
4000 2933.25496975
5000 2933.25496975
6000 1586.65111855
7000 240.047267356
8000 419.833549333
9000 599.61983131
10000 599.61983131
11000 599.61983131
12000 599.61983131
13000 599.61983131
14000 599.61983131
15000 599.61983131
16000 599.61983131
17000 599.61983131
18000 599.61983131
19000 683.603333736
20000 683.603333736
21000 683.603333736
22000 683.603333736
23000 683.603333736
24000 683.603333736
25000 683.603333736
26000 683.603333736
27000 843.755102041
28000 843.755102041
29000 843.755102041
30000 843.755102041
31000 843.755102041
32000 843.755102041
33000 843.755102041
34000 1003.11428571
35000 1003.11428571
36000 1003.11428571
37000 1003.11428571
38000 1003.11428571
39000 1003.11428571
40000 799.556453942
41000 799.556453942
42000 799.556453942
43000 799.556453942
44000 799.556453942
45000 799.556453942
46000 799.556453942
47000 2837.52698724
48000 2837.52698724
49000 1476.59090909
50000 1476.59090909
51000 975.732150061
52000 975.732150061
53000 975.732150061
54000 975.732150061
55000 975.732150061
56000 975.732150061
57000 975.732150061
58000 975.732150061
59000 975.732150061
60000 975.732150061
61000 542.158823529
62000 542.158823529
63000 542.158823529
64000 542.158823529
65000 542.158823529
66000 542.158823529
67000 542.158823529
68000 542.158823529
69000 542.158823529
70000 542.158823529
71000 542.158823529
72000 316.43454039
73000 316.43454039
74000 316.43454039
75000 316.43454039
76000 316.43454039
77000 316.43454039
78000 316.43454039
79000 316.43454039
80000 316.43454039
81000 316.43454039
82000 316.43454039
83000 316.43454039
84000 316.43454039
85000 316.43454039
86000 316.43454039
87000 316.43454039
88000 316.43454039
89000 3923.10379384
90000 964.397790055
91000 6448.11157601
92000 6448.11157601
93000 5030.22621723
94000 5030.22621723
95000 5030.22621723
96000 13132.3841808
97000 13132.3841808
98000 13132.3841808
99000 7682.38962126
100000 2232.39506173
101000 15480.8048994
102000 15480.8048994
103000 15480.8048994
104000 15429.9194406
105000 15429.9194406
106000 15379.0339818
107000 15379.0339818
108000 15379.0339818
109000 15379.0339818
110000 15722.1390888
111000 15722.1390888
112000 16065.2441958
113000 16065.2441958
114000 16065.2441958
115000 16065.2441958
116000 11495.7069688
117000 11495.7069688
118000 6926.1697417
119000 6926.1697417
120000 6926.1697417
121000 6926.1697417
122000 6926.1697417
123000 6926.1697417
124000 6926.1697417
125000 7702.52389899
126000 8478.87805628
127000 8478.87805628
128000 8478.87805628
129000 8478.87805628
130000 8478.87805628
131000 8478.87805628
132000 7065.72692308
133000 7065.72692308
134000 7065.72692308
135000 7065.72692308
136000 7065.72692308
137000 7065.72692308
138000 7065.72692308
139000 7065.72692308
140000 7065.72692308
141000 8523.17920257
142000 8523.17920257
143000 8523.17920257
144000 8523.17920257
145000 8523.17920257
146000 8523.17920257
147000 8523.17920257
148000 10177.3762113
149000 11831.57322
150000 11831.57322
151000 11831.57322
152000 11831.57322
153000 11882.1832274
154000 11882.1832274
155000 11932.7932347
156000 11932.7932347
157000 11932.7932347
158000 11932.7932347
159000 12606.708258
160000 12606.708258
161000 13280.6232814
162000 13280.6232814
163000 13280.6232814
164000 13280.6232814
165000 12805.433001
166000 12805.433001
167000 12330.2427205
168000 12330.2427205
169000 12330.2427205
170000 12330.2427205
171000 12330.2427205
172000 8804.8108875
173000 5279.3790545
174000 5279.3790545
175000 5279.3790545
176000 5279.3790545
177000 5279.3790545
178000 5279.3790545
179000 5279.3790545
180000 5279.3790545
181000 5279.3790545
182000 5279.3790545
183000 5279.3790545
184000 10364.8662791
185000 10364.8662791
186000 10364.8662791
187000 10364.8662791
188000 10364.8662791
189000 10830.2091997
190000 11295.5521203
191000 11295.5521203
192000 11295.5521203
193000 11295.5521203
194000 11295.5521203
195000 1217.03111111
196000 2501.31028662
197000 3785.58946213
198000 3785.58946213
199000 2933.25496975
200000 2933.25496975
201000 2933.25496975
202000 240.047267356
203000 419.833549333
204000 419.833549333
205000 599.61983131
206000 599.61983131
207000 599.61983131
208000 599.61983131
209000 599.61983131
210000 599.61983131
211000 599.61983131
212000 599.61983131
213000 599.61983131
214000 683.603333736
215000 683.603333736
216000 683.603333736
217000 683.603333736
218000 683.603333736
219000 683.603333736
220000 683.603333736
221000 683.603333736
222000 683.603333736
223000 843.755102041
224000 843.755102041
225000 843.755102041
226000 843.755102041
227000 843.755102041
228000 843.755102041
229000 843.755102041
230000 1003.11428571
231000 1003.11428571
232000 1003.11428571
233000 1003.11428571
234000 1003.11428571
235000 799.556453942
236000 799.556453942
237000 799.556453942
238000 799.556453942
239000 799.556453942
240000 799.556453942
241000 799.556453942
242000 2837.52698724
243000 2837.52698724
244000 2157.05894816
245000 1476.59090909
246000 975.732150061
247000 975.732150061
248000 975.732150061
249000 975.732150061
250000 975.732150061
251000 975.732150061
252000 975.732150061
253000 975.732150061
254000 975.732150061
255000 975.732150061
256000 542.158823529
257000 542.158823529
258000 542.158823529
259000 542.158823529
260000 542.158823529
261000 542.158823529
262000 542.158823529
263000 542.158823529
264000 542.158823529
265000 542.158823529
266000 542.158823529
267000 316.43454039
268000 316.43454039
269000 316.43454039
270000 316.43454039
271000 316.43454039
272000 316.43454039
273000 316.43454039
274000 316.43454039
275000 316.43454039
276000 316.43454039
277000 316.43454039
278000 316.43454039
279000 316.43454039
280000 316.43454039
281000 316.43454039
282000 316.43454039
283000 316.43454039
284000 3923.10379384
285000 3923.10379384
286000 6448.11157601
287000 6448.11157601
288000 5030.22621723
289000 5030.22621723
290000 5030.22621723
291000 13132.3841808
292000 13132.3841808
293000 13132.3841808
294000 7682.38962126
295000 7682.38962126
296000 15480.8048994
297000 15480.8048994
298000 15480.8048994
299000 15480.8048994
300000 15429.9194406
301000 15429.9194406
302000 15379.0339818
303000 15379.0339818
304000 15379.0339818
305000 15379.0339818
306000 15722.1390888
307000 16065.2441958
308000 16065.2441958
309000 16065.2441958
310000 16065.2441958
311000 11495.7069688
312000 11495.7069688
313000 6926.1697417
314000 6926.1697417
315000 6926.1697417
316000 6926.1697417
317000 6926.1697417
318000 6926.1697417
319000 6926.1697417
320000 6926.1697417
321000 8478.87805628
322000 8478.87805628
323000 8478.87805628
324000 8478.87805628
325000 8478.87805628
326000 8478.87805628
327000 8478.87805628
328000 7065.72692308
329000 7065.72692308
330000 7065.72692308
331000 7065.72692308
332000 7065.72692308
333000 7065.72692308
334000 7065.72692308
335000 7065.72692308
336000 7794.45306282
337000 8523.17920257
338000 8523.17920257
339000 8523.17920257
340000 8523.17920257
341000 8523.17920257
342000 8523.17920257
343000 10177.3762113
344000 11831.57322
345000 11831.57322
346000 11831.57322
347000 11831.57322
348000 11831.57322
349000 11882.1832274
350000 11932.7932347
351000 11932.7932347
352000 11932.7932347
353000 11932.7932347
354000 11932.7932347
355000 12606.708258
356000 13280.6232814
357000 13280.6232814
358000 13280.6232814
359000 13280.6232814
360000 13280.6232814
361000 12805.433001
362000 12330.2427205
363000 12330.2427205
364000 12330.2427205
365000 12330.2427205
366000 12330.2427205
367000 8804.8108875
368000 5279.3790545
369000 5279.3790545
370000 5279.3790545
371000 5279.3790545
372000 5279.3790545
373000 5279.3790545
374000 5279.3790545
375000 5279.3790545
376000 5279.3790545
377000 5279.3790545
378000 5279.3790545
379000 10364.8662791
380000 10364.8662791
381000 10364.8662791
382000 10364.8662791
383000 10364.8662791
384000 10364.8662791
385000 11295.5521203
386000 11295.5521203
387000 11295.5521203
388000 11295.5521203
389000 11295.5521203
390000 6256.29161571
