0 1253.57552335
1000 1253.57552335
2000 1253.57552335
3000 1253.57552335
4000 1253.57552335
5000 1253.57552335
6000 1253.57552335
7000 1253.57552335
8000 1253.57552335
9000 1253.57552335
10000 1630.84316334
11000 2008.11080332
12000 2008.11080332
13000 2008.11080332
14000 4920.69565217
15000 4412.88252149
16000 4270.32447242
17000 4127.76642336
18000 3551.96327326
19000 2976.16012317
20000 2976.16012317
21000 7124.08006159
22000 11272.0
23000 11177.8708011
24000 11083.7416021
25000 6346.07043137
26000 3227.2128152
27000 4846.02636976
28000 4846.02636976
29000 4846.02636976
30000 4846.02636976
31000 13892.690943
32000 13892.690943
33000 7665.70893144
34000 1438.72691988
35000 1438.72691988
36000 1438.72691988
37000 1438.72691988
38000 1438.72691988
39000 1438.72691988
40000 1438.72691988
41000 1438.72691988
42000 371.402700556
43000 371.402700556
44000 371.402700556
45000 371.402700556
46000 371.402700556
47000 1980.83700112
48000 1980.83700112
49000 1003.64890282
50000 1003.64890282
51000 1003.64890282
52000 1003.64890282
53000 1003.64890282
54000 1003.64890282
55000 1455.16883117
56000 1455.16883117
57000 1227.2703343
58000 1227.2703343
59000 1227.2703343
60000 1227.2703343
61000 1231.53574518
62000 1235.80115607
63000 1235.80115607
64000 1235.80115607
65000 2369.20430108
66000 2369.20430108
67000 2697.40875133
68000 2697.40875133
69000 2666.89468196
70000 2666.89468196
71000 1333.44734098
72000 2796.77415495
73000 5593.5483099
74000 5593.5483099
75000 5593.5483099
76000 2895.27515695
77000 6071.6338558
78000 6071.6338558
79000 6071.6338558
80000 6071.6338558
81000 6071.6338558
82000 7604.12079934
83000 9136.60774288
84000 9136.60774288
85000 9504.02866385
86000 9871.44958482
87000 9871.44958482
88000 9871.44958482
89000 8404.40603288
90000 6937.36248094
91000 6937.36248094
92000 6937.36248094
93000 6937.36248094
94000 14606.4941176
95000 14606.4941176
96000 11618.7016043
97000 8630.90909091
98000 8630.90909091
99000 8630.90909091
100000 8536.82074824
101000 8442.73240557
102000 8442.73240557
103000 4271.82703228
104000 100.921658986
105000 100.921658986
106000 100.921658986
107000 100.921658986
108000 5096.39796318
109000 5096.39796318
110000 5096.39796318
111000 5096.39796318
112000 5096.39796318
113000 5034.91241926
114000 4973.42687534
115000 4973.42687534
116000 4973.42687534
117000 4265.26468618
118000 3557.10249703
119000 3557.10249703
120000 3557.10249703
121000 3557.10249703
122000 2405.33901019
123000 2405.33901019
124000 2405.33901019
125000 2405.33901019
126000 2405.33901019
127000 2405.33901019
128000 1253.57552335
129000 1253.57552335
130000 1253.57552335
131000 1630.84316334
132000 1630.84316334
133000 2008.11080332
134000 2008.11080332
135000 3464.40322775
136000 4920.69565217
137000 4412.88252149
138000 4127.76642336
139000 4127.76642336
140000 2976.16012317
141000 2976.16012317
142000 2976.16012317
143000 7124.08006159
144000 11272.0
145000 11177.8708011
146000 11083.7416021
147000 6346.07043137
148000 3227.2128152
149000 4846.02636976
150000 4846.02636976
151000 4846.02636976
152000 9369.35865638
153000 13892.690943
154000 13892.690943
155000 7665.70893144
156000 1438.72691988
157000 1438.72691988
158000 1438.72691988
159000 1438.72691988
160000 1438.72691988
161000 1438.72691988
162000 1438.72691988
163000 371.402700556
164000 371.402700556
165000 371.402700556
166000 371.402700556
167000 371.402700556
168000 1980.83700112
169000 1980.83700112
170000 1980.83700112
171000 1003.64890282
172000 1003.64890282
173000 1003.64890282
174000 1003.64890282
175000 1003.64890282
176000 1229.40886699
177000 1455.16883117
178000 1455.16883117
179000 1227.2703343
180000 1227.2703343
181000 1227.2703343
182000 1227.2703343
183000 1235.80115607
184000 1235.80115607
185000 1235.80115607
186000 1235.80115607
187000 2369.20430108
188000 2369.20430108
189000 2697.40875133
190000 2697.40875133
191000 2666.89468196
192000 2666.89468196
193000 0.0
194000 5593.5483099
195000 5593.5483099
196000 5593.5483099
197000 5593.5483099
198000 197.002004008
199000 6071.6338558
200000 6071.6338558
201000 6071.6338558
202000 6071.6338558
203000 6071.6338558
204000 9136.60774288
205000 9136.60774288
206000 9136.60774288
207000 9504.02866385
208000 9871.44958482
209000 9871.44958482
210000 9871.44958482
211000 6937.36248094
212000 6937.36248094
213000 6937.36248094
214000 6937.36248094
215000 10771.9282993
216000 14606.4941176
217000 14606.4941176
218000 11618.7016043
219000 8630.90909091
220000 8630.90909091
221000 8630.90909091
222000 8536.82074824
223000 8442.73240557
224000 8442.73240557
225000 4271.82703228
226000 100.921658986
227000 100.921658986
228000 100.921658986
229000 5096.39796318
230000 5096.39796318
231000 5096.39796318
232000 5096.39796318
233000 5096.39796318
234000 5034.91241926
235000 4973.42687534
236000 4973.42687534
237000 4973.42687534
238000 4973.42687534
239000 4265.26468618
240000 3557.10249703
241000 3557.10249703
242000 3557.10249703
243000 3557.10249703
