0 4390.06959847
1000 4390.06959847
2000 4390.06959847
3000 4390.06959847
4000 4390.06959847
5000 4390.06959847
6000 4390.06959847
7000 4390.06959847
8000 4390.70242101
9000 4390.70242101
10000 4390.70242101
11000 4391.33524355
12000 4905.70042796
13000 4905.70042796
14000 4791.32993445
15000 4791.32993445
16000 3917.45537757
17000 3917.45537757
18000 3564.31505484
19000 3564.31505484
20000 3695.52066116
21000 3695.52066116
22000 3981.73103942
23000 4267.94141769
24000 3770.0842377
25000 3272.22705771
26000 5040.3476734
27000 5040.3476734
28000 5040.3476734
29000 5040.3476734
30000 5040.3476734
31000 5040.3476734
32000 5040.3476734
33000 5040.3476734
34000 5040.3476734
35000 5040.3476734
36000 4803.42465201
37000 4803.42465201
38000 4803.42465201
39000 4803.42465201
40000 4803.42465201
41000 4803.42465201
42000 4803.42465201
43000 4803.42465201
44000 4803.42465201
45000 4803.42465201
46000 5195.02111457
47000 5195.02111457
48000 5195.02111457
49000 5195.02111457
50000 5195.02111457
51000 5195.02111457
52000 5195.02111457
53000 5195.02111457
54000 5195.02111457
55000 5374.97310734
56000 5374.97310734
57000 5374.97310734
58000 5374.97310734
59000 5374.97310734
60000 5374.97310734
61000 5374.97310734
62000 5374.97310734
63000 5374.97310734
64000 4791.35098207
65000 4791.35098207
66000 4791.35098207
67000 4791.35098207
68000 4791.35098207
69000 4791.35098207
70000 4791.35098207
71000 4791.35098207
72000 4791.35098207
73000 4791.35098207
74000 5184.81254668
75000 5184.81254668
76000 5184.81254668
77000 5184.81254668
78000 5184.81254668
79000 5184.81254668
80000 5184.81254668
81000 5184.81254668
82000 5184.81254668
83000 6845.23098598
84000 8505.64942529
85000 8505.64942529
86000 8505.64942529
87000 8505.64942529
88000 8505.64942529
89000 8505.64942529
90000 9996.10941202
91000 9996.10941202
92000 9996.10941202
93000 9996.10941202
94000 9996.10941202
95000 9572.85156913
96000 9572.85156913
97000 9572.85156913
98000 9572.85156913
99000 9572.85156913
100000 9646.60194175
101000 9646.60194175
102000 9646.60194175
103000 9646.60194175
104000 9646.60194175
105000 9670.99506325
106000 9695.38818475
107000 9695.38818475
108000 9695.38818475
109000 9695.38818475
110000 9975.12617543
111000 10254.8641661
112000 10254.8641661
113000 10254.8641661
114000 10254.8641661
115000 9466.9292304
116000 8678.99429471
117000 8678.99429471
118000 8678.99429471
119000 8678.99429471
120000 8678.99429471
121000 10286.1891263
122000 10286.1891263
123000 10286.1891263
124000 10286.1891263
125000 10286.1891263
126000 10097.4089298
127000 9908.62873338
128000 9908.62873338
129000 9908.62873338
130000 9908.62873338
131000 9412.7148328
132000 8916.80093222
133000 8916.80093222
134000 8916.80093222
135000 8916.80093222
136000 8916.80093222
137000 10101.4049837
138000 10101.4049837
139000 10101.4049837
140000 10101.4049837
141000 10101.4049837
142000 10337.632444
143000 10337.632444
144000 10337.632444
145000 10337.632444
146000 10337.632444
147000 6715.60701134
148000 6715.60701134
149000 6715.60701134
150000 6715.60701134
151000 6715.60701134
152000 6715.60701134
153000 6715.60701134
154000 8027.02903084
155000 9338.45105034
156000 9338.45105034
157000 9338.45105034
158000 9338.45105034
159000 9338.45105034
160000 9817.59602237
161000 9817.59602237
162000 9817.59602237
163000 9817.59602237
164000 9817.59602237
165000 10155.5853967
166000 10155.5853967
167000 10155.5853967
168000 10155.5853967
169000 10155.5853967
170000 10493.5747711
171000 10493.5747711
172000 10493.5747711
173000 10459.1427799
174000 10459.1427799
175000 10459.1427799
176000 10459.1427799
177000 10459.1427799
178000 10459.1427799
179000 10459.1427799
180000 10424.7107888
181000 10424.7107888
182000 10424.7107888
183000 10424.7107888
184000 10124.7100318
185000 10124.7100318
186000 10124.7100318
187000 10124.7100318
188000 9824.7092748
189000 9824.7092748
190000 9824.7092748
191000 9824.7092748
192000 9824.7092748
193000 10130.5437801
194000 10130.5437801
195000 10130.5437801
196000 10130.5437801
197000 10130.5437801
198000 10130.5437801
199000 10130.5437801
200000 10436.3782854
201000 10436.3782854
202000 10436.3782854
203000 10436.3782854
204000 9817.2952381
205000 9817.2952381
206000 9817.2952381
207000 9817.2952381
208000 9817.2952381
209000 9019.47812436
210000 9019.47812436
211000 9019.47812436
212000 9019.47812436
213000 9019.47812436
214000 9019.47812436
215000 9019.47812436
216000 9019.47812436
217000 9019.47812436
218000 9019.47812436
219000 9019.47812436
220000 8221.66101063
221000 8221.66101063
222000 8221.66101063
223000 8221.66101063
224000 8221.66101063
225000 8543.74997365
226000 8543.74997365
227000 8543.74997365
228000 8543.74997365
229000 8865.83893667
230000 8865.83893667
231000 8865.83893667
232000 8865.83893667
233000 8865.83893667
234000 9768.81681172
235000 9768.81681172
236000 9768.81681172
237000 9768.81681172
238000 9768.81681172
239000 6544.60902178
240000 6544.60902178
241000 6544.60902178
242000 6544.60902178
243000 6544.60902178
244000 6544.60902178
245000 6544.60902178
246000 6544.60902178
247000 6544.60902178
248000 6544.60902178
249000 3320.40123185
250000 3320.40123185
251000 3320.40123185
252000 3320.40123185
253000 3855.23541516
254000 3855.23541516
255000 3855.23541516
256000 3855.23541516
257000 3855.23541516
258000 4390.06959847
259000 4390.06959847
260000 4390.70242101
261000 4390.70242101
262000 4390.70242101
263000 4391.33524355
264000 4391.33524355
265000 4905.70042796
266000 4905.70042796
267000 4791.32993445
268000 3917.45537757
269000 3917.45537757
270000 3564.31505484
271000 3564.31505484
272000 3629.917858
273000 3695.52066116
274000 3695.52066116
275000 4267.94141769
276000 4267.94141769
277000 3272.22705771
278000 4156.28736555
279000 5040.3476734
280000 5040.3476734
281000 5040.3476734
282000 5040.3476734
283000 5040.3476734
284000 5040.3476734
285000 5040.3476734
286000 5040.3476734
287000 5040.3476734
288000 4921.8861627
289000 4803.42465201
290000 4803.42465201
291000 4803.42465201
292000 4803.42465201
293000 4803.42465201
294000 4803.42465201
295000 4803.42465201
296000 4803.42465201
297000 4803.42465201
298000 4999.22288329
299000 5195.02111457
300000 5195.02111457
301000 5195.02111457
302000 5195.02111457
303000 5195.02111457
304000 5195.02111457
305000 5195.02111457
306000 5195.02111457
307000 5284.99711095
308000 5374.97310734
309000 5374.97310734
310000 5374.97310734
311000 5374.97310734
312000 5374.97310734
313000 5374.97310734
314000 5374.97310734
315000 5374.97310734
316000 5374.97310734
317000 4791.35098207
318000 4791.35098207
319000 4791.35098207
320000 4791.35098207
321000 4791.35098207
322000 4791.35098207
323000 4791.35098207
324000 4791.35098207
325000 4791.35098207
326000 4988.08176437
327000 5184.81254668
328000 5184.81254668
329000 5184.81254668
330000 5184.81254668
331000 5184.81254668
332000 5184.81254668
333000 5184.81254668
334000 5184.81254668
335000 5184.81254668
336000 6845.23098598
337000 8505.64942529
338000 8505.64942529
339000 8505.64942529
340000 8505.64942529
341000 8505.64942529
342000 9250.87941866
343000 9996.10941202
344000 9996.10941202
345000 9996.10941202
346000 9996.10941202
347000 9784.48049057
348000 9572.85156913
349000 9572.85156913
350000 9572.85156913
351000 9572.85156913
352000 9572.85156913
353000 9646.60194175
354000 9646.60194175
355000 9646.60194175
356000 9646.60194175
357000 9646.60194175
358000 9695.38818475
359000 9695.38818475
360000 9695.38818475
361000 9695.38818475
362000 9695.38818475
363000 10254.8641661
364000 10254.8641661
365000 10254.8641661
366000 10254.8641661
367000 10254.8641661
368000 9466.9292304
369000 8678.99429471
370000 8678.99429471
371000 8678.99429471
372000 8678.99429471
373000 8678.99429471
374000 10286.1891263
375000 10286.1891263
376000 10286.1891263
377000 10286.1891263
378000 10286.1891263
379000 9908.62873338
380000 9908.62873338
381000 9908.62873338
382000 9908.62873338
383000 9908.62873338
384000 8916.80093222
385000 8916.80093222
386000 8916.80093222
387000 8916.80093222
388000 8916.80093222
389000 8916.80093222
390000 10101.4049837
391000 10101.4049837
392000 10101.4049837
393000 10101.4049837
394000 10101.4049837
395000 10337.632444
396000 10337.632444
397000 10337.632444
398000 10337.632444
399000 10337.632444
400000 6715.60701134
401000 6715.60701134
402000 6715.60701134
403000 6715.60701134
404000 6715.60701134
405000 6715.60701134
406000 6715.60701134
407000 9338.45105034
408000 9338.45105034
409000 9338.45105034
410000 9338.45105034
411000 9338.45105034
412000 9578.02353636
413000 9817.59602237
414000 9817.59602237
415000 9817.59602237
416000 9817.59602237
417000 9817.59602237
418000 10155.5853967
419000 10155.5853967
420000 10155.5853967
421000 10155.5853967
422000 10493.5747711
423000 10493.5747711
424000 10493.5747711
425000 10493.5747711
426000 10459.1427799
427000 10459.1427799
428000 10459.1427799
429000 10459.1427799
430000 10459.1427799
431000 10459.1427799
432000 10424.7107888
433000 10424.7107888
434000 10424.7107888
435000 10424.7107888
436000 10424.7107888
437000 10124.7100318
438000 10124.7100318
439000 10124.7100318
440000 10124.7100318
441000 9824.7092748
442000 9824.7092748
443000 9824.7092748
444000 9824.7092748
445000 10130.5437801
446000 10130.5437801
447000 10130.5437801
448000 10130.5437801
449000 10130.5437801
450000 10130.5437801
451000 10130.5437801
452000 10436.3782854
453000 10436.3782854
454000 10436.3782854
455000 10436.3782854
456000 10126.8367618
457000 9817.2952381
458000 9817.2952381
459000 9817.2952381
460000 9817.2952381
461000 9817.2952381
462000 9019.47812436
463000 9019.47812436
464000 9019.47812436
465000 9019.47812436
466000 9019.47812436
467000 9019.47812436
468000 9019.47812436
469000 9019.47812436
470000 9019.47812436
471000 9019.47812436
472000 8221.66101063
473000 8221.66101063
474000 8221.66101063
475000 8221.66101063
476000 8221.66101063
477000 8221.66101063
478000 8543.74997365
479000 8543.74997365
480000 8543.74997365
481000 8865.83893667
482000 8865.83893667
483000 8865.83893667
484000 8865.83893667
485000 8865.83893667
486000 8865.83893667
487000 9768.81681172
488000 9768.81681172
489000 9768.81681172
490000 9768.81681172
491000 9768.81681172
492000 6544.60902178
493000 6544.60902178
494000 6544.60902178
495000 6544.60902178
496000 6544.60902178
497000 6544.60902178
498000 6544.60902178
499000 6544.60902178
500000 6544.60902178
501000 3320.40123185
502000 3320.40123185
503000 3320.40123185
504000 3320.40123185
505000 3320.40123185
