0 4199.65354331
1000 4199.65354331
2000 4199.65354331
3000 4199.65354331
4000 4199.65354331
5000 4199.65354331
6000 5774.05488836
7000 5774.05488836
8000 7348.45623342
9000 7637.75387304
10000 7637.75387304
11000 7927.05151267
12000 7927.05151267
13000 7047.08131189
14000 6167.11111111
15000 6340.48847431
16000 5582.00024083
17000 5582.00024083
18000 5043.61521253
19000 6966.30809399
20000 6561.77333633
21000 5885.37985272
22000 5613.52112676
23000 7624.66565809
24000 6610.74017973
25000 6166.10248866
26000 6735.39027595
27000 6828.59709379
28000 6987.40442925
29000 6533.91763135
30000 5921.623498
31000 7888.84150261
32000 9856.05950721
33000 9856.05950721
34000 9458.78637771
35000 9458.78637771
36000 9458.78637771
37000 9611.64541815
38000 9764.5044586
39000 9764.5044586
40000 9764.5044586
41000 9715.61153943
42000 9666.71862025
43000 9666.71862025
44000 9666.71862025
45000 9891.99858807
46000 9891.99858807
47000 9891.99858807
48000 9623.47394842
49000 9354.94930876
50000 9354.94930876
51000 9620.23109441
52000 9620.23109441
53000 9620.23109441
54000 9619.97172557
55000 9619.97172557
56000 9429.28740004
57000 9238.6030745
58000 9238.6030745
59000 9238.6030745
60000 9033.9069576
61000 9033.9069576
62000 9033.9069576
63000 9631.94805195
64000 9631.94805195
65000 9631.94805195
66000 9631.94805195
67000 9566.87747839
68000 9566.87747839
69000 9616.80864283
70000 9666.73980726
71000 9666.73980726
72000 9773.50273485
73000 9880.26566244
74000 9880.26566244
75000 9880.26566244
76000 9761.30338778
77000 9642.34111311
78000 9642.34111311
79000 8469.50632762
80000 7296.67154213
81000 7296.67154213
82000 7296.67154213
83000 9323.58953722
84000 9323.58953722
85000 9323.58953722
86000 9356.92046601
87000 9390.25139481
88000 9390.25139481
89000 9390.25139481
90000 9279.41643597
91000 9168.58147714
92000 9168.58147714
93000 9168.58147714
94000 9168.58147714
95000 9084.82902854
96000 9001.07657993
97000 9001.07657993
98000 9061.76114279
99000 9122.44570564
100000 9122.44570564
101000 9122.44570564
102000 9215.08301237
103000 9307.7203191
104000 9307.7203191
105000 9223.31010686
106000 9138.89989463
107000 9138.89989463
108000 9173.06081498
109000 9207.22173532
110000 9207.22173532
111000 9253.98149703
112000 9300.74125874
113000 9300.74125874
114000 9299.79715511
115000 9299.79715511
116000 9298.85305148
117000 9298.85305148
118000 9298.85305148
119000 9479.97094649
120000 9661.08884151
121000 9661.08884151
122000 9661.08884151
123000 9344.27835052
124000 9344.27835052
125000 9344.27835052
126000 9344.27835052
127000 9345.35267811
128000 9346.4270057
129000 9346.4270057
130000 9334.73028137
131000 9323.03355705
132000 9323.03355705
133000 8937.16483267
134000 8551.29610829
135000 8551.29610829
136000 8551.29610829
137000 8936.99997052
138000 9322.70383275
139000 9322.70383275
140000 9388.10014213
141000 9453.4964515
142000 9453.4964515
143000 9453.4964515
144000 9336.53889181
145000 9219.58133213
146000 9219.58133213
147000 9162.95488502
148000 9106.32843792
149000 9106.32843792
150000 9279.91806511
151000 9453.50769231
152000 9453.50769231
153000 9453.50769231
154000 9321.62333622
155000 9189.73898012
156000 9189.73898012
157000 9172.18606149
158000 9154.63314286
159000 9154.63314286
160000 9154.63314286
161000 9223.46572397
162000 9292.29830508
163000 9292.29830508
164000 8980.81680176
165000 8669.33529845
166000 8669.33529845
167000 8669.33529845
168000 8997.06764922
169000 8997.06764922
170000 9324.8
171000 9324.8
172000 9281.6182708
173000 9281.6182708
174000 9238.4365416
175000 9238.4365416
176000 9238.4365416
177000 9334.05730126
178000 9429.67806091
179000 9429.67806091
180000 9429.67806091
181000 9493.50747965
182000 9557.3368984
183000 9557.3368984
184000 9557.3368984
185000 9024.3622678
186000 8491.3876372
187000 8491.3876372
188000 8491.3876372
189000 9079.6924826
190000 9667.99732799
191000 9667.99732799
192000 9667.99732799
193000 9689.84204672
194000 9689.84204672
195000 9689.84204672
196000 9705.48881485
197000 9705.48881485
198000 9702.72193552
199000 9699.95505618
200000 9699.95505618
201000 9699.95505618
202000 9584.90687389
203000 9584.90687389
204000 9469.85869159
205000 9469.85869159
206000 9469.85869159
207000 9628.56464971
208000 9787.27060783
209000 9787.27060783
210000 9787.27060783
211000 9705.04271132
212000 9622.81481481
213000 9622.81481481
214000 9622.81481481
215000 9565.46338705
216000 9565.46338705
217000 9565.46338705
218000 9565.46338705
219000 9508.11195929
220000 9508.11195929
221000 9460.28489531
222000 9460.28489531
223000 9460.28489531
224000 9460.28489531
225000 9412.45783133
226000 9412.45783133
227000 6806.05568732
228000 6806.05568732
229000 6806.05568732
230000 6806.05568732
231000 6806.05568732
232000 4199.65354331
233000 5774.05488836
234000 5774.05488836
235000 7348.45623342
236000 7637.75387304
237000 7637.75387304
238000 7927.05151267
239000 7927.05151267
240000 6167.11111111
241000 6560.59167951
242000 6120.38526912
243000 5582.00024083
244000 5043.61521253
245000 6004.96165326
246000 6966.30809399
247000 6157.23857868
248000 5885.37985272
249000 6619.09339243
250000 7624.66565809
251000 5596.81470138
252000 6166.10248866
253000 6781.99368487
254000 6828.59709379
255000 7146.21176471
256000 6533.91763135
257000 7888.84150261
258000 9856.05950721
259000 9856.05950721
260000 9657.42294246
261000 9458.78637771
262000 9458.78637771
263000 9458.78637771
264000 9764.5044586
265000 9764.5044586
266000 9764.5044586
267000 9764.5044586
268000 9666.71862025
269000 9666.71862025
270000 9666.71862025
271000 9779.35860416
272000 9891.99858807
273000 9891.99858807
274000 9891.99858807
275000 9354.94930876
276000 9354.94930876
277000 9354.94930876
278000 9620.23109441
279000 9620.23109441
280000 9619.97172557
281000 9619.97172557
282000 9619.97172557
283000 9429.28740004
284000 9238.6030745
285000 9238.6030745
286000 9238.6030745
287000 9033.9069576
288000 9033.9069576
289000 9033.9069576
290000 9631.94805195
291000 9631.94805195
292000 9631.94805195
293000 9599.41276517
294000 9566.87747839
295000 9566.87747839
296000 9666.73980726
297000 9666.73980726
298000 9666.73980726
299000 9773.50273485
300000 9880.26566244
301000 9880.26566244
302000 9880.26566244
303000 9642.34111311
304000 9642.34111311
305000 9642.34111311
306000 7296.67154213
307000 7296.67154213
308000 7296.67154213
309000 8310.13053967
310000 9323.58953722
311000 9323.58953722
312000 9356.92046601
313000 9356.92046601
314000 9390.25139481
315000 9390.25139481
316000 9390.25139481
317000 9279.41643597
318000 9168.58147714
319000 9168.58147714
320000 9168.58147714
321000 9084.82902854
322000 9001.07657993
323000 9001.07657993
324000 9001.07657993
325000 9061.76114279
326000 9122.44570564
327000 9122.44570564
328000 9215.08301237
329000 9307.7203191
330000 9307.7203191
331000 9223.31010686
332000 9223.31010686
333000 9138.89989463
334000 9173.06081498
335000 9173.06081498
336000 9207.22173532
337000 9207.22173532
338000 9253.98149703
339000 9300.74125874
340000 9300.74125874
341000 9299.79715511
342000 9298.85305148
343000 9298.85305148
344000 9298.85305148
345000 9479.97094649
346000 9661.08884151
347000 9661.08884151
348000 9661.08884151
349000 9502.68359602
350000 9344.27835052
351000 9344.27835052
352000 9344.27835052
353000 9345.35267811
354000 9346.4270057
355000 9346.4270057
356000 9346.4270057
357000 9334.73028137
358000 9323.03355705
359000 9323.03355705
360000 8937.16483267
361000 8551.29610829
362000 8551.29610829
363000 8936.99997052
364000 9322.70383275
365000 9322.70383275
366000 9388.10014213
367000 9453.4964515
368000 9453.4964515
369000 9453.4964515
370000 9336.53889181
371000 9219.58133213
372000 9219.58133213
373000 9219.58133213
374000 9106.32843792
375000 9106.32843792
376000 9106.32843792
377000 9279.91806511
378000 9453.50769231
379000 9453.50769231
380000 9453.50769231
381000 9321.62333622
382000 9189.73898012
383000 9189.73898012
384000 9172.18606149
385000 9154.63314286
386000 9154.63314286
387000 9154.63314286
388000 9223.46572397
389000 9292.29830508
390000 9292.29830508
391000 8980.81680176
392000 8669.33529845
393000 8669.33529845
394000 8669.33529845
395000 8997.06764922
396000 9324.8
397000 9324.8
398000 9324.8
399000 9281.6182708
400000 9238.4365416
401000 9238.4365416
402000 9238.4365416
403000 9334.05730126
404000 9429.67806091
405000 9429.67806091
406000 9429.67806091
407000 9429.67806091
408000 9493.50747965
409000 9557.3368984
410000 9557.3368984
411000 9557.3368984
412000 9024.3622678
413000 8491.3876372
414000 8491.3876372
415000 8491.3876372
416000 9079.6924826
417000 9667.99732799
418000 9667.99732799
419000 9667.99732799
420000 9689.84204672
421000 9689.84204672
422000 9689.84204672
423000 9705.48881485
424000 9705.48881485
425000 9702.72193552
426000 9699.95505618
427000 9699.95505618
428000 9699.95505618
429000 9584.90687389
430000 9584.90687389
431000 9469.85869159
432000 9469.85869159
433000 9469.85869159
434000 9628.56464971
435000 9787.27060783
436000 9787.27060783
437000 9705.04271132
438000 9705.04271132
439000 9622.81481481
440000 9622.81481481
441000 9622.81481481
442000 9565.46338705
443000 9565.46338705
444000 9565.46338705
445000 9508.11195929
446000 9508.11195929
447000 9508.11195929
448000 9460.28489531
449000 9460.28489531
450000 9460.28489531
451000 9412.45783133
452000 9412.45783133
453000 9412.45783133
