0 2009.19717405
1000 2009.19717405
2000 2009.19717405
3000 2009.19717405
4000 2009.19717405
5000 2009.19717405
6000 2009.19717405
7000 2009.19717405
8000 2009.19717405
9000 2009.19717405
10000 2009.19717405
11000 2009.19717405
12000 2009.19717405
13000 2009.19717405
14000 2009.19717405
15000 2009.19717405
16000 1373.33956095
17000 1373.33956095
18000 1373.33956095
19000 819.617463617
20000 819.617463617
21000 819.617463617
22000 819.617463617
23000 1302.40251572
24000 1302.40251572
25000 1302.40251572
26000 1678.22413793
27000 1678.22413793
28000 1884.31192661
29000 1884.31192661
30000 1884.31192661
31000 1527.1733992
32000 1527.1733992
33000 1527.1733992
34000 1527.1733992
35000 1527.1733992
36000 1170.03487179
37000 1170.03487179
38000 1170.03487179
39000 1170.03487179
40000 2051.25862804
41000 2051.25862804
42000 2051.25862804
43000 1015.85964912
44000 1015.85964912
45000 1015.85964912
46000 1015.85964912
47000 1234.7264239
48000 1234.7264239
49000 1234.7264239
50000 1234.7264239
51000 1234.7264239
52000 1334.22788393
53000 1334.22788393
54000 1334.22788393
55000 1334.22788393
56000 1356.29330314
57000 1356.29330314
58000 1356.29330314
59000 1356.29330314
60000 1356.29330314
61000 1356.29330314
62000 1356.29330314
63000 1356.29330314
64000 1356.29330314
65000 1356.29330314
66000 1356.29330314
67000 1356.29330314
68000 1356.29330314
69000 1356.29330314
70000 1356.29330314
71000 1378.35872236
72000 1378.35872236
73000 549.00842001
74000 549.00842001
75000 601.6
76000 601.6
77000 601.6
78000 1438.05115713
79000 1438.05115713
80000 1904.41558442
81000 695.253713607
82000 695.253713607
83000 1882.92379471
84000 1818.67174957
85000 1754.41970443
86000 1754.41970443
87000 2120.2814983
88000 2120.2814983
89000 1793.60744186
90000 1684.18937198
91000 1684.18937198
92000 1926.72030524
93000 1926.72030524
94000 1926.72030524
95000 2169.2512385
96000 2169.2512385
97000 2169.2512385
98000 2270.82437276
99000 2270.82437276
100000 2071.10044978
101000 2172.79139232
102000 2172.79139232
103000 2274.48233487
104000 2274.48233487
105000 2274.48233487
106000 1114.93636051
107000 1114.93636051
108000 1114.93636051
109000 1964.71898734
110000 1964.71898734
111000 1952.45256335
112000 1952.45256335
113000 1952.45256335
114000 2145.01517241
115000 1751.51448879
116000 1751.51448879
117000 1751.51448879
118000 938.741071429
119000 938.741071429
120000 938.741071429
121000 938.741071429
122000 1334.53521127
123000 1334.53521127
124000 1334.53521127
125000 1616.62083947
126000 1616.62083947
127000 1616.62083947
128000 1616.62083947
129000 1616.62083947
130000 1616.62083947
131000 1616.62083947
132000 1616.62083947
133000 1616.62083947
134000 1616.62083947
135000 1616.62083947
136000 1616.62083947
137000 1616.62083947
138000 1616.62083947
139000 1898.70646766
140000 1898.70646766
141000 1898.70646766
142000 1728.18191628
143000 1728.18191628
144000 1728.18191628
145000 1557.65736489
146000 1557.65736489
147000 1557.65736489
148000 1557.65736489
149000 1557.65736489
150000 1967.4095941
151000 1967.4095941
152000 1967.4095941
153000 1672.07498198
154000 1672.07498198
155000 1672.07498198
156000 1552.57881137
157000 1552.57881137
158000 1552.57881137
159000 1552.57881137
160000 1987.30474873
161000 1987.30474873
162000 1987.30474873
163000 1962.76911256
164000 1962.76911256
165000 1962.76911256
166000 1275.13982199
167000 1275.13982199
168000 1275.13982199
169000 1275.13982199
170000 1731.56458636
171000 1731.56458636
172000 1731.56458636
173000 2147.05049552
174000 2147.05049552
175000 2147.05049552
176000 1899.46169772
177000 1899.46169772
178000 1899.46169772
179000 1304.57707273
180000 1304.57707273
181000 1304.57707273
182000 1304.57707273
183000 920.496721944
184000 920.496721944
185000 920.496721944
186000 920.496721944
187000 920.496721944
188000 920.496721944
189000 2333.46930281
190000 2333.46930281
191000 419.948051948
192000 419.948051948
193000 419.948051948
194000 419.948051948
195000 419.948051948
196000 419.948051948
197000 419.948051948
198000 419.948051948
199000 419.948051948
200000 419.948051948
201000 419.948051948
202000 419.948051948
203000 2112.65
204000 2112.65
205000 2112.65
206000 2112.65
207000 2112.65
208000 2112.65
209000 2112.65
210000 2112.65
211000 2112.65
212000 2112.65
213000 2112.65
214000 3034.79732739
215000 1604.68357588
216000 1604.68357588
217000 1604.68357588
218000 2284.17878104
219000 2284.17878104
220000 2284.17878104
221000 3559.57588962
222000 3559.57588962
223000 3252.21386139
224000 3252.21386139
225000 1980.13715359
226000 1980.13715359
227000 1980.13715359
228000 1437.17676928
229000 1437.17676928
230000 1437.17676928
231000 3226.52038547
232000 3226.52038547
233000 4238.03717472
234000 4238.03717472
235000 3484.87804878
236000 3484.87804878
237000 2985.07620941
238000 2985.07620941
239000 1892.82288229
240000 1892.82288229
241000 1892.82288229
242000 1379.23038481
243000 1379.23038481
244000 1758.85963636
245000 1758.85963636
246000 2123.29411765
247000 2066.24564585
248000 2066.24564585
249000 2066.24564585
250000 2066.24564585
251000 2066.24564585
252000 2066.24564585
253000 2066.24564585
254000 2066.24564585
255000 2066.24564585
256000 2066.24564585
257000 2066.24564585
258000 2066.24564585
259000 2066.24564585
260000 2009.19717405
261000 2009.19717405
262000 2009.19717405
263000 1373.33956095
264000 1373.33956095
265000 819.617463617
266000 819.617463617
267000 819.617463617
268000 819.617463617
269000 819.617463617
270000 1302.40251572
271000 1302.40251572
272000 1302.40251572
273000 1678.22413793
274000 1678.22413793
275000 1884.31192661
276000 1884.31192661
277000 1527.1733992
278000 1527.1733992
279000 1527.1733992
280000 1527.1733992
281000 1527.1733992
282000 1170.03487179
283000 1170.03487179
284000 1170.03487179
285000 1170.03487179
286000 1170.03487179
287000 2051.25862804
288000 2051.25862804
289000 2051.25862804
290000 1015.85964912
291000 1015.85964912
292000 1015.85964912
293000 1015.85964912
294000 1234.7264239
295000 1234.7264239
296000 1234.7264239
297000 1234.7264239
298000 1234.7264239
299000 1334.22788393
300000 1334.22788393
301000 1334.22788393
302000 1334.22788393
303000 1356.29330314
304000 1356.29330314
305000 1356.29330314
306000 1356.29330314
307000 1356.29330314
308000 1356.29330314
309000 1356.29330314
310000 1356.29330314
311000 1356.29330314
312000 1356.29330314
313000 1356.29330314
314000 1356.29330314
315000 1356.29330314
316000 1356.29330314
317000 1356.29330314
318000 1378.35872236
319000 549.00842001
320000 549.00842001
321000 549.00842001
322000 601.6
323000 601.6
324000 601.6
325000 1438.05115713
326000 1904.41558442
327000 1904.41558442
328000 695.253713607
329000 695.253713607
330000 1882.92379471
331000 1818.67174957
332000 1754.41970443
333000 1754.41970443
334000 2120.2814983
335000 2120.2814983
336000 1793.60744186
337000 1684.18937198
338000 1684.18937198
339000 1926.72030524
340000 1926.72030524
341000 1926.72030524
342000 2169.2512385
343000 2169.2512385
344000 2169.2512385
345000 2270.82437276
346000 2071.10044978
347000 2071.10044978
348000 2172.79139232
349000 2172.79139232
350000 2274.48233487
351000 2274.48233487
352000 1114.93636051
353000 1114.93636051
354000 1114.93636051
355000 1114.93636051
356000 1964.71898734
357000 1964.71898734
358000 1952.45256335
359000 1952.45256335
360000 2145.01517241
361000 2145.01517241
362000 1751.51448879
363000 1751.51448879
364000 1751.51448879
365000 938.741071429
366000 938.741071429
367000 938.741071429
368000 938.741071429
369000 1334.53521127
370000 1334.53521127
371000 1334.53521127
372000 1616.62083947
373000 1616.62083947
374000 1616.62083947
375000 1616.62083947
376000 1616.62083947
377000 1616.62083947
378000 1616.62083947
379000 1616.62083947
380000 1616.62083947
381000 1616.62083947
382000 1616.62083947
383000 1616.62083947
384000 1616.62083947
385000 1616.62083947
386000 1898.70646766
387000 1898.70646766
388000 1898.70646766
389000 1728.18191628
390000 1728.18191628
391000 1728.18191628
392000 1557.65736489
393000 1557.65736489
394000 1557.65736489
395000 1557.65736489
396000 1557.65736489
397000 1967.4095941
398000 1967.4095941
399000 1967.4095941
400000 1672.07498198
401000 1672.07498198
402000 1672.07498198
403000 1552.57881137
404000 1552.57881137
405000 1552.57881137
406000 1552.57881137
407000 1987.30474873
408000 1987.30474873
409000 1987.30474873
410000 1962.76911256
411000 1962.76911256
412000 1962.76911256
413000 1275.13982199
414000 1275.13982199
415000 1275.13982199
416000 1275.13982199
417000 1731.56458636
418000 1731.56458636
419000 1731.56458636
420000 2147.05049552
421000 2147.05049552
422000 2147.05049552
423000 1899.46169772
424000 1899.46169772
425000 1899.46169772
426000 1304.57707273
427000 1304.57707273
428000 1304.57707273
429000 1304.57707273
430000 920.496721944
431000 920.496721944
432000 920.496721944
433000 920.496721944
434000 920.496721944
435000 920.496721944
436000 2333.46930281
437000 2333.46930281
438000 419.948051948
439000 419.948051948
440000 419.948051948
441000 419.948051948
442000 419.948051948
443000 419.948051948
444000 419.948051948
445000 419.948051948
446000 419.948051948
447000 419.948051948
448000 419.948051948
449000 419.948051948
450000 2112.65
451000 2112.65
452000 2112.65
453000 2112.65
454000 2112.65
455000 2112.65
456000 2112.65
457000 2112.65
458000 2112.65
459000 2112.65
460000 3034.79732739
461000 3034.79732739
462000 1604.68357588
463000 1604.68357588
464000 1604.68357588
465000 2284.17878104
466000 2284.17878104
467000 2284.17878104
468000 3559.57588962
469000 3559.57588962
470000 3252.21386139
471000 3252.21386139
472000 1980.13715359
473000 1980.13715359
474000 1980.13715359
475000 1437.17676928
476000 1437.17676928
477000 1437.17676928
478000 3226.52038547
479000 3226.52038547
480000 4238.03717472
481000 4238.03717472
482000 3484.87804878
483000 3484.87804878
484000 2985.07620941
485000 1892.82288229
486000 1892.82288229
487000 1892.82288229
488000 1892.82288229
489000 1379.23038481
490000 1379.23038481
491000 1758.85963636
492000 1758.85963636
493000 2123.29411765
