0 13536.7002746
1364 13536.7002746
1825 9413.46050668
3001 9413.46050668
3127 21135.3487052
4064 21135.3487052
4418 17869.4561538
5893 17869.4561538
6071 14750.0735366
7384 14750.0735366
7548 13083.9906706
8294 13083.9906706
8771 18708.8675822
9554 18708.8675822
9761 6067.13466649
10864 6067.13466649
11078 15817.2022775
12291 15817.2022775
12569 12976.5017149
13219 12976.5017149
13359 4057.66254472
14077 4057.66254472
14486 9010.12562493
15256 9010.12562493
15710 19854.2436886
16344 19854.2436886
16748 14672.7660026
17804 14672.7660026
18010 17426.5818549
18649 17426.5818549
18898 14927.8654042
19848 14927.8654042
20098 20601.0074046
20784 20601.0074046
20986 15240.580773
22167 15240.580773
22405 10603.287949
23284 10603.287949
23574 15142.3432958
24808 15142.3432958
25261 16536.9064091
26395 16536.9064091
26574 14098.9773673
28060 14098.9773673
28371 18107.5850957
29342 18107.5850957
29670 17619.1805627
30913 17619.1805627
31256 12807.0125849
31826 12807.0125849
32223 16222.1189175
33039 16222.1189175
33338 17562.7201691
34150 17562.7201691
34452 16143.2212921
35670 16143.2212921
35803 14191.7529299
37170 14191.7529299
37611 14990.2376733
39065 14990.2376733
39258 15190.8437241
40120 15190.8437241
40423 12772.3708863
41762 12772.3708863
42074 15832.5545122
43430 15832.5545122
43677 17622.1386714
44686 17622.1386714
45163 10062.5123566
46372 10062.5123566
46560 14881.2362236
47816 14881.2362236
48104 13635.9176502
48877 13635.9176502
49028 13725.8938501
49940 13725.8938501
50434 11471.3371104
51713 11471.3371104
52114 12512.8816515
52869 12512.8816515
53294 16047.7613074
54288 16047.7613074
54750 15627.5959747
55827 15627.5959747
55967 16402.2987137
57128 16402.2987137
57600 12387.3822874
58825 12387.3822874
59313 12833.9288897
60564 12833.9288897
60880 17262.6131135
61548 17262.6131135
61937 7844.66007234
62926 7844.66007234
63332 14371.3870898
63917 14371.3870898
64079 14153.6050092
65402 14153.6050092
65676 15998.082166
67046 15998.082166
67399 15794.3916032
68859 15794.3916032
69321 9114.43682899
70119 9114.43682899
70515 13437.5503192
71120 13437.5503192
71317 9244.48982173
72084 9244.48982173
72190 9881.03519525
72735 9881.03519525
73025 18769.5363124
74212 18769.5363124
74350 15900.7387561
75109 15900.7387561
75402 18878.3345416
76477 18878.3345416
76679 4958.96704249
77688 4958.96704249
78072 18281.5088899
79314 18281.5088899
79610 17768.6354808
80211 17768.6354808
80393 10171.0360301
81554 10171.0360301
81771 15973.2108515
83268 15973.2108515
83528 10411.5529508
84131 10411.5529508
84323 18370.5480996
85402 18370.5480996
85827 16672.5533223
86497 16672.5533223
86893 16449.5660248
87971 16449.5660248
88327 10868.9294716
88893 10868.9294716
89063 18451.1470258
89585 18451.1470258
90029 13570.4274197
91213 13570.4274197
91506 13976.8230496
92708 13976.8230496
93035 16707.6028552
94530 16707.6028552
94844 15828.5086878
96041 15828.5086878
96236 7811.34026143
97013 7811.34026143
97444 15573.7957233
98883 15573.7957233
99088 8921.42498604
99708 8921.42498604
100186 11134.9641691
101181 11134.9641691
101453 10788.2607369
102042 10788.2607369
102240 11479.8607975
103116 11479.8607975
103438 13035.159114
104693 13035.159114
105182 21948.3670806
105833 21948.3670806
106211 13398.7947104
106771 13398.7947104
107143 15457.4145903
108548 15457.4145903
108697 13310.2613195
109965 13310.2613195
110390 16495.6895499
111847 16495.6895499
112177 11472.9992451
113338 11472.9992451
113650 9327.39643389
114276 9327.39643389
114666 14919.3036532
115535 14919.3036532
116002 13874.6784423
116689 13874.6784423
117118 10510.910025
118382 10510.910025
118598 12770.4849731
119629 12770.4849731
119873 17001.8378237
120961 17001.8378237
121350 13917.3019715
122791 13917.3019715
123178 16782.52054
123683 16782.52054
123879 13402.0234168
124461 13402.0234168
124749 12626.3051536
125467 12626.3051536
125871 15287.8689747
126677 15287.8689747
126955 14047.766912
128168 14047.766912
128624 13863.0626856
129298 13863.0626856
129593 13611.7240909
130887 13611.7240909
131142 9726.36661317
131694 9726.36661317
131853 21084.8858964
132842 21084.8858964
132974 13901.842383
133797 13901.842383
133972 6949.52921488
134658 6949.52921488
134850 20347.088176
136223 20347.088176
136426 13345.0306597
136992 13345.0306597
137451 11964.300889
138050 11964.300889
138207 12278.0777897
138920 12278.0777897
139334 12235.6941035
140341 12235.6941035
140641 12401.3151066
142007 12401.3151066
142144 14899.8434407
143479 14899.8434407
143670 25287.4713585
144823 25287.4713585
145233 14346.8122335
146506 14346.8122335
146699 12119.5916786
148133 12119.5916786
148246 25173.4933098
149239 25173.4933098
149491 11694.0408436
150906 11694.0408436
151229 16240.6051412
152312 16240.6051412
152530 20498.0634854
153283 20498.0634854
153701 13192.282365
154784 13192.282365
154931 16113.8058982
155898 16113.8058982
156348 18593.1324907
156920 18593.1324907
157194 12837.2826818
158467 12837.2826818
158754 12116.7476096
159657 12116.7476096
160012 16768.2353642
161200 16768.2353642
161464 15231.9853613
162940 15231.9853613
163170 17968.5860277
163908 17968.5860277
164317 21639.7833664
165784 21639.7833664
166146 11657.9092689
167397 11657.9092689
167602 19317.2756959
168915 19317.2756959
169333 13225.0115263
169951 13225.0115263
170443 10849.9773275
171830 10849.9773275
172074 11217.2872161
172612 11217.2872161
173004 17242.1379133
173850 17242.1379133
174107 10155.1253232
175252 10155.1253232
175454 9218.92327596
176423 9218.92327596
176598 12273.2400953
177342 12273.2400953
177607 17535.6558815
178948 17535.6558815
179427 7273.19431894
180329 7273.19431894
180479 20673.4963921
181913 20673.4963921
182343 7614.33233504
182942 7614.33233504
183263 17178.9477204
184753 17178.9477204
185101 21942.9908196
186599 21942.9908196
187086 9543.30877527
187839 9543.30877527
188272 15484.3975966
188923 15484.3975966
189381 16468.0412219
190838 16468.0412219
191159 19996.66753
192146 19996.66753
192434 19778.6722461
193850 19778.6722461
194131 14285.5547082
195413 14285.5547082
195880 11690.9755508
196653 11690.9755508
197063 12459.4371057
198247 12459.4371057
198416 22513.3086532
198978 22513.3086532
199155 10255.7157686
200108 10255.7157686
200346 12039.0641842
201336 12039.0641842
201799 15027.7113553
202310 15027.7113553
202527 8441.62387856
203807 8441.62387856
