0 2001.51880402
1263 2001.51880402
1552 2138.54317134
2080 2138.54317134
2482 1857.86646947
3542 1857.86646947
3804 2602.70482336
4371 2602.70482336
4797 2316.53627287
6055 2316.53627287
6413 1874.88663907
7229 1874.88663907
7395 2220.0701712
8514 2220.0701712
8682 2646.83602583
9409 2646.83602583
9718 2097.30218446
11020 2097.30218446
11229 2171.47357488
11912 2171.47357488
12331 2561.76623759
13410 2561.76623759
13629 2218.126847
14388 2218.126847
14844 1826.95180541
15511 1826.95180541
15635 2241.18136652
16570 2241.18136652
16834 2646.13996749
17463 2646.13996749
17789 2389.17666601
18961 2389.17666601
19185 2611.32618107
19840 2611.32618107
20259 2161.1811144
20897 2161.1811144
21200 2476.90099667
22483 2476.90099667
22763 2079.24154993
24095 2079.24154993
24431 1752.2716369
25241 1752.2716369
25693 2218.70376769
26627 2218.70376769
27013 2115.16424718
28377 2115.16424718
28546 1800.98714094
29928 1800.98714094
30125 2354.15928836
31467 2354.15928836
31786 1975.54747658
32379 1975.54747658
32486 2129.92975823
33585 2129.92975823
33706 2336.54750028
34651 2336.54750028
34996 2013.36556273
35615 2013.36556273
35768 2123.35515474
36670 2123.35515474
37162 2181.46988932
38324 2181.46988932
38677 2137.46951849
39461 2137.46951849
39599 2301.57163657
40517 2301.57163657
40663 2000.62190693
41428 2000.62190693
41645 2401.87225046
42578 2401.87225046
42792 2325.06807721
44026 2325.06807721
44331 2161.46207647
45070 2161.46207647
45193 2443.51284211
46353 2443.51284211
46800 2268.86803576
47548 2268.86803576
47742 2446.5484176
48296 2446.5484176
48793 2768.53244854
49562 2768.53244854
50010 2179.60429552
50586 2179.60429552
51077 2106.69608578
52524 2106.69608578
52929 2392.76894407
54116 2392.76894407
54269 2613.21450002
54901 2613.21450002
55108 2351.51123175
56607 2351.51123175
56711 2234.74007674
57499 2234.74007674
57900 1990.98720408
58757 1990.98720408
59143 2378.23742479
60362 2378.23742479
60481 2021.56686768
61903 2021.56686768
62387 1829.26300712
63713 1829.26300712
63969 2614.33716027
64923 2614.33716027
65212 2267.54051105
65902 2267.54051105
66133 2497.53535514
66680 2497.53535514
66896 2504.97206391
67925 2504.97206391
68354 2572.69335053
68937 2572.69335053
69168 2184.99985102
69992 2184.99985102
70291 2366.23876388
71581 2366.23876388
71862 2139.32160705
72787 2139.32160705
73181 2683.86444232
74371 2683.86444232
74569 2161.09784614
75467 2161.09784614
75717 2369.99156164
76346 2369.99156164
76728 2181.05886559
77829 2181.05886559
78023 2361.2437573
79354 2361.2437573
79613 2622.83146884
80783 2622.83146884
81241 2302.25676649
82679 2302.25676649
83047 2500.50955586
84054 2500.50955586
84502 2279.47766205
85935 2279.47766205
86087 2102.58729731
87104 2102.58729731
87507 2156.74307059
88930 2156.74307059
89372 2369.17303342
90552 2369.17303342
90935 2412.81741438
91801 2412.81741438
92116 2230.93397506
93260 2230.93397506
93446 2126.3460996
94554 2126.3460996
94902 2134.77411203
95408 2134.77411203
95848 2100.75273917
97047 2100.75273917
97257 2241.6913564
98634 2241.6913564
98884 2205.87625595
99595 2205.87625595
99772 2259.34224869
101032 2259.34224869
101425 2039.8745026
102905 2039.8745026
103350 2225.02840957
104172 2225.02840957
104519 2216.62594018
105201 2216.62594018
105664 2001.10140675
107104 2001.10140675
107206 2260.32831689
108312 2260.32831689
108653 2677.68940902
109348 2677.68940902
109455 2162.42031373
110949 2162.42031373
111435 1913.85219119
112207 1913.85219119
112617 2624.09743025
113997 2624.09743025
114399 2049.03954831
115112 2049.03954831
115443 2802.35337549
116684 2802.35337549
116842 2407.10542947
117716 2407.10542947
118116 1973.18189138
119357 1973.18189138
119722 2478.26041471
120335 2478.26041471
120515 2370.96405443
121076 2370.96405443
121407 2119.54991793
122205 2119.54991793
122305 1922.54368736
122818 1922.54368736
123000 2247.53789126
124479 2247.53789126
124961 2562.15849859
125556 2562.15849859
125941 2015.40797316
126999 2015.40797316
127283 2198.41469717
128213 2198.41469717
128424 2011.74688478
129101 2011.74688478
129213 2280.23997513
129994 2280.23997513
130148 2423.40235931
131553 2423.40235931
131978 2647.34179914
132738 2647.34179914
133016 2112.69689026
134470 2112.69689026
134857 2429.60424375
135801 2429.60424375
136028 1864.69745477
137509 1864.69745477
137873 2268.30092422
139175 2268.30092422
139541 2525.04694574
140268 2525.04694574
140658 2706.14985935
141263 2706.14985935
141516 2425.46693742
142487 2425.46693742
142784 2374.38145651
143446 2374.38145651
143807 2048.81602886
144706 2048.81602886
144989 2011.6662701
146368 2011.6662701
146799 2269.60663722
147972 2269.60663722
148209 1936.6198462
149107 1936.6198462
149243 2252.68929572
150286 2252.68929572
150422 2414.63395941
151055 2414.63395941
151348 2602.23346485
152643 2602.23346485
152988 2083.67144748
153519 2083.67144748
153998 2090.40933128
154665 2090.40933128
154855 1979.41386541
155691 1979.41386541
155974 2210.63559352
157022 2210.63559352
157213 2241.48207122
157861 2241.48207122
158326 1855.00009206
159078 1855.00009206
159432 2047.81342619
160732 2047.81342619
160996 2537.23259795
162364 2537.23259795
162622 1796.3592085
163569 1796.3592085
163849 2066.51898966
164776 2066.51898966
165119 1888.36223814
166358 1888.36223814
166547 2094.99625203
167792 2094.99625203
168237 2450.33177041
168968 2450.33177041
169255 2481.19082254
170620 2481.19082254
171086 2376.44081836
171806 2376.44081836
172119 2263.30311496
173093 2263.30311496
173340 2398.04391095
174223 2398.04391095
174671 1958.43888469
175850 1958.43888469
176030 2159.16885401
176717 2159.16885401
177131 2102.07461969
178196 2102.07461969
178410 2345.02881383
179532 2345.02881383
179731 1964.13069836
180318 1964.13069836
180602 2018.43603876
181360 2018.43603876
181631 1940.35433032
182596 1940.35433032
183013 1996.33314139
184410 1996.33314139
184818 2306.40678882
186291 2306.40678882
186486 2207.57228935
187334 2207.57228935
187632 2287.50743185
188782 2287.50743185
189056 2214.09830049
189626 2214.09830049
189799 2605.16836544
191207 2605.16836544
191531 2472.55569084
192717 2472.55569084
193165 2592.55374666
193949 2592.55374666
194309 2464.75256786
194987 2464.75256786
195144 2149.27822405
196516 2149.27822405
196816 2210.71480004
197946 2210.71480004
198442 2629.19380122
199832 2629.19380122
200139 2300.99651976
200693 2300.99651976
200832 2340.87581392
201386 2340.87581392
201726 2271.9665914
202834 2271.9665914
203147 2346.44812324
203704 2346.44812324
204085 2650.46394866
205101 2650.46394866
205400 1846.43872781
206529 1846.43872781
206636 1820.13863185
207631 1820.13863185
207784 2398.10962747
208323 2398.10962747
208469 2208.91547726
209833 2208.91547726
210329 2123.02665032
211110 2123.02665032
211406 2554.07471904
212823 2554.07471904
213132 2610.46600056
214392 2610.46600056
214681 2469.08560246
215304 2469.08560246
215778 1804.15294096
216677 1804.15294096
216801 1857.44759341
218116 1857.44759341
218381 2276.05945852
219272 2276.05945852
219515 2328.64901557
220674 2328.64901557
220979 2272.07269612
221646 2272.07269612
221925 2550.67679191
222489 2550.67679191
222880 1769.26943407
224100 1769.26943407
224380 2150.87213586
225444 2150.87213586
225941 2148.00389789
227214 2148.00389789
227537 2269.9244982
228677 2269.9244982
229038 2016.45927603
230412 2016.45927603
230785 2090.63247505
232250 2090.63247505
232447 1921.21762284
233882 1921.21762284
234327 2275.44030431
235129 2275.44030431
235594 2194.99944338
236311 2194.99944338
236664 2243.4291766
237632 2243.4291766
237732 2590.78889399
238343 2590.78889399
238478 2357.34716807
239074 2357.34716807
239245 2106.14573369
239998 2106.14573369
240128 2313.72706022
241163 2313.72706022
241268 2531.3642712
242144 2531.3642712
242328 2823.40604477
243783 2823.40604477
244197 2723.53589791
245148 2723.53589791
245581 2229.36810734
246971 2229.36810734
247379 2274.3368487
248126 2274.3368487
248379 2834.42448433
249134 2834.42448433
249246 2156.40436052
249828 2156.40436052
250042 2578.11466359
251357 2578.11466359
