0 2880.68444095
1403 2880.68444095
1580 1000.68136297
2865 1000.68136297
2992 2654.48765385
3645 2654.48765385
3922 1456.38185731
5372 1456.38185731
5679 1979.31180169
7131 1979.31180169
7439 1654.1834245
8293 1654.1834245
8624 2467.31384522
10080 2467.31384522
10331 2514.81803962
11466 2514.81803962
11938 2031.80518545
13299 2031.80518545
13781 2266.47530142
14340 2266.47530142
14725 1500.23646296
16205 1500.23646296
16660 2746.29395545
17682 2746.29395545
18169 758.565208741
19265 758.565208741
19753 2432.23447675
20790 2432.23447675
21093 2102.01209457
22278 2102.01209457
22452 2085.61086229
23093 2085.61086229
23524 1491.35437062
24615 1491.35437062
25026 1926.39511354
26106 1926.39511354
26432 2166.62002167
27417 2166.62002167
27651 1754.88322101
28297 1754.88322101
28606 1240.51441004
29838 1240.51441004
30049 2577.4147303
31530 2577.4147303
31792 2347.21160721
32729 2347.21160721
32929 1412.886153
33937 1412.886153
34233 1979.69299443
35084 1979.69299443
35417 2336.09412317
36703 2336.09412317
36941 2271.63122282
37528 2271.63122282
37952 2378.59468209
38998 2378.59468209
39309 2732.46956362
39925 2732.46956362
40418 2341.89801296
40946 2341.89801296
41435 2239.3822891
42346 2239.3822891
42809 1482.60783778
43380 1482.60783778
43655 1570.98603279
44216 1570.98603279
44330 2273.47973201
45456 2273.47973201
45746 2448.18135379
47100 2448.18135379
47535 3473.00361954
48240 3473.00361954
48685 2016.3174349
49659 2016.3174349
50150 2662.38475562
50832 2662.38475562
51291 1516.04054028
52427 1516.04054028
52826 400.172047605
53875 400.172047605
54265 1823.80299287
54784 1823.80299287
55061 2363.74128861
56341 2363.74128861
56835 1374.94543672
57451 1374.94543672
57891 2223.3354752
58816 2223.3354752
59095 2376.68045232
60443 2376.68045232
60876 1416.05523349
61911 1416.05523349
62024 2819.83619475
63090 2819.83619475
63435 1956.44141834
64087 1956.44141834
64366 1861.32374792
65035 1861.32374792
65317 1475.79969169
66632 1475.79969169
67100 1435.79143582
68590 1435.79143582
68757 1852.81753336
69899 1852.81753336
70279 3347.75203606
71276 3347.75203606
71623 1683.07818024
72441 1683.07818024
72656 2778.57424837
73651 2778.57424837
73833 2104.15133504
75155 2104.15133504
75478 2777.84612664
76663 2777.84612664
76892 2530.07609388
77544 2530.07609388
77927 1539.58735054
78839 1539.58735054
79109 1734.53890451
79961 1734.53890451
80148 1853.30732767
80840 1853.30732767
80983 2598.80609028
82193 2598.80609028
82302 2404.31736865
82925 2404.31736865
83062 2183.4136192
84163 2183.4136192
84414 1582.80544186
85812 1582.80544186
86269 1339.41732238
86867 1339.41732238
86989 1847.89069274
88265 1847.89069274
88372 1235.96886801
89557 1235.96886801
89670 1539.50782228
90702 1539.50782228
90825 2434.53585712
91970 2434.53585712
92283 1599.54625294
93539 1599.54625294
93996 1782.25988082
94825 1782.25988082
95017 2018.62481488
96190 2018.62481488
96439 1159.94972933
97832 1159.94972933
98189 1335.28119139
99079 1335.28119139
99454 1687.90411959
99988 1687.90411959
100367 980.273738242
101433 980.273738242
101909 1440.94627041
102672 1440.94627041
102987 990.403536799
103820 990.403536799
104189 2007.7176432
105583 2007.7176432
105791 2379.68229201
106647 2379.68229201
106892 2025.19900189
107945 2025.19900189
108370 2744.83491764
109467 2744.83491764
109779 1413.79469761
111202 1413.79469761
111597 1812.5940353
112986 1812.5940353
113269 2663.2345114
114253 2663.2345114
114499 2298.75274236
115932 2298.75274236
116327 2980.27061589
117240 2980.27061589
117699 2613.68466684
118356 2613.68466684
118708 1163.62657424
119507 1163.62657424
119803 2490.19799411
120864 2490.19799411
121183 3760.40114874
122283 3760.40114874
122459 1834.72055284
123646 1834.72055284
124034 1774.72750015
125091 1774.72750015
125581 2825.78983421
126650 2825.78983421
127113 2507.97442488
128373 2507.97442488
128754 1222.76904462
129900 1222.76904462
130057 1598.79133437
130974 1598.79133437
131381 2344.51844851
132496 2344.51844851
132971 207.806831974
133726 207.806831974
134205 1367.12317151
134919 1367.12317151
135198 1480.44706055
136633 1480.44706055
136931 2467.61599257
137883 2467.61599257
137990 2302.41554744
139097 2302.41554744
139475 1554.81699812
140757 1554.81699812
141120 2172.68044729
142519 2172.68044729
143011 917.774119826
144073 917.774119826
144409 1481.91567747
145073 1481.91567747
145426 2170.59547211
146712 2170.59547211
146922 2628.53007601
148342 2628.53007601
148748 2638.48903896
150127 2638.48903896
150538 1419.69439598
151980 1419.69439598
152470 1666.22043921
153494 1666.22043921
153962 2143.38977213
154977 2143.38977213
155303 2515.8773966
156688 2515.8773966
156938 608.674884368
157664 608.674884368
157797 1796.37174931
158618 1796.37174931
158742 1519.82824927
160201 1519.82824927
160383 1313.53592948
161681 1313.53592948
162014 1647.43554498
162776 1647.43554498
162931 2423.08110334
163533 2423.08110334
163892 516.426900291
165142 516.426900291
165340 1961.06118548
166157 1961.06118548
166592 3285.89965053
167731 3285.89965053
168220 1563.5580978
169608 1563.5580978
169891 1732.30046067
171093 1732.30046067
171343 2291.98076006
172776 2291.98076006
173045 2071.86442001
174391 2071.86442001
174713 2334.14270284
175687 2334.14270284
175923 999.813747621
176709 999.813747621
176857 2962.75858466
178289 2962.75858466
178680 978.194065964
179256 978.194065964
179398 1403.22348512
180513 1403.22348512
180747 1852.15817921
181430 1852.15817921
181659 1527.13340844
182860 1527.13340844
183129 2387.62555077
184523 2387.62555077
184732 1893.19501093
185770 1893.19501093
185980 1710.86980224
187261 1710.86980224
187431 1668.79179943
188560 1668.79179943
189002 2093.14621577
189745 2093.14621577
190157 3188.06245565
190930 3188.06245565
191396 2092.97233358
192694 2092.97233358
193179 1669.92739463
194564 1669.92739463
195019 1228.61596979
196044 1228.61596979
196516 3182.02975548
197095 3182.02975548
197242 2107.81849096
198079 2107.81849096
198554 1993.21327231
199496 1993.21327231
199827 3376.38700923
200544 3376.38700923
200844 2030.0700576
202252 2030.0700576
