0 4136.95204852
1298 4136.95204852
1601 3708.45408124
2809 3708.45408124
3092 3809.42626564
4503 3809.42626564
4787 113.156595607
5858 113.156595607
6322 3604.04730325
7740 3604.04730325
8228 1675.09733499
9053 1675.09733499
9501 1630.69437843
10377 1630.69437843
10821 446.381766821
11575 446.381766821
11757 2047.49775543
12789 2047.49775543
13109 2602.02416497
14470 2602.02416497
14923 3284.38317066
15475 3284.38317066
15646 2113.97363303
16171 2113.97363303
16283 623.79151932
17301 623.79151932
17741 3896.44587563
18340 3896.44587563
18498 2552.16982386
19936 2552.16982386
20330 2389.86166108
21028 2389.86166108
21440 8155.7147856
22199 8155.7147856
22586 3728.9393191
23450 3728.9393191
23638 6922.7284419
24302 6922.7284419
24668 4409.07290338
25986 4409.07290338
26242 273.093723453
27219 273.093723453
27602 930.92076906
28313 930.92076906
28758 2236.82921404
30164 2236.82921404
30379 1942.56346317
31349 1942.56346317
31595 1060.77394829
32743 1060.77394829
32852 843.105117071
33373 843.105117071
33814 1892.47586793
34949 1892.47586793
35069 1006.70944014
36087 1006.70944014
36515 3871.94748738
37059 3871.94748738
37375 1059.69590996
38315 1059.69590996
38793 55.1382720971
40011 55.1382720971
40499 2266.28998927
41870 2266.28998927
42076 2443.38760141
42785 2443.38760141
42998 3331.56723588
43868 3331.56723588
44297 1498.39828633
44904 1498.39828633
45203 1980.70503042
45948 1980.70503042
46409 3189.77082173
47331 3189.77082173
47745 2517.28806605
49048 2517.28806605
49159 5429.10360083
50557 5429.10360083
50807 2827.04772934
51426 2827.04772934
51591 4811.02571431
52169 4811.02571431
52635 2121.65679577
54094 2121.65679577
54317 2997.35417108
54853 2997.35417108
54997 4975.63939218
55891 4975.63939218
56227 3843.88763744
57026 3843.88763744
57192 694.157116446
58025 694.157116446
58166 2679.04801583
59382 2679.04801583
59668 761.100708478
60852 761.100708478
61219 6727.57868568
62137 6727.57868568
62391 2844.73773381
63621 2844.73773381
63936 1142.80095034
64559 1142.80095034
65010 3000.00067367
66410 3000.00067367
66699 3715.55049999
67519 3715.55049999
67997 286.884513299
69249 286.884513299
69718 2237.39819101
70800 2237.39819101
71255 1917.45150518
72352 1917.45150518
72817 1760.07845199
73495 1760.07845199
73732 1781.78716208
75144 1781.78716208
75632 4172.54776551
76389 4172.54776551
76832 3360.23224726
78265 3360.23224726
78601 4481.5867536
79643 4481.5867536
79751 144.102660731
80671 144.102660731
81077 1255.53322457
81954 1255.53322457
82063 1688.59265397
83184 1688.59265397
83443 472.066073512
84622 472.066073512
84955 5491.67717237
85820 5491.67717237
86310 2965.57406873
87503 2965.57406873
87627 2208.1595162
88856 2208.1595162
89076 732.537536407
90184 732.537536407
90349 1074.24350383
91426 1074.24350383
91551 1730.67349379
92058 1730.67349379
92368 2648.40788459
93357 2648.40788459
93831 6811.15584781
94859 6811.15584781
95134 298.476058961
95986 298.476058961
96195 4519.42612536
97392 4519.42612536
97811 3852.95226427
98868 3852.95226427
99276 3833.63956539
100665 3833.63956539
101150 2296.06581504
102362 2296.06581504
102521 4098.49232426
103908 4098.49232426
104313 2561.9982889
105754 2561.9982889
106096 4246.84636386
107458 4246.84636386
107818 4510.04772587
108675 4510.04772587
109171 5628.57451105
109922 5628.57451105
110343 476.381108364
111212 476.381108364
111313 5418.24956087
112745 5418.24956087
113148 4350.31868877
114307 4350.31868877
114706 3022.85858941
115864 3022.85858941
116051 2304.13336692
116573 2304.13336692
116684 4542.80212615
117639 4542.80212615
117936 1552.18255342
119020 1552.18255342
119502 622.120592916
120436 622.120592916
120800 3426.30533006
121384 3426.30533006
121696 977.8038514
122492 977.8038514
122690 6064.57530446
123295 6064.57530446
123437 3527.0699782
124113 3527.0699782
124603 5121.89477106
125216 5121.89477106
125356 2282.50130742
126030 2282.50130742
126263 4218.02027843
126846 4218.02027843
127117 4279.49551828
128483 4279.49551828
128712 1259.77788647
129950 1259.77788647
130227 289.45166577
131360 289.45166577
131651 1907.70287911
132817 1907.70287911
133120 8699.04906133
133993 8699.04906133
134109 1505.11257079
135153 1505.11257079
135559 2301.73570897
136385 2301.73570897
136539 230.776367674
137909 230.776367674
138348 1754.43714647
139395 1754.43714647
139616 474.444057293
140294 474.444057293
140559 2734.59766563
141498 2734.59766563
141964 6536.27795586
143218 6536.27795586
143379 2748.58593069
144459 2748.58593069
144910 290.769378704
145923 290.769378704
146067 3988.6877777
147272 3988.6877777
147513 420.9933741
148706 420.9933741
149138 799.518214757
149644 799.518214757
150133 9186.08125495
150901 9186.08125495
151254 2160.97687562
152146 2160.97687562
152297 2743.22741682
152919 2743.22741682
153396 2183.78424668
154336 2183.78424668
154605 810.903350049
155495 810.903350049
155786 3470.24495369
156550 3470.24495369
156913 1697.29988059
157671 1697.29988059
158077 6935.86995856
158673 6935.86995856
158829 278.213635575
159368 278.213635575
159860 4720.72414077
160839 4720.72414077
160992 1615.58451358
162251 1615.58451358
162509 927.588989554
163480 927.588989554
163587 2376.57375863
164460 2376.57375863
164674 1342.63235219
165454 1342.63235219
165769 4204.6836617
167172 4204.6836617
167630 3455.10663048
168425 3455.10663048
168911 1390.74861295
169671 1390.74861295
169918 930.121802067
171322 930.121802067
171518 3.89109535965
172606 3.89109535965
172957 2184.73771909
174166 2184.73771909
174473 3231.0871127
175531 3231.0871127
175698 1872.3650756
176324 1872.3650756
176802 2650.03880059
177401 2650.03880059
177796 1431.29620077
178658 1431.29620077
178761 7054.75182798
179931 7054.75182798
180257 1909.4705771
181180 1909.4705771
181310 1941.89227505
182314 1941.89227505
182740 2044.83952333
183293 2044.83952333
183429 139.184466274
184900 139.184466274
185017 4431.92458869
185559 4431.92458869
185686 3324.12321379
186382 3324.12321379
186567 2461.46353508
187695 2461.46353508
188004 4598.67574697
189235 4598.67574697
189341 1198.6965459
190539 1198.6965459
190651 1941.15732254
191278 1941.15732254
191418 989.709520679
192738 989.709520679
193153 5068.28363163
193844 5068.28363163
194272 2625.63461332
195209 2625.63461332
195426 3470.57818966
196186 3470.57818966
196626 4463.41840295
197237 4463.41840295
197614 1644.39739333
198993 1644.39739333
199438 4355.90428722
200818 4355.90428722
201244 3785.69838869
202140 3785.69838869
202264 1505.27531322
203001 1505.27531322
203210 4981.2704322
204424 4981.2704322
204696 1031.41973545
205245 1031.41973545
205681 2912.89554291
206786 2912.89554291
207126 5527.62091973
208238 5527.62091973
208570 3309.89991106
209226 3309.89991106
209367 1472.73379448
210738 1472.73379448
