0 3001.97556547
799 3001.97556547
909 2404.80480869
2102 2404.80480869
2305 3009.50285288
2868 3009.50285288
3231 2832.9068313
4493 2832.9068313
4829 2100.25948079
5818 2100.25948079
6017 2974.58046868
7371 2974.58046868
7841 3643.02121563
9031 3643.02121563
9444 3470.68590244
10382 3470.68590244
10835 3250.52844623
11966 3250.52844623
12150 3320.06912149
12757 3320.06912149
12871 3101.98783182
14355 3101.98783182
14711 2378.42538573
15565 2378.42538573
15916 2522.02238231
16729 2522.02238231
17217 2191.00184816
17888 2191.00184816
18208 4080.82823171
18986 4080.82823171
19446 3691.71817191
20565 3691.71817191
20963 3973.22404602
21893 3973.22404602
22308 2652.12640838
23224 2652.12640838
23348 2540.998288
24444 2540.998288
24612 2901.91026032
25553 2901.91026032
25695 3774.59065639
26553 3774.59065639
26726 2616.6586546
28035 2616.6586546
28154 3026.30525032
28732 3026.30525032
29173 2585.50144041
30057 2585.50144041
30313 2633.73386919
31685 2633.73386919
32107 3229.1539943
32623 3229.1539943
32773 4113.63748401
33421 4113.63748401
33905 2311.72481306
35041 2311.72481306
35497 3177.65678547
36484 3177.65678547
36746 3395.46219324
37603 3395.46219324
37902 3455.91883436
38667 3455.91883436
39122 2384.98906246
40245 2384.98906246
40594 2499.71057178
41455 2499.71057178
41838 3004.79297888
43291 3004.79297888
43702 1924.55563142
44346 1924.55563142
44685 3882.61023673
45736 3882.61023673
46159 3018.55351797
47059 3018.55351797
47386 2987.14031568
48652 2987.14031568
49030 3802.59923297
49951 3802.59923297
50277 2444.47084936
51133 2444.47084936
51387 2758.49950134
52135 2758.49950134
52324 2407.53760795
53178 2407.53760795
53294 2732.96155399
54404 2732.96155399
54815 2580.40464177
55418 2580.40464177
55898 2817.33016026
57304 2817.33016026
57770 1801.30437833
59035 1801.30437833
59291 2639.29279116
59805 2639.29279116
60303 3038.01303196
61076 3038.01303196
61492 4037.34102263
62496 4037.34102263
62611 3450.16994398
63399 3450.16994398
63737 3408.51975796
64507 3408.51975796
64902 2833.26317613
66183 2833.26317613
66461 2788.75007727
67522 2788.75007727
67706 1637.00101703
68458 1637.00101703
68596 3315.30380298
69470 3315.30380298
69642 3008.83074079
70680 3008.83074079
71064 2497.18264012
72429 2497.18264012
72776 2636.10492552
73524 2636.10492552
73673 2864.31532523
74782 2864.31532523
74975 3574.75088113
76291 3574.75088113
76483 2662.50620504
77932 2662.50620504
78039 3155.1054179
79452 3155.1054179
79618 3399.0135533
80367 3399.0135533
80553 2612.17197396
81088 2612.17197396
81419 3969.16923792
82161 3969.16923792
82445 1964.60113754
83660 1964.60113754
83764 2287.14243273
85234 2287.14243273
85670 3291.26314316
86661 3291.26314316
87025 2964.10644238
87983 2964.10644238
88403 2942.79559399
89450 2942.79559399
89932 2569.951869
91135 2569.951869
91287 2551.68742348
91846 2551.68742348
92224 2920.37358638
93314 2920.37358638
93445 2336.58220497
94689 2336.58220497
94864 3720.40237556
95798 3720.40237556
95921 2543.55739663
97366 2543.55739663
97746 4148.66663471
99223 4148.66663471
99559 2952.1583981
100495 2952.1583981
100975 2790.28063131
102108 2790.28063131
102220 3899.2309932
103140 3899.2309932
103561 1393.97699935
104934 1393.97699935
105241 3241.96736142
106610 3241.96736142
106971 3088.94913764
107840 3088.94913764
108197 3073.4847339
108759 3073.4847339
108876 3397.84576751
109730 3397.84576751
110062 3231.95880896
110762 3231.95880896
111031 3477.0305056
111783 3477.0305056
111988 3098.5987316
113325 3098.5987316
113731 2645.98329601
115215 2645.98329601
115550 2955.76031207
116886 2955.76031207
117352 3218.25732099
118070 3218.25732099
118558 2133.78494057
120022 2133.78494057
120185 2470.74360904
121238 2470.74360904
121569 3957.36374341
122904 3957.36374341
123244 3904.37981452
123951 3904.37981452
124129 3380.91871395
125439 3380.91871395
125598 2888.20579166
126931 2888.20579166
127403 2944.07947453
128211 2944.07947453
128349 2608.23947764
129115 2608.23947764
129543 2238.82861967
130477 2238.82861967
130696 2939.30114301
131651 2939.30114301
132025 2730.92394796
132814 2730.92394796
133191 2904.76060992
134654 2904.76060992
135142 2994.31378047
136114 2994.31378047
136491 3424.82895326
137059 3424.82895326
137368 2308.31782337
138262 2308.31782337
138583 2041.21131493
139567 2041.21131493
139838 3034.55381172
140982 3034.55381172
141149 2703.07568269
142210 2703.07568269
142375 1635.55415869
143165 1635.55415869
143412 2941.5219659
144637 2941.5219659
144985 3656.52285816
146285 3656.52285816
146762 3220.5862929
147663 3220.5862929
147786 3779.15356853
149040 3779.15356853
149210 3047.29140524
149722 3047.29140524
149970 3114.86616338
150667 3114.86616338
150875 3585.14267676
151971 3585.14267676
152291 2485.09433548
153255 2485.09433548
153440 2698.10695256
154260 2698.10695256
154406 1502.34099969
155310 1502.34099969
155446 3139.95096667
156792 3139.95096667
157030 3013.57674967
158407 3013.57674967
158742 2143.31527795
159903 2143.31527795
160125 3450.83998502
160888 3450.83998502
161233 2884.1520098
162426 2884.1520098
162833 3468.59837409
163382 3468.59837409
163514 2866.33538022
164107 2866.33538022
164537 2532.91207155
165126 2532.91207155
165360 4103.79936417
166367 4103.79936417
166640 2909.51999306
167528 2909.51999306
167887 2767.8338846
169280 2767.8338846
169715 3142.75191853
170458 3142.75191853
170665 1876.46685916
171397 1876.46685916
171813 2410.10246573
172315 2410.10246573
172493 3824.5979521
173895 3824.5979521
174192 2704.72269168
175390 2704.72269168
175811 2108.16789085
176403 2108.16789085
176802 3641.37890732
177437 3641.37890732
177812 2637.34150072
178348 2637.34150072
178464 3642.48741914
179668 3642.48741914
180133 2656.97607545
181085 2656.97607545
181243 2211.87343118
182320 2211.87343118
182547 2995.99814358
184027 2995.99814358
184327 2112.48865714
185461 2112.48865714
185933 3547.8330083
186450 3547.8330083
186877 2651.62224774
188198 2651.62224774
188648 3215.76962315
189987 3215.76962315
190399 2821.44401608
191130 2821.44401608
191322 2758.18464373
191981 2758.18464373
192406 2431.92873333
192916 2431.92873333
193192 2878.29759469
194310 2878.29759469
194757 2596.75333505
195962 2596.75333505
196367 2330.3896771
197251 2330.3896771
197375 2426.36135854
198241 2426.36135854
198508 3333.31049053
199142 3333.31049053
199318 2440.42852475
200598 2440.42852475
200741 2980.89019738
201886 2980.89019738
202127 3401.49459239
202672 3401.49459239
203012 2281.81162284
203698 2281.81162284
203891 2622.34803299
204650 2622.34803299
204787 2120.15581053
206061 2120.15581053
206524 2847.00767229
207237 2847.00767229
207417 2830.08175802
208772 2830.08175802
209267 3046.16128438
210218 3046.16128438
210446 3228.49501353
211566 3228.49501353
212012 2854.97521394
213093 2854.97521394
213356 2992.71806276
214696 2992.71806276
214812 2568.47684041
215673 2568.47684041
216162 3243.83134084
216815 3243.83134084
217058 2696.0915668
217738 2696.0915668
218155 3423.61090267
219520 3423.61090267
219756 3513.70057555
220555 3513.70057555
220759 2317.2022511
221837 2317.2022511
222041 3290.4212536
223281 3290.4212536
223676 2910.13818821
224414 2910.13818821
224584 3062.49344459
225616 3062.49344459
225757 2609.75561888
226283 2609.75561888
