0 7606.03661464
1446 7606.03661464
1909 339.887441417
2671 339.887441417
3031 4611.77088177
4453 4611.77088177
4693 5738.6189449
5658 5738.6189449
6008 4894.25596691
6884 4894.25596691
7154 843.749756833
8604 843.749756833
8870 8488.99143847
9671 8488.99143847
9827 6032.83228126
11230 6032.83228126
11640 5043.4519753
12776 5043.4519753
12988 7679.17946633
14277 7679.17946633
14408 5702.03845715
15775 5702.03845715
16017 1492.56306344
17158 1492.56306344
17554 3238.48153041
18653 3238.48153041
18831 12106.6213248
19771 12106.6213248
20245 3821.88994741
21262 3821.88994741
21417 11579.5462024
22261 11579.5462024
22492 4203.45775984
23187 4203.45775984
23643 7165.55389392
24960 7165.55389392
25191 3448.08075049
26580 3448.08075049
26906 7937.68311484
27493 7937.68311484
27809 2210.18526824
28911 2210.18526824
29206 8106.72975251
30409 8106.72975251
30518 3811.92006489
31580 3811.92006489
31897 6339.9643058
33076 6339.9643058
33337 5093.01258004
34519 5093.01258004
34812 111.70195749
35830 111.70195749
36017 609.019249585
36682 609.019249585
36833 3695.00914281
38067 3695.00914281
38371 9040.78819013
39869 9040.78819013
40129 4219.88545936
40846 4219.88545936
41042 6910.35340463
42051 6910.35340463
42274 8831.69061003
43587 8831.69061003
43706 18082.667566
44280 18082.667566
44583 6638.86518143
45887 6638.86518143
46148 3758.03436122
47647 3758.03436122
47767 5017.70641476
48824 5017.70641476
49036 1812.55770753
49890 1812.55770753
50267 15174.7573136
51061 15174.7573136
51446 13548.212246
52136 13548.212246
52418 130.352780261
53623 130.352780261
54017 6574.17234829
55054 6574.17234829
55204 9257.10227695
56212 9257.10227695
56604 13476.1437915
57446 13476.1437915
57937 4890.88424592
59383 4890.88424592
59632 4276.60290338
61123 4276.60290338
61315 7402.13388742
62311 7402.13388742
62717 3164.86545987
63709 3164.86545987
63951 4979.02668675
64622 4979.02668675
64843 6748.42864642
66214 6748.42864642
66330 3109.97446908
67411 3109.97446908
67859 1866.53746219
68705 1866.53746219
69144 2757.09128012
70353 2757.09128012
70657 13221.0574352
71942 13221.0574352
72065 1501.27489439
73192 1501.27489439
73441 375.084952747
74469 375.084952747
74660 812.093523408
75349 812.093523408
75805 246.983284068
77248 246.983284068
77483 4339.51244622
78481 4339.51244622
78752 919.968056705
79631 919.968056705
80029 7743.43659092
81048 7743.43659092
81523 1417.89684058
82867 1417.89684058
83193 4192.11480113
84281 4192.11480113
84697 4824.52484575
85913 4824.52484575
86074 14296.9482892
87430 14296.9482892
87751 55.7629960904
89124 55.7629960904
89391 9129.17124361
90819 9129.17124361
91268 5258.80041501
92738 5258.80041501
92843 6027.83991865
94235 6027.83991865
94698 15659.4942079
95339 15659.4942079
95827 15798.4736453
97291 15798.4736453
97698 6560.55333802
98933 6560.55333802
99372 7517.2847163
99943 7517.2847163
100071 2812.02165153
100673 2812.02165153
100954 5495.55330106
102035 5495.55330106
102476 8893.68992853
103873 8893.68992853
104035 10870.7497352
105514 10870.7497352
105967 15778.2834855
106921 15778.2834855
107093 4049.53483998
107974 4049.53483998
108402 5469.05909378
109869 5469.05909378
110079 19075.8793013
110910 19075.8793013
111312 2371.95438695
112696 2371.95438695
112987 2757.451686
113901 2757.451686
114014 5523.27028012
114641 5523.27028012
114798 5881.91364632
115381 5881.91364632
115498 2750.27465619
116410 2750.27465619
116632 3465.41071557
117363 3465.41071557
117831 8086.03250984
119199 8086.03250984
119440 16231.5684296
120834 16231.5684296
121225 10564.7689824
122466 10564.7689824
122900 1350.49062829
123923 1350.49062829
124196 848.871085695
124733 848.871085695
125038 6497.0875035
125981 6497.0875035
126221 8888.62427921
126793 8888.62427921
127069 15016.482235
128002 15016.482235
128259 7974.9560467
129352 7974.9560467
129667 3558.19443867
130663 3558.19443867
130933 2705.56617566
131578 2705.56617566
131895 3396.47402727
132912 3396.47402727
133149 11986.9685732
134511 11986.9685732
134856 10440.6292884
135925 10440.6292884
136028 2959.00762538
136574 2959.00762538
137059 1431.66085527
137975 1431.66085527
138388 13046.4079669
139778 13046.4079669
140168 9288.85230233
141482 9288.85230233
141808 3985.28538103
142832 3985.28538103
143167 3565.85455477
144345 3565.85455477
144797 8862.12527341
145325 8862.12527341
145444 4916.38393479
146612 4916.38393479
146764 6773.93951484
147439 6773.93951484
147719 272.057352408
148900 272.057352408
149227 14505.3267084
149780 14505.3267084
150034 5192.15521897
151031 5192.15521897
151140 5444.90009168
151775 5444.90009168
152205 1302.63066222
153015 1302.63066222
153430 11636.9607949
154092 11636.9607949
154464 9548.67489098
155637 9548.67489098
155871 8080.37810384
157189 8080.37810384
157369 11294.7664615
158138 11294.7664615
158428 15860.6686323
159207 15860.6686323
159628 911.832514798
160954 911.832514798
161131 19967.2665264
162128 19967.2665264
162514 11531.7615394
163313 11531.7615394
163807 8826.32770495
164906 8826.32770495
165189 8579.20806453
166281 8579.20806453
166683 5647.82470436
167326 5647.82470436
167585 2493.08677687
168438 2493.08677687
168883 2483.31732204
169739 2483.31732204
170057 245.591960394
170892 245.591960394
171145 14929.0158772
172195 14929.0158772
172564 4040.79665971
173624 4040.79665971
174010 15682.3451123
174588 15682.3451123
174809 4478.5628315
175406 4478.5628315
175728 10124.5571865
176597 10124.5571865
177051 5724.83677949
177893 5724.83677949
178072 7512.49908434
178718 7512.49908434
179064 5456.18134147
180440 5456.18134147
180937 3754.12944578
182312 3754.12944578
182677 3771.92697415
184078 3771.92697415
184474 14958.7280954
185781 14958.7280954
186076 1326.41921016
186951 1326.41921016
187406 6823.01674105
188239 6823.01674105
188718 13212.4830843
189787 13212.4830843
190221 8189.62614077
191353 8189.62614077
191504 18388.2425211
192418 18388.2425211
192777 3664.91651516
193867 3664.91651516
194332 938.652574546
195437 938.652574546
195711 1085.63710845
196242 1085.63710845
196345 17716.5135345
197102 17716.5135345
197235 765.344992689
198176 765.344992689
198489 7304.96058568
199661 7304.96058568
199762 7932.4313153
200426 7932.4313153
200707 1523.8482311
201280 1523.8482311
201759 2130.56190126
202926 2130.56190126
203386 3799.59958681
204114 3799.59958681
204377 3752.71436093
205215 3752.71436093
205516 3693.27930203
206661 3693.27930203
206883 6159.65412263
207600 6159.65412263
207997 16714.3797177
208723 16714.3797177
208957 4991.08166293
210343 4991.08166293
210753 1547.42872048
211975 1547.42872048
212349 2869.26013831
213537 2869.26013831
213769 6821.66220757
215072 6821.66220757
215402 7230.18678982
216860 7230.18678982
217046 4185.73598101
218319 4185.73598101
218431 8880.25966515
219355 8880.25966515
219460 2874.42323092
220176 2874.42323092
220283 7792.34081514
221003 7792.34081514
221149 1116.23637842
222452 1116.23637842
222623 8690.59963938
223590 8690.59963938
223770 625.506096096
224973 625.506096096
225078 2615.52202912
225921 2615.52202912
226290 4218.42393523
227172 4218.42393523
227504 2422.75158649
228370 2422.75158649
228581 2679.69882588
229549 2679.69882588
229925 10264.8996824
230606 10264.8996824
230815 1706.41593121
232178 1706.41593121
232319 8301.43122988
233386 8301.43122988
233765 1676.3586212
234947 1676.3586212
235065 1186.60281314
235695 1186.60281314
236178 6380.94866929
237663 6380.94866929
238058 785.05370422
239554 785.05370422
239814 6118.77543999
241067 6118.77543999
241560 9496.16838524
242147 9496.16838524
242519 12758.524986
243091 12758.524986
243532 8716.81869695
244074 8716.81869695
244261 10565.1085941
245037 10565.1085941
245207 9463.23401645
245753 9463.23401645
246252 492.54341423
247739 492.54341423
247899 9768.1411518
249207 9768.1411518
249631 7212.80684996
251062 7212.80684996
251245 9711.63610647
251980 9711.63610647
252276 12162.1796525
253336 12162.1796525
253622 7630.01878321
254475 7630.01878321
254762 3049.2573158
255612 3049.2573158
255870 6187.25368125
256960 6187.25368125
257346 8854.42531895
258529 8854.42531895
259017 9661.63983587
260409 9661.63983587
260678 8131.96996585
262082 8131.96996585
262182 16249.0135329
262813 16249.0135329
263248 475.644327671
263917 475.644327671
264160 3733.64913467
264725 3733.64913467
264979 6525.11791465
266473 6525.11791465
266862 7394.26328656
268143 7394.26328656
268374 8795.25920684
269434 8795.25920684
269689 13376.6461959
270376 13376.6461959
270728 5902.35586987
272221 5902.35586987
272542 11937.0409461
273751 11937.0409461
273921 4270.87936848
274483 4270.87936848
274734 9537.35707698
275331 9537.35707698
275679 1516.93737581
276923 1516.93737581
277349 5545.68056188
278250 5545.68056188
278593 8263.23543857
279714 8263.23543857
