0 3061.25765114
651 3061.25765114
1003 3055.03651599
1611 3055.03651599
1963 3040.35322387
3141 3040.35322387
3631 3285.85430375
4603 3285.85430375
4892 3073.06295739
5512 3073.06295739
5674 3121.35883861
6792 3121.35883861
6993 3404.08628702
7508 3404.08628702
8006 2914.37311741
8839 2914.37311741
9231 3046.37176045
9981 3046.37176045
10183 3249.55915972
11449 3249.55915972
11683 3134.73704214
12332 3134.73704214
12764 3291.28288479
14206 3291.28288479
14605 3256.74599756
15560 3256.74599756
15845 3237.18579227
17267 3237.18579227
17725 3016.52008919
19176 3016.52008919
19318 3057.11940052
20680 3057.11940052
21176 2998.98252282
21904 2998.98252282
22077 3037.63219257
23458 3037.63219257
23653 3145.43398662
24773 3145.43398662
24991 3485.92972299
26295 3485.92972299
26756 3222.07726898
27363 3222.07726898
27537 3270.32696482
28764 3270.32696482
28957 3239.04709703
29950 3239.04709703
30061 3150.10606746
31308 3150.10606746
31621 3079.41884495
32265 3079.41884495
32599 3124.25180563
33591 3124.25180563
33699 3140.54174426
34857 3140.54174426
35335 3188.69832364
36766 3188.69832364
36921 3217.86655199
37941 3217.86655199
38100 2848.30762546
39473 2848.30762546
39922 3095.39798045
41045 3095.39798045
41349 3242.1430515
42806 3242.1430515
43043 3386.29261718
44149 3386.29261718
44635 3337.79081692
46103 3337.79081692
46402 3165.28720248
47628 3165.28720248
47845 3281.64917419
49168 3281.64917419
49438 3163.64261887
50061 3163.64261887
50191 3070.31787557
51259 3070.31787557
51742 3117.10427719
52784 3117.10427719
53071 3188.23850994
53953 3188.23850994
54177 3298.703908
55522 3298.703908
55695 3037.94200718
56325 3037.94200718
56503 3237.29406316
57718 3237.29406316
58088 3271.72574831
58702 3271.72574831
58950 3075.47105702
60112 3075.47105702
60501 3126.42448007
61267 3126.42448007
61620 3008.21087642
63119 3008.21087642
63368 3171.26543674
64218 3171.26543674
64482 2863.84104347
65936 2863.84104347
66312 3158.39759743
67490 3158.39759743
67687 2937.73503918
68768 2937.73503918
68891 3216.73631755
69909 3216.73631755
70120 3358.17646476
71410 3358.17646476
71734 2951.30176921
73086 2951.30176921
73352 3347.5977528
74763 3347.5977528
75135 2968.25492174
76088 2968.25492174
76323 3070.68686469
77015 3070.68686469
77333 2922.67212794
78567 2922.67212794
78970 3252.08676595
80159 3252.08676595
80468 2946.65669871
81355 2946.65669871
81631 3283.89068863
82595 3283.89068863
83079 3339.10482643
84237 3339.10482643
84576 3019.52606607
85780 3019.52606607
86038 2976.9340957
86632 2976.9340957
86838 3089.89415463
87722 3089.89415463
88008 3315.20695658
88654 3315.20695658
88875 3218.74630732
89607 3218.74630732
90071 3180.20381127
91189 3180.20381127
91389 2938.96198058
92785 2938.96198058
93175 2917.53433214
93970 2917.53433214
94237 2974.88821728
95230 2974.88821728
95713 3181.82565478
96604 3181.82565478
96981 3355.68982313
98395 3355.68982313
98750 3142.85578538
99601 3142.85578538
99912 3456.63698631
100539 3456.63698631
101024 3429.96308745
101525 3429.96308745
101794 2847.03045192
103256 2847.03045192
103383 3279.47551717
104024 3279.47551717
104132 3161.36450273
104713 3161.36450273
105078 3096.53737112
105933 3096.53737112
106217 2945.28172396
107022 2945.28172396
107183 3023.55759793
108240 3023.55759793
108604 3280.09956309
109167 3280.09956309
109490 3310.20249893
110068 3310.20249893
110430 3087.02787176
111355 3087.02787176
111589 3006.29941664
112762 3006.29941664
112963 3153.56611546
114078 3153.56611546
114320 3218.46748209
115043 3218.46748209
115240 3169.26309656
116041 3169.26309656
116532 3138.49609826
117209 3138.49609826
117547 3048.77971036
118241 3048.77971036
118509 3138.43100947
119402 3138.43100947
119604 3216.69428425
120887 3216.69428425
121082 3029.23303905
122522 3029.23303905
122779 3414.69745525
124109 3414.69745525
124482 3177.49165992
125298 3177.49165992
125755 3282.02823836
126347 3282.02823836
126478 3192.32157911
127186 3192.32157911
127544 3094.42422119
128046 3094.42422119
128428 3148.06391104
129706 3148.06391104
130088 3422.04444285
131485 3422.04444285
131879 3184.89613843
132934 3184.89613843
133380 3102.03513568
134270 3102.03513568
134512 3235.42599833
135652 3235.42599833
135847 2965.52715143
136749 2965.52715143
137163 3268.31000545
138238 3268.31000545
138555 3142.15514529
139274 3142.15514529
139591 3287.55798433
140220 3287.55798433
140656 3117.68876727
141778 3117.68876727
142093 3190.93544532
143005 3190.93544532
143149 2947.93498264
143705 2947.93498264
144048 3122.04108506
144593 3122.04108506
144797 3272.37308843
146261 3272.37308843
146510 3298.1283696
147216 3298.1283696
147452 3075.66531949
148174 3075.66531949
148461 3185.4652947
149541 3185.4652947
149914 3167.46125189
151218 3167.46125189
151418 2892.90374693
152813 2892.90374693
153152 2978.03509649
154632 2978.03509649
155033 2940.61341944
155586 2940.61341944
155870 2948.2527766
156942 2948.2527766
157352 3207.21383816
158482 3207.21383816
158741 2883.23598133
160174 2883.23598133
160585 3294.04569633
161129 3294.04569633
161389 3164.40841576
162050 3164.40841576
162420 3058.53100763
163835 3058.53100763
163946 3208.48891394
165345 3208.48891394
165614 3173.2463611
166518 3173.2463611
166839 3214.84640499
167757 3214.84640499
168204 3108.46705479
168848 3108.46705479
169197 3174.64231759
169905 3174.64231759
170138 3050.52112895
170777 3050.52112895
171036 3207.20227384
171728 3207.20227384
172152 2964.52344172
173410 2964.52344172
173705 3164.53977429
174965 3164.53977429
175365 2942.08641629
176597 2942.08641629
177032 3073.54640789
177656 3073.54640789
178127 3335.65162318
179559 3335.65162318
179719 3011.41716617
180987 3011.41716617
181364 3317.30247665
182208 3317.30247665
182409 2841.86033868
183765 2841.86033868
183940 3320.39657073
184716 3320.39657073
184873 2896.72678485
185695 2896.72678485
185858 3319.89061121
186846 3319.89061121
187265 3199.25479889
188255 3199.25479889
188446 3077.95532737
189724 3077.95532737
190089 3265.02315201
190805 3265.02315201
191025 3203.79779927
192210 3203.79779927
192508 2830.42760108
193856 2830.42760108
194292 3068.95039119
195497 3068.95039119
195635 2781.32588177
196961 2781.32588177
197272 3105.31135469
197941 3105.31135469
198297 3282.00003671
199131 3282.00003671
199616 3203.25770119
200942 3203.25770119
201335 2904.30559653
202103 2904.30559653
202337 3020.84551821
203226 3020.84551821
203533 3097.12277353
204545 3097.12277353
205017 2870.23516587
206221 2870.23516587
206479 3295.89333
206989 3295.89333
207183 3173.00517228
207948 3173.00517228
208339 2988.93170053
209143 2988.93170053
209642 3126.14220791
210149 3126.14220791
210322 3325.29722992
210861 3325.29722992
211218 3235.24679086
212079 3235.24679086
212188 3078.05709877
213303 3078.05709877
213507 2992.56565215
214907 2992.56565215
215264 3237.72188975
216607 3237.72188975
217085 3086.37985336
218445 3086.37985336
218776 3472.78276715
219953 3472.78276715
220290 3237.27216777
221349 3237.27216777
221808 3248.18664912
222605 3248.18664912
223084 3099.74469045
223757 3099.74469045
224152 2943.26688642
225549 2943.26688642
225876 3088.17197663
227253 3088.17197663
227356 3245.1511262
228020 3245.1511262
228407 3150.36670775
229648 3150.36670775
229852 2948.20471332
231203 2948.20471332
231525 3326.17717101
232309 3326.17717101
232631 2781.01552312
233995 2781.01552312
234247 3251.37352638
235609 3251.37352638
235846 3126.71615966
236692 3126.71615966
237020 3131.83899587
237919 3131.83899587
238292 2938.99206749
239295 2938.99206749
239753 3090.68910885
240811 3090.68910885
240911 3474.90153676
242205 3474.90153676
242668 3346.9564738
243315 3346.9564738
243535 3107.88590224
244385 3107.88590224
244558 3120.39301139
245779 3120.39301139
246090 3450.98642299
247430 3450.98642299
247722 3217.01307417
249218 3217.01307417
249639 3237.6046906
250757 3237.6046906
251035 3258.56730215
252043 3258.56730215
252358 3323.79210423
253019 3323.79210423
253273 3092.12422256
254632 3092.12422256
254889 2952.04813069
255553 2952.04813069
255733 3119.79618687
257140 3119.79618687
257471 3428.91874621
258916 3428.91874621
259080 3185.35815243
260107 3185.35815243
260507 3199.89402636
261546 3199.89402636
261966 3390.1452993
263014 3390.1452993
263163 3414.22338165
264226 3414.22338165
264389 3386.22174753
265035 3386.22174753
265227 3060.66047376
266475 3060.66047376
266961 2993.02809063
267957 2993.02809063
268267 3033.26291047
268914 3033.26291047
269060 3171.97265749
270152 3171.97265749
270466 3083.47573871
271936 3083.47573871
272363 3192.57395894
273104 3192.57395894
273587 3131.54238857
274172 3131.54238857
274332 3154.0600914
275401 3154.0600914
275630 3024.23557744
276244 3024.23557744
276556 3106.70844233
278019 3106.70844233
278170 2959.67516756
279000 2959.67516756
279292 3113.39492872
279826 3113.39492872
279981 3304.12354893
280839 3304.12354893
281059 3135.77395328
281825 3135.77395328
281986 2994.54039377
283440 2994.54039377
283740 3350.49626298
284886 3350.49626298
285185 3138.54691918
286121 3138.54691918
286287 3239.18202199
286992 3239.18202199
287299 3088.43785443
288152 3088.43785443
