0 7096.60103026
940 7096.60103026
1410 4802.00703812
1915 4802.00703812
2238 5317.75551288
3731 5317.75551288
3973 7483.80865916
4566 7483.80865916
4805 4812.75302647
6007 4812.75302647
6456 2681.07230274
7782 2681.07230274
7941 349.269267312
9183 349.269267312
9338 4497.60116032
10205 4497.60116032
10644 5182.00702673
11933 5182.00702673
12072 1668.09519639
13566 1668.09519639
13673 4438.62806492
14354 4438.62806492
14460 1755.52783075
15396 1755.52783075
15650 3598.98102785
17007 3598.98102785
17229 5869.62498713
18039 5869.62498713
18143 6912.53994007
19126 6912.53994007
19613 2710.34048873
20659 2710.34048873
21122 3538.97401958
21811 3538.97401958
21958 8438.26353379
22783 8438.26353379
23116 3003.60005094
24423 3003.60005094
24798 6784.39009486
26147 6784.39009486
26338 5803.98317145
27561 5803.98317145
27689 10734.165459
28985 10734.165459
29147 11999.1614686
29724 11999.1614686
29975 1770.70820106
31387 1770.70820106
31838 2733.71907705
32554 2733.71907705
32921 2067.6464339
34004 2067.6464339
34282 4368.37866072
34812 4368.37866072
35249 4366.4432434
36646 4366.4432434
37131 5244.9512415
37949 5244.9512415
38378 4546.94511152
39396 4546.94511152
39874 7018.69641491
40496 7018.69641491
40948 5386.2962011
41478 5386.2962011
41815 9224.73643842
43149 9224.73643842
43580 3302.54591842
45028 3302.54591842
45490 11079.0322886
46153 11079.0322886
46464 1892.89750433
47758 1892.89750433
47992 496.276932167
48578 496.276932167
48960 1091.80357496
50009 1091.80357496
50440 2306.12979962
51192 2306.12979962
51393 2028.82052132
52590 2028.82052132
52958 12085.0200696
54218 12085.0200696
54546 7421.98863463
55151 7421.98863463
55260 2986.88742602
56239 2986.88742602
56575 7311.35456269
57163 7311.35456269
57528 1751.42175186
58123 1751.42175186
58446 11264.8956677
59033 11264.8956677
59441 59.6056849338
60928 59.6056849338
61326 7807.54820339
62673 7807.54820339
63117 4721.29830779
64172 4721.29830779
64621 8818.28650111
66066 8818.28650111
66477 5178.04192362
67406 5178.04192362
67857 3689.97693477
68555 3689.97693477
68721 10280.3412078
69831 10280.3412078
70293 8776.1914924
71224 8776.1914924
71593 5081.86047535
72787 5081.86047535
73024 9884.60206757
73811 9884.60206757
74048 2250.99655985
75135 2250.99655985
75434 7271.63506677
75940 7271.63506677
76354 6418.61102928
77253 6418.61102928
77545 2416.81799208
78481 2416.81799208
78938 3960.86121397
80270 3960.86121397
80662 3567.42159526
81987 3567.42159526
82330 5832.85668539
83270 5832.85668539
83539 7862.89591696
84855 7862.89591696
85106 6902.11846217
85634 6902.11846217
85776 4852.5456484
86977 4852.5456484
87201 3286.71518073
88422 3286.71518073
88668 5525.95267129
89413 5525.95267129
89531 9597.06984588
90660 9597.06984588
90975 11178.849025
92004 11178.849025
92456 5900.71578653
93805 5900.71578653
94188 2504.33925275
94773 2504.33925275
94944 6032.68076747
96116 6032.68076747
96290 5295.59353277
97439 5295.59353277
97848 5252.58097827
98687 5252.58097827
98976 13372.7649398
99912 13372.7649398
100261 1231.39858334
100980 1231.39858334
101094 6586.27836805
102582 6586.27836805
102837 10838.3326389
103858 10838.3326389
104338 6473.87569527
105534 6473.87569527
105645 2917.84137264
106631 2917.84137264
106922 3270.32428453
108295 3270.32428453
108431 67.1366995559
108970 67.1366995559
109398 6573.2348744
110406 6573.2348744
110517 1084.98433258
111969 1084.98433258
112342 6961.8682068
113475 6961.8682068
113811 1484.43922246
114313 1484.43922246
114565 3866.59480332
115740 3866.59480332
115915 5065.29935458
117033 5065.29935458
117466 431.39559988
118881 431.39559988
119157 2972.55401827
120522 2972.55401827
120981 8675.54888003
121800 8675.54888003
122204 3522.30408824
123577 3522.30408824
123845 5745.14299096
125333 5745.14299096
125702 8234.76684441
126916 8234.76684441
127175 6864.30956962
128177 6864.30956962
128573 8530.88422168
130000 8530.88422168
130484 3750.56474015
131230 3750.56474015
131400 11186.0433938
131999 11186.0433938
132203 9297.00972517
133434 9297.00972517
133900 2122.0152153
134610 2122.0152153
135062 2319.44417383
135643 2319.44417383
136089 2558.72103029
137040 2558.72103029
137225 4066.16189642
137994 4066.16189642
138336 1472.1807878
139625 1472.1807878
139736 3253.87420206
140268 3253.87420206
140447 3727.79839899
141073 3727.79839899
141497 4125.81267455
142718 4125.81267455
143185 5485.46408502
144090 5485.46408502
144502 7368.23629928
145193 7368.23629928
145506 217.016328241
146124 217.016328241
146592 8324.67546846
147735 8324.67546846
148096 2893.20271824
149025 2893.20271824
149168 2059.63468753
150277 2059.63468753
150413 2094.11677392
151682 2094.11677392
151883 9596.93878491
153176 9596.93878491
153413 1106.71979872
154284 1106.71979872
154517 6859.9087011
155497 6859.9087011
155635 12169.2961168
157082 12169.2961168
157204 2300.71471804
158186 2300.71471804
158530 10052.8734823
159405 10052.8734823
159647 6707.85128919
160995 6707.85128919
161102 5822.77310615
162166 5822.77310615
162335 6018.47201057
163387 6018.47201057
163644 6555.31057978
164942 6555.31057978
165159 8798.95959302
165922 8798.95959302
166151 1674.73959635
166833 1674.73959635
167073 8903.5676588
168503 8903.5676588
168653 5063.58971256
169867 5063.58971256
170096 3642.23263289
171130 3642.23263289
171446 8122.73580657
172674 8122.73580657
173017 342.444334067
174198 342.444334067
174324 7045.8948421
175239 7045.8948421
175353 5091.23345823
176658 5091.23345823
177021 1438.17227046
178375 1438.17227046
178654 11919.8907467
179761 11919.8907467
180259 11592.9065496
181093 11592.9065496
181586 916.551507851
182649 916.551507851
182763 12720.6913187
184079 12720.6913187
184529 8225.23366126
185446 8225.23366126
185943 3928.04318044
186902 3928.04318044
187226 1122.80159536
187900 1122.80159536
188064 3359.11403256
188828 3359.11403256
189077 6265.51396078
189747 6265.51396078
190078 2992.46894818
190860 2992.46894818
191096 328.422951312
192391 328.422951312
192562 10658.976941
193212 10658.976941
193504 2396.28026562
194915 2396.28026562
195365 6624.96688474
196238 6624.96688474
196572 1519.67460782
197350 1519.67460782
197478 4424.79717473
198851 4424.79717473
199249 6714.66963683
199952 6714.66963683
200402 4357.71887063
201059 4357.71887063
201478 7920.35903116
202523 7920.35903116
202832 1643.20044756
203422 1643.20044756
203783 2225.21146429
204576 2225.21146429
205015 2761.5048192
206006 2761.5048192
206504 2814.88789193
207441 2814.88789193
207754 7765.98001996
208687 7765.98001996
