0 10174.71432
1132 10174.71432
1247 6135.46779976
2431 6135.46779976
2781 5436.7185051
4085 5436.7185051
4303 5504.62608686
5057 5504.62608686
5459 7861.59494563
6226 7861.59494563
6575 6506.72238522
7581 6506.72238522
8018 7460.87004867
8824 7460.87004867
9321 1069.80379198
9889 1069.80379198
10377 9932.47955883
11312 9932.47955883
11493 6623.99592411
12680 6623.99592411
13075 10618.8666118
14150 10618.8666118
14522 7581.82351074
15602 7581.82351074
15789 3125.8105206
16531 3125.8105206
16769 3874.15140606
17657 3874.15140606
18065 14019.635218
18633 14019.635218
19128 7755.73124134
19766 7755.73124134
19918 1020.32131593
21264 1020.32131593
21739 11355.7032447
23043 11355.7032447
23201 6792.62892646
23902 6792.62892646
24303 940.011705013
24921 940.011705013
25320 8545.76449246
26295 8545.76449246
26530 4708.06174332
27955 4708.06174332
28422 9630.99460626
29293 9630.99460626
29580 10302.3972578
30897 10302.3972578
31007 2788.94637112
32006 2788.94637112
32424 2160.45796415
33436 2160.45796415
33656 13164.8964272
34162 13164.8964272
34315 5157.61278274
34925 5157.61278274
35218 1601.42764368
35906 1601.42764368
36311 6770.06336857
37285 6770.06336857
37477 7940.64311586
37997 7940.64311586
38268 6829.57426421
39514 6829.57426421
39742 12404.2181583
40903 12404.2181583
41317 5273.83014116
42194 5273.83014116
42314 12473.7309948
43665 12473.7309948
44060 1792.38138342
45053 1792.38138342
45353 1373.84825464
46004 1373.84825464
46390 16552.6815442
47589 16552.6815442
48019 16587.3591351
49286 16587.3591351
49520 3674.82849941
50071 3674.82849941
50291 6449.21041591
51163 6449.21041591
51500 627.976008849
52592 627.976008849
52845 14069.7218808
54263 14069.7218808
54416 17251.6027165
55425 17251.6027165
55600 3561.66406997
56114 3561.66406997
56453 8761.43259988
57264 8761.43259988
57567 5143.18821865
58657 5143.18821865
59027 17596.5146165
60097 17596.5146165
60590 3909.97343445
61292 3909.97343445
61496 11108.4778102
62650 11108.4778102
62834 2895.40118547
63767 2895.40118547
64046 13432.0814915
64899 13432.0814915
65262 3037.83091639
65827 3037.83091639
65991 778.178172398
66936 778.178172398
67075 8740.17909227
68388 8740.17909227
68604 1615.95155183
70053 1615.95155183
70390 16499.2841152
71505 16499.2841152
71829 6574.80795685
72349 6574.80795685
72561 6003.16381349
73951 6003.16381349
74078 8281.07468518
74776 8281.07468518
75039 8879.01191272
76133 8879.01191272
76244 1358.90073419
77260 1358.90073419
77493 13959.773072
78002 13959.773072
78232 2093.52936918
79383 2093.52936918
79495 1759.16102693
80685 1759.16102693
81136 10984.5756557
82298 10984.5756557
82712 11963.6219734
83732 11963.6219734
83875 6747.69564204
85337 6747.69564204
85723 16077.1866296
86475 16077.1866296
86592 13422.9804339
87481 13422.9804339
87898 6710.29852376
89348 6710.29852376
89836 9350.35166576
90579 9350.35166576
90812 15138.3818061
91971 15138.3818061
92292 4801.6828891
93578 4801.6828891
93908 5210.06807518
94633 5210.06807518
95060 577.842020576
95748 577.842020576
95975 1074.78027781
96904 1074.78027781
97396 11134.0477485
98169 11134.0477485
98279 10312.7018206
99135 10312.7018206
99572 2503.23734112
100663 2503.23734112
101055 15756.2996561
101779 15756.2996561
101975 383.454822391
102685 383.454822391
103026 343.250209953
103624 343.250209953
103992 6661.93029553
104805 6661.93029553
105179 4672.9168276
105971 4672.9168276
106382 4402.0025928
107056 4402.0025928
107312 18687.2094149
108368 18687.2094149
108866 6836.69563972
109466 6836.69563972
109792 2811.13302724
110462 2811.13302724
110698 1766.04467329
112179 1766.04467329
112335 4187.0014005
112981 4187.0014005
113307 7030.10675059
114216 7030.10675059
114416 1163.17368645
115724 1163.17368645
116195 4604.75113738
117689 4604.75113738
117854 8444.22325599
119071 8444.22325599
119244 6347.39220144
120415 6347.39220144
120707 7310.17794544
121343 7310.17794544
121487 13807.2350316
122238 13807.2350316
122451 4825.78671805
123714 4825.78671805
124164 7543.90676773
124878 7543.90676773
125270 1004.08951778
125895 1004.08951778
126268 7734.27954716
127427 7734.27954716
127744 9800.21702119
128938 9800.21702119
129180 911.426555068
129982 911.426555068
130200 1202.42441214
131376 1202.42441214
131835 986.685685261
132772 986.685685261
133008 4071.44062111
134087 4071.44062111
134302 1748.81420157
135225 1748.81420157
135702 6661.30084643
136812 6661.30084643
137277 9856.58821943
138159 9856.58821943
138520 9439.79209931
139210 9439.79209931
139441 7617.04037464
140397 7617.04037464
140805 16341.8336399
141491 16341.8336399
141737 11001.8989601
143190 11001.8989601
143441 2350.96037858
144246 2350.96037858
144379 13179.2636822
145871 13179.2636822
146098 7995.84603856
147117 7995.84603856
147544 9201.51185685
148914 9201.51185685
149078 4178.41187843
150086 4178.41187843
150271 774.342414913
150979 774.342414913
151269 7365.88802097
152271 7365.88802097
152597 4365.29996773
153899 4365.29996773
154322 10749.4661996
155581 10749.4661996
155944 14885.4557795
156969 14885.4557795
157090 3129.49041626
157640 3129.49041626
158131 7578.25273853
159033 7578.25273853
159250 11711.5370001
160691 11711.5370001
161008 4762.78600983
161924 4762.78600983
162103 1746.1964832
163455 1746.1964832
163882 3289.39384744
165072 3289.39384744
165333 4231.04866282
166494 4231.04866282
166710 12764.692939
167315 12764.692939
167547 9274.80437119
168387 9274.80437119
168541 296.447821636
169658 296.447821636
170083 469.773435723
170874 469.773435723
171333 6736.00377628
172671 6736.00377628
173078 5345.63815566
174173 5345.63815566
174409 2849.89029192
175603 2849.89029192
175925 3969.13877178
176809 3969.13877178
176949 6201.29243266
177644 6201.29243266
177912 4149.60275788
178644 4149.60275788
178911 3845.68290598
180160 3845.68290598
180636 3656.22879588
182058 3656.22879588
182407 2494.19747962
183224 2494.19747962
183355 3365.21287254
183951 3365.21287254
184248 14220.6373098
184920 14220.6373098
185041 17876.2720459
185564 17876.2720459
185983 10214.4678822
186612 10214.4678822
187018 3439.00536824
187822 3439.00536824
188104 1977.44437445
188919 1977.44437445
189351 6059.01511296
190383 6059.01511296
190817 1128.02720015
192021 1128.02720015
192358 9027.61677
193050 9027.61677
193449 3892.10168382
194426 3892.10168382
194861 9070.79313561
195997 9070.79313561
196122 2479.50869833
197004 2479.50869833
197131 5173.9371354
198551 5173.9371354
198979 8994.67219737
200360 8994.67219737
200691 2881.32613094
201566 2881.32613094
201801 5870.5169277
203235 5870.5169277
203612 20809.7594921
205033 20809.7594921
205492 11734.6207883
206057 11734.6207883
206375 2440.56208995
207522 2440.56208995
207884 1116.35636269
208700 1116.35636269
209167 5485.90354784
210152 5485.90354784
210360 478.063000786
211442 478.063000786
211717 12221.936074
212574 12221.936074
212789 17475.0805557
213905 17475.0805557
214329 16926.1785487
214886 16926.1785487
215361 2477.81084408
216444 2477.81084408
216744 4171.4325457
218218 4171.4325457
218428 8098.72429262
219286 8098.72429262
219659 3134.20725043
220282 3134.20725043
220610 908.189113715
222063 908.189113715
222554 19619.569722
223927 19619.569722
224258 7617.41792411
224792 7617.41792411
225221 378.924707416
225753 378.924707416
225962 9015.9514042
226624 9015.9514042
226882 8998.99536019
228313 8998.99536019
228654 11164.2104532
229772 11164.2104532
229984 13774.6148182
230811 13774.6148182
231094 7549.77071422
232290 7549.77071422
232573 3993.33545996
233745 3993.33545996
233884 11985.4854868
235045 11985.4854868
235248 13053.6816893
236145 13053.6816893
236339 15718.3538314
237605 15718.3538314
237985 10967.3454433
238581 10967.3454433
238818 5864.89915627
239709 5864.89915627
240144 12441.7799188
240839 12441.7799188
241139 3061.32517299
241961 3061.32517299
242198 5621.32885917
242873 5621.32885917
