0 7469.57594814
970 7469.57594814
1271 18975.1671579
1823 18975.1671579
2132 4738.44031342
2667 4738.44031342
2999 6482.85921205
3593 6482.85921205
3833 9388.21628403
4967 9388.21628403
5105 7190.2255592
6534 7190.2255592
6735 8469.72313075
8030 8469.72313075
8162 5625.26677205
9040 5625.26677205
9493 3339.51576095
10362 3339.51576095
10544 6115.48174309
11159 6115.48174309
11268 5232.07940535
12212 5232.07940535
12541 3650.87194275
13573 3650.87194275
14062 7299.88716793
15206 7299.88716793
15414 1395.55256316
16704 1395.55256316
16862 12033.5507352
17536 12033.5507352
17857 1114.40261121
19130 1114.40261121
19417 817.32917886
19989 817.32917886
20267 2342.65059165
21187 2342.65059165
21356 9738.54962309
22610 9738.54962309
22868 5451.52985673
24281 5451.52985673
24704 3781.36389644
25571 3781.36389644
25723 3790.09094724
26425 3790.09094724
26850 5899.25269596
28086 5899.25269596
28191 6107.47965291
28843 6107.47965291
29196 5511.68124523
29817 5511.68124523
30200 6770.32913007
31163 6770.32913007
31549 7130.2447803
32935 7130.2447803
33090 3143.49169028
34545 3143.49169028
34970 8448.52113806
35495 8448.52113806
35701 14608.0264692
36887 14608.0264692
37318 8195.43364742
38115 8195.43364742
38514 7939.79903
39800 7939.79903
40212 5232.23687732
41533 5232.23687732
41722 6954.53995225
42905 6954.53995225
43262 7070.83199942
44523 7070.83199942
44945 10555.6579442
45631 10555.6579442
45822 5169.15706819
46821 5169.15706819
47241 15593.7683567
48382 15593.7683567
48584 1884.04832763
49811 1884.04832763
50086 7353.91972418
51115 7353.91972418
51504 211.561331647
52273 211.561331647
52462 5969.19838426
53818 5969.19838426
54272 2457.30144477
55656 2457.30144477
55758 9972.78936162
56668 9972.78936162
57113 5695.29891436
57877 5695.29891436
58078 6199.22160715
59091 6199.22160715
59276 9262.87621549
60106 9262.87621549
60516 5595.90020941
61390 5595.90020941
61852 1839.85004441
62398 1839.85004441
62661 4793.83488075
63924 4793.83488075
64360 8121.69698753
65772 8121.69698753
65973 1847.00170592
67161 1847.00170592
67535 1866.11460802
68037 1866.11460802
68139 1269.81897235
68779 1269.81897235
69035 4802.67488262
70099 4802.67488262
70444 1138.79620437
70977 1138.79620437
71456 686.369327867
72753 686.369327867
72978 8745.67445879
73670 8745.67445879
73962 3694.91746173
75440 3694.91746173
75900 18085.200184
77083 18085.200184
77289 7626.56208783
78427 7626.56208783
78737 5709.17273813
79387 5709.17273813
79755 343.864813252
80768 343.864813252
81191 3664.03290904
82212 3664.03290904
82384 5127.91222152
83833 5127.91222152
83959 903.414710782
84771 903.414710782
85042 2831.8659732
85883 2831.8659732
86374 10208.3304325
87566 10208.3304325
88049 754.800335544
89375 754.800335544
89534 5914.8570747
90772 5914.8570747
91151 9324.53110274
91902 9324.53110274
92047 7464.43948894
92582 7464.43948894
93006 8094.83344652
94408 8094.83344652
94665 9060.63588955
95582 9060.63588955
95940 2023.1948217
96444 2023.1948217
96940 6179.17255217
97923 6179.17255217
98290 5868.44255567
98991 5868.44255567
99347 3671.88959712
100186 3671.88959712
100673 4175.71312277
101263 4175.71312277
101455 2261.21474104
102573 2261.21474104
102872 4551.0086665
103404 4551.0086665
103763 5477.40950741
104876 5477.40950741
105209 3017.67355042
105802 3017.67355042
106190 4345.51947563
106919 4345.51947563
107246 11902.8823872
108061 11902.8823872
108376 3275.93535099
109073 3275.93535099
109280 7882.54689597
110661 7882.54689597
110762 9077.40093286
111539 9077.40093286
111851 9157.65892648
112391 9157.65892648
112689 10384.0658371
113977 10384.0658371
114390 3069.1847539
115276 3069.1847539
115433 7609.53222036
116197 7609.53222036
116629 6137.48196746
117856 6137.48196746
118227 6371.74790035
119548 6371.74790035
119942 2293.45313209
120761 2293.45313209
120943 1626.79968089
122083 1626.79968089
122205 1249.20149703
123454 1249.20149703
123604 7225.29421018
124457 7225.29421018
124844 8096.3819503
125780 8096.3819503
126024 1062.04545136
127359 1062.04545136
127577 6711.24668669
128941 6711.24668669
129077 4284.58518881
130154 4284.58518881
130628 7209.35224587
131477 7209.35224587
131682 12615.9314317
132421 12615.9314317
132728 792.152572688
134008 792.152572688
134307 92.9753788961
134958 92.9753788961
135210 10921.7639792
136210 10921.7639792
136598 11491.1582585
137803 11491.1582585
137985 3893.45066624
139274 3893.45066624
139627 12582.9747071
140927 12582.9747071
141222 15458.0798578
141869 15458.0798578
142201 6499.30619202
142973 6499.30619202
143330 13797.58731
144274 13797.58731
144677 5173.3639357
146015 5173.3639357
146407 4464.22970245
147808 4464.22970245
147961 9645.56526661
148969 9645.56526661
149350 11248.1510994
150635 11248.1510994
150937 3473.29069548
152195 3473.29069548
152617 10420.9197856
154041 10420.9197856
154341 1451.98825342
155777 1451.98825342
155911 8388.27319703
156678 8388.27319703
156804 7385.60309862
157761 7385.60309862
157943 20636.9408215
159238 20636.9408215
159580 5745.68758985
160637 5745.68758985
161000 4272.71030156
162191 4272.71030156
162317 5755.83406851
162977 5755.83406851
163222 3483.22494869
163980 3483.22494869
164236 6358.33930212
165260 6358.33930212
165758 6340.85620647
166930 6340.85620647
167174 8298.40178873
167986 8298.40178873
168451 2047.4184413
169147 2047.4184413
169364 2463.11874809
170379 2463.11874809
170848 2751.80915224
171717 2751.80915224
171968 6923.66100164
172962 6923.66100164
173364 16879.9002079
174812 16879.9002079
174930 2904.84836727
176289 2904.84836727
176430 8267.85497273
177317 8267.85497273
177722 2993.68859794
179070 2993.68859794
179372 53.2691817141
179906 53.2691817141
180402 5739.56466235
181849 5739.56466235
182281 3830.57835505
183292 3830.57835505
183565 12695.0009396
184606 12695.0009396
184935 9712.58693017
186262 9712.58693017
186366 8327.90297967
187679 8327.90297967
188032 8960.92501993
189383 8960.92501993
189496 15399.6308805
190871 15399.6308805
191165 309.814303505
192117 309.814303505
192252 9761.20173331
193492 9761.20173331
193673 11392.6214736
195151 11392.6214736
195281 6428.66442569
196703 6428.66442569
196955 8472.27186024
198348 8472.27186024
198633 1606.70526303
199535 1606.70526303
199944 3168.00741496
200807 3168.00741496
200915 826.156337217
202031 826.156337217
202525 6017.00283784
203685 6017.00283784
203871 4498.57141951
205238 4498.57141951
205526 11001.5473757
206048 11001.5473757
206159 6150.21424639
207399 6150.21424639
207799 1195.13626945
208533 1195.13626945
208675 7853.10728387
209444 7853.10728387
209851 2612.45752206
210972 2612.45752206
211384 1026.56685028
212174 1026.56685028
212287 5125.40399497
212980 5125.40399497
213085 9729.02615959
213594 9729.02615959
214078 1899.7752038
215133 1899.7752038
215540 9629.56261834
216403 9629.56261834
216900 9444.02237866
217985 9444.02237866
218330 4400.52164155
219240 4400.52164155
219688 1448.77877398
220437 1448.77877398
220883 14532.8011269
222296 14532.8011269
222603 12184.4147043
223201 12184.4147043
223441 4661.1582774
224080 4661.1582774
224307 8416.05404999
225760 8416.05404999
225942 14598.4843171
226861 14598.4843171
227323 9155.23660348
228082 9155.23660348
228400 269.542782269
229716 269.542782269
230064 7497.99159675
230711 7497.99159675
230818 11325.7803373
231692 11325.7803373
232013 2728.79400642
232735 2728.79400642
232908 7891.89652806
234095 7891.89652806
234579 2448.23847785
235560 2448.23847785
235900 7034.4114984
236893 7034.4114984
237180 7920.78259091
238244 7920.78259091
238376 13286.0510387
239548 13286.0510387
239969 227.681380645
241053 227.681380645
241465 13658.7168957
242796 13658.7168957
242903 4933.21572951
243788 4933.21572951
243990 8002.81609367
245320 8002.81609367
245498 5509.92110534
246895 5509.92110534
246997 9072.21884518
247965 9072.21884518
248295 7087.42202321
248981 7087.42202321
249130 839.81558667
250059 839.81558667
250557 2665.43534052
251160 2665.43534052
251279 3132.29108997
251903 3132.29108997
252032 885.7177791
253472 885.7177791
253917 11402.6209826
255215 11402.6209826
255582 11314.2500018
256566 11314.2500018
256737 5955.4754651
257498 5955.4754651
257710 4365.76923357
259009 4365.76923357
259358 8019.59358183
260578 8019.59358183
261005 16609.4397376
262102 16609.4397376
262551 6921.28749649
263824 6921.28749649
264088 8692.59593302
265587 8692.59593302
