0 3602.75764738
957 3602.75764738
1366 5338.39631048
2273 5338.39631048
2434 5709.53261011
2935 5709.53261011
3276 4431.75425059
4436 4431.75425059
4543 4338.47232038
6004 4338.47232038
6386 6415.58319857
7755 6415.58319857
7943 3054.74039549
8936 3054.74039549
9249 3379.07133878
10494 3379.07133878
10867 5232.60969345
12130 5232.60969345
12285 7396.83308044
12954 7396.83308044
13435 7147.7101334
14014 7147.7101334
14265 5476.59558272
15541 5476.59558272
15873 4572.46142635
17096 4572.46142635
17477 4645.71973097
18636 4645.71973097
18875 5992.22246747
19466 5992.22246747
19802 5201.71315667
20904 5201.71315667
21081 6173.56583911
21739 6173.56583911
21986 3194.86656734
23465 3194.86656734
23953 6302.58520094
24545 6302.58520094
24885 2497.50551537
25594 2497.50551537
26082 7519.60854334
26969 7519.60854334
27252 7256.75001752
27906 7256.75001752
28265 4098.61457187
29410 4098.61457187
29532 3590.51507791
30119 3590.51507791
30448 4733.16199198
31127 4733.16199198
31473 3922.18006974
32464 3922.18006974
32851 4022.42823636
33610 4022.42823636
33855 3542.85229868
35019 3542.85229868
35304 5548.0541151
36688 5548.0541151
37067 5956.09741703
38347 5956.09741703
38626 7147.34155133
39234 7147.34155133
39386 1792.19684846
40239 1792.19684846
40485 4052.43829018
41236 4052.43829018
41415 5271.17741653
42637 5271.17741653
42950 2264.2485529
44120 2264.2485529
44319 6089.76008562
45560 6089.76008562
45978 3737.04796428
47276 3737.04796428
47595 4656.83114178
48664 4656.83114178
49005 6021.7213665
49574 6021.7213665
49679 5459.06597157
50928 5459.06597157
51219 8101.71042122
52592 8101.71042122
53011 4768.74985971
54438 4768.74985971
54728 2823.32966797
55941 2823.32966797
56130 5013.77088353
56662 5013.77088353
56885 7783.86803051
57693 7783.86803051
58113 5716.60967438
59220 5716.60967438
59643 7059.87381317
61018 7059.87381317
61256 7840.62059468
62142 7840.62059468
62357 7093.24066957
63195 7093.24066957
63414 6673.52135422
64839 6673.52135422
65183 7725.77216282
66576 7725.77216282
66876 3728.98254041
67679 3728.98254041
67820 7198.68294016
68522 7198.68294016
68674 6018.64649691
69696 6018.64649691
69954 7360.40675695
70697 7360.40675695
71065 3261.26185375
71708 3261.26185375
71809 6471.60341423
72726 6471.60341423
72924 5134.61056813
73516 5134.61056813
73674 8103.34822873
74206 8103.34822873
74394 5350.94122241
75405 5350.94122241
75509 8015.41012034
76733 8015.41012034
77039 7198.37903588
78079 7198.37903588
78494 5990.24602313
79859 5990.24602313
80166 6835.49527178
80943 6835.49527178
81288 4888.68950866
82187 4888.68950866
82387 5051.79709195
83410 5051.79709195
83512 4207.50569552
84028 4207.50569552
84369 5167.5640927
85616 5167.5640927
85724 5983.12918948
86618 5983.12918948
87098 3460.50007939
88580 3460.50007939
88780 5438.29191927
89776 5438.29191927
90173 6028.65177679
91532 6028.65177679
91955 4710.93248817
93400 4710.93248817
93886 3404.42947603
94446 3404.42947603
94672 6696.97245915
95941 6696.97245915
96253 3665.7740086
97734 3665.7740086
97953 5332.50421661
98629 5332.50421661
98962 3112.51393252
100358 3112.51393252
100586 5757.17307854
101976 5757.17307854
102229 7844.71424829
103282 7844.71424829
103712 7566.08177694
104864 7566.08177694
105331 5938.43663489
106116 5938.43663489
106437 6860.45588592
107815 6860.45588592
107963 4726.62211922
108577 4726.62211922
108811 5562.45170716
109483 5562.45170716
109753 2642.28726041
111189 2642.28726041
111308 6961.59322581
112332 6961.59322581
112640 3981.41902779
113162 3981.41902779
113635 6996.14137992
114512 6996.14137992
114966 4360.33572514
116273 4360.33572514
116716 5216.72317266
118118 5216.72317266
118429 2844.99563375
119290 2844.99563375
119440 7151.2645732
120306 7151.2645732
120466 2825.93554286
121491 2825.93554286
121984 2393.32644997
122520 2393.32644997
122668 5328.50002181
123395 5328.50002181
123588 7034.932252
125042 7034.932252
125217 5536.34831308
126534 5536.34831308
126636 6965.7576492
127515 6965.7576492
127826 4800.03286464
128673 4800.03286464
128925 7153.55802404
130119 7153.55802404
130355 4765.91521792
131658 4765.91521792
131829 6733.56784511
132879 6733.56784511
133142 9988.78601228
133694 9988.78601228
134025 7261.24446888
135271 7261.24446888
135632 7248.88852602
136804 7248.88852602
136992 5008.02951855
138009 5008.02951855
138410 4265.7280129
139717 4265.7280129
140088 5583.91127545
141515 5583.91127545
141834 2718.70012094
142714 2718.70012094
142937 5298.17357913
144436 5298.17357913
144677 4070.45345061
145620 4070.45345061
145885 4940.07846938
146393 4940.07846938
146757 7534.34261187
147924 7534.34261187
148321 4884.20312035
149085 4884.20312035
149339 4245.17558334
150420 4245.17558334
150839 2652.28747348
151921 2652.28747348
152198 6638.94694874
153216 6638.94694874
153560 4228.90714065
154258 4228.90714065
154409 6514.87690185
155282 6514.87690185
155658 6193.79498542
156788 6193.79498542
157017 4404.68906369
157918 4404.68906369
158322 5686.3274758
158941 5686.3274758
159166 5814.74244278
160089 5814.74244278
160543 5321.75136889
161593 5321.75136889
161718 7193.78537551
162509 7193.78537551
162926 8123.06822476
164093 8123.06822476
164345 7645.58307748
165329 7645.58307748
165557 6417.89726393
166481 6417.89726393
166833 5208.43075796
167634 5208.43075796
167810 4306.80478202
168913 4306.80478202
169409 6226.81556437
170086 6226.81556437
170287 7925.41813349
171339 7925.41813349
171451 5144.10740084
172223 5144.10740084
172390 4218.34931956
173104 4218.34931956
173225 5215.31324476
174127 5215.31324476
174500 5178.98752413
175482 5178.98752413
175962 5310.92941974
177147 5310.92941974
177642 7251.05303159
178540 7251.05303159
178850 3484.2067868
180044 3484.2067868
180410 6180.10860177
181310 6180.10860177
181418 660.818933902
182725 660.818933902
182826 3994.74757241
184162 3994.74757241
184597 3723.73225995
185384 3723.73225995
185718 3633.62571362
186487 3633.62571362
186783 5370.19617562
187653 5370.19617562
187898 5195.11853227
188993 5195.11853227
189279 2620.36158654
190534 2620.36158654
190928 4683.49607426
191758 4683.49607426
192009 7660.44976848
192711 7660.44976848
192889 6245.26208823
194309 6245.26208823
194642 6528.00189474
195652 6528.00189474
195769 3251.60828264
196854 3251.60828264
197056 6383.93476777
198295 6383.93476777
198537 7980.68652643
199160 7980.68652643
199648 7894.74451287
200324 7894.74451287
200650 6353.53259529
202079 6353.53259529
202240 8947.60985805
202840 8947.60985805
203251 6939.3579895
203910 6939.3579895
204076 4936.70460727
205126 4936.70460727
205276 5641.68809088
206646 5641.68809088
206775 5339.65024298
207845 5339.65024298
208104 3799.32057991
208638 3799.32057991
208804 4421.1288991
209833 4421.1288991
209948 7922.9182379
210510 7922.9182379
210611 6707.11220866
211829 6707.11220866
212221 6848.16018159
212919 6848.16018159
213175 7800.04848831
214633 7800.04848831
214866 5693.48499359
216108 5693.48499359
216334 7385.25155794
217225 7385.25155794
217578 4995.58237626
218762 4995.58237626
219071 5558.35131352
219755 5558.35131352
220044 4168.81096966
220704 4168.81096966
220843 6383.9842866
222160 6383.9842866
222320 6540.85888174
222931 6540.85888174
223053 6216.9589267
223715 6216.9589267
223931 5467.80554698
224682 5467.80554698
225148 5739.83159712
225742 5739.83159712
225907 3241.90196406
227166 3241.90196406
