0 6508.32764785
941 6508.32764785
1293 6033.03789512
1835 6033.03789512
2001 4860.63431808
3124 4860.63431808
3429 7317.75926092
4918 7317.75926092
5120 5361.45752004
5794 5361.45752004
5997 6933.13107599
7379 6933.13107599
7617 6621.08134235
8370 6621.08134235
8511 9097.78395754
9812 9097.78395754
10090 4986.09066909
11386 4986.09066909
11666 5219.97252748
12637 5219.97252748
12754 12160.4260228
13559 12160.4260228
13898 4481.1050408
14539 4481.1050408
14937 3985.3546195
16023 3985.3546195
16430 5242.0811027
17622 5242.0811027
18048 3399.23537897
19274 3399.23537897
19534 3495.1230457
20856 3495.1230457
20993 4941.66051367
22083 4941.66051367
22524 7275.593354
23312 7275.593354
23556 3335.58895769
24883 3335.58895769
25001 1321.87169457
25591 1321.87169457
26088 3636.05707994
26935 3636.05707994
27299 5727.2452029
28427 5727.2452029
28622 709.19664609
29156 709.19664609
29350 2884.23264875
30307 2884.23264875
30537 2189.99065327
31261 2189.99065327
31639 5166.57085254
32187 5166.57085254
32657 6712.92113925
33618 6712.92113925
34105 6626.94967061
34832 6626.94967061
35011 4717.03106978
35763 4717.03106978
36159 2187.67636172
36796 2187.67636172
37074 4934.05235394
37650 4934.05235394
37843 4434.46817652
38368 4434.46817652
38577 9976.03982056
39631 9976.03982056
39738 4688.50360889
40875 4688.50360889
41048 4602.55859417
42428 4602.55859417
42882 7282.75478173
43625 7282.75478173
44106 1923.56852166
45322 1923.56852166
45795 4285.5516404
46964 4285.5516404
47303 5514.41036
48373 5514.41036
48584 5112.73889617
49508 5112.73889617
49841 6785.08338836
50815 6785.08338836
51148 3767.60322441
52191 3767.60322441
52298 5243.89722154
53336 5243.89722154
53796 3879.57907598
54669 3879.57907598
55161 2173.20651628
56190 2173.20651628
56671 2987.74817838
58093 2987.74817838
58213 7916.24470825
59422 7916.24470825
59892 3217.62161948
60435 3217.62161948
60557 6728.61242918
61816 6728.61242918
62155 7126.43312087
63203 7126.43312087
63361 4615.98485983
63997 4615.98485983
64331 3610.06221393
65447 3610.06221393
65721 5743.76983754
66891 5743.76983754
67016 7513.26917481
67937 7513.26917481
68300 1837.1382503
69566 1837.1382503
69671 5907.92926699
70601 5907.92926699
71005 6336.2376728
71714 6336.2376728
71893 5294.39377378
72860 5294.39377378
72983 2609.04967121
74153 2609.04967121
74372 8160.97719021
75538 8160.97719021
75906 5877.28498578
77290 5877.28498578
77717 3202.3955399
78356 3202.3955399
78603 5644.39212944
80002 5644.39212944
80459 4757.07125072
80980 4757.07125072
81315 3959.56515452
82511 3959.56515452
82882 2524.48058588
83950 2524.48058588
84401 4761.72698138
85409 4761.72698138
85675 7613.18732981
86222 7613.18732981
86590 4654.22462682
87852 4654.22462682
88093 5164.74305473
88710 5164.74305473
89198 3683.84454312
90600 3683.84454312
90836 7002.89124281
92029 7002.89124281
92403 5966.30820257
93431 5966.30820257
93777 5097.14233107
94995 5097.14233107
95141 4844.11626618
96486 4844.11626618
96844 8490.65783646
97781 8490.65783646
97957 2948.88270704
98498 2948.88270704
98624 7565.18500589
99603 7565.18500589
99957 5888.16148354
100876 5888.16148354
101269 3400.2657643
102507 3400.2657643
102797 5056.76609225
103671 5056.76609225
104060 3499.98696523
104578 3499.98696523
104976 7049.64230422
105909 7049.64230422
106206 1873.99989183
107395 1873.99989183
107773 2827.82735714
109231 2827.82735714
109362 6196.22513201
110538 6196.22513201
110724 5750.20406426
112135 5750.20406426
112279 2424.19925425
113233 2424.19925425
113492 5392.29834774
114279 5392.29834774
114697 4652.64456122
116194 4652.64456122
116399 6671.78703974
117800 6671.78703974
118147 5884.82755402
118968 5884.82755402
119434 3244.41077451
120240 3244.41077451
120565 5501.37519252
121976 5501.37519252
122406 6325.64305982
123105 6325.64305982
123575 139.921167535
125036 139.921167535
125248 3447.43092705
126396 3447.43092705
126874 6771.49121644
127935 6771.49121644
128243 8682.37277087
129342 8682.37277087
129837 6013.57386411
131075 6013.57386411
131256 6602.23393791
131947 6602.23393791
132071 10696.818347
132859 10696.818347
133197 6498.6903424
134109 6498.6903424
134457 4028.29373406
135895 4028.29373406
136204 2450.36725873
136763 2450.36725873
137055 2329.20274071
138134 2329.20274071
138386 8617.50756542
139468 8617.50756542
139798 4918.70268418
141089 4918.70268418
141321 3480.72833663
142292 3480.72833663
142473 8146.83065141
143305 8146.83065141
143619 1910.99311204
144304 1910.99311204
144409 6385.36270845
145306 6385.36270845
145519 5111.14627508
146797 5111.14627508
147203 6996.20578667
147848 6996.20578667
148150 1681.95805827
149058 1681.95805827
149419 5265.35449196
150419 5265.35449196
150686 3810.63114885
151380 3810.63114885
151704 4286.46530382
152723 4286.46530382
153166 5817.1409059
154368 5817.1409059
154792 6552.51663925
156072 6552.51663925
156352 7091.54640141
157242 7091.54640141
157660 3469.05905587
158689 3469.05905587
159161 5798.29554682
159772 5798.29554682
159967 7661.95971179
161319 7661.95971179
161485 4008.2374106
162159 4008.2374106
162304 6521.77298017
163117 6521.77298017
163349 7201.00644979
164156 7201.00644979
164565 2115.06510298
165412 2115.06510298
165799 2458.63917396
166926 2458.63917396
167220 1572.4744067
168653 1572.4744067
169060 5746.50673161
169572 5746.50673161
169782 3912.07477063
170913 3912.07477063
171190 4128.08422182
172285 4128.08422182
172568 8158.90779695
173607 8158.90779695
173861 575.421805792
174699 575.421805792
174912 9183.42070057
175537 9183.42070057
176006 4767.08737233
176988 4767.08737233
177419 6176.11330187
178005 6176.11330187
178193 1759.4956159
179144 1759.4956159
179323 5811.36303895
179906 5811.36303895
180264 2955.19209386
180765 2955.19209386
181139 5368.83227281
181754 5368.83227281
181961 6537.23162829
183361 6537.23162829
183492 7850.82740855
184577 7850.82740855
184702 3123.64993836
185872 3123.64993836
186226 6076.9543141
186873 6076.9543141
186973 1533.19308306
187803 1533.19308306
187986 3308.78809913
188879 3308.78809913
189162 5090.4877701
190019 5090.4877701
190425 5693.48400172
191724 5693.48400172
192199 3056.03845649
193053 3056.03845649
193359 4482.43016041
194744 4482.43016041
195008 7007.02453321
196225 7007.02453321
196677 4661.1334107
197192 4661.1334107
197335 6977.62925059
198078 6977.62925059
198398 5756.2840899
199783 5756.2840899
199999 8724.50957655
201000 8724.50957655
201467 2916.53232386
202281 2916.53232386
202603 3796.88789716
203359 3796.88789716
203499 8362.67713625
204680 8362.67713625
205012 5738.21612687
206348 5738.21612687
206618 3313.58568647
207887 3313.58568647
208180 4161.18035569
209373 4161.18035569
209567 5861.45211091
210190 5861.45211091
210587 8285.83435993
211329 8285.83435993
211591 2894.84127476
212100 2894.84127476
212467 2459.36220111
213659 2459.36220111
213867 3437.65104025
215359 3437.65104025
215599 6030.04310061
216661 6030.04310061
216820 6638.33523132
217542 6638.33523132
217950 293.018638773
218867 293.018638773
218981 4091.84698304
220300 4091.84698304
220728 3496.66834929
221308 3496.66834929
221553 2958.71499882
222570 2958.71499882
222716 1255.96016285
224071 1255.96016285
224532 3919.08656279
225688 3919.08656279
225943 5737.98295558
227032 5737.98295558
227385 5978.95288916
228068 5978.95288916
228549 6003.0332667
229123 6003.0332667
229561 2193.45520721
230287 2193.45520721
230592 1145.45544755
231588 1145.45544755
232048 3919.60181108
232773 3919.60181108
233015 2799.04610915
234043 2799.04610915
234419 5484.6823447
235560 5484.6823447
235894 1656.88303574
237216 1656.88303574
237362 1558.93869968
238117 1558.93869968
238322 3280.22451415
239537 3280.22451415
239874 6438.6680639
240675 6438.6680639
241101 5390.00740525
241928 5390.00740525
242295 2056.11781586
243565 2056.11781586
243694 6056.2120292
244458 6056.2120292
