0 6374.61163225
590 6374.61163225
731 5022.07329379
1241 5022.07329379
1570 5121.74114712
2957 5121.74114712
3126 5782.29530645
3707 5782.29530645
4037 5287.01741262
4948 5287.01741262
5300 6198.28646218
6039 6198.28646218
6246 3605.20669444
7197 3605.20669444
7413 4975.39933588
7985 4975.39933588
8294 3555.76274579
8855 3555.76274579
9300 6661.97439696
10261 6661.97439696
10695 6056.14618611
11908 6056.14618611
12156 3795.4251161
13494 3795.4251161
13982 7426.83105059
15297 7426.83105059
15630 7423.35759542
16947 7423.35759542
17165 6798.97011062
18323 6798.97011062
18689 5720.49886455
20011 5720.49886455
20136 4630.84587627
21396 4630.84587627
21807 6692.70576371
22453 6692.70576371
22605 5775.24368016
23516 5775.24368016
23622 5811.72339354
24593 5811.72339354
24917 5906.05100257
25558 5906.05100257
25734 6393.58065083
26786 6393.58065083
27120 6637.23999338
27728 6637.23999338
28084 6092.09179234
29431 6092.09179234
29585 5794.35274542
30568 5794.35274542
30871 7062.88876516
31554 7062.88876516
31856 5839.09273444
32742 5839.09273444
32975 6794.88612485
33679 6794.88612485
34151 3917.38817164
35342 3917.38817164
35500 4934.24602332
36826 4934.24602332
37045 6722.17198654
38341 6722.17198654
38721 6091.29633383
40114 6091.29633383
40296 1970.99119093
40940 1970.99119093
41412 8701.80575116
42126 8701.80575116
42339 5043.69959098
43029 5043.69959098
43253 6646.11800895
44111 6646.11800895
44454 8197.4500867
45101 8197.4500867
45335 5407.51124997
45942 5407.51124997
46415 3220.17404681
47461 3220.17404681
47859 4727.18980336
49014 4727.18980336
49121 5144.32084705
50206 5144.32084705
50575 4194.71813219
51409 4194.71813219
51889 2970.45710739
52594 2970.45710739
52736 6861.67043011
53959 6861.67043011
54084 6796.63973359
55444 6796.63973359
55910 4225.53386582
56696 4225.53386582
57008 7789.30009906
57599 7789.30009906
57817 7227.99541346
58402 7227.99541346
58504 2548.31696814
59213 2548.31696814
59560 5172.75187138
60591 5172.75187138
60851 6774.01486045
61939 6774.01486045
62411 7268.27836304
63904 7268.27836304
64093 6277.61708487
64840 6277.61708487
65123 5717.09813166
66382 5717.09813166
66653 4846.0871938
67594 4846.0871938
68034 5803.58299902
69022 5803.58299902
69192 4456.18740185
69724 4456.18740185
70032 6107.19759158
70617 6107.19759158
71060 3729.94307269
72362 3729.94307269
72465 1906.32570089
73908 1906.32570089
74070 7273.84645097
75203 7273.84645097
75518 4561.72967445
76264 4561.72967445
76394 6185.75821687
77407 6185.75821687
77788 8076.20813179
78578 8076.20813179
78983 4565.66741164
79805 4565.66741164
80228 5093.89596627
80737 5093.89596627
80986 4765.7011991
81891 4765.7011991
82164 5721.50434216
82875 5721.50434216
83198 2987.9299736
84311 2987.9299736
84502 9671.74954569
85520 9671.74954569
85705 6092.20460853
86758 6092.20460853
87011 5622.17223424
87605 5622.17223424
87876 6308.78149221
88518 6308.78149221
88872 5618.70759555
89988 5618.70759555
90401 7634.11293017
91897 7634.11293017
92288 6355.42990081
93653 6355.42990081
93839 8098.80597101
94591 8098.80597101
95002 3810.75455314
96107 3810.75455314
96438 6587.64955482
97058 6587.64955482
97490 2374.56304256
98884 2374.56304256
99211 3478.33783131
99858 3478.33783131
100298 6067.44772891
100877 6067.44772891
101255 4580.9418168
101860 4580.9418168
102082 8246.33526602
103300 8246.33526602
103463 5419.60247982
104516 5419.60247982
104693 7457.70891435
105366 7457.70891435
105519 6374.08590171
106901 6374.08590171
107328 6887.78141538
108386 6887.78141538
108511 6701.34550892
109444 6701.34550892
109844 3675.99472717
110936 3675.99472717
111209 4895.09908252
112407 4895.09908252
112827 4136.02778126
113480 4136.02778126
113616 7242.77908013
114699 7242.77908013
114867 6603.24956554
115976 6603.24956554
116256 3940.11659643
117419 3940.11659643
117799 5042.24651436
118700 5042.24651436
118836 4165.13165634
120117 4165.13165634
120469 5838.52418645
120989 5838.52418645
121103 3906.46116364
122569 3906.46116364
123041 5710.13761997
124534 5710.13761997
124753 5877.2873906
125652 5877.2873906
126099 3939.1864612
126839 3939.1864612
127223 8414.1694507
128209 8414.1694507
128590 4611.77792709
129560 4611.77792709
129923 4269.93478232
131329 4269.93478232
131771 4419.02161888
132949 4419.02161888
133078 4901.75924631
133614 4901.75924631
133852 4402.153422
135293 4402.153422
135719 8823.98497312
136579 8823.98497312
136791 6887.36114045
137925 6887.36114045
138183 5148.86952495
139063 5148.86952495
139499 5006.07013198
140991 5006.07013198
141331 3957.28322774
142642 3957.28322774
142752 8195.22677588
144091 8195.22677588
144197 4240.52417918
145080 4240.52417918
145486 3570.47360308
146742 3570.47360308
146988 5031.62815742
147749 5031.62815742
147956 5863.5580138
149401 5863.5580138
149855 6009.21646601
151251 6009.21646601
151427 4924.02082581
152084 4924.02082581
152197 6044.19971669
153443 6044.19971669
153921 4154.64274146
155381 4154.64274146
155639 8105.14397382
156265 8105.14397382
156442 5577.48553657
157179 5577.48553657
157377 6215.62167438
158349 6215.62167438
158759 4984.53605932
159509 4984.53605932
159725 4781.82524858
160691 4781.82524858
161114 9018.44981939
161981 9018.44981939
162404 5492.12565155
163401 5492.12565155
163605 5537.65907573
164490 5537.65907573
164747 4989.44069751
165756 4989.44069751
166156 3249.43145023
166994 3249.43145023
167246 4942.08262995
167922 4942.08262995
168279 10287.971223
168851 10287.971223
169035 4692.99342883
169588 4692.99342883
169870 8001.38160147
171289 8001.38160147
171514 6240.69325882
172511 6240.69325882
172811 6212.93857569
173468 6212.93857569
173670 5943.61605661
174750 5943.61605661
174971 4089.12279885
176132 4089.12279885
176341 4828.84733012
177389 4828.84733012
177732 4196.48996153
178601 4196.48996153
178992 5056.38379611
180180 5056.38379611
180584 3069.52673536
182039 3069.52673536
182489 4695.8922434
183788 4695.8922434
184065 3577.46890879
185369 3577.46890879
185691 6265.65135422
186440 6265.65135422
186894 4293.63105432
188245 4293.63105432
188380 7745.36874382
189591 7745.36874382
189737 2318.42893298
190438 2318.42893298
190554 5195.82971381
191084 5195.82971381
191437 6824.08778241
192115 6824.08778241
192237 3217.94428681
193001 3217.94428681
193402 3277.58500018
194117 3277.58500018
194591 3432.19675419
196083 3432.19675419
196478 2483.25032395
197086 2483.25032395
197469 6736.86375046
198382 6736.86375046
198866 9237.36018301
199718 9237.36018301
199948 7210.86501768
201447 7210.86501768
201788 4207.84588183
202973 4207.84588183
203079 7493.55427481
203941 7493.55427481
204098 8668.11905379
204604 8668.11905379
204979 3693.15687724
205520 3693.15687724
205665 6415.2519313
206576 6415.2519313
206774 6226.45437642
207668 6226.45437642
208155 5636.31036755
208838 5636.31036755
209074 6475.53403646
210152 6475.53403646
210584 5284.10930993
211249 5284.10930993
211650 8779.15257169
212173 8779.15257169
212454 4417.82077938
213588 4417.82077938
213996 4545.03034212
214913 4545.03034212
215082 4844.17389332
216505 4844.17389332
216768 5377.23265853
218048 5377.23265853
218303 8101.6501652
219061 8101.6501652
219360 3549.81763046
220345 3549.81763046
220711 5072.57054887
221573 5072.57054887
221726 7210.37072577
222970 7210.37072577
223449 1317.14920788
224238 1317.14920788
224613 6790.52636876
226074 6790.52636876
226424 3994.98453075
227399 3994.98453075
227882 5898.39443435
228853 5898.39443435
229080 2712.95407204
230339 2712.95407204
230586 6029.89493541
231673 6029.89493541
232080 8555.14344836
233199 8555.14344836
233546 4467.98869739
234344 4467.98869739
234452 5152.09368375
235852 5152.09368375
236011 4504.04728494
237495 4504.04728494
237951 3947.73042242
239112 3947.73042242
239277 6774.33210543
240222 6774.33210543
240569 2492.41664156
241658 2492.41664156
241997 7134.73409476
243430 7134.73409476
243863 6698.44160223
244994 6698.44160223
245403 2739.98455853
246875 2739.98455853
247360 5871.71426517
248249 5871.71426517
248443 4227.43778467
249057 4227.43778467
249421 4545.57908205
249988 4545.57908205
250111 3815.29832334
251283 3815.29832334
