0 6248.7324958
1343 6248.7324958
1715 6589.01153917
2241 6589.01153917
2739 5903.27986787
4080 5903.27986787
4516 6072.06238345
5154 6072.06238345
5284 5906.41921874
6225 5906.41921874
6427 5992.1899406
7135 5992.1899406
7511 6740.79422495
8055 6740.79422495
8491 6446.57577292
9905 6446.57577292
10162 6184.12470349
11141 6184.12470349
11423 5939.39021529
11967 5939.39021529
12435 6369.22680677
13171 6369.22680677
13424 6745.49532064
14413 6745.49532064
14847 6377.04990579
15449 6377.04990579
15594 6206.68987933
16366 6206.68987933
16569 6250.88619588
17720 6250.88619588
18020 6022.12392782
18906 6022.12392782
19063 5957.19706286
20522 5957.19706286
20936 5746.84565286
22205 5746.84565286
22534 6385.8518846
23232 6385.8518846
23514 6349.66117782
24249 6349.66117782
24637 6050.55646171
25536 6050.55646171
26030 6287.6617444
27325 6287.6617444
27573 6086.97083034
28175 6086.97083034
28472 6039.52313136
29188 6039.52313136
29534 6084.74534952
30797 6084.74534952
31248 5673.8786237
32027 5673.8786237
32131 6064.04837715
33450 6064.04837715
33810 6251.1272119
34763 6251.1272119
35023 6282.34156333
36171 6282.34156333
36399 5984.64095383
37241 5984.64095383
37489 6891.29888082
38613 6891.29888082
38773 6483.80848201
39571 6483.80848201
39987 6554.20020727
40784 6554.20020727
41033 5923.76378199
41802 5923.76378199
42136 6584.88217993
43373 6584.88217993
43739 6338.1135789
45139 6338.1135789
45305 6094.11707569
45991 6094.11707569
46214 5560.47165781
46876 5560.47165781
47264 6648.35003487
48081 6648.35003487
48215 6481.41248734
49055 6481.41248734
49539 5593.68545414
50348 5593.68545414
50612 5913.77038039
51167 5913.77038039
51512 6006.10888801
52112 6006.10888801
52599 5804.47514279
53996 5804.47514279
54274 6045.05135395
55535 6045.05135395
55888 6906.40252942
56590 6906.40252942
57008 6389.4413168
58393 6389.4413168
58498 5895.94818241
59065 5895.94818241
59520 6071.13078222
60767 6071.13078222
60880 5598.75984417
61958 5598.75984417
62300 5668.92475883
63245 5668.92475883
63402 5643.31107637
64385 5643.31107637
64844 5645.10153711
65381 5645.10153711
65534 5450.96941654
66097 5450.96941654
66417 6553.76240069
67103 6553.76240069
67489 6421.2777367
68875 6421.2777367
69103 6626.46194708
69979 6626.46194708
70125 5941.01285496
70884 5941.01285496
71096 6445.67316623
72399 6445.67316623
72766 6473.38102071
73690 6473.38102071
73870 5734.57353425
74437 5734.57353425
74740 6206.47127545
75502 6206.47127545
75603 5803.68526553
76584 5803.68526553
76810 6246.05565535
77715 6246.05565535
78117 5793.35670432
78935 5793.35670432
79319 5836.67098541
80013 5836.67098541
80450 5553.18158827
81011 5553.18158827
81191 5125.19057593
82301 5125.19057593
82447 6374.07393778
83414 6374.07393778
83881 5419.86092994
84645 5419.86092994
84821 6436.23015035
86043 6436.23015035
86317 5847.16401657
87571 5847.16401657
87893 6294.63769316
89295 6294.63769316
89537 6254.22023093
90774 6254.22023093
91101 6225.33444714
92057 6225.33444714
92538 6450.31913424
93702 6450.31913424
93848 5780.45119194
95088 5780.45119194
95559 6484.8736063
97013 6484.8736063
97282 5937.97008512
97877 5937.97008512
98001 6127.40849742
99023 6127.40849742
99341 6435.21378226
100348 6435.21378226
100801 5738.56922902
102269 5738.56922902
102398 6718.81261065
103211 6718.81261065
103378 6270.93705927
104492 6270.93705927
104885 6018.06043009
106015 6018.06043009
106347 5834.86008425
107527 5834.86008425
108004 5455.72737196
109036 5455.72737196
109470 6233.89923219
110958 6233.89923219
111114 5941.27827547
112108 5941.27827547
112294 5714.76560635
113181 5714.76560635
113438 6373.44580952
114547 6373.44580952
114671 6614.8306817
115235 6614.8306817
115367 6151.25435549
116691 6151.25435549
117187 5966.61062987
118580 5966.61062987
118948 6220.23809819
120245 6220.23809819
120494 6345.2340755
121538 6345.2340755
121703 6760.74034763
122225 6760.74034763
122474 6443.97696913
123238 6443.97696913
123460 5961.70089161
124748 5961.70089161
124980 5966.16632036
125576 5966.16632036
125737 6460.28199238
126917 6460.28199238
127405 6523.3722702
128289 6523.3722702
128638 6176.44113661
129427 6176.44113661
129804 6127.67038686
130307 6127.67038686
130428 6255.59629225
131423 6255.59629225
131523 6220.78014495
132854 6220.78014495
133329 5691.91947843
134189 5691.91947843
134624 6099.93307656
135752 6099.93307656
135860 5924.53263825
136373 5924.53263825
136829 6480.19325046
137703 6480.19325046
137834 5785.16619508
138845 5785.16619508
139106 5553.03359346
139845 5553.03359346
140182 6728.68418253
141354 6728.68418253
141540 6175.110097
142142 6175.110097
142454 6226.30918487
143145 6226.30918487
143615 6084.53863334
144153 6084.53863334
144475 5695.07261797
145958 5695.07261797
146130 6414.43223698
147582 6414.43223698
147788 6094.21480801
149259 6094.21480801
149750 6412.03669567
150679 6412.03669567
150981 6222.57742164
151650 6222.57742164
151767 5962.05024533
152961 5962.05024533
153321 6547.61890835
154414 6547.61890835
154751 5959.88792204
156228 5959.88792204
156557 6130.3904919
157992 6130.3904919
158403 6377.23795102
159077 6377.23795102
159445 6284.86242159
160055 6284.86242159
160204 6492.21415796
160791 6492.21415796
161027 6015.10067054
162328 6015.10067054
162542 5223.36321478
163859 5223.36321478
164037 5879.7456765
164810 5879.7456765
165259 6514.66172742
166494 6514.66172742
166737 6993.45906006
168149 6993.45906006
168550 6114.2833341
169214 6114.2833341
169553 6564.93944669
170625 6564.93944669
171063 6110.34453828
172431 6110.34453828
172588 6100.48118126
173349 6100.48118126
173679 6148.2697473
174509 6148.2697473
174984 6648.38859096
176146 6648.38859096
176536 6168.78019144
177825 6168.78019144
178020 5978.40990484
179037 5978.40990484
179288 6507.69955605
179951 6507.69955605
180192 6328.85818196
180894 6328.85818196
181385 6192.24641067
182351 6192.24641067
182665 6085.54873681
183782 6085.54873681
184225 6351.57653022
185505 6351.57653022
185754 5806.92187603
186467 5806.92187603
186637 6340.00961563
187812 6340.00961563
187913 5992.79441931
188714 5992.79441931
188953 6556.08530607
190083 6556.08530607
190428 6246.19065242
191446 6246.19065242
191602 5825.25908251
192245 5825.25908251
192604 5674.60477772
193865 5674.60477772
194267 5751.74932734
195751 5751.74932734
196160 6260.64248024
196679 6260.64248024
197039 5761.27395078
197839 5761.27395078
198112 6188.80967515
198642 6188.80967515
199123 5794.67301156
200291 5794.67301156
200716 6324.37504485
201240 6324.37504485
201404 6507.55437834
202061 6507.55437834
202379 6104.50651299
203472 6104.50651299
203923 6377.32028987
205318 6377.32028987
205427 6059.69892478
206768 6059.69892478
207205 6014.3718944
208703 6014.3718944
208927 6348.48669865
210258 6348.48669865
210443 6446.39121134
211588 6446.39121134
211959 6480.54007511
212988 6480.54007511
213253 6878.2284322
214231 6878.2284322
214683 6219.6957981
215842 6219.6957981
216065 6415.40258975
217472 6415.40258975
217596 6582.28802266
218327 6582.28802266
218654 5925.75728857
219545 5925.75728857
219965 5402.80359873
221176 5402.80359873
221598 6612.9822712
223095 6612.9822712
223566 6204.41643006
224621 6204.41643006
224896 5711.74293385
225853 5711.74293385
226274 6545.08059829
227606 6545.08059829
227764 5782.33398739
228851 5782.33398739
229116 5825.68644693
230183 5825.68644693
230681 5954.85919169
231525 5954.85919169
231649 6182.44711728
232761 6182.44711728
232942 6140.48183099
234172 6140.48183099
234274 6519.58876416
235110 6519.58876416
235380 6332.90830251
236519 6332.90830251
236805 5965.38162877
237532 5965.38162877
237807 6207.83726427
238517 6207.83726427
238994 6224.98925397
239812 6224.98925397
239952 6506.45749837
241227 6506.45749837
241456 5890.39625466
242590 5890.39625466
242790 5432.46763981
244270 5432.46763981
244393 5581.5154958
245136 5581.5154958
245571 6236.83314072
246798 6236.83314072
247073 5458.96323338
248511 5458.96323338
248938 5883.26239067
249895 5883.26239067
250047 6311.68294019
251007 6311.68294019
251378 5769.80966114
252009 5769.80966114
252381 5827.35907061
253644 5827.35907061
254128 6241.1007442
255556 6241.1007442
255884 6336.30076299
256788 6336.30076299
257194 6010.98267288
258014 6010.98267288
258188 5710.06652409
259146 5710.06652409
259351 6669.69931488
260152 6669.69931488
260386 6073.5667163
261173 6073.5667163
261507 5937.32447116
262658 5937.32447116
263147 5816.37393877
264430 5816.37393877
