0 4865.16983274
1058 4865.16983274
1483 6760.35531608
2496 6760.35531608
2959 8553.04406712
3799 8553.04406712
4038 11345.1101821
5113 11345.1101821
5486 775.912729518
6562 775.912729518
6938 4721.08460094
8078 4721.08460094
8186 8149.17229399
9168 8149.17229399
9541 4397.53314577
10125 4397.53314577
10266 7498.31538394
11421 7498.31538394
11637 6770.57388384
13076 6770.57388384
13358 5160.28442987
14109 5160.28442987
14537 9068.73077861
15844 9068.73077861
16210 6508.49780565
17514 6508.49780565
17653 7180.15408508
18779 7180.15408508
18967 1375.29261864
19576 1375.29261864
19723 1176.39130945
20408 1176.39130945
20533 5020.31710824
21811 5020.31710824
21981 8603.82568882
23113 8603.82568882
23291 3926.09112412
24578 3926.09112412
24924 388.145029263
25597 388.145029263
26009 3379.25099815
27209 3379.25099815
27556 833.054191017
28366 833.054191017
28587 8495.71358153
30036 8495.71358153
30491 4654.48505756
31982 4654.48505756
32094 8287.56624719
33146 8287.56624719
33400 7727.52214607
34171 7727.52214607
34322 6840.41749931
35282 6840.41749931
35419 4529.19932097
36264 4529.19932097
36733 11323.8953215
37245 11323.8953215
37655 3530.20010671
38835 3530.20010671
39050 5348.10611257
40225 5348.10611257
40411 4862.3183673
41447 4862.3183673
41695 8978.7738377
42368 8978.7738377
42799 10388.9746484
43430 10388.9746484
43744 4302.49267817
44975 4302.49267817
45181 8187.13275895
45917 8187.13275895
46197 8248.09384551
47403 8248.09384551
47822 8318.78343246
48588 8318.78343246
48887 7247.47479483
49667 7247.47479483
50103 9900.31046972
50974 9900.31046972
51297 5917.44173922
52379 5917.44173922
52639 9189.64448819
53294 9189.64448819
53521 13689.6253196
54997 13689.6253196
55392 4526.68097455
56698 4526.68097455
56856 8367.58626988
58310 8367.58626988
58793 6445.73365163
60021 6445.73365163
60507 7123.90564583
61794 7123.90564583
61981 10097.4712899
63030 10097.4712899
63243 10426.049359
64105 10426.049359
64499 5696.34004847
65458 5696.34004847
65736 4239.90236243
67052 4239.90236243
67195 6641.62648945
68304 6641.62648945
68614 1650.04899266
69695 1650.04899266
69992 2906.59626105
71308 2906.59626105
71795 8539.13388025
72488 8539.13388025
72769 5171.00348432
73398 5171.00348432
73697 5111.26957515
74496 5111.26957515
74886 4096.01328435
75915 4096.01328435
76090 7571.28142948
76692 7571.28142948
77059 5665.8105575
78186 5665.8105575
78396 5023.74184562
79314 5023.74184562
79799 5644.93122514
80377 5644.93122514
80648 4085.68562793
81272 4085.68562793
81420 6624.63553858
82488 6624.63553858
82828 5685.85720506
83567 5685.85720506
83842 5465.45806564
84515 5465.45806564
84714 4024.61183308
85802 4024.61183308
86027 2276.74442016
87167 2276.74442016
87346 12105.7995711
88688 12105.7995711
88835 8066.60835261
90213 8066.60835261
90477 2074.08609772
91286 2074.08609772
91740 4872.91017745
92539 4872.91017745
92694 6526.83789708
93420 6526.83789708
93563 4447.10971596
94307 4447.10971596
94642 6271.53881943
95895 6271.53881943
96353 6985.04270464
97014 6985.04270464
97355 8244.67089132
98065 8244.67089132
98220 8056.30886778
99536 8056.30886778
99806 8274.39998735
100773 8274.39998735
100913 5570.74692439
101886 5570.74692439
102156 8063.14055465
102771 8063.14055465
103179 10425.6051347
104113 10425.6051347
104324 2015.11098549
105801 2015.11098549
106250 11125.7368174
107563 11125.7368174
107763 6191.87239011
109218 6191.87239011
109526 7887.02246204
110263 7887.02246204
110540 8981.39382343
111368 8981.39382343
111576 6781.66168605
112165 6781.66168605
112314 6297.17837812
112950 6297.17837812
113287 12145.7388145
114001 12145.7388145
114190 4620.99185092
114988 4620.99185092
115189 8418.2681506
115925 8418.2681506
116292 2169.87176726
117181 2169.87176726
117648 7079.57743772
118436 7079.57743772
118725 3108.41526764
119542 3108.41526764
119763 8231.77460411
120416 8231.77460411
120807 5212.02341273
121733 5212.02341273
122009 3825.91298887
122753 3825.91298887
123219 4744.20298482
124336 4744.20298482
124711 5080.68678017
126058 5080.68678017
126356 5933.78600593
127436 5933.78600593
127631 3823.398279
128812 3823.398279
129302 3904.48068585
129958 3904.48068585
130061 8938.48329431
131263 8938.48329431
131449 10802.3435675
132009 10802.3435675
132326 3950.30930521
133169 3950.30930521
133432 8483.04701303
134472 8483.04701303
134730 5757.69204449
135259 5757.69204449
135619 9294.73758988
136387 9294.73758988
136759 7856.72216672
137673 7856.72216672
137787 7745.06275586
138536 7745.06275586
138667 4859.49719929
139235 4859.49719929
139555 4983.5175369
140095 4983.5175369
140579 8061.67075758
141354 8061.67075758
141540 6954.26463777
142075 6954.26463777
142525 9244.58332613
143710 9244.58332613
144204 4039.52146362
144955 4039.52146362
145179 2865.34491078
146077 2865.34491078
146430 3705.97972149
147925 3705.97972149
148048 2280.67001255
149042 2280.67001255
149187 4659.41393224
150247 4659.41393224
150718 2238.67004198
151962 2238.67004198
152415 7574.90454847
153446 7574.90454847
153905 951.532422834
154987 951.532422834
155282 5155.89496759
156176 5155.89496759
156542 7088.08395162
157847 7088.08395162
158068 7733.50200746
159209 7733.50200746
159577 9710.32896273
160158 9710.32896273
160534 4373.27462159
161835 4373.27462159
161994 2680.2543881
163283 2680.2543881
163692 4461.04442497
165156 4461.04442497
165525 6991.29268301
167011 6991.29268301
167401 4280.58500512
168131 4280.58500512
168530 6571.23698898
169625 6571.23698898
170001 8167.86371627
170906 8167.86371627
171191 9126.35141187
172622 9126.35141187
172764 8661.42860563
174095 8661.42860563
174363 7080.81122113
175411 7080.81122113
175871 3033.09637015
177329 3033.09637015
177482 7284.4896441
178971 7284.4896441
179400 8332.82896214
180219 8332.82896214
180496 5312.82166736
181277 5312.82166736
181650 8509.57282193
182489 8509.57282193
182673 6173.14805668
183840 6173.14805668
183994 7733.53036746
184637 7733.53036746
184962 6626.31180421
185789 6626.31180421
185945 9035.22134041
187093 9035.22134041
187257 11907.2358347
188353 11907.2358347
188542 9003.26247777
189985 9003.26247777
190240 7008.12825395
191121 7008.12825395
191469 8214.43239323
192013 8214.43239323
192389 5934.9084739
193206 5934.9084739
193568 5585.90349924
195024 5585.90349924
195255 9070.50368106
196601 9070.50368106
196741 8398.86003177
197597 8398.86003177
197969 5990.74642286
198989 5990.74642286
199273 5355.32083965
200339 5355.32083965
200533 6987.77119124
201742 6987.77119124
202042 5911.22505756
203108 5911.22505756
203222 8100.94597091
204116 8100.94597091
204598 3754.32670851
205551 3754.32670851
205970 5826.15182351
206508 5826.15182351
206690 8840.65659173
208143 8840.65659173
208497 1553.39196565
209699 1553.39196565
209919 8327.440793
210691 8327.440793
210864 7131.10784769
212337 7131.10784769
212589 6359.18327486
213260 6359.18327486
213669 6982.26274539
214299 6982.26274539
214695 3226.8300949
215620 3226.8300949
215771 7225.80448015
216994 7225.80448015
217114 5141.8324139
217935 5141.8324139
218319 5958.22346294
218849 5958.22346294
219035 5901.63881043
219573 5901.63881043
219858 3245.07169151
221023 3245.07169151
221350 7240.59385363
222625 7240.59385363
222933 6725.87797295
224311 6725.87797295
224575 6050.20703253
225669 6050.20703253
225838 5104.3508944
226981 5104.3508944
227281 2377.50777611
227855 2377.50777611
228040 8307.39642429
229520 8307.39642429
229920 4256.69199733
230700 4256.69199733
230838 8401.21378092
231786 8401.21378092
231990 13448.4905264
232673 13448.4905264
233069 10675.2877543
234059 10675.2877543
234391 6077.46364064
235042 6077.46364064
235202 10250.8284996
235710 10250.8284996
236184 4284.15977913
236970 4284.15977913
237082 870.35709033
238466 870.35709033
238707 8687.338725
239912 8687.338725
240250 4857.30320889
241176 4857.30320889
241296 1174.77634574
241926 1174.77634574
242168 10840.504096
243049 10840.504096
243527 6740.7458382
244776 6740.7458382
245063 9356.6897653
245686 9356.6897653
246105 5929.35612969
246639 5929.35612969
247125 6453.92107888
248391 6453.92107888
248590 6906.86307326
249653 6906.86307326
249820 5265.17593691
250947 5265.17593691
251207 2125.70529032
251725 2125.70529032
252015 6791.42631571
253231 6791.42631571
253582 5050.69270353
254116 5050.69270353
254522 6606.28445092
255261 6606.28445092
255671 11136.4023061
256830 11136.4023061
257114 8062.62366438
258296 8062.62366438
258466 7164.35849647
259604 7164.35849647
260083 6528.01248535
260671 6528.01248535
261158 7773.62856343
261810 7773.62856343
262028 5130.31871379
262883 5130.31871379
263295 6351.46282287
263992 6351.46282287
264421 3332.71794365
265142 3332.71794365
265312 6982.89502978
266231 6982.89502978
266455 3011.95786717
267129 3011.95786717
267597 8379.50804952
268810 8379.50804952
