0 6905.3834373
1146 6905.3834373
1267 7137.33764254
2226 7137.33764254
2573 6806.40229688
4070 6806.40229688
4237 7165.75124379
5143 7165.75124379
5319 7150.99697188
6173 7150.99697188
6568 7023.70327375
7181 7023.70327375
7558 7307.39552966
8858 7307.39552966
9298 7015.75340624
10329 7015.75340624
10776 6834.85109841
11668 6834.85109841
11899 7005.3220785
13336 7005.3220785
13696 6833.22903122
14999 6833.22903122
15487 7268.23836839
16865 7268.23836839
17148 6893.31901898
18323 6893.31901898
18802 7221.37230495
19462 7221.37230495
19873 7384.22953776
21226 7384.22953776
21439 7408.31667438
22259 7408.31667438
22494 7249.64045488
23402 7249.64045488
23615 7039.0277122
24824 7039.0277122
25291 7131.13571887
26019 7131.13571887
26128 7090.54426083
26731 7090.54426083
27140 7067.71603981
27646 7067.71603981
27849 7031.81807449
28931 7031.81807449
29130 6821.9167225
30623 6821.9167225
31105 7524.74181801
32436 7524.74181801
32651 6808.05833573
33845 6808.05833573
33955 6670.24399428
34841 6670.24399428
35325 6998.9388496
36635 6998.9388496
37117 6638.82772321
37802 6638.82772321
38229 6779.53958002
39280 6779.53958002
39449 7562.26013055
40855 7562.26013055
41197 6715.29944139
42260 6715.29944139
42642 7395.16264023
43407 7395.16264023
43886 7089.7926479
44751 7089.7926479
44916 7172.99205319
46159 7172.99205319
46496 6970.20522971
47847 6970.20522971
48110 6963.30545631
48701 6963.30545631
48955 7130.67130063
49741 7130.67130063
49856 7130.21232558
50359 7130.21232558
50467 7584.13612172
51428 7584.13612172
51812 7068.37808851
52595 7068.37808851
52855 7134.94066495
54314 7134.94066495
54804 6947.90945867
56181 6947.90945867
56420 6766.20884065
57071 6766.20884065
57275 7261.3536076
58325 7261.3536076
58453 6908.13785544
59185 6908.13785544
59466 7127.07652931
60277 7127.07652931
60404 7420.08636702
61203 7420.08636702
61379 7033.39656538
62382 7033.39656538
62486 6745.25332149
63128 6745.25332149
63496 7227.56403777
64523 7227.56403777
64696 7311.79465182
65203 7311.79465182
65483 6952.02705979
66511 6952.02705979
66888 7256.24100642
67404 7256.24100642
67879 7157.82047858
68456 7157.82047858
68668 6883.95257107
69828 6883.95257107
70078 7289.63424051
70684 7289.63424051
70811 7280.38053346
72014 7280.38053346
72144 6986.24949084
72701 6986.24949084
73057 6961.02555178
73746 6961.02555178
73905 7088.83794284
74653 7088.83794284
74780 7160.06771365
75886 7160.06771365
76320 6713.12702302
77212 6713.12702302
77326 7208.85594913
78743 7208.85594913
79190 6648.91473578
80257 6648.91473578
80695 7063.37866962
81674 7063.37866962
81817 6527.33303801
82434 6527.33303801
82916 7026.2890092
83448 7026.2890092
83561 7202.58516409
84717 7202.58516409
85064 7746.23120314
85580 7746.23120314
85698 7244.08736781
87150 7244.08736781
87488 7043.9567075
88799 7043.9567075
89023 6985.0744822
89583 6985.0744822
89815 7044.32001104
90665 7044.32001104
91155 7181.7072592
92290 7181.7072592
92472 6759.12288564
93026 6759.12288564
93421 6822.03976073
94738 6822.03976073
95068 6783.98925319
96318 6783.98925319
96454 7189.80448933
97165 7189.80448933
97522 6773.65448795
98267 6773.65448795
98752 7186.69318195
99912 7186.69318195
100174 6560.41490723
100968 6560.41490723
101148 7064.05563372
102266 7064.05563372
102475 7283.31930356
103698 7283.31930356
104116 7185.7476283
105100 7185.7476283
105499 6308.98119034
106470 6308.98119034
106967 7200.97825129
107857 7200.97825129
108105 7126.528713
109600 7126.528713
109888 7216.57925298
110885 7216.57925298
111333 6652.47136193
112232 6652.47136193
112539 6680.69697507
113169 6680.69697507
113559 6734.59112512
114609 6734.59112512
115019 7576.18855511
116429 7576.18855511
116581 7356.94936063
117983 7356.94936063
118310 7341.78766642
118875 7341.78766642
119022 6903.2453255
120034 6903.2453255
120237 6956.23146383
121501 6956.23146383
121891 6994.27671837
122637 6994.27671837
122877 6917.6162331
123607 6917.6162331
123807 7413.46250542
124947 7413.46250542
125360 7465.95156461
126750 7465.95156461
127192 6953.2952688
127754 6953.2952688
127976 7496.313102
128685 7496.313102
128818 6931.43139657
129781 6931.43139657
129963 7336.80322906
131220 7336.80322906
131703 7615.50637192
132970 7615.50637192
133292 7085.32316107
134747 7085.32316107
134860 6973.67988237
135571 6973.67988237
135974 7042.95924771
137247 7042.95924771
137417 7196.56176618
138361 7196.56176618
138593 7153.56752309
139890 7153.56752309
140377 7176.22200635
141370 7176.22200635
141544 7437.56566733
142431 7437.56566733
142618 6341.60300987
143745 6341.60300987
144155 6535.78017807
145405 6535.78017807
145660 7503.96718529
146485 7503.96718529
146749 7171.77082687
147747 7171.77082687
148154 7237.99084723
149174 7237.99084723
149574 7140.76914108
150741 7140.76914108
150886 7416.13464689
151737 7416.13464689
151946 7303.4186101
152526 7303.4186101
152626 7086.33123013
153818 7086.33123013
153975 7046.85496306
154693 7046.85496306
155006 7012.70811895
155923 7012.70811895
156162 7334.28812336
157221 7334.28812336
157512 7024.71127195
158442 7024.71127195
158821 6496.69002282
159916 6496.69002282
160403 7422.96210016
161103 7422.96210016
161510 7183.67428898
162713 7183.67428898
162889 6632.8479118
164062 6632.8479118
164181 6381.39762941
164966 6381.39762941
165357 7087.1960894
165992 7087.1960894
166297 6569.3515228
167568 6569.3515228
168056 7419.32851616
168591 7419.32851616
169089 6594.67644017
170274 6594.67644017
170652 7185.47200807
171404 7185.47200807
171557 6853.1703324
172993 6853.1703324
173203 6611.36236581
174201 6611.36236581
174531 6929.10649941
175116 6929.10649941
175425 7106.91027945
176599 7106.91027945
176804 6985.6861977
177697 6985.6861977
177891 7061.75652094
179169 7061.75652094
179568 7120.08345785
180111 7120.08345785
180441 7024.01342532
181507 7024.01342532
181977 7137.73587573
182984 7137.73587573
183444 6842.79100699
184731 6842.79100699
184900 7348.54722308
186357 7348.54722308
186580 7155.49117229
187133 7155.49117229
187235 7035.25936039
188561 7035.25936039
188817 6495.73026945
189465 6495.73026945
189780 6617.68455887
190330 6617.68455887
190827 7064.61590698
191440 7064.61590698
191648 7350.09920234
192604 7350.09920234
192739 6884.09101748
193387 6884.09101748
193880 7300.96032037
195351 7300.96032037
195841 6931.41638868
197209 6931.41638868
197392 7256.23893173
197908 7256.23893173
198039 7325.38739722
198598 7325.38739722
199003 7256.50032431
200396 7256.50032431
200548 7371.83351818
202034 7371.83351818
202262 6330.45323293
203043 6330.45323293
203181 6799.18558035
203891 6799.18558035
204266 6904.83372321
204816 6904.83372321
205290 7070.52205131
206156 7070.52205131
206316 7205.16381323
207323 7205.16381323
207585 6799.50529749
208657 6799.50529749
209021 6514.72512889
210046 6514.72512889
210167 7023.75067676
211560 7023.75067676
211813 6823.82046292
213031 6823.82046292
213380 7354.48398727
214868 7354.48398727
215240 7389.37166552
216654 7389.37166552
216794 6859.10315188
217478 6859.10315188
217771 7194.38243868
218968 7194.38243868
