0 4993.34620568
993 4993.34620568
1122 5046.09525
1688 5046.09525
2037 1217.18509055
2650 1217.18509055
2766 7347.58324598
3321 7347.58324598
3458 5148.61082861
4853 5148.61082861
5199 11665.6775079
5947 11665.6775079
6344 6544.04255481
7238 6544.04255481
7529 5895.6996399
8673 5895.6996399
8963 4678.66652126
9860 4678.66652126
10166 8208.30761829
10944 8208.30761829
11136 8562.40016917
11880 8562.40016917
12328 7731.3712064
13696 7731.3712064
14191 6263.59649164
15242 6263.59649164
15501 6318.16852575
16222 6318.16852575
16634 2889.79251788
17957 2889.79251788
18392 5104.17802544
19234 5104.17802544
19487 6805.62304842
20417 6805.62304842
20743 3436.61470158
21691 3436.61470158
22131 11254.9740317
23485 11254.9740317
23674 10595.6492463
24187 10595.6492463
24447 6245.36841729
25316 6245.36841729
25558 4394.42230903
26317 4394.42230903
26593 10605.2667477
27923 10605.2667477
28101 6032.78563464
29262 6032.78563464
29446 7067.67944809
30671 7067.67944809
30775 8245.72877627
31561 8245.72877627
31938 4668.2597528
33228 4668.2597528
33643 6234.89541939
35084 6234.89541939
35233 5341.09707628
35851 5341.09707628
36000 9269.3504
37146 9269.3504
37370 10370.5750778
38862 10370.5750778
39303 6722.940001
40052 6722.940001
40532 3937.74185219
41977 3937.74185219
42275 7137.58744547
43770 7137.58744547
43922 6027.40559975
45129 6027.40559975
45381 4998.58093347
46671 4998.58093347
47012 7663.4993584
48057 7663.4993584
48251 12515.134783
49703 12515.134783
50010 9969.04475751
51236 9969.04475751
51529 6253.69453405
52546 6253.69453405
52977 9203.44959217
53583 9203.44959217
53907 3500.32287076
54522 3500.32287076
54919 6284.5544815
56294 6284.5544815
56684 7452.30113546
57453 7452.30113546
57751 6821.55327764
58861 6821.55327764
59043 1521.63869438
60191 1521.63869438
60308 11211.2300141
61376 11211.2300141
61663 11561.8274564
62385 11561.8274564
62611 3971.1142246
63913 3971.1142246
64225 5342.1383934
65648 5342.1383934
65768 10833.5071845
67071 10833.5071845
67411 10276.3345193
68846 10276.3345193
69339 6566.92897325
70726 6566.92897325
70942 9268.55923745
72364 9268.55923745
72846 5497.01195945
73511 5497.01195945
73722 7746.66191696
74475 7746.66191696
74623 7886.51308374
76053 7886.51308374
76257 6368.35431106
77127 6368.35431106
77418 1459.60073319
78607 1459.60073319
78747 8099.77378269
79954 8099.77378269
80339 12046.919091
81046 12046.919091
81522 5116.39757595
82912 5116.39757595
83341 13689.6000284
84100 13689.6000284
84525 15420.5843139
85258 15420.5843139
85366 7478.96479403
86015 7478.96479403
86182 13058.8479424
86982 13058.8479424
87226 12562.7755937
88671 12562.7755937
89098 1984.64245104
90231 1984.64245104
90641 11856.6991267
91900 11856.6991267
92313 12802.3062033
93227 12802.3062033
93335 8174.10052081
93921 8174.10052081
94084 13633.5561358
94862 13633.5561358
94977 7960.5382453
95583 7960.5382453
95963 8749.62844635
97246 8749.62844635
97573 7253.78869419
98950 7253.78869419
99379 3149.33174818
100054 3149.33174818
100451 9881.01033285
101191 9881.01033285
101500 8462.97476995
102484 8462.97476995
102890 4148.99953191
103439 4148.99953191
103611 9750.37013172
104738 9750.37013172
105175 7844.53806532
106003 7844.53806532
106292 7218.87201578
106941 7218.87201578
107396 5674.18061162
108558 5674.18061162
109006 6025.56557488
110146 6025.56557488
110249 8343.30904787
111732 8343.30904787
112100 7012.11818959
113534 7012.11818959
113880 3384.92413465
114556 3384.92413465
114765 7370.54491836
115537 7370.54491836
115708 13975.1771293
116786 13975.1771293
117281 9915.81835937
118278 9915.81835937
118484 7002.4065901
119191 7002.4065901
119524 11035.5623986
120765 11035.5623986
121200 6758.21545819
122394 6758.21545819
122595 4679.34012342
123267 4679.34012342
123493 4668.52829312
124281 4668.52829312
124629 2566.00426761
125613 2566.00426761
125799 9388.52981628
127013 9388.52981628
127337 12360.9154469
128548 12360.9154469
128701 10656.7074783
129964 10656.7074783
130086 2250.1153131
130807 2250.1153131
130990 8442.36074108
132208 8442.36074108
132328 5446.58625486
132856 5446.58625486
133193 6005.71957726
133840 6005.71957726
134268 1488.07680798
135723 1488.07680798
135827 5224.08522258
136638 5224.08522258
136832 9199.65134113
137837 9199.65134113
138268 5815.74687968
138952 5815.74687968
139213 12966.0374841
140123 12966.0374841
140346 2403.95564519
141263 2403.95564519
141723 9854.48930355
142310 9854.48930355
142754 12024.6127461
143849 12024.6127461
144235 10684.7517777
145332 10684.7517777
145821 8605.50443652
147114 8605.50443652
147258 8461.27551689
147918 8461.27551689
148236 6394.2842507
149235 6394.2842507
149557 14476.0861108
150723 14476.0861108
151102 11057.177972
151893 11057.177972
152067 5123.30126466
153419 5123.30126466
153682 8886.31540653
155173 8886.31540653
155671 15524.8729883
156980 15524.8729883
157386 4279.72274167
158707 4279.72274167
159099 2713.07385727
160218 2713.07385727
160710 3890.32234768
161281 3890.32234768
161674 6859.81706606
162688 6859.81706606
162820 12302.9077561
163363 12302.9077561
163678 10964.2609032
164315 10964.2609032
164549 10447.1147392
165933 10447.1147392
166114 11298.485631
166807 11298.485631
167191 5141.01927467
167919 5141.01927467
168295 7854.18367278
169315 7854.18367278
169433 14586.2453089
170207 14586.2453089
170337 4134.97260544
171704 4134.97260544
171904 2841.54005287
173319 2841.54005287
173518 6968.2580323
174158 6968.2580323
174609 5768.58365983
175714 5768.58365983
175932 9558.33912401
176461 9558.33912401
176712 6619.96498154
177678 6619.96498154
177799 3182.76948946
178484 3182.76948946
178667 6817.50665267
179234 6817.50665267
179581 12482.0453192
180248 12482.0453192
180364 9940.36663073
181494 9940.36663073
181667 6977.71337701
183128 6977.71337701
183603 11884.0924979
184371 11884.0924979
184676 5864.7340952
185602 5864.7340952
185750 6121.62614573
186770 6121.62614573
186913 7354.94595633
188155 7354.94595633
188557 8627.72212319
189446 8627.72212319
189677 1688.48937569
191000 1688.48937569
191399 9013.664592
192034 9013.664592
192401 10474.8148639
193502 10474.8148639
193928 5795.31892898
194508 5795.31892898
194647 3703.53151694
195946 3703.53151694
196143 8006.34177323
197295 8006.34177323
197769 6809.85901524
198471 6809.85901524
198588 11147.1467761
199593 11147.1467761
199864 4477.97320531
200388 4477.97320531
200537 6597.40101948
201594 6597.40101948
201772 10459.315488
203032 10459.315488
203280 9969.41398134
204097 9969.41398134
204265 13353.0697892
205754 13353.0697892
205886 7371.01232763
207295 7371.01232763
207753 9405.12303337
209005 9405.12303337
209470 10355.1371123
210154 10355.1371123
210266 9678.8327144
210840 9678.8327144
210953 10114.0943238
212323 10114.0943238
212756 3309.73448807
213890 3309.73448807
214333 3051.70524811
215454 3051.70524811
215891 9763.54680906
217093 9763.54680906
217314 6842.85285808
218135 6842.85285808
218601 3776.68697052
219107 3776.68697052
219217 1451.27333128
220181 1451.27333128
220425 11850.83333
221423 11850.83333
221888 9599.96947892
222510 9599.96947892
222661 8589.22845529
223862 8589.22845529
224167 10459.9643998
225124 10459.9643998
225429 3137.7889441
226268 3137.7889441
226386 11396.3317284
227834 11396.3317284
228220 12541.1758015
228741 12541.1758015
228931 3589.57674728
230068 3589.57674728
230207 4814.99421311
231521 4814.99421311
231892 11268.3800281
233208 11268.3800281
233674 8634.67655153
234920 8634.67655153
235276 9018.12112178
236519 9018.12112178
236901 5189.89315444
238086 5189.89315444
238419 12744.9516138
239008 12744.9516138
239156 10649.6708694
240566 10649.6708694
240826 11517.3564417
242059 11517.3564417
242406 7485.91652569
243834 7485.91652569
244014 7645.81048202
245277 7645.81048202
245405 6497.73383753
246323 6497.73383753
246701 6161.38179351
247549 6161.38179351
247939 9485.62082194
249088 9485.62082194
249475 7283.671274
250195 7283.671274
250509 8899.04313081
251357 8899.04313081
251816 3359.12956742
253153 3359.12956742
253508 7020.01045906
254105 7020.01045906
254512 4127.39113904
255971 4127.39113904
256387 8452.28323066
257350 8452.28323066
257747 7491.01384023
258984 7491.01384023
259325 7822.2885621
260264 7822.2885621
260579 9473.17085058
261539 9473.17085058
261918 5035.47517975
262914 5035.47517975
263039 7394.26963527
264058 7394.26963527
264351 6982.99522204
265837 6982.99522204
266210 8237.66293821
267639 8237.66293821
267905 3195.9040046
268876 3195.9040046
269281 6107.11367352
270465 6107.11367352
270573 5952.0549337
271155 5952.0549337
271319 10935.8362044
272624 10935.8362044
273107 10030.8216108
274120 10030.8216108
274451 5825.48964898
275502 5825.48964898
275827 7304.48723091
276485 7304.48723091
276717 7978.27790439
277256 7978.27790439
277381 4546.76970973
278270 4546.76970973
278695 6462.98915196
279500 6462.98915196
