0 4124.35420027
763 4124.35420027
1179 10721.5745503
2383 10721.5745503
2832 10249.8086671
3861 10249.8086671
4307 7659.90086723
5437 7659.90086723
5557 8714.60084652
6164 8714.60084652
6279 8119.47873467
7661 8119.47873467
7932 12378.8999885
8535 12378.8999885
8703 12976.2996129
9758 12976.2996129
10089 2403.74311641
11230 2403.74311641
11431 9753.10606174
12568 9753.10606174
12739 5020.60693998
13719 5020.60693998
14203 1492.88779132
15290 1492.88779132
15709 9029.28836113
16928 9029.28836113
17220 5690.23358733
17993 5690.23358733
18158 10112.0261396
19317 10112.0261396
19520 11819.5463957
20190 11819.5463957
20483 8093.1346139
21375 8093.1346139
21811 8447.34886769
22668 8447.34886769
23072 17418.5677621
24257 17418.5677621
24600 6955.43720007
25343 6955.43720007
25471 12969.2790258
26662 12969.2790258
26841 3451.39889402
27729 3451.39889402
28103 12348.6318718
28813 12348.6318718
28960 3635.44185893
30281 3635.44185893
30396 3745.46442777
31651 3745.46442777
31960 7861.69469437
32578 7861.69469437
33053 1160.03495373
33628 1160.03495373
33861 8075.26957413
34954 8075.26957413
35385 4697.91096705
36395 4697.91096705
36892 8637.03822179
37447 8637.03822179
37788 11427.9222509
38519 11427.9222509
39016 7393.52927765
40355 7393.52927765
40514 5213.87390952
41288 5213.87390952
41400 6177.39376591
42051 6177.39376591
42500 14851.8488193
43832 14851.8488193
44207 7449.08667816
45557 7449.08667816
46045 4501.26237612
46913 4501.26237612
47077 1366.88179788
47681 1366.88179788
48013 1267.60235736
49503 1267.60235736
49743 14728.8297271
50992 14728.8297271
51129 613.290740594
52600 613.290740594
52967 7349.00629226
54157 7349.00629226
54298 6045.35158897
55753 6045.35158897
55988 8391.20113058
56679 8391.20113058
56825 10661.5894112
58182 10661.5894112
58637 7092.03505109
59163 7092.03505109
59534 9650.48045883
60551 9650.48045883
60931 5399.3690104
61661 5399.3690104
61885 10028.3415416
62611 10028.3415416
62783 6789.35216491
63580 6789.35216491
63707 3662.49809734
65189 3662.49809734
65468 6965.35587083
66006 6965.35587083
66437 10099.3553984
67412 10099.3553984
67910 8960.7484619
68554 8960.7484619
68894 12112.5840211
70270 12112.5840211
70370 5771.08594068
71344 5771.08594068
71813 6666.89713349
72941 6666.89713349
73281 14915.5897869
74470 14915.5897869
74724 4914.62999561
75818 4914.62999561
75986 4848.7157252
76729 4848.7157252
76870 15386.2955133
77764 15386.2955133
78160 8060.88786961
78749 8060.88786961
79095 5678.40279547
80590 5678.40279547
80958 5150.38483752
81484 5150.38483752
81885 2980.76617315
82782 2980.76617315
83011 4221.88176045
83888 4221.88176045
84183 6683.52134534
84875 6683.52134534
84991 7113.6622926
86085 7113.6622926
86313 6496.6855588
86948 6496.6855588
87391 13476.2611378
88040 13476.2611378
88384 6513.35370082
89018 6513.35370082
89205 9622.68962937
90408 9622.68962937
90848 1348.80989543
91638 1348.80989543
91996 11220.9459168
92589 11220.9459168
93064 8245.08061269
94263 8245.08061269
94428 5621.79447357
95854 5621.79447357
96104 868.699217698
97585 868.699217698
97809 4561.05961682
98440 4561.05961682
98726 9570.52394888
99848 9570.52394888
100054 2681.13344734
101270 2681.13344734
101535 5991.17048396
102064 5991.17048396
102350 1525.03129444
102897 1525.03129444
103268 4766.0273315
103850 4766.0273315
104145 10007.5753923
105121 10007.5753923
105337 3657.61333739
106523 3657.61333739
106999 12371.1146032
108403 12371.1146032
108882 5060.23645995
109444 5060.23645995
109637 5889.64143737
110582 5889.64143737
110902 5248.51178371
112098 5248.51178371
112229 3971.17777368
113652 3971.17777368
114040 9505.85717436
114659 9505.85717436
115140 1630.549476
116441 1630.549476
116631 4191.15673395
117708 4191.15673395
118072 2040.54154771
119170 2040.54154771
119344 10786.6172229
120123 10786.6172229
120230 5964.73778238
121060 5964.73778238
121190 8098.48169623
122537 8098.48169623
123025 10622.059268
123922 10622.059268
124107 8149.70587817
125447 8149.70587817
125796 3229.16537898
127203 3229.16537898
127658 5118.09070612
128161 5118.09070612
128600 14394.3928338
129183 14394.3928338
129582 10869.7950319
130850 10869.7950319
130987 14524.8259307
132290 14524.8259307
132459 3236.2790393
133479 3236.2790393
133834 5546.61195997
134876 5546.61195997
135028 3003.70016001
136417 3003.70016001
136616 8964.06428864
137736 8964.06428864
137899 7841.06954453
138680 7841.06954453
139064 16031.684336
139620 16031.684336
139813 4604.56701181
140646 4604.56701181
141125 10945.9927102
142181 10945.9927102
142648 9498.88008308
143589 9498.88008308
143762 6928.08346706
144560 6928.08346706
144731 9520.69520217
146131 9520.69520217
146518 6061.68556987
147985 6061.68556987
148443 7780.83474025
149229 7780.83474025
149714 12900.2294401
151007 12900.2294401
151455 15433.0051794
152476 15433.0051794
152638 11976.6845315
153698 11976.6845315
154154 9733.95154223
155104 9733.95154223
155307 2167.39222687
156528 2167.39222687
156629 10238.7322093
157509 10238.7322093
157937 6459.22591334
159071 6459.22591334
159497 6980.66140022
160965 6980.66140022
161393 10851.6825427
162798 10851.6825427
163037 5907.66847352
164231 5907.66847352
164509 2187.34810357
165699 2187.34810357
166176 3243.78005759
167433 3243.78005759
167868 8330.48831519
169069 8330.48831519
169339 9993.63434854
170021 9993.63434854
170176 13044.1011757
171107 13044.1011757
171237 7864.81676265
171858 7864.81676265
171988 6564.54766381
173252 6564.54766381
173730 4339.14992733
174267 4339.14992733
174660 3595.08244441
175905 3595.08244441
176079 7241.0304508
177565 7241.0304508
177837 4050.87892881
178421 4050.87892881
178562 12553.9293015
179541 12553.9293015
180012 8226.93216701
180816 8226.93216701
181218 10866.1782736
182505 10866.1782736
182781 7314.98112689
183989 7314.98112689
184436 17059.7074061
185627 17059.7074061
185780 7169.8158832
186510 7169.8158832
187002 8420.0536606
188313 8420.0536606
188564 13898.6973538
189179 13898.6973538
189387 9194.6261515
190536 9194.6261515
190815 4392.52852247
192209 4392.52852247
192691 9274.86075454
193321 9274.86075454
193702 8732.26667104
194785 8732.26667104
195265 4671.88971148
195988 4671.88971148
196296 13705.7298104
197395 13705.7298104
197640 15014.805134
198852 15014.805134
199075 3004.37474845
200044 3004.37474845
200465 395.695268814
201677 395.695268814
201918 3914.31693048
202793 3914.31693048
203232 12995.5904133
203856 12995.5904133
204307 13399.3676862
205776 13399.3676862
206066 188.349603969
207332 188.349603969
207554 11772.9746178
208561 11772.9746178
208704 7941.90970425
209485 7941.90970425
209791 7679.52277052
210456 7679.52277052
210660 2831.43974553
211885 2831.43974553
212225 10590.2482066
212762 10590.2482066
212968 10122.3725842
214232 10122.3725842
214528 8924.93005167
215906 8924.93005167
216067 11211.1782149
216710 11211.1782149
216917 4526.65282125
218410 4526.65282125
