0 3501.96992928
951 3501.96992928
1256 5611.78375209
1908 5611.78375209
2142 10344.5980448
2886 10344.5980448
3313 16197.5827069
4404 16197.5827069
4837 6483.18156102
5730 6483.18156102
6064 8199.14885203
7031 8199.14885203
7359 9462.48227723
8045 9462.48227723
8486 8052.28653889
9216 8052.28653889
9596 9659.29779679
10620 9659.29779679
10747 11214.8558763
11887 11214.8558763
12363 14911.3136505
13110 14911.3136505
13224 4490.41059834
14060 4490.41059834
14173 5335.74321083
14876 5335.74321083
15292 9725.5370947
16629 9725.5370947
16876 1511.77567746
17972 1511.77567746
18094 10588.3674244
19409 10588.3674244
19859 11723.0278813
21223 11723.0278813
21699 4859.496164
22240 4859.496164
22479 3144.63721029
23904 3144.63721029
24017 9073.0914533
24792 9073.0914533
25266 3397.40795467
26422 3397.40795467
26704 17726.2537156
27334 17726.2537156
27475 7042.31884533
28691 7042.31884533
28906 6006.53139326
30044 6006.53139326
30196 9955.17967645
31579 9955.17967645
31952 21457.9512715
33032 21457.9512715
33411 5688.78005007
34082 5688.78005007
34456 6707.00200525
35502 6707.00200525
35610 708.529679831
36542 708.529679831
36820 10350.7917197
37666 10350.7917197
37854 2905.81781888
38410 2905.81781888
38807 13082.9192495
39459 13082.9192495
39644 11549.8777314
40982 11549.8777314
41236 1021.86097167
41973 1021.86097167
42428 16788.4566186
43719 16788.4566186
43971 9850.44969191
45408 9850.44969191
45858 9616.84946339
46439 9616.84946339
46819 14376.3205914
47868 14376.3205914
48170 6779.75803202
49616 6779.75803202
49948 6222.05886619
50614 6222.05886619
51089 4006.18093522
52235 4006.18093522
52714 4850.18009514
54028 4850.18009514
54306 15331.251774
55078 15331.251774
55328 17879.732284
56377 17879.732284
56739 5295.99746634
57766 5295.99746634
58214 10062.7212948
59301 10062.7212948
59700 6472.50222832
60321 6472.50222832
60461 6082.33197353
61118 6082.33197353
61449 10725.8824182
62823 10725.8824182
63062 5111.84939272
64351 5111.84939272
64702 5301.61003696
65696 5301.61003696
66076 5095.68473097
66848 5095.68473097
66986 5199.7803502
67638 5199.7803502
67899 6885.448532
68885 6885.448532
69355 12817.0723562
70622 12817.0723562
71098 10643.8100341
71832 10643.8100341
72222 17626.624854
72812 17626.624854
73267 2933.640795
74009 2933.640795
74257 14671.6109329
75267 14671.6109329
75447 6927.02196084
76523 6927.02196084
76812 246.931032266
77340 246.931032266
77702 17872.667675
78390 17872.667675
78710 7041.52187106
79522 7041.52187106
79880 6311.62290675
80850 6311.62290675
81090 13949.6373981
82473 13949.6373981
82584 8334.27184063
83195 8334.27184063
83605 12299.9879884
84701 12299.9879884
84801 12394.5509192
86233 12394.5509192
86390 8485.60040519
87482 8485.60040519
87643 15061.075896
89090 15061.075896
89286 16677.3139278
90335 16677.3139278
90527 7372.89345183
91787 7372.89345183
91890 5442.14400429
92698 5442.14400429
93139 11439.6760963
93896 11439.6760963
94273 14013.4843047
94945 14013.4843047
95421 7892.14569807
96067 7892.14569807
96184 6642.20201755
96699 6642.20201755
96841 7195.35272294
98251 7195.35272294
98700 5573.84045895
99919 5573.84045895
100185 12921.3601807
101342 12921.3601807
101448 921.310701796
102015 921.310701796
102310 7775.54561895
103751 7775.54561895
103999 7784.33495887
105016 7784.33495887
105302 9000.09643214
105957 9000.09643214
106402 7160.25263931
107153 7160.25263931
107536 9930.05701976
108374 9930.05701976
108536 5034.41556836
109322 5034.41556836
109520 5618.35828104
110290 5618.35828104
110627 3997.75583511
111851 3997.75583511
112001 7311.29711292
112871 7311.29711292
113367 4215.15838712
114443 4215.15838712
114899 781.74196611
116024 781.74196611
116346 3150.13225999
117312 3150.13225999
117668 4494.31327887
118465 4494.31327887
118681 3736.24186893
119339 3736.24186893
119603 4034.90380162
120711 4034.90380162
121022 11192.9328762
121651 11192.9328762
122139 9917.18592324
123161 9917.18592324
123360 10442.1118346
124842 10442.1118346
125324 7168.27200536
126544 7168.27200536
126929 11316.4509664
127759 11316.4509664
128243 5764.76171164
129314 5764.76171164
129423 204.317130864
130228 204.317130864
130437 13636.1338401
131810 13636.1338401
132147 5028.3384486
133315 5028.3384486
133747 7284.30285079
134347 7284.30285079
134474 12030.5345079
135193 12030.5345079
135463 9506.53836497
136122 9506.53836497
136340 13017.1298935
137603 13017.1298935
138100 5006.0354638
138810 5006.0354638
139239 7344.85087127
140295 7344.85087127
140506 3303.8362368
141149 3303.8362368
141525 15062.658043
142539 15062.658043
142898 4904.32154432
143934 4904.32154432
144375 1260.22451245
145001 1260.22451245
145426 1489.11379278
146474 1489.11379278
146711 10944.8978863
147839 10944.8978863
148246 9256.37733384
149316 9256.37733384
149803 15650.1037886
150438 15650.1037886
150710 7529.75273386
151650 7529.75273386
152070 3707.60370385
153423 3707.60370385
153569 16955.0260465
154992 16955.0260465
155186 8315.34152961
155823 8315.34152961
156193 7666.99133341
156970 7666.99133341
157365 8561.98326692
158096 8561.98326692
158290 10653.5937911
158796 10653.5937911
159292 11022.4286131
160144 11022.4286131
160380 1818.00134332
161863 1818.00134332
162314 4982.04957883
163698 4982.04957883
164117 11632.7695715
165039 11632.7695715
165512 8402.17086007
166577 8402.17086007
167073 12676.0316108
168343 12676.0316108
168605 2199.63190971
169460 2199.63190971
169798 5120.90359853
170786 5120.90359853
171135 7772.7768592
171658 7772.7768592
171763 12239.3777813
172964 12239.3777813
173377 4975.58785904
174018 4975.58785904
174186 9573.6359631
174731 9573.6359631
175171 14503.5117499
176524 14503.5117499
176907 11392.0146824
178348 11392.0146824
178666 10726.2675209
179723 10726.2675209
180014 12042.0377331
180839 12042.0377331
181320 6843.93527316
182565 6843.93527316
182959 11864.3729373
184203 11864.3729373
184447 11856.7349198
185840 11856.7349198
186044 7488.44872577
186590 7488.44872577
186938 7462.38322701
187874 7462.38322701
188109 15896.6535357
188931 15896.6535357
189057 7328.86152898
189579 7328.86152898
189847 8326.85653968
190481 8326.85653968
190679 3629.10935334
191869 3629.10935334
192249 8950.6731671
193432 8950.6731671
193570 9790.47067249
194811 9790.47067249
195141 2153.94850022
196410 2153.94850022
196845 3325.39804627
198277 3325.39804627
198612 14143.2947719
199676 14143.2947719
200028 5031.26299442
201448 5031.26299442
201665 7040.90001386
202964 7040.90001386
203275 7265.05434663
204509 7265.05434663
204746 11586.0547076
205975 11586.0547076
206151 9659.65801507
207136 9659.65801507
207565 6995.79847827
208102 6995.79847827
208525 4460.69116121
209406 4460.69116121
209839 1936.2980113
211288 1936.2980113
211577 16155.5807608
212376 16155.5807608
212783 7611.50991229
213491 7611.50991229
213626 7813.32869669
215009 7813.32869669
215180 11199.1042626
215795 11199.1042626
216017 11501.9507329
217469 11501.9507329
217847 4181.02093772
219273 4181.02093772
219484 2942.17723498
220536 2942.17723498
220656 14469.0396984
221463 14469.0396984
221779 11665.5433998
222437 11665.5433998
222784 1588.02476236
223558 1588.02476236
223966 7459.11124659
225030 7459.11124659
225244 5598.11662481
225846 5598.11662481
226295 15098.3760235
227212 15098.3760235
227380 2503.26897821
228335 2503.26897821
228609 9814.02124163
230095 9814.02124163
230202 5102.05312001
231168 5102.05312001
231362 7650.75001097
232033 7650.75001097
232495 15491.7174638
233547 15491.7174638
233834 7362.46897404
235031 7362.46897404
235260 11130.6486136
235880 11130.6486136
236351 2183.82191169
237657 2183.82191169
238013 9819.12998405
239372 9819.12998405
239660 8225.20288959
240556 8225.20288959
241029 9061.59214629
241832 9061.59214629
242317 4904.54822588
243630 4904.54822588
243818 7890.71813992
245210 7890.71813992
245408 5901.94869724
246705 5901.94869724
246839 5923.94764783
247675 5923.94764783
247942 2375.35340262
248543 2375.35340262
248705 3208.1858192
249576 3208.1858192
249861 6405.5539196
251012 6405.5539196
251113 6948.86276179
252158 6948.86276179
252568 1148.74270999
253409 1148.74270999
253815 9916.35763505
254454 9916.35763505
254595 15638.659213
256056 15638.659213
256262 5244.54327991
257504 5244.54327991
257610 15429.8470366
258471 15429.8470366
258786 6345.25322707
259629 6345.25322707
259908 2894.39182348
260699 2894.39182348
260832 5294.0154861
261590 5294.0154861
261836 646.484752682
262583 646.484752682
262948 4108.40989276
263559 4108.40989276
263804 9574.52680232
265198 9574.52680232
265417 14644.7644444
266517 14644.7644444
266747 3673.63162845
267905 3673.63162845
268186 12072.7558212
269522 12072.7558212
269905 5339.10168578
270659 5339.10168578
