0 8351.51489839
866 8351.51489839
1090 6163.50215309
1875 6163.50215309
2303 16220.2592173
3608 16220.2592173
4077 11054.5945587
4685 11054.5945587
4805 2606.68886936
6161 2606.68886936
6419 1132.83483029
7884 1132.83483029
8113 6785.04571018
9073 6785.04571018
9288 18886.2808521
10707 18886.2808521
11137 7714.74716248
12562 7714.74716248
12992 8613.60251541
13961 8613.60251541
14446 6060.47233402
15822 6060.47233402
16198 5740.72183142
17655 5740.72183142
18108 3243.42646438
19196 3243.42646438
19463 4526.24807052
20927 4526.24807052
21055 17975.708156
22141 17975.708156
22337 8252.10589715
23393 8252.10589715
23616 8120.73202579
24611 8120.73202579
24726 1362.82956139
25377 1362.82956139
25579 9650.97922708
26538 9650.97922708
26996 10198.7568006
28484 10198.7568006
28797 12114.7164118
29912 12114.7164118
30378 18522.0654024
31781 18522.0654024
32024 12068.2525377
32617 12068.2525377
32998 12922.5568806
34165 12922.5568806
34359 9242.77667303
35413 9242.77667303
35597 18421.6719249
36495 18421.6719249
36948 10633.4773167
38338 10633.4773167
38482 8415.5908474
39549 8415.5908474
39668 1331.75288595
40423 1331.75288595
40842 4626.86531177
41434 4626.86531177
41800 3984.86633308
42426 3984.86633308
42743 6042.59278938
43556 6042.59278938
44001 3536.206783
44909 3536.206783
45284 5307.28248268
46478 5307.28248268
46626 4594.12975778
47294 4594.12975778
47488 10662.4608787
48270 10662.4608787
48515 702.415521506
49066 702.415521506
49168 13897.8609856
50436 13897.8609856
50847 268.819852128
51970 268.819852128
52083 3058.87288909
52584 3058.87288909
52894 103.426171634
53510 103.426171634
53809 11716.5782239
54765 11716.5782239
55081 21221.3875867
56504 21221.3875867
56765 10320.6853065
57705 10320.6853065
58183 13264.4219586
59358 13264.4219586
59657 24342.1118615
60759 24342.1118615
61078 2377.15832454
61847 2377.15832454
62209 17661.9493423
63444 17661.9493423
63714 5171.88810035
64933 5171.88810035
65407 3125.5714119
66835 3125.5714119
67156 12000.5335324
68348 12000.5335324
68775 21041.7511454
70117 21041.7511454
70414 3970.24167292
71813 3970.24167292
72276 405.738725223
73724 405.738725223
74185 11190.2015222
74787 11190.2015222
74996 13720.3291395
75663 13720.3291395
76014 1742.54528178
76752 1742.54528178
77024 7020.01852977
78163 7020.01852977
78538 3816.72547074
79207 3816.72547074
79367 5751.64818448
80866 5751.64818448
81192 20973.1026593
82691 20973.1026593
82947 3586.10225014
84007 3586.10225014
84396 406.620058322
85832 406.620058322
86016 10095.2503382
87222 10095.2503382
87613 8880.2405504
88811 8880.2405504
89028 7538.99453928
89674 7538.99453928
89909 6798.01117866
91214 6798.01117866
91446 19278.9076229
92204 19278.9076229
92504 1437.48608321
93907 1437.48608321
94179 13806.9557076
95357 13806.9557076
95780 17773.3369445
96594 17773.3369445
97089 10379.5823136
98083 10379.5823136
98543 6683.15950393
99901 6683.15950393
100366 7672.13630248
101720 7672.13630248
102204 11531.1975137
103698 11531.1975137
103991 6286.07581213
104996 6286.07581213
105291 16302.7992072
106065 16302.7992072
106403 11612.7476085
107895 11612.7476085
108279 5752.47739826
109258 5752.47739826
109501 6537.39515915
110070 6537.39515915
110183 14052.3835459
111056 14052.3835459
111248 5299.56860406
111894 5299.56860406
112094 14774.2041415
112990 14774.2041415
113340 8385.40911095
114550 8385.40911095
114687 8155.9660796
115211 8155.9660796
115654 12601.2167229
117134 12601.2167229
117473 2382.65002396
117975 2382.65002396
118088 13340.4672964
119524 13340.4672964
119747 11457.8631456
120395 11457.8631456
120824 9792.14821154
121881 9792.14821154
122024 4504.10356296
123093 4504.10356296
123419 11073.9618694
124026 11073.9618694
124182 9512.89395888
125447 9512.89395888
125733 13206.6034492
126694 13206.6034492
126960 6150.15512841
127998 6150.15512841
128400 13766.7743638
129899 13766.7743638
130086 15645.9581076
130986 15645.9581076
131237 4866.87195057
132489 4866.87195057
132673 10166.7056899
133897 10166.7056899
134142 13029.2298374
134689 13029.2298374
134969 8819.83433251
135998 8819.83433251
136224 2065.25991596
137495 2065.25991596
137721 19309.241613
139036 19309.241613
139195 9963.14914233
139710 9963.14914233
140046 6635.59422826
140837 6635.59422826
141137 12760.0708103
142461 12760.0708103
142774 10042.1636134
143723 10042.1636134
144169 3134.61406812
144710 3134.61406812
144820 1509.4445161
145936 1509.4445161
146263 6543.04244785
147341 6543.04244785
147634 4735.48704521
148461 4735.48704521
148711 18151.7063161
150084 18151.7063161
150336 13085.5569561
150981 13085.5569561
151283 5182.13322635
152542 5182.13322635
152678 1646.11941591
153363 1646.11941591
153702 3694.0325079
155054 3694.0325079
155331 5975.92252388
156337 5975.92252388
156523 4876.38885605
157456 4876.38885605
157623 13043.7530235
158679 13043.7530235
159149 3953.82376835
160475 3953.82376835
160967 7393.85234541
161818 7393.85234541
162072 11333.6088834
163035 11333.6088834
163472 22822.3066731
164654 22822.3066731
164811 19524.0956465
165444 19524.0956465
165752 3942.99665803
166781 3942.99665803
167246 8781.40029353
167925 8781.40029353
168263 7290.46111005
169387 7290.46111005
169831 6774.64418643
170567 6774.64418643
171045 7382.64909898
172115 7382.64909898
172373 7484.67006421
173059 7484.67006421
173183 7460.20610189
174222 7460.20610189
174587 3072.37845352
175665 3072.37845352
175927 15182.6325483
177149 15182.6325483
177601 9295.9960784
178652 9295.9960784
178978 6082.30016238
180327 6082.30016238
180626 6526.23655215
182068 6526.23655215
182216 9860.55477134
183189 9860.55477134
183500 3706.20963804
184067 3706.20963804
184315 9024.37430337
185109 9024.37430337
185375 4042.18611336
186481 4042.18611336
186815 6367.30157715
187456 6367.30157715
187699 16007.3662164
188734 16007.3662164
189089 9591.99836743
190021 9591.99836743
190151 9628.18460478
190804 9628.18460478
191073 9220.72074904
191639 9220.72074904
191983 13922.540959
193027 13922.540959
193296 12897.9033222
194070 12897.9033222
194213 12226.7619582
195324 12226.7619582
195750 7303.01756358
197104 7303.01756358
197336 1597.85434039
197909 1597.85434039
198238 10380.0203751
199304 10380.0203751
199678 11345.942486
200259 11345.942486
200441 11517.6624091
200981 11517.6624091
201189 8919.34875278
202074 8919.34875278
202255 9049.48508741
203370 9049.48508741
203478 11920.7854049
204933 11920.7854049
205038 6167.84176814
205623 6167.84176814
205978 18481.455826
206626 18481.455826
206789 13324.4398844
208206 13324.4398844
208348 2330.94493052
209622 2330.94493052
209928 3647.28687928
210824 3647.28687928
211110 10315.7762167
211795 10315.7762167
211959 9097.20436173
212467 9097.20436173
212885 6590.2262868
214280 6590.2262868
214694 7747.10145408
215260 7747.10145408
215433 2274.89743624
216211 2274.89743624
216624 17056.4303466
217779 17056.4303466
218173 15831.1870181
219371 15831.1870181
219549 10402.545653
220304 10402.545653
220497 1614.07745442
221807 1614.07745442
221944 2075.30045257
222773 2075.30045257
223188 320.606603789
224666 320.606603789
225097 7387.32294836
225652 7387.32294836
