0 7745.44857717
856 7745.44857717
1113 7952.48469205
2368 7952.48469205
2837 6269.16239055
4250 6269.16239055
4353 5939.1936112
4962 5939.1936112
5366 7968.04858989
6793 7968.04858989
7003 5796.73880903
7816 5796.73880903
8195 7614.02434324
8787 7614.02434324
9066 9074.08807257
9578 9074.08807257
9777 8766.92796262
10964 8766.92796262
11122 5619.15975559
11832 5619.15975559
12031 6551.58373836
12700 6551.58373836
13086 8420.20067968
14102 8420.20067968
14419 7845.12109891
15645 7845.12109891
15836 5696.09006033
17273 5696.09006033
17601 9016.61416504
18992 9016.61416504
19387 7698.92020197
20845 7698.92020197
21178 8708.92058376
22132 8708.92058376
22526 6888.03730618
23823 6888.03730618
24074 5518.58354563
25079 5518.58354563
25210 7832.19569006
26429 7832.19569006
26649 8524.234397
27183 8524.234397
27677 7871.59319959
28524 7871.59319959
29018 8145.07248693
30507 8145.07248693
30956 9712.70543687
32321 9712.70543687
32778 7439.82543206
33451 7439.82543206
33846 7990.556025
34927 7990.556025
35079 8635.11144028
35777 8635.11144028
35999 8508.73299715
36525 8508.73299715
36703 7452.87176656
38040 7452.87176656
38311 9235.83630584
38887 9235.83630584
39152 9123.18375903
39838 9123.18375903
40266 5414.23471017
41366 5414.23471017
41818 7919.37538755
42957 7919.37538755
43274 5814.21617811
44141 5814.21617811
44516 8847.07954626
45368 8847.07954626
45480 9650.57322313
46799 9650.57322313
47288 8902.91346715
48632 8902.91346715
48753 6778.24992509
49540 6778.24992509
49885 9620.45220076
50748 9620.45220076
50967 7419.18064471
52013 7419.18064471
52503 7300.37527625
53385 7300.37527625
53574 8869.69397678
54222 8869.69397678
54660 6780.14067551
56069 6780.14067551
56327 7627.10267918
57521 7627.10267918
58001 7631.27349685
59399 7631.27349685
59846 8077.42411274
60737 8077.42411274
61175 7470.61890985
62593 7470.61890985
62945 8368.57511555
63937 8368.57511555
64307 8123.96822022
65624 8123.96822022
65910 6009.33900949
67392 6009.33900949
67678 8898.04718072
68460 8898.04718072
68874 8042.22365552
69759 8042.22365552
70136 9032.50245598
71613 9032.50245598
72066 7124.60610841
72944 7124.60610841
73055 8728.1579013
73579 8728.1579013
73908 7572.00421684
74417 7572.00421684
74838 5854.31327549
75583 5854.31327549
75775 8979.59109178
77021 8979.59109178
77222 7805.58312562
78025 7805.58312562
78134 7618.34726436
78694 7618.34726436
79188 8629.78563201
80242 8629.78563201
80676 7344.01242025
81524 7344.01242025
81830 7181.2583233
82901 7181.2583233
83170 7592.61812042
83885 7592.61812042
84320 9878.36012006
85632 9878.36012006
86104 8795.6582809
86904 8795.6582809
87150 7449.60069107
87654 7449.60069107
87814 9357.09449236
89263 9357.09449236
89423 7702.93069544
90815 7702.93069544
91092 8877.68067099
92384 8877.68067099
92778 11477.3932975
94035 11477.3932975
94380 5880.36239417
95542 5880.36239417
95871 8023.22525836
96620 8023.22525836
96956 7926.97672585
98148 7926.97672585
98644 7525.31969496
99971 7525.31969496
100206 7016.07445412
101483 7016.07445412
101617 8954.47012906
102596 8954.47012906
102796 7098.61623875
104044 7098.61623875
104527 6571.15173774
105734 6571.15173774
106180 9243.20715726
106881 9243.20715726
107163 9050.87299406
108531 9050.87299406
108802 7872.11938058
109332 7872.11938058
109755 8763.13673161
110693 8763.13673161
111078 9186.95558615
111888 9186.95558615
112316 7421.68772159
112922 7421.68772159
113226 9293.06096494
113729 9293.06096494
113845 8146.62985307
114445 8146.62985307
114785 6208.94560381
116189 6208.94560381
116449 7931.33728471
117089 7931.33728471
117357 7264.19862324
118446 7264.19862324
118904 8460.07759828
119786 8460.07759828
120223 7676.25571204
121144 7676.25571204
121425 8341.88048308
122386 8341.88048308
122799 4636.50352469
124067 4636.50352469
124522 8575.56081291
125496 8575.56081291
125648 9999.27832525
126832 9999.27832525
127247 8070.86147172
128310 8070.86147172
128736 7294.41678116
129744 7294.41678116
130052 9549.67734568
131184 9549.67734568
131302 6192.41930878
132280 6192.41930878
132649 7824.14589025
133959 7824.14589025
134285 11097.2112451
135555 11097.2112451
135999 5803.71163351
137057 5803.71163351
137359 7217.408455
138545 7217.408455
138658 7609.06052827
140116 7609.06052827
140489 7558.49416675
141650 7558.49416675
142025 8026.91294616
143279 8026.91294616
143535 7312.87515874
144469 7312.87515874
144807 7422.14848894
145936 7422.14848894
146242 8066.2048832
147424 8066.2048832
147576 6898.17937199
148837 6898.17937199
149141 6789.19790582
149780 6789.19790582
149905 4874.66728828
151272 4874.66728828
151624 7659.535914
152659 7659.535914
153070 8391.78310463
154183 8391.78310463
154450 5052.66084857
155579 5052.66084857
155694 6796.40487665
157095 6796.40487665
157367 8892.25906046
158797 8892.25906046
159241 8794.92844168
160543 8794.92844168
161025 8083.10738689
162236 8083.10738689
162631 6532.80669255
163763 6532.80669255
164178 7295.1364295
165593 7295.1364295
165943 6540.24118188
167177 6540.24118188
167294 8848.73886179
167872 8848.73886179
168105 9561.99969779
168868 9561.99969779
169326 7086.82600942
170627 7086.82600942
171055 9801.97355977
172245 9801.97355977
172510 6684.17242396
173483 6684.17242396
173805 7311.40311266
174542 7311.40311266
174859 7586.10237238
175630 7586.10237238
175793 5854.70642504
176497 5854.70642504
176851 7356.9749418
177520 7356.9749418
177789 9432.59905483
178658 9432.59905483
179059 8227.49135792
179872 8227.49135792
180255 8861.72673397
181617 8861.72673397
181885 7322.19939854
183234 7322.19939854
183661 10076.5942566
184465 10076.5942566
184953 8313.36475605
185966 8313.36475605
186414 8778.52474259
187365 8778.52474259
187621 7782.05273999
189059 7782.05273999
189406 8763.21863873
190626 8763.21863873
191125 7052.34033818
192240 7052.34033818
192715 7556.40376177
193921 7556.40376177
194264 8170.54002666
195100 8170.54002666
195515 8948.67237569
196639 8948.67237569
197080 8998.2451875
198569 8998.2451875
198836 8547.65269585
199399 8547.65269585
199868 6972.24019438
200609 6972.24019438
200814 5482.52072535
201945 5482.52072535
202093 8363.45429953
202826 8363.45429953
203282 8976.53222408
204215 8976.53222408
204567 9692.88476503
205960 9692.88476503
206419 7491.87503965
207662 7491.87503965
208127 8481.96109593
208670 8481.96109593
208837 8583.06426802
209392 8583.06426802
209766 7775.08197894
211260 7775.08197894
211682 8583.00893939
212519 8583.00893939
212869 6742.40937923
214310 6742.40937923
214662 8315.05545187
215834 8315.05545187
216145 6699.87452226
216832 6699.87452226
217086 7979.24256768
217855 7979.24256768
217987 6652.51212716
218605 6652.51212716
219073 8337.30892252
219605 8337.30892252
220068 7258.82343108
220887 7258.82343108
221324 6508.55830969
222599 6508.55830969
222831 7666.13022748
223989 7666.13022748
224372 8922.81058658
225227 8922.81058658
225515 8452.81151054
226795 8452.81151054
227130 8031.74353236
227840 8031.74353236
228000 8546.36644857
228799 8546.36644857
229138 9121.43501592
230622 9121.43501592
230936 8460.10595404
231655 8460.10595404
232093 9547.85204108
232809 9547.85204108
233295 8849.3507855
233966 8849.3507855
234100 7472.07635277
234696 7472.07635277
235118 8183.11199892
235897 8183.11199892
236335 8345.71994755
236971 8345.71994755
237305 10273.4618037
238315 10273.4618037
238682 8084.86801334
239479 8084.86801334
239764 8229.02977251
240353 8229.02977251
240739 7008.42978955
241918 7008.42978955
242024 9438.91887025
243495 9438.91887025
243653 7107.68039452
244760 7107.68039452
245179 7755.80498197
245682 7755.80498197
245991 9387.80278001
246529 9387.80278001
246922 9582.48013079
248260 9582.48013079
248627 10055.2281459
249882 10055.2281459
250005 7953.10078864
250568 7953.10078864
250763 6723.96732074
251268 6723.96732074
251737 7400.07767539
252826 7400.07767539
253283 10478.7487017
254644 10478.7487017
254760 7674.40000602
255368 7674.40000602
255688 8973.63028235
256209 8973.63028235
256371 7915.87850516
257629 7915.87850516
258033 7925.36294306
258641 7925.36294306
259127 8720.63395382
259778 8720.63395382
260070 9023.91304814
261341 9023.91304814
261711 7297.92103051
262613 7297.92103051
263099 8938.79798484
263909 8938.79798484
264320 8589.07444959
265772 8589.07444959
266026 9033.23137157
267393 9033.23137157
267755 8582.9021177
268896 8582.9021177
269302 9015.59392448
270325 9015.59392448
270573 8639.57380596
271665 8639.57380596
272028 8059.94748952
272983 8059.94748952
273413 6916.40379679
274619 6916.40379679
274772 8945.33360528
275916 8945.33360528
276045 9275.09727956
277473 9275.09727956
277617 6062.653209
278637 6062.653209
279027 8824.23455091
280171 8824.23455091
280374 6889.445383
280945 6889.445383
281141 7277.03853153
282017 7277.03853153
282220 7414.96266925
283697 7414.96266925
284055 5901.9202015
285013 5901.9202015
285372 8007.50295732
285895 8007.50295732
286112 8340.15386286
287478 8340.15386286
287896 8961.7201819
288837 8961.7201819
