0 8952.48237052
849 8952.48237052
1259 9789.85418707
2184 9789.85418707
2373 8276.86500409
2894 8276.86500409
3268 13141.6039391
4539 13141.6039391
4840 7362.44447428
5435 7362.44447428
5638 11056.8135681
6389 11056.8135681
6711 9255.73687118
7556 9255.73687118
7720 8761.25232582
8246 8761.25232582
8378 10782.120686
9615 10782.120686
9889 9743.85835093
10816 9743.85835093
11245 9963.24288086
11757 9963.24288086
12152 8559.96448175
12865 8559.96448175
13019 4873.43019838
13936 4873.43019838
14167 9506.2178811
15003 9506.2178811
15351 9332.04186895
16134 9332.04186895
16424 9967.67113114
17529 9967.67113114
17946 8574.11121804
18649 8574.11121804
18839 11555.957919
20143 11555.957919
20248 9946.26124172
20780 9946.26124172
21189 4925.75505472
21987 4925.75505472
22089 12853.8830723
22983 12853.8830723
23424 9128.83579023
24758 9128.83579023
24982 9978.31626484
25523 9978.31626484
25979 8543.18421403
26926 8543.18421403
27041 9555.04833514
28521 9555.04833514
28961 8143.81976065
30131 8143.81976065
30261 9526.0270103
31624 9526.0270103
31831 7842.69491453
33072 7842.69491453
33280 9877.1316717
33878 9877.1316717
34211 9662.39773985
35014 9662.39773985
35496 11759.3200949
36888 11759.3200949
37136 11938.7996764
37876 11938.7996764
38154 5919.23776597
39150 5919.23776597
39633 12503.7334436
40496 12503.7334436
40972 7444.6077087
41607 7444.6077087
42037 9185.75452882
42979 9185.75452882
43391 12167.7373103
44384 12167.7373103
44663 5180.06137471
45474 5180.06137471
45779 10435.4843673
46733 10435.4843673
47097 11187.3299627
47662 11187.3299627
47880 11462.3590115
49338 11462.3590115
49614 10499.5085182
51031 10499.5085182
51249 6357.57985674
52705 6357.57985674
52922 5807.05944766
53815 5807.05944766
53917 12001.2822394
55020 12001.2822394
55398 9376.78227406
55966 9376.78227406
56347 5420.08312979
57805 5420.08312979
58132 10472.8640147
59400 10472.8640147
59649 13015.4082926
60459 13015.4082926
60740 9224.52953112
61756 9224.52953112
61948 10339.7008433
62541 10339.7008433
62933 9194.64697754
63670 9194.64697754
64055 9831.83995063
65505 9831.83995063
65684 7747.86192219
66821 7747.86192219
67162 11467.6313091
68019 11467.6313091
68222 9213.71411144
69585 9213.71411144
70015 7885.72059957
70771 7885.72059957
70926 10074.1242546
72295 10074.1242546
72743 7544.9228063
74207 7544.9228063
74605 12017.3980664
76016 12017.3980664
76250 9012.49237536
77712 9012.49237536
77957 7835.60640315
78807 7835.60640315
79292 9559.45312368
80035 9559.45312368
80272 10145.9316824
81292 10145.9316824
81629 8821.74205601
82156 8821.74205601
82596 9787.43853796
83743 9787.43853796
83977 9128.92150619
84823 9128.92150619
85261 11894.3969515
86038 11894.3969515
86462 11363.4269763
87414 11363.4269763
87563 10176.3232372
88533 10176.3232372
88694 11042.3815097
89473 11042.3815097
89688 9204.27518965
90493 9204.27518965
90691 11460.6255886
91719 11460.6255886
92195 6620.65135906
92919 6620.65135906
93028 9673.13476221
94116 9673.13476221
94377 7357.93131106
95021 7357.93131106
95205 12126.0781216
96646 12126.0781216
97098 7032.80185957
98439 7032.80185957
98749 10754.0000275
100169 10754.0000275
100579 8052.20924217
101786 8052.20924217
102159 13017.870982
103607 13017.870982
104032 10300.9948218
104791 10300.9948218
105061 9145.41291352
106052 9145.41291352
106205 11924.5149815
106974 11924.5149815
107384 7621.26773861
108474 7621.26773861
108818 11217.1609622
110198 11217.1609622
110452 9320.30639868
110991 9320.30639868
111331 8322.46885205
111848 8322.46885205
111952 11532.2038824
113435 11532.2038824
113927 9758.12155318
115333 9758.12155318
115449 7600.31341195
116014 7600.31341195
116355 12194.6792545
116941 12194.6792545
117311 8976.37144805
118017 8976.37144805
118255 8117.91626352
118906 8117.91626352
119390 9266.32787998
120734 9266.32787998
120868 10930.0485903
121425 10930.0485903
121542 8323.29564035
122572 8323.29564035
122895 14004.6568212
124046 14004.6568212
124445 10477.1041704
125504 10477.1041704
125753 11535.294699
127194 11535.294699
127671 8028.33100791
129081 8028.33100791
129380 9152.2388164
130566 9152.2388164
131046 10621.8065457
132300 10621.8065457
132675 8016.86283712
134007 8016.86283712
134127 9928.71285035
134898 9928.71285035
135130 8948.95999764
136261 8948.95999764
136627 10391.9202249
137222 10391.9202249
137567 8533.71023039
138881 8533.71023039
139368 9397.43079444
140750 9397.43079444
141026 8121.19295478
141960 8121.19295478
142312 10292.6733371
143696 10292.6733371
143953 10487.3344788
145083 10487.3344788
145188 9265.12636941
146052 9265.12636941
146363 13353.6276097
146963 13353.6276097
147247 8737.37214786
148203 8737.37214786
148309 9203.07357706
149028 9203.07357706
149153 10391.1595964
150008 10391.1595964
150450 12078.3819806
150972 12078.3819806
151086 8003.93777164
152359 8003.93777164
152627 7685.73173581
153804 7685.73173581
154062 7278.91730502
155477 7278.91730502
155874 5068.43677003
157016 5068.43677003
157317 10332.8891312
158438 10332.8891312
158874 8799.47547799
160115 8799.47547799
160498 9163.38492963
161736 9163.38492963
162219 6376.04182108
163373 6376.04182108
163505 8354.57469858
164269 8354.57469858
164504 6918.44697871
165755 6918.44697871
166061 7471.50805672
166970 7471.50805672
167173 8125.77247344
168324 8125.77247344
168795 13293.710251
170011 13293.710251
170443 6462.10784061
171766 6462.10784061
171915 6982.172103
172564 6982.172103
172909 7294.32334387
173920 7294.32334387
174312 9497.53373817
175144 9497.53373817
175464 10434.0510422
176099 10434.0510422
176265 12841.1067986
177028 12841.1067986
177159 12555.7730172
178620 12555.7730172
178819 11596.9147385
179727 11596.9147385
180006 10727.9898512
180630 10727.9898512
181037 8640.52047146
181860 8640.52047146
182002 7021.93646136
182974 7021.93646136
183320 9300.93484859
184043 9300.93484859
184292 9737.8417608
185006 9737.8417608
185298 13489.9558854
186691 13489.9558854
187057 10756.5555795
188367 10756.5555795
188865 12519.4978733
189601 12519.4978733
190028 8116.39470699
191045 8116.39470699
191147 8674.40213911
192270 8674.40213911
192707 10870.0647153
194126 10870.0647153
194266 9694.85596514
195306 9694.85596514
195784 5169.19552938
196762 5169.19552938
197049 7611.0850875
197701 7611.0850875
197828 11254.8731435
199109 11254.8731435
199589 9300.6714379
201067 9300.6714379
201418 12518.4894702
202608 12518.4894702
202941 8843.34099432
203519 8843.34099432
203827 6900.22649932
204461 6900.22649932
204813 8087.51177539
206026 8087.51177539
206332 11640.8880813
207096 11640.8880813
207381 8125.18626893
208154 8125.18626893
208376 9511.75031358
208902 9511.75031358
209398 12359.6298553
210211 12359.6298553
210591 6391.91383616
211937 6391.91383616
212238 11740.966011
213084 11740.966011
213185 10574.2828854
213996 10574.2828854
214163 12644.3495815
215617 12644.3495815
216032 10335.2775991
216673 10335.2775991
217143 10053.5261836
217932 10053.5261836
218252 10675.1122624
219594 10675.1122624
220088 6386.76209917
220793 6386.76209917
221027 8325.85331368
222433 8325.85331368
222850 8533.05228493
224337 8533.05228493
224558 8673.45564983
225791 8673.45564983
225896 5761.60525236
226683 5761.60525236
227084 8760.36555595
227654 8760.36555595
228100 4345.9264932
228991 4345.9264932
229292 8721.52179912
229878 8721.52179912
230254 9545.98504296
231550 9545.98504296
231764 8522.55349511
232452 8522.55349511
232877 10945.08491
234178 10945.08491
234285 11157.8962512
235471 11157.8962512
235592 8713.37967549
236780 8713.37967549
236924 8810.5989696
237868 8810.5989696
238021 8455.04225264
238709 8455.04225264
239108 7653.30791722
240113 7653.30791722
240474 11377.1394239
241812 11377.1394239
242167 6081.60915098
243597 6081.60915098
244067 9013.85428571
244850 9013.85428571
245097 12288.1965908
245707 12288.1965908
245996 7808.94513147
247436 7808.94513147
247621 7332.17629758
249095 7332.17629758
249446 10889.9595878
249957 10889.9595878
250061 10502.1972507
251542 10502.1972507
251745 14025.1570934
252616 14025.1570934
252830 10181.8485814
254115 10181.8485814
254327 10546.6639009
255417 10546.6639009
255702 8570.88028564
256718 8570.88028564
257074 7239.08952967
258062 7239.08952967
258391 8877.6388283
259134 8877.6388283
259288 11909.5476589
260720 11909.5476589
260961 10366.6194956
262028 10366.6194956
262247 7239.5638456
263283 7239.5638456
263424 6158.19826967
264626 6158.19826967
265094 9728.04205122
265912 9728.04205122
266139 8735.249785
267450 8735.249785
267713 7672.2175003
268975 7672.2175003
269375 10768.6118154
270341 10768.6118154
270773 9180.79891326
271327 9180.79891326
271447 9462.75890943
272348 9462.75890943
272515 8309.17347191
273380 8309.17347191
273638 11094.3630596
274331 11094.3630596
274527 13871.395443
275819 13871.395443
