0 9054.91228241
822 9054.91228241
1320 8226.63084142
2791 8226.63084142
3224 9662.36858037
4655 9662.36858037
4787 9882.19417951
5412 9882.19417951
5790 15208.9616697
7133 15208.9616697
7627 16355.3148042
9085 16355.3148042
9204 11425.1397681
10037 11425.1397681
10533 8608.73436308
11510 8608.73436308
11685 11042.8275971
12565 11042.8275971
12839 17310.4775766
13643 17310.4775766
14064 10192.085838
14709 10192.085838
14957 11968.2758142
15879 11968.2758142
16111 6856.35565531
17351 6856.35565531
17582 12782.0569314
18648 12782.0569314
19083 14615.6964912
19653 14615.6964912
19831 11922.2299424
20420 11922.2299424
20833 10842.0131941
21781 10842.0131941
22159 13037.359487
23128 13037.359487
23614 7157.55450849
24242 7157.55450849
24367 13011.1634034
25631 13011.1634034
25980 16647.5292486
26533 16647.5292486
26939 12605.3636745
28388 12605.3636745
28680 10775.2944838
29875 10775.2944838
30347 6103.18406153
31390 6103.18406153
31817 8475.38232357
32865 8475.38232357
33138 13578.1616045
34257 13578.1616045
34497 10892.5190008
35498 10892.5190008
35919 13229.8569962
37359 13229.8569962
37811 8326.08729095
38932 8326.08729095
39334 7369.04966567
40314 7369.04966567
40580 9044.07995276
41327 9044.07995276
41585 15082.4634564
42265 15082.4634564
42607 7066.13154973
43991 7066.13154973
44331 7766.34245647
45299 7766.34245647
45511 13781.4803243
46189 13781.4803243
46522 11087.4220594
47723 11087.4220594
47886 7577.93209141
48496 7577.93209141
48728 8557.6004594
49981 8557.6004594
50331 11345.5524363
51337 11345.5524363
51439 6924.72023012
51968 6924.72023012
52377 10806.9094074
53275 10806.9094074
53718 10732.4488346
55106 10732.4488346
55454 12685.3413608
56867 12685.3413608
57034 13098.4112631
57906 13098.4112631
58018 5912.00610701
59162 5912.00610701
59324 13921.3503711
60646 13921.3503711
60852 12933.6853314
62266 12933.6853314
62467 14594.4742831
63198 14594.4742831
63391 10530.9534552
64426 10530.9534552
64653 9156.13580555
66133 9156.13580555
66629 15605.4351164
67996 15605.4351164
68463 8186.06885865
69581 8186.06885865
69892 10022.5016321
70491 10022.5016321
70781 4881.84470733
71888 4881.84470733
72267 13014.5060451
72890 13014.5060451
73251 10444.8524321
74247 10444.8524321
74640 13322.5860177
76056 13322.5860177
76450 10738.0880076
77140 10738.0880076
77434 9257.10253261
78394 9257.10253261
78534 14091.7920153
79847 14091.7920153
80257 11230.9520488
80784 11230.9520488
81147 10503.5596054
82272 10503.5596054
82678 17002.5215342
83937 17002.5215342
84212 5907.16990949
85474 5907.16990949
85784 11942.1028695
87112 11942.1028695
87431 10170.9836083
88543 10170.9836083
88714 9931.43803976
89568 9931.43803976
89859 9814.13921138
91232 9814.13921138
91506 10446.0529229
92673 10446.0529229
92986 17756.9431461
93968 17756.9431461
94264 1168.30743313
94961 1168.30743313
95189 3899.00370307
96034 3899.00370307
96400 7570.4338681
97471 7570.4338681
97868 6890.42755032
98485 6890.42755032
98920 6630.54622203
99488 6630.54622203
99966 10356.761584
100749 10356.761584
101179 14132.4313302
101969 14132.4313302
102238 13011.697651
103706 13011.697651
104020 9272.24441343
105292 9272.24441343
105784 8418.4966135
106871 8418.4966135
107300 8987.4768043
108533 8987.4768043
108893 13686.5036875
110363 13686.5036875
110822 15579.4293049
111971 15579.4293049
112409 15577.9647713
113495 15577.9647713
113775 6910.52826481
115248 6910.52826481
115486 11152.0381879
116152 11152.0381879
116648 3426.49639352
117737 3426.49639352
118098 6463.9597364
118965 6463.9597364
119286 6964.01345193
120375 6964.01345193
120649 7681.7358045
122016 7681.7358045
122231 11426.8646888
123174 11426.8646888
123388 6822.86918498
124561 6822.86918498
124719 7031.5565644
125891 7031.5565644
126155 6601.9675917
127385 6601.9675917
127636 7051.3131361
129107 7051.3131361
129563 6196.51654886
130825 6196.51654886
131029 9638.18625733
131775 9638.18625733
132226 11228.2348014
133567 11228.2348014
133995 7704.35765142
134998 7704.35765142
135272 11879.5821878
136603 11879.5821878
137099 13312.2299527
137948 13312.2299527
138214 14518.1098847
139429 14518.1098847
139815 7727.07118666
140877 7727.07118666
141016 9887.55021817
142164 9887.55021817
142644 13104.9352377
143147 13104.9352377
143351 11563.5938689
144790 11563.5938689
145078 9928.9006554
145869 9928.9006554
145989 5394.39693544
146669 5394.39693544
146849 4695.28553799
148330 4695.28553799
148449 10835.1994018
149090 10835.1994018
149525 7519.63198689
150571 7519.63198689
150789 13100.8443871
152264 13100.8443871
152433 18812.8524227
153342 18812.8524227
153688 14393.63335
154780 14393.63335
155066 6709.84867078
155870 6709.84867078
156198 11795.6338399
157493 11795.6338399
157773 8439.88738801
158400 8439.88738801
158511 8803.93215764
159796 8803.93215764
160104 6811.04535452
161013 6811.04535452
161367 9630.40567311
162620 9630.40567311
162874 8162.71744757
163984 8162.71744757
164126 7926.28803216
164739 7926.28803216
165119 5433.55415886
166507 5433.55415886
166698 13655.6811105
167638 13655.6811105
168022 11889.6476232
169318 11889.6476232
169750 6177.02197803
170785 6177.02197803
171197 1457.14038763
171840 1457.14038763
172084 6877.10819249
172895 6877.10819249
173345 12793.9419835
174108 12793.9419835
174215 9369.95373524
174723 9369.95373524
175020 10531.7781513
175600 10531.7781513
176015 12500.8440745
176932 12500.8440745
177156 10795.5826794
178194 10795.5826794
178529 9985.99704643
179638 9985.99704643
179755 2128.74462442
180871 2128.74462442
181019 10854.255039
182188 10854.255039
182457 7839.53770985
183474 7839.53770985
183933 9578.40524108
184444 9578.40524108
184764 10906.8518592
185941 10906.8518592
186336 16238.77662
187117 16238.77662
187586 7788.61553364
188939 7788.61553364
189274 8180.4396703
189877 8180.4396703
190253 3249.47118394
191602 3249.47118394
191849 6071.32258985
192835 6071.32258985
193230 8661.23195725
194012 8661.23195725
194334 5643.5865825
194903 5643.5865825
195350 12286.3426329
196720 12286.3426329
197196 10406.137764
197884 10406.137764
198034 10902.9368295
198666 10902.9368295
198888 3058.03308879
199855 3058.03308879
200000 9609.80033034
201479 9609.80033034
201874 6721.58726865
202878 6721.58726865
203313 8798.62127722
204544 8798.62127722
204651 3331.77943053
205364 3331.77943053
205677 12757.6089951
206583 12757.6089951
207010 13459.2109326
208202 13459.2109326
208411 7887.16928301
209677 7887.16928301
210088 16718.8011944
210850 16718.8011944
211282 11071.9203897
212621 11071.9203897
213061 9692.76528655
213723 9692.76528655
213845 5702.01666804
214414 5702.01666804
214776 9244.1943933
216180 9244.1943933
216339 10501.4443412
217277 10501.4443412
217765 12733.118462
219229 12733.118462
219724 7550.71361565
221182 7550.71361565
221322 12335.1336387
222338 12335.1336387
222575 11579.7750775
223084 11579.7750775
223388 17340.3599391
224699 17340.3599391
225003 12243.5876699
226264 12243.5876699
226691 11408.0907865
228004 11408.0907865
228289 14440.2457524
229636 14440.2457524
229966 5537.20947186
230528 5537.20947186
230663 8291.02439599
231539 8291.02439599
231839 16410.6219584
233242 16410.6219584
233524 8434.80879647
234528 8434.80879647
234643 2911.21666867
235321 2911.21666867
235811 2461.94734671
237203 2461.94734671
237612 11385.7019014
238408 11385.7019014
238522 4493.80947113
239302 4493.80947113
239794 8009.63192559
240359 8009.63192559
240511 6175.88677738
241219 6175.88677738
241513 10110.8505933
242915 10110.8505933
243249 11208.054556
244481 11208.054556
244933 13501.3190226
245800 13501.3190226
246029 8484.89527749
246635 8484.89527749
246925 10090.5826688
248210 10090.5826688
248614 13648.8527341
249467 13648.8527341
249761 4592.99445115
250325 4592.99445115
250678 11559.2360872
251413 11559.2360872
251545 10730.1836395
252376 10730.1836395
252820 3317.56408983
254099 3317.56408983
254216 5309.8409294
255006 5309.8409294
255108 9081.02585077
256343 9081.02585077
256718 16225.7668939
257445 16225.7668939
257781 10113.7614164
259073 10113.7614164
259284 12272.1741322
259910 12272.1741322
260056 9043.21972898
261474 9043.21972898
261916 10614.9476381
262441 10614.9476381
262831 10284.5149267
263838 10284.5149267
263972 3331.24298626
264719 3331.24298626
265163 9633.99824025
266260 9633.99824025
266700 7668.31011083
267824 7668.31011083
268306 19636.9312219
269794 19636.9312219
270178 13744.0223186
271569 13744.0223186
272032 11885.5383877
273310 11885.5383877
273626 6637.77978407
274636 6637.77978407
275121 8660.76048395
276163 8660.76048395
276294 9681.09692257
277027 9681.09692257
277353 10485.0839149
278025 10485.0839149
278383 11570.877439
279882 11570.877439
280170 11653.2302968
280956 11653.2302968
281406 7170.78366356
282551 7170.78366356
282690 11547.5641947
284079 11547.5641947
284468 11793.5303955
285015 11793.5303955
285363 11142.6084039
286381 11142.6084039
286716 12676.7269646
288094 12676.7269646
288270 4208.90564183
289588 4208.90564183
289984 12124.5675497
290742 12124.5675497
291038 8983.74027753
291581 8983.74027753
291893 9229.75759925
292979 9229.75759925
293170 7133.47863408
293703 7133.47863408
294091 9057.26713377
294866 9057.26713377
295023 13915.1715579
296330 13915.1715579
