0 9398.59338624
1266 9398.59338624
1490 15289.1281723
2797 15289.1281723
3019 3830.19845275
3921 3830.19845275
4334 16436.8845751
5089 16436.8845751
5405 16173.1930372
6227 16173.1930372
6368 16811.3264869
7272 16811.3264869
7738 14369.442772
8826 14369.442772
8976 11074.5250178
10077 11074.5250178
10514 11525.0809535
12006 11525.0809535
12370 23398.0504714
13027 23398.0504714
13240 20772.8068124
13944 20772.8068124
14256 13723.4804477
15274 13723.4804477
15419 4298.4570473
16348 4298.4570473
16648 15558.9280572
17206 15558.9280572
17342 5371.10043655
18574 5371.10043655
19017 7147.99033172
20181 7147.99033172
20517 6467.15094827
21534 6467.15094827
21881 6670.08732512
22736 6670.08732512
22902 5055.44549976
24169 5055.44549976
24473 3249.91769816
25588 3249.91769816
26066 14858.475873
26631 14858.475873
26814 5446.88072054
27573 5446.88072054
27930 19919.1754684
28877 19919.1754684
29130 7091.08330962
30324 7091.08330962
30549 8317.48104881
31170 8317.48104881
31625 8946.31033726
32248 8946.31033726
32681 8829.07175691
33925 8829.07175691
34070 19946.2466599
35128 19946.2466599
35277 25792.7331409
36336 25792.7331409
36464 26923.1875491
36983 26923.1875491
37388 16877.3256196
38205 16877.3256196
38427 9762.5947605
39808 9762.5947605
40188 7876.3898924
41485 7876.3898924
41751 11482.4157418
42433 11482.4157418
42893 965.459086304
44296 965.459086304
44542 6393.91445816
45255 6393.91445816
45708 13037.5516234
46209 13037.5516234
46694 2678.51257566
47993 2678.51257566
48113 6841.4270784
49439 6841.4270784
49552 12122.9845721
50122 12122.9845721
50280 4583.49013139
50851 4583.49013139
50982 9430.47535656
52470 9430.47535656
52736 18817.3697211
54036 18817.3697211
54329 2425.4736179
55822 2425.4736179
55925 7770.51793005
56823 7770.51793005
56936 25132.7190466
58385 25132.7190466
58609 12061.207541
59211 12061.207541
59494 16473.1044572
60381 16473.1044572
60587 19671.1400701
61955 19671.1400701
62123 12811.904478
63154 12811.904478
63595 26630.1156112
64217 26630.1156112
64338 12277.8723014
65298 12277.8723014
65651 5930.52358389
66852 5930.52358389
67029 13690.100853
67986 13690.100853
68165 1259.67330459
69307 1259.67330459
69551 2872.13371558
70267 2872.13371558
70547 3809.62713439
71138 3809.62713439
71513 15553.8935932
72336 15553.8935932
72442 971.659865321
73543 971.659865321
73843 6710.03983371
75197 6710.03983371
75620 7046.16622687
76253 7046.16622687
76656 574.215613977
77650 574.215613977
77848 16640.0257891
78976 16640.0257891
79455 11094.3183919
80023 11094.3183919
80159 18921.0222813
81029 18921.0222813
81501 9934.91947291
82741 9934.91947291
83018 22361.1121519
84388 22361.1121519
84640 2750.87604874
85199 2750.87604874
85585 13071.5230024
86652 13071.5230024
87068 18814.3790089
88354 18814.3790089
88756 8669.53719149
89274 8669.53719149
89709 15974.3916032
90866 15974.3916032
90975 8606.79057489
92377 8606.79057489
92532 6843.76991879
93611 6843.76991879
93739 5145.3657841
94713 5145.3657841
95103 16214.5824195
95605 16214.5824195
95950 19857.8950683
97223 19857.8950683
97679 16444.1221015
98827 16444.1221015
99092 4247.15883289
100520 4247.15883289
100651 1269.50112976
101944 1269.50112976
102320 1157.60656068
103695 1157.60656068
104181 4595.91234947
104908 4595.91234947
105219 11614.4521448
106053 11614.4521448
106346 6087.05339445
107036 6087.05339445
107382 12507.2160658
108339 12507.2160658
108732 6974.78063988
109603 6974.78063988
109714 11999.6260454
110308 11999.6260454
110475 12456.0125482
111813 12456.0125482
112271 11879.5043628
113373 11879.5043628
113548 11831.0874095
114680 11831.0874095
114931 6906.611437
115984 6906.611437
116424 10763.3984816
117316 10763.3984816
117497 14736.8127251
118963 14736.8127251
119262 16488.4943012
119976 16488.4943012
120107 20940.2275702
121356 20940.2275702
121709 9214.73408452
122795 9214.73408452
123129 5428.3551515
124295 5428.3551515
124664 11482.6989691
125501 11482.6989691
125612 9632.79559413
127049 9632.79559413
127298 18149.0749406
127901 18149.0749406
128011 1813.02958332
128691 1813.02958332
128890 13945.1526838
130337 13945.1526838
130571 484.274120778
131525 484.274120778
131777 16515.2412413
132439 16515.2412413
132873 21199.6846452
134004 21199.6846452
134139 3047.93062439
135296 3047.93062439
135627 9911.84102576
136827 9911.84102576
137172 9190.33082725
138178 9190.33082725
138524 11547.921198
139898 11547.921198
140149 185.151321774
140885 185.151321774
141174 9135.8227318
142279 9135.8227318
142707 18330.0949493
143903 18330.0949493
144383 4163.38642636
145468 4163.38642636
145665 6773.96698794
146738 6773.96698794
147051 11977.3604862
147720 11977.3604862
147967 8783.50703534
149434 8783.50703534
149875 10364.2930665
150411 10364.2930665
150754 9583.5899516
151545 9583.5899516
151819 1725.04433285
152429 1725.04433285
152879 18271.8079832
153812 18271.8079832
154281 18410.1883962
155250 18410.1883962
155550 8693.22098822
156977 8693.22098822
157192 20099.9031732
158573 20099.9031732
158873 7129.81167945
160200 7129.81167945
160437 11495.0472969
161725 11495.0472969
162107 10552.6068136
162749 10552.6068136
163058 18824.8659789
164246 18824.8659789
164409 4742.234552
165759 4742.234552
166158 9562.24889064
167424 9562.24889064
167564 28873.595832
168746 28873.595832
168976 14403.5743993
169887 14403.5743993
170224 8792.85192766
171425 8792.85192766
171857 491.387011469
172867 491.387011469
173337 18734.7039371
174571 18734.7039371
175038 19631.057254
176057 19631.057254
176324 1999.26283509
176970 1999.26283509
177278 20743.8251574
178690 20743.8251574
178937 4025.59513508
179892 4025.59513508
180373 13114.6718462
180969 13114.6718462
181413 12791.6111509
182546 12791.6111509
183037 3293.53416917
183658 3293.53416917
184137 8937.71501379
184698 8937.71501379
184915 12042.7496164
185866 12042.7496164
186080 21122.8465777
187494 21122.8465777
187829 7392.44574235
188353 7392.44574235
188654 1239.99842102
189885 1239.99842102
190015 13614.8780452
190829 13614.8780452
191143 2872.53897163
192224 2872.53897163
192382 12267.1296489
193749 12267.1296489
193900 14402.525143
194938 14402.525143
195094 11146.091932
195806 11146.091932
196001 305.14366714
196787 305.14366714
197283 18041.8414474
197874 18041.8414474
197992 6538.75841112
199350 6538.75841112
199845 16181.8447115
200868 16181.8447115
201335 3654.69830483
202346 3654.69830483
202780 10907.7016536
204228 10907.7016536
204555 10813.4459837
205074 10813.4459837
205245 278.541433722
206143 278.541433722
206277 5157.36426884
206854 5157.36426884
207281 21526.2841735
208703 21526.2841735
209068 4975.56885747
210072 4975.56885747
210403 17445.4312106
211635 17445.4312106
211888 13661.9974932
212781 13661.9974932
212909 4235.45231598
213430 4235.45231598
213757 4625.01032504
214430 4625.01032504
214878 4314.29427625
215958 4314.29427625
216115 5981.81798214
216913 5981.81798214
217214 2986.69832269
218419 2986.69832269
218853 3473.08147622
219666 3473.08147622
219977 24938.1099959
220799 24938.1099959
221158 9781.70089707
222033 9781.70089707
222519 13961.8651878
223803 13961.8651878
224080 8416.69285428
225082 8416.69285428
225446 8244.12857421
226037 8244.12857421
226336 21305.5062487
227280 21305.5062487
227570 3982.65883121
228386 3982.65883121
228585 10202.2835843
229774 10202.2835843
229897 13828.6787264
231220 13828.6787264
231461 6262.49021548
232431 6262.49021548
232840 4953.00577309
234066 4953.00577309
234538 1618.2449131
235588 1618.2449131
235887 19087.4233974
237063 19087.4233974
237561 23861.8211425
238479 23861.8211425
238750 12790.2426067
240200 12790.2426067
240603 12104.7644224
242050 12104.7644224
242467 16992.3409722
243291 16992.3409722
243491 11424.7266598
244072 11424.7266598
244410 4840.92698506
245799 4840.92698506
246027 13601.1827304
247223 13601.1827304
247640 14907.8884252
249080 14907.8884252
249203 8603.50918744
249773 8603.50918744
250118 14632.0576815
251317 14632.0576815
251500 18601.0158766
252986 18601.0158766
253265 19469.062603
254358 19469.062603
254563 8669.62329053
255362 8669.62329053
255635 15950.2482966
256929 15950.2482966
257131 13468.2553693
257633 13468.2553693
258115 17980.663364
258834 17980.663364
259195 24582.4226305
260625 24582.4226305
261025 12486.468545
262141 12486.468545
262574 10141.6592443
263885 10141.6592443
264372 9642.18260391
265779 9642.18260391
266050 18539.2902033
266793 18539.2902033
267217 11662.8451743
268016 11662.8451743
268453 4746.73303198
269513 4746.73303198
269693 6661.26979074
270230 6661.26979074
270381 9883.77258114
271662 9883.77258114
271971 8961.37585606
272663 8961.37585606
273107 5936.84962988
274523 5936.84962988
274966 7774.48270844
276047 7774.48270844
276273 4438.71078446
277019 4438.71078446
277398 4331.66777845
278065 4331.66777845
278391 10107.9742512
279172 10107.9742512
279338 21499.2263822
279974 21499.2263822
280130 13772.4934747
280941 13772.4934747
281413 8239.48276602
282824 8239.48276602
283114 4959.7362364
284427 4959.7362364
284791 5976.83679685
285635 5976.83679685
286041 15590.9272428
286703 15590.9272428
287108 8422.84837273
287762 8422.84837273
288183 4233.84616162
289637 4233.84616162
290075 6958.56992122
291181 6958.56992122
291363 9856.53179289
292217 9856.53179289
292398 1115.55828312
293556 1115.55828312
293959 2090.80085395
295301 2090.80085395
