0 3187.80311553
1275 3187.80311553
1648 987.605582013
2848 987.605582013
3035 2362.37976366
4171 2362.37976366
4495 568.005740327
5660 568.005740327
6076 571.879957475
7454 571.879957475
7620 877.806192128
9090 877.806192128
9579 1959.97080243
10468 1959.97080243
10964 1467.66552233
11672 1467.66552233
12162 560.067442703
13300 560.067442703
13713 1184.47478428
14929 1184.47478428
15111 2699.31956432
16532 2699.31956432
16934 1614.13798717
18115 1614.13798717
18362 287.627391369
19603 287.627391369
19723 942.386136936
20461 942.386136936
20752 3166.16583058
21522 3166.16583058
21830 2017.9387443
23038 2017.9387443
23342 428.157925375
24385 428.157925375
24535 1059.96974889
25528 1059.96974889
25787 1345.74652638
26331 1345.74652638
26705 950.077236281
27576 950.077236281
27858 486.509882928
29179 486.509882928
29587 415.684891948
30719 415.684891948
31035 360.785864556
32282 360.785864556
32686 1006.33328019
33536 1006.33328019
33863 299.33747885
34843 299.33747885
35321 741.257000889
36624 741.257000889
37036 1362.41564079
38079 1362.41564079
38338 1608.9833467
39390 1608.9833467
39521 29.1586025859
40206 29.1586025859
40705 544.656067839
41710 544.656067839
41984 545.086709013
42952 545.086709013
43299 1035.12431337
44398 1035.12431337
44811 742.021745382
45991 742.021745382
46220 1637.11772898
47127 1637.11772898
47422 105.747851326
48493 105.747851326
48699 1115.41115075
49199 1115.41115075
49651 718.663568889
50742 718.663568889
51139 1995.96327099
51796 1995.96327099
52171 2903.35732262
53400 2903.35732262
53541 854.280374019
55009 854.280374019
55424 2274.28453641
56847 2274.28453641
56985 1412.53092355
58457 1412.53092355
58761 705.034668714
60027 705.034668714
60197 1210.7382365
61567 1210.7382365
61728 2138.08436571
63009 2138.08436571
63222 2560.03117184
64163 2560.03117184
64421 65.3381721515
65520 65.3381721515
65991 527.025995101
66516 527.025995101
66951 4638.78455269
68037 4638.78455269
68156 421.641215504
69515 421.641215504
69822 1735.72912051
70654 1735.72912051
70878 863.518146093
71919 863.518146093
72358 1006.90661573
73590 1006.90661573
73970 660.04554806
74927 660.04554806
75324 571.803256134
76711 571.803256134
76986 601.568093941
78141 601.568093941
78429 1719.44591843
79479 1719.44591843
79661 971.185714508
80968 971.185714508
81403 3272.13181586
82102 3272.13181586
82481 914.382621067
83653 914.382621067
84000 2299.81983167
85337 2299.81983167
85699 1295.96309243
86938 1295.96309243
87223 839.061025679
88579 839.061025679
88734 2033.40115263
89440 2033.40115263
89851 987.087974386
90514 987.087974386
90818 271.059750495
92060 271.059750495
92416 1122.94534248
93791 1122.94534248
93937 1869.75478781
94752 1869.75478781
95050 2935.9118528
96433 2935.9118528
96684 413.668903879
97471 413.668903879
97751 2171.36757194
98901 2171.36757194
99294 186.6489348
100783 186.6489348
101183 1770.18493331
102114 1770.18493331
102520 302.180398259
103920 302.180398259
104382 1715.40841287
105718 1715.40841287
106138 316.275523349
107113 316.275523349
107381 1656.82748162
108559 1656.82748162
108906 1852.72601449
109697 1852.72601449
110116 1707.3606594
111496 1707.3606594
111667 1201.27693794
113071 1201.27693794
113547 1233.9385178
114733 1233.9385178
115153 34.6002437261
116498 34.6002437261
116676 1086.52508596
117405 1086.52508596
117583 317.611642124
119031 317.611642124
119355 1122.84483084
120644 1122.84483084
120997 1172.26897977
122166 1172.26897977
122662 1536.58698406
123745 1536.58698406
123916 389.793517258
124800 389.793517258
124912 1855.27300229
125670 1855.27300229
126087 1497.88374262
126731 1497.88374262
127189 794.999329083
128109 794.999329083
128455 2362.52804224
129044 2362.52804224
129305 1564.42862854
130263 1564.42862854
130586 353.786561269
131910 353.786561269
132220 72.5601460022
133405 72.5601460022
133530 226.712424503
134759 226.712424503
135179 823.828329453
136213 823.828329453
136608 1462.64043615
137630 1462.64043615
137927 618.335798859
138808 618.335798859
138991 1257.87068855
140365 1257.87068855
140797 2100.04123018
141339 2100.04123018
141501 3056.99701147
142841 3056.99701147
143027 3245.02992941
143700 3245.02992941
143896 359.996166598
144501 359.996166598
144912 2128.39852071
145597 2128.39852071
145898 339.665566852
146750 339.665566852
147063 1236.47669929
147611 1236.47669929
148042 1825.14734348
148920 1825.14734348
149337 2838.38447064
150826 2838.38447064
151140 2603.32383918
151943 2603.32383918
152371 2128.40863881
153405 2128.40863881
153570 1917.67662608
154390 1917.67662608
154554 876.72754945
155629 876.72754945
155877 2341.38632563
156983 2341.38632563
157318 856.488273092
158441 856.488273092
158864 1599.63732014
160084 1599.63732014
160284 249.161678004
161330 249.161678004
161773 369.9420767
162894 369.9420767
163308 457.552352144
164622 457.552352144
165047 117.149021061
166468 117.149021061
166827 1618.61046336
168093 1618.61046336
168320 742.145843498
169161 742.145843498
169602 17.1465240964
170758 17.1465240964
171191 419.756443488
172156 419.756443488
172621 1960.95098189
173167 1960.95098189
173642 667.803006135
174307 667.803006135
174443 4460.21711403
175319 4460.21711403
175444 2472.54729404
176287 2472.54729404
176573 101.972662457
177558 101.972662457
177739 479.936633524
178675 479.936633524
179050 157.582527168
179669 157.582527168
180066 1955.91111766
181433 1955.91111766
181687 533.160062616
182238 533.160062616
182416 1071.5189566
183548 1071.5189566
183810 2499.30203159
184336 2499.30203159
184648 3520.90858711
185180 3520.90858711
185477 380.074027629
186829 380.074027629
187078 1380.60993596
187947 1380.60993596
188160 2179.73586058
189645 2179.73586058
189769 708.221762821
190320 708.221762821
190761 3515.34840825
191764 3515.34840825
192098 301.26075374
193093 301.26075374
193588 2078.59184969
194755 2078.59184969
195073 842.209464494
196258 842.209464494
196551 2349.73961828
197216 2349.73961828
197659 1900.64833413
198726 1900.64833413
199199 4118.64675971
200675 4118.64675971
201084 2402.16424708
201901 2402.16424708
202110 1507.45955637
202841 1507.45955637
203127 1086.33109831
203732 1086.33109831
204080 455.42159603
204984 455.42159603
205292 224.16331344
206212 224.16331344
206544 1289.99189303
207386 1289.99189303
207800 276.741320223
209149 276.741320223
209312 1061.22468582
210459 1061.22468582
210699 1465.98602535
211810 1465.98602535
212086 878.443637156
213508 878.443637156
213903 1704.80010524
214555 1704.80010524
214923 1814.17576742
216380 1814.17576742
216796 2161.42593174
218081 2161.42593174
218382 1625.92139248
219787 1625.92139248
220272 187.736843992
220991 187.736843992
221367 150.889177034
222647 150.889177034
222934 80.7579496662
224401 80.7579496662
224697 2782.94597559
226102 2782.94597559
226315 598.551026713
227405 598.551026713
227786 274.282001716
229280 274.282001716
229747 2689.76622944
230296 2689.76622944
230465 2001.67197164
231557 2001.67197164
232036 153.670924319
232548 153.670924319
232884 1968.26237575
233758 1968.26237575
233917 1255.39790085
234592 1255.39790085
234876 486.017037165
236375 486.017037165
236868 690.027601371
237606 690.027601371
238021 1219.38212175
239141 1219.38212175
239561 2758.89765848
240537 2758.89765848
240694 2567.99584987
242179 2567.99584987
242552 395.786261272
243148 395.786261272
243447 85.1114427982
244177 85.1114427982
244497 362.878563221
245295 362.878563221
245530 1195.91603061
246165 1195.91603061
246315 677.592314722
247435 677.592314722
247554 1325.43189138
248217 1325.43189138
248711 1963.95672634
249254 1963.95672634
249640 1513.8853588
250784 1513.8853588
250935 1477.03874156
252016 1477.03874156
252265 968.597924409
253384 968.597924409
253869 1105.76378013
255008 1105.76378013
255284 1226.3010634
256709 1226.3010634
257129 1003.0007086
258540 1003.0007086
258847 1511.77277015
259531 1511.77277015
259848 1448.27943147
260599 1448.27943147
260911 757.554413181
262363 757.554413181
262469 3260.68633015
263808 3260.68633015
264282 2743.1687726
265492 2743.1687726
265823 1928.60741294
266653 1928.60741294
