0 12974.1448695
770 12974.1448695
1207 10646.0933218
2458 10646.0933218
2760 10145.9801943
4178 10145.9801943
4569 10585.9816622
5784 10585.9816622
6175 13365.0832595
7260 13365.0832595
7456 13204.9547226
8562 13204.9547226
8686 11441.7975079
9850 11441.7975079
10331 11543.6161878
10914 11543.6161878
11346 8761.90017753
12776 8761.90017753
13112 12069.146444
14446 12069.146444
14763 13443.0422878
16157 13443.0422878
16563 8711.55486604
17450 8711.55486604
17868 9271.84577882
18523 9271.84577882
18940 10745.4045667
19460 10745.4045667
19739 8753.74577473
20385 8753.74577473
20860 9265.21773441
21440 9265.21773441
21932 11884.4315562
23142 11884.4315562
23435 11664.7610234
24221 11664.7610234
24575 9469.15417822
25222 9469.15417822
25449 10729.3044809
26050 10729.3044809
26401 8939.01630215
27739 8939.01630215
28009 11575.6394136
28600 11575.6394136
28902 7088.19398887
29794 7088.19398887
29940 9453.71543313
31266 9453.71543313
31368 13194.6135234
32224 13194.6135234
32463 12192.1925424
33485 12192.1925424
33980 13258.3372042
35061 13258.3372042
35373 12876.7645077
36848 12876.7645077
37255 8202.60740529
38562 8202.60740529
38886 15427.47148
40185 15427.47148
40414 9315.54564437
41178 9315.54564437
41665 9801.19228394
42293 9801.19228394
42777 11666.2710839
43840 11666.2710839
44219 12649.9206628
45536 12649.9206628
45794 14125.3973502
46731 14125.3973502
46895 11687.3296948
47608 11687.3296948
47888 9534.17648414
48754 9534.17648414
49069 8100.50043612
50433 8100.50043612
50857 9868.3217132
51463 9868.3217132
51852 10289.4439832
52907 10289.4439832
53405 12793.2496394
54622 12793.2496394
55094 11372.2116281
56536 11372.2116281
56760 13087.9029255
57848 13087.9029255
58064 7630.27899269
59294 7630.27899269
59686 10024.7258982
61144 10024.7258982
61617 10778.9563508
62141 10778.9563508
62281 11572.4038481
63266 11572.4038481
63475 11986.6894917
64935 11986.6894917
65180 10951.7250389
66217 10951.7250389
66619 15626.1420157
67535 15626.1420157
67820 12332.1757933
68635 12332.1757933
68738 11533.8351788
69526 11533.8351788
69974 11723.023356
70518 11723.023356
70889 8129.46063269
71813 8129.46063269
72080 10278.3509802
73356 10278.3509802
73535 8867.04415715
74346 8867.04415715
74490 8968.93960043
75660 8968.93960043
75952 11992.0007877
77355 11992.0007877
77688 8910.68081811
78863 8910.68081811
79152 10655.8934105
79970 10655.8934105
80215 13178.1850414
81654 13178.1850414
81901 9336.7276769
83270 9336.7276769
83520 8577.77149558
84433 8577.77149558
84845 12010.0321863
85458 12010.0321863
85923 10866.3236301
87180 10866.3236301
87488 10893.3629658
88314 10893.3629658
88477 13818.5883645
89765 13818.5883645
90252 11679.6375417
91463 11679.6375417
91627 11681.9366215
92496 11681.9366215
92678 10320.8122186
93278 10320.8122186
93538 12283.1885954
94523 12283.1885954
94905 12574.7479988
95878 12574.7479988
96013 12592.741496
97033 12592.741496
97438 8749.84895199
98132 8749.84895199
98233 11767.7592803
99624 11767.7592803
100119 11880.6412001
101015 11880.6412001
101172 12621.7252186
102170 12621.7252186
102592 13639.0995836
103833 13639.0995836
104317 10863.1210675
105097 10863.1210675
105590 14315.3197056
106946 14315.3197056
107059 14054.3066574
107765 14054.3066574
108002 11593.6978785
109334 11593.6978785
109722 10754.1007061
110592 10754.1007061
110947 7530.57739148
112205 7530.57739148
112521 8572.16719107
113261 8572.16719107
113711 12794.5176922
114958 12794.5176922
115184 12217.2963583
116288 12217.2963583
116446 9152.51409518
117685 9152.51409518
118025 14469.5503013
118734 14469.5503013
119134 11225.5384921
120272 11225.5384921
120666 10825.452324
122084 10825.452324
122308 10267.1600133
123645 10267.1600133
123832 11918.6200291
125001 11918.6200291
125122 11617.0482287
126202 11617.0482287
126337 13223.1519582
126986 13223.1519582
127415 9349.98628472
127961 9349.98628472
128409 12064.0630961
129667 12064.0630961
129916 7237.73072031
130476 7237.73072031
130580 11619.7014118
131741 11619.7014118
132091 9136.66659429
132917 9136.66659429
133361 12598.290656
134207 12598.290656
134544 9104.28626135
135085 9104.28626135
135242 8099.44892802
136684 8099.44892802
136949 11835.7899757
137876 11835.7899757
138212 11157.6458751
138741 11157.6458751
139193 12828.3807949
139772 12828.3807949
139898 9261.31806661
141075 9261.31806661
141424 10047.1174423
142328 10047.1174423
142567 8511.6860357
143860 8511.6860357
144314 11474.549386
145693 11474.549386
145829 9794.84547586
146461 9794.84547586
146766 11678.3944202
147710 11678.3944202
147935 9559.62807596
149037 9559.62807596
149358 9123.87961616
150257 9123.87961616
150468 11396.7973268
151757 11396.7973268
152177 12050.4145491
152754 12050.4145491
152898 13637.3436987
153885 13637.3436987
154200 10066.5034393
154946 10066.5034393
155059 11314.438839
155825 11314.438839
156176 11343.1750044
156854 11343.1750044
157006 12412.9582394
157649 12412.9582394
157922 13860.3710695
158436 13860.3710695
158857 12879.4064807
160145 12879.4064807
160399 9204.49580821
161234 9204.49580821
161670 12912.9886928
162434 12912.9886928
162836 11101.1610408
163471 11101.1610408
163871 11669.3585001
165304 11669.3585001
165574 12345.3677032
166336 12345.3677032
166721 7819.51273475
168177 7819.51273475
168311 5635.24369594
169325 5635.24369594
169780 10890.9382826
170753 10890.9382826
170861 9719.72399619
171959 9719.72399619
172260 10839.2105517
173365 10839.2105517
173620 11107.4297381
174749 11107.4297381
174862 12266.3328437
175919 12266.3328437
176140 13371.0910795
176652 13371.0910795
177049 9083.32075399
178094 9083.32075399
178288 10731.2003774
179128 10731.2003774
179377 9417.87731406
180168 9417.87731406
180633 10738.5180778
181179 10738.5180778
181663 12192.282834
182471 12192.282834
182940 11044.2535192
183939 11044.2535192
184210 12163.0271778
185413 12163.0271778
185752 9084.54704908
186720 9084.54704908
187065 10116.0370262
188411 10116.0370262
188850 11992.4821678
189895 11992.4821678
190022 12850.5258981
190985 12850.5258981
191161 10040.640578
192270 10040.640578
192667 10969.642649
193858 10969.642649
194105 6777.57614545
195309 6777.57614545
195427 10241.781177
196600 10241.781177
196989 7929.04492372
198162 7929.04492372
198309 11691.1508014
199737 11691.1508014
200171 7401.89341847
201111 7401.89341847
201362 11505.9290845
202144 11505.9290845
202631 13947.0118566
203776 13947.0118566
203903 8970.49385097
205321 8970.49385097
205766 9496.9795841
206783 9496.9795841
206980 8651.91934793
208171 8651.91934793
208439 12006.671978
209192 12006.671978
209626 11030.5985455
210810 11030.5985455
211103 11108.0913757
211721 11108.0913757
212193 11975.8606253
213308 11975.8606253
213460 8547.68902189
214209 8547.68902189
214518 9527.3013688
215629 9527.3013688
216016 7088.539074
216686 7088.539074
217085 14061.2764447
218102 14061.2764447
218207 8849.69294965
218718 8849.69294965
219199 14023.7703829
220212 14023.7703829
220571 10800.503018
221313 10800.503018
221577 12399.6608282
222982 12399.6608282
223262 8641.16812549
224084 8641.16812549
224355 8383.16438834
225780 8383.16438834
226100 11325.8516541
227208 11325.8516541
227482 8234.37886679
228336 8234.37886679
228808 9901.80512756
229311 9901.80512756
229715 15424.422172
230330 15424.422172
230828 7846.41619588
231498 7846.41619588
231727 11403.2530036
232895 11403.2530036
233055 12710.6270234
233630 12710.6270234
233947 10151.1058145
234677 10151.1058145
234841 13629.3235354
236079 13629.3235354
236534 6350.9922396
237837 6350.9922396
238301 10095.6602912
239684 10095.6602912
239898 12348.8595062
240482 12348.8595062
240866 11709.6506837
241992 11709.6506837
242135 7615.53720066
242930 7615.53720066
243293 14045.4010699
244572 14045.4010699
244952 9223.91989454
246332 9223.91989454
246767 12204.5262082
247528 12204.5262082
247800 9363.88380494
248903 9363.88380494
249253 9485.9298781
250157 9485.9298781
250545 14178.2653936
252033 14178.2653936
252493 9970.9672805
253529 9970.9672805
253752 9901.56031805
255106 9901.56031805
255345 14161.557164
256250 14161.557164
256644 8339.53022067
257161 8339.53022067
257380 11231.1566792
258596 11231.1566792
258821 12906.5431887
259348 12906.5431887
259742 16083.6820129
260673 16083.6820129
261132 13050.0417871
262594 13050.0417871
262835 11456.2574538
263542 11456.2574538
264036 11552.5200961
264853 11552.5200961
265232 10084.3623
265945 10084.3623
266352 7967.615131
266961 7967.615131
267158 11495.9595982
267934 11495.9595982
268067 10309.242951
268567 10309.242951
268687 10617.5359956
270067 10617.5359956
