0 10620.8489665
541 10620.8489665
695 11668.1867368
1404 11668.1867368
1746 11734.2012461
3154 11734.2012461
3533 10847.3386847
4245 10847.3386847
4572 11228.3203124
5353 11228.3203124
5805 11448.2895212
6809 11448.2895212
7030 11831.7421664
8499 11831.7421664
8603 11336.5689076
9417 11336.5689076
9553 11166.7066548
11041 11166.7066548
11274 11056.0010019
12190 11056.0010019
12339 11527.4441852
13411 11527.4441852
13528 10112.7377982
14972 10112.7377982
15267 12021.0388259
16268 12021.0388259
16724 11382.4532394
17684 11382.4532394
18068 11012.8816654
19464 11012.8816654
19830 10928.0346239
20966 10928.0346239
21226 11491.6593349
22716 11491.6593349
22833 11612.4631105
23988 11612.4631105
24112 11269.301988
25343 11269.301988
25655 11604.2676123
26758 11604.2676123
27000 11319.858644
27964 11319.858644
28227 11511.2369311
29681 11511.2369311
30165 12027.1153861
30973 12027.1153861
31202 11923.8402298
32074 11923.8402298
32564 11621.8042885
33220 11621.8042885
33331 11393.1329185
34032 11393.1329185
34475 11202.6123744
35010 11202.6123744
35302 10841.3177914
36407 10841.3177914
36886 11521.5904757
38119 11521.5904757
38572 10713.2048013
39879 10713.2048013
40039 10212.1184285
41436 10212.1184285
41632 11899.2327788
42549 11899.2327788
42981 11594.4874923
44197 11594.4874923
44589 11232.7244834
45430 11232.7244834
45835 11434.7655526
46722 11434.7655526
46952 11902.2171706
48286 11902.2171706
48572 11439.395013
50016 11439.395013
50224 11113.2571261
50794 11113.2571261
51091 11365.8304448
51787 11365.8304448
52211 11862.6398239
53284 11862.6398239
53774 12136.4714935
54575 12136.4714935
54819 11388.2783506
56293 11388.2783506
56609 11452.6298898
57343 11452.6298898
57571 11390.9574987
58459 11390.9574987
58764 11492.0468072
59456 11492.0468072
59613 11148.6964614
60272 11148.6964614
60593 11027.9719474
61373 11027.9719474
61869 11576.3574295
62982 11576.3574295
63385 12126.9171681
64584 12126.9171681
64923 11463.8848802
66060 11463.8848802
66248 11758.6649916
67308 11758.6649916
67620 11822.2256516
68818 11822.2256516
68951 11450.9845258
69974 11450.9845258
70386 12346.2574825
71193 12346.2574825
71362 10539.91416
72559 10539.91416
73033 11597.5588051
74486 11597.5588051
74818 11343.1365744
76273 11343.1365744
76657 11940.2707832
78023 11940.2707832
78286 12122.0021441
79751 12122.0021441
79903 12365.9550956
81336 12365.9550956
81521 11302.0926294
82391 11302.0926294
82527 12255.4538746
83984 12255.4538746
84402 11240.736977
85508 11240.736977
85782 11828.3430829
87212 11828.3430829
87656 11441.6574938
88297 11441.6574938
88578 11478.4691107
89756 11478.4691107
90163 10892.3077332
90753 10892.3077332
91014 11415.0252733
92033 11415.0252733
92225 11000.253194
93248 11000.253194
93627 12132.5730758
94654 12132.5730758
94860 11326.4438866
95967 11326.4438866
96133 12337.9191463
97537 12337.9191463
97806 11085.0639206
98590 11085.0639206
98760 11516.3576079
100010 11516.3576079
100171 11771.6395648
101500 11771.6395648
101756 11125.8975055
102297 11125.8975055
102490 11543.5637981
103801 11543.5637981
104118 12063.8843116
105048 12063.8843116
105348 10775.3933636
106259 10775.3933636
106479 11404.6429911
107567 11404.6429911
107796 11907.91187
108735 11907.91187
109119 11655.4861427
110562 11655.4861427
110727 11225.2568689
112173 11225.2568689
112568 10826.5187345
113485 10826.5187345
113616 10986.3818019
114668 10986.3818019
115152 12020.7943591
115706 12020.7943591
115810 10742.5419454
116834 10742.5419454
117239 11081.8529872
118042 11081.8529872
118496 11516.9241813
119689 11516.9241813
120186 10646.5952394
121648 10646.5952394
122117 11781.4569666
122854 11781.4569666
123167 11011.6113117
124078 11011.6113117
124282 10912.7425285
125431 10912.7425285
125879 11920.1036423
126767 11920.1036423
127112 11616.4988891
128299 11616.4988891
128712 12302.2000407
129673 12302.2000407
130090 11248.4885786
130590 11248.4885786
130846 12247.1830969
131351 12247.1830969
131632 12777.3186171
132258 12777.3186171
132672 12105.4650442
133591 12105.4650442
133801 11603.3731444
134380 11603.3731444
134646 11976.650794
135385 11976.650794
135724 11315.6536979
137188 11315.6536979
137562 12206.7095968
138308 12206.7095968
138565 12487.5761789
139328 12487.5761789
139708 11517.2887589
140676 11517.2887589
140973 12984.1588666
142379 12984.1588666
142728 11065.4900714
143560 11065.4900714
143687 11281.9008973
145075 11281.9008973
145247 11316.8790697
146129 11316.8790697
146316 10440.5217391
147289 10440.5217391
147504 11168.9466911
148941 11168.9466911
149105 11395.4612442
149756 11395.4612442
150013 11459.4649779
150844 11459.4649779
151221 11423.0812466
152271 11423.0812466
152491 11947.5760495
153245 11947.5760495
153401 11783.5836942
154438 11783.5836942
154843 11089.1396646
156231 11089.1396646
156672 11228.0344991
157259 11228.0344991
157373 10575.2937787
158594 10575.2937787
158725 11700.1377146
159551 11700.1377146
159975 10947.6845695
160924 10947.6845695
161245 11640.8908821
161892 11640.8908821
162145 11708.6198856
163070 11708.6198856
163364 11416.3722198
164120 11416.3722198
164404 11347.4776841
164936 11347.4776841
165262 11205.3882712
166388 11205.3882712
166859 11622.1890209
167575 11622.1890209
167911 12042.3484944
168621 12042.3484944
168721 11890.3291088
169829 11890.3291088
170033 12757.942787
170936 12757.942787
171077 11611.8411281
171615 11611.8411281
171968 11808.2402164
172950 11808.2402164
173249 10618.3960548
174296 10618.3960548
174503 12275.6420269
175526 12275.6420269
175770 11047.6719106
176320 11047.6719106
176674 11233.1614587
178133 11233.1614587
178427 11143.1513379
179537 11143.1513379
179948 11458.9144734
181191 11458.9144734
181672 11205.9271236
182737 11205.9271236
182950 11677.4588348
184229 11677.4588348
184646 12013.1233761
185363 12013.1233761
185607 11302.8076059
186970 11302.8076059
187098 11276.926558
188419 11276.926558
188684 11794.2768788
190042 11794.2768788
190463 11404.0759435
191204 11404.0759435
191380 11449.8304245
192622 11449.8304245
192773 12546.9483858
193634 12546.9483858
194125 12316.7577251
195433 12316.7577251
195839 11282.1874185
197009 11282.1874185
197239 11481.0627901
198095 11481.0627901
198541 11550.3914665
199365 11550.3914665
199657 11557.3556327
200505 11557.3556327
200997 11845.7740319
201762 11845.7740319
202247 11261.5595925
203418 11261.5595925
203863 11593.4685656
205214 11593.4685656
205504 11177.022276
206132 11177.022276
206307 12044.8720083
207201 12044.8720083
207347 11608.2052638
207949 11608.2052638
208073 12498.7820627
209239 12498.7820627
209622 11645.8674805
210904 11645.8674805
211102 11357.2436559
212059 11357.2436559
212270 11564.1214093
213201 11564.1214093
213434 11909.1723322
214742 11909.1723322
215112 11802.2904462
216419 11802.2904462
216751 10804.1296052
217583 10804.1296052
217969 11246.4057098
218799 11246.4057098
219159 11925.9129321
220519 11925.9129321
220735 12422.0984728
221348 12422.0984728
221710 11229.6913678
222278 11229.6913678
222546 11289.3980396
223799 11289.3980396
223901 11371.5675579
225277 11371.5675579
