0 8001.87736359
1004 8001.87736359
1368 8286.73139672
2560 8286.73139672
2775 14831.5928043
4016 14831.5928043
4298 11044.8755971
5166 11044.8755971
5495 7623.26511608
6770 7623.26511608
7236 6562.23236356
8623 6562.23236356
8852 10026.7772518
10080 10026.7772518
10309 5782.77542339
11250 5782.77542339
11702 8623.08277889
12792 8623.08277889
13167 9197.8556524
14548 9197.8556524
14665 12026.3805552
15594 12026.3805552
16088 9887.81745015
16811 9887.81745015
17109 12787.9641037
17852 12787.9641037
18288 9571.85379148
19370 9571.85379148
19622 12533.4280197
20946 12533.4280197
21434 9997.37288572
21945 9997.37288572
22131 12043.2473172
23079 12043.2473172
23565 12182.6522817
24202 12182.6522817
24387 13047.5182315
25840 13047.5182315
26211 10570.3250961
27485 10570.3250961
27650 11694.4391207
28263 11694.4391207
28676 18240.8385804
29224 18240.8385804
29704 10399.4243989
30963 10399.4243989
31154 13877.0129184
31709 13877.0129184
32031 12888.9733382
33257 12888.9733382
33747 13216.9661289
34700 13216.9661289
34982 12948.3830699
36207 12948.3830699
36604 8842.10215132
37802 8842.10215132
38119 11508.1553965
39418 11508.1553965
39916 10728.6440781
41109 10728.6440781
41505 11827.6903859
42209 11827.6903859
42465 14891.7918973
43309 14891.7918973
43738 14118.0777526
44856 14118.0777526
45318 14295.9403432
46679 14295.9403432
47036 13281.8875558
48234 13281.8875558
48430 5738.83223633
49505 5738.83223633
49735 10623.9812239
50882 10623.9812239
51347 7714.08918315
52760 7714.08918315
53168 10300.7329839
53927 10300.7329839
54101 14022.6928469
54847 14022.6928469
55089 10786.1715197
55983 10786.1715197
56261 11244.2783989
57576 11244.2783989
57686 8969.31524071
58748 8969.31524071
59231 10983.8075686
59889 10983.8075686
60221 13955.1993013
61386 13955.1993013
61607 13246.7828842
63064 13246.7828842
63290 12015.0956121
63846 12015.0956121
64312 11330.8274414
65291 11330.8274414
65542 5699.43344985
66342 5699.43344985
66519 13376.3220495
67855 13376.3220495
68112 13871.4441943
68950 13871.4441943
69079 11232.7363915
69698 11232.7363915
69992 11646.0056863
71066 11646.0056863
71527 12989.3474449
73020 12989.3474449
73383 9975.27309593
74671 9975.27309593
75032 6587.28989193
75929 6587.28989193
76219 11844.102308
76924 11844.102308
77290 13942.4152388
78270 13942.4152388
78520 13371.1175032
79152 13371.1175032
79389 6574.27092154
79904 6574.27092154
80074 12277.4995954
80591 12277.4995954
80928 10956.9494971
82343 10956.9494971
82511 14328.8445306
83316 14328.8445306
83548 7702.44721995
84058 7702.44721995
84455 12014.7159197
85690 12014.7159197
85932 11434.4078587
86513 11434.4078587
86664 10011.8921741
87629 10011.8921741
87821 10874.9362684
89145 10874.9362684
89359 14689.7604766
90767 14689.7604766
91189 11433.3751599
92165 11433.3751599
92295 12422.4648976
93769 12422.4648976
94022 12758.4491982
95227 12758.4491982
95623 12024.1670195
97069 12024.1670195
97407 15351.2647523
98809 15351.2647523
99069 14905.7619171
100271 14905.7619171
100671 9692.01855285
101470 9692.01855285
101705 12184.7381455
102623 12184.7381455
102757 10143.3908402
104102 10143.3908402
104257 9873.00170633
105444 9873.00170633
105916 9483.8800433
107236 9483.8800433
107421 14294.0559775
108382 14294.0559775
108496 12052.5998298
109495 12052.5998298
109602 9758.83167829
110714 9758.83167829
111059 13790.9701453
111981 13790.9701453
112098 10126.7948573
113581 10126.7948573
114061 11312.8308019
115232 11312.8308019
115680 10878.1926597
117101 10878.1926597
117205 12249.3418796
118199 12249.3418796
118655 14070.5988927
119891 14070.5988927
120159 16074.7721254
121149 16074.7721254
121572 9202.10056181
122737 9202.10056181
122945 11085.3639848
124023 11085.3639848
124189 14955.6818756
124960 14955.6818756
125225 8563.29028593
126633 8563.29028593
127003 10376.2458265
127856 10376.2458265
127997 7353.28813541
129142 7353.28813541
129469 10608.4779699
130620 10608.4779699
131021 11867.3441275
132392 11867.3441275
132497 14997.4769306
133951 14997.4769306
134140 10111.1241818
135257 10111.1241818
135700 14117.6612588
136611 14117.6612588
136720 12347.0557077
137530 12347.0557077
137756 19318.4709643
138633 19318.4709643
138915 11601.6529583
139885 11601.6529583
140121 16657.9152696
141201 16657.9152696
141511 13384.8164526
142081 13384.8164526
142330 13451.3005434
143542 13451.3005434
143752 12773.5355266
145206 12773.5355266
145632 12179.7880856
146467 12179.7880856
146786 8603.80939465
147524 8603.80939465
148000 15643.2472268
148623 15643.2472268
148788 12905.9430449
150259 12905.9430449
150503 11895.1287741
151225 11895.1287741
151434 11973.9938308
152473 11973.9938308
152903 5974.5578141
154151 5974.5578141
154305 11340.8147715
155598 11340.8147715
156031 13110.022096
157021 13110.022096
157184 15464.5405251
158458 15464.5405251
158568 11023.3456721
159250 11023.3456721
159609 14024.2757715
160954 14024.2757715
161176 15883.2798225
161904 15883.2798225
162157 8980.36920939
162701 8980.36920939
162958 11986.2486826
164006 11986.2486826
164365 11181.2410128
165277 11181.2410128
165477 8666.05712137
166286 8666.05712137
166544 7509.17118746
167552 7509.17118746
167693 13423.0711991
168801 13423.0711991
169221 12580.1928513
170046 12580.1928513
170344 7784.16701581
171413 7784.16701581
171546 12221.814153
172197 12221.814153
172484 9084.6470299
173591 9084.6470299
174050 9466.92128067
175390 9466.92128067
175860 11979.1197601
176868 11979.1197601
177039 12734.8938071
177607 12734.8938071
177811 16653.4425795
178487 16653.4425795
178895 13972.8127903
179959 13972.8127903
180261 11808.4286093
181504 11808.4286093
181614 14573.936649
182689 14573.936649
182905 12848.8562485
184301 12848.8562485
184624 10030.5045557
185952 10030.5045557
186275 12654.2461621
187198 12654.2461621
187514 16792.2901515
188035 16792.2901515
188404 9959.61108988
189820 9959.61108988
190133 13274.2478333
190961 13274.2478333
191122 10052.5631764
192163 10052.5631764
192541 10661.8809813
193411 10661.8809813
193599 11344.0156089
194915 11344.0156089
195042 13455.7214914
195562 13455.7214914
195796 9450.81085728
196914 9450.81085728
197024 10790.8765287
197727 10790.8765287
198075 11012.7102184
198700 11012.7102184
199149 9813.95436024
199706 9813.95436024
200055 15609.8934835
201467 15609.8934835
201898 11868.0041884
202786 11868.0041884
202917 11083.3641075
203748 11083.3641075
204188 9419.47866638
204763 9419.47866638
205145 7221.3676526
206337 7221.3676526
206458 14349.1246204
207502 14349.1246204
207816 15344.238525
209046 15344.238525
209318 10320.4326335
210775 10320.4326335
211050 5822.57598194
211665 5822.57598194
212004 13483.9987765
212869 13483.9987765
213213 11203.0657082
214155 11203.0657082
214590 8012.36222077
215665 8012.36222077
215953 11205.0018129
216565 11205.0018129
216861 10657.6108748
217787 10657.6108748
217906 12114.3033427
219112 12114.3033427
219422 11739.6844252
220167 11739.6844252
220426 15067.5163763
221134 15067.5163763
221248 9812.2942731
222498 9812.2942731
222646 12103.6546156
223844 12103.6546156
