0 17242.8238595
1445 17242.8238595
1927 9583.08638553
3371 9583.08638553
3593 16221.0735421
4832 16221.0735421
5227 15086.8048814
6330 15086.8048814
6445 5751.92978583
7919 5751.92978583
8281 10322.2289075
9056 10322.2289075
9387 17904.8317308
10231 17904.8317308
10525 4111.14806545
11633 4111.14806545
11751 13707.256354
12927 13707.256354
13253 8477.26202964
14286 8477.26202964
14497 22929.0508152
15776 22929.0508152
15887 9609.05563088
17104 9609.05563088
17490 16343.9562497
18241 16343.9562497
18457 14621.7339816
19096 14621.7339816
19412 10330.552202
20129 10330.552202
20341 10482.6019921
21222 10482.6019921
21389 12320.6933035
22817 12320.6933035
23300 15346.3024762
24301 15346.3024762
24406 8689.80114733
24976 8689.80114733
25103 15518.0065754
25976 15518.0065754
26330 13500.9530562
27115 13500.9530562
27538 2410.48459381
28707 2410.48459381
28880 7693.07747583
30332 7693.07747583
30622 20717.1513227
31706 20717.1513227
32056 11549.6966386
32574 11549.6966386
32687 15175.6197812
33359 15175.6197812
33518 14987.6622373
34892 14987.6622373
35355 13624.1859285
36420 13624.1859285
36593 8410.393255
37144 8410.393255
37528 13293.5447139
38091 13293.5447139
38234 13403.1244958
39684 13403.1244958
40088 11428.9019069
40712 11428.9019069
40900 9435.18065396
42098 9435.18065396
42413 9978.74539502
42960 9978.74539502
43063 3516.57003733
43563 3516.57003733
43896 14080.400503
44642 14080.400503
45029 14891.5725573
45842 14891.5725573
46119 9807.95786913
47421 9807.95786913
47644 14659.6894049
48751 14659.6894049
49045 12514.5767153
49618 12514.5767153
49903 13189.4179615
51325 13189.4179615
51808 11317.9937486
52888 11317.9937486
53288 2671.61623327
54656 2671.61623327
55115 13064.4322386
55954 13064.4322386
56078 12580.7501054
56684 12580.7501054
57082 12890.2762255
58024 12890.2762255
58370 17843.1756397
59598 17843.1756397
60079 9552.70713568
60623 9552.70713568
60745 10627.0281412
61403 10627.0281412
61689 9830.04345331
63134 9830.04345331
63349 10088.1719877
63923 10088.1719877
64264 16271.3728009
65565 16271.3728009
65787 14515.0325896
66533 14515.0325896
66864 6439.43860016
68056 6439.43860016
68286 4785.43245589
68850 4785.43245589
68969 8878.65462387
70319 8878.65462387
70594 14376.3110654
72048 14376.3110654
72435 15769.3768513
73272 15769.3768513
73716 15764.6556044
74731 15764.6556044
75012 15203.9387947
76167 15203.9387947
76498 16687.0944927
77796 16687.0944927
78087 18914.4925262
78675 18914.4925262
78977 9771.24659143
79986 9771.24659143
80107 11363.6924215
80879 11363.6924215
81132 9418.44522597
81857 9418.44522597
82017 6901.91351871
83361 6901.91351871
83661 7390.96851858
84248 7390.96851858
84500 8980.01121506
85320 8980.01121506
85436 10386.0897655
86580 10386.0897655
86783 8941.29771403
88052 8941.29771403
88439 9444.61507102
89843 9444.61507102
90294 8590.5869646
91336 8590.5869646
91448 13897.6412796
92918 13897.6412796
93100 9234.35850318
94165 9234.35850318
94293 12087.7438313
95379 12087.7438313
95596 13961.0790236
96657 13961.0790236
97135 12177.1180991
98239 12177.1180991
98471 7576.16848473
99699 7576.16848473
99909 4660.57517929
100594 4660.57517929
101056 1926.06254854
101858 1926.06254854
102294 15794.6150518
102994 15794.6150518
103381 16776.7135818
104422 16776.7135818
104855 10736.5547731
106230 10736.5547731
106725 10144.2232313
107994 10144.2232313
108112 15735.7597464
109030 15735.7597464
109227 7288.28242555
110384 7288.28242555
110844 4860.4630521
112070 4860.4630521
112332 14862.1376663
113444 14862.1376663
113849 16191.2449858
115151 16191.2449858
115454 11439.774101
116394 11439.774101
116732 10265.7823962
117737 10265.7823962
117859 5222.28742268
118498 5222.28742268
118982 7292.59221214
120412 7292.59221214
120820 12348.8525178
121824 12348.8525178
122048 6934.1421219
123507 6934.1421219
123938 12252.8470488
125308 12252.8470488
125615 13367.3612587
126991 13367.3612587
127142 13911.0273118
127914 13911.0273118
128194 14134.897412
129617 14134.897412
130030 1864.17362849
131238 1864.17362849
131583 14953.6529065
132259 14953.6529065
132522 11667.8204765
133806 11667.8204765
134220 8579.35532252
134976 8579.35532252
135196 17022.1830838
136320 17022.1830838
136540 7084.22447166
137387 7084.22447166
137510 11391.1739199
138606 11391.1739199
138833 7215.63255386
139978 7215.63255386
140270 14350.3785592
141745 14350.3785592
142147 11032.6818339
143193 11032.6818339
143313 11081.1863361
143819 11081.1863361
144066 8740.89071029
145169 8740.89071029
145612 14206.4314371
147065 14206.4314371
147407 6950.3219785
148457 6950.3219785
148825 6442.77725957
149601 6442.77725957
149949 8158.59432554
151182 8158.59432554
151445 14332.5538032
152295 14332.5538032
152410 15227.9135241
153406 15227.9135241
153533 15019.1744235
154634 15019.1744235
155125 10650.8793335
156327 10650.8793335
156572 7228.48117537
157778 7228.48117537
158170 13822.9503418
159627 13822.9503418
159826 8369.77490778
160820 8369.77490778
161024 16329.5351763
161689 16329.5351763
162068 17146.95441
162719 17146.95441
163049 14507.4322121
163947 14507.4322121
164138 5274.75118637
164853 5274.75118637
164998 17030.6774638
165585 17030.6774638
165851 11785.8310266
166422 11785.8310266
166678 14250.6248575
168122 14250.6248575
168565 16646.4622915
169828 16646.4622915
170185 5035.03107529
170788 5035.03107529
171070 15952.8158355
171809 15952.8158355
172101 9374.82586227
172836 9374.82586227
173088 18522.2990814
173826 18522.2990814
174089 10124.460727
174987 10124.460727
175212 4107.16525558
176264 4107.16525558
176490 9358.89678617
177775 9358.89678617
178113 11660.392987
179543 11660.392987
179945 11761.0959434
180558 11761.0959434
180997 13535.0028038
182293 13535.0028038
182471 9525.61698485
183828 9525.61698485
184122 11207.3815228
185010 11207.3815228
185123 14534.2629717
186615 14534.2629717
187029 10880.8734433
187719 10880.8734433
188184 12864.336256
189598 12864.336256
189832 18370.305369
190978 18370.305369
191145 7782.36429391
192470 7782.36429391
192693 7262.33214597
193628 7262.33214597
193843 10151.3825637
194745 10151.3825637
194988 15202.764586
195861 15202.764586
195962 7258.16952729
197359 7258.16952729
197462 12093.8828421
198298 12093.8828421
198513 12036.3661174
199917 12036.3661174
200323 6546.64382675
201390 6546.64382675
201603 9956.23421441
202140 9956.23421441
202408 14254.1013749
203823 14254.1013749
