0 23341.2034737
1405 23341.2034737
1637 15824.1233583
2594 15824.1233583
2977 9615.92337292
3856 9615.92337292
3982 6004.03761236
4651 6004.03761236
4831 17577.2347379
5749 17577.2347379
6195 10363.3460049
7680 10363.3460049
7995 14134.4754483
9493 14134.4754483
9941 19277.2839029
11141 19277.2839029
11466 12815.8249268
12054 12815.8249268
12382 13017.3374764
13453 13017.3374764
13600 10634.5559402
14581 10634.5559402
15070 4660.07322118
16141 4660.07322118
16386 15825.3577267
17029 15825.3577267
17141 17836.2310106
17914 17836.2310106
18175 3988.61700764
19394 3988.61700764
19621 11160.2171932
20985 11160.2171932
21446 7666.1793098
22550 7666.1793098
22841 7884.6422034
23921 7884.6422034
24178 8933.49743483
25368 8933.49743483
25621 18154.1714042
26207 18154.1714042
26406 9085.12416785
27238 9085.12416785
27675 14544.5589162
28843 14544.5589162
29057 14941.4970044
30144 14941.4970044
30376 15409.340808
31418 15409.340808
31597 12773.2936334
32773 12773.2936334
33003 9470.94466381
34276 9470.94466381
34651 12673.6857748
36071 12673.6857748
36477 13421.7574765
37757 13421.7574765
38142 2173.81711288
38846 2173.81711288
39085 10841.0733435
40342 10841.0733435
40635 13907.6755332
42051 13907.6755332
42288 10820.6637207
43692 10820.6637207
43802 12418.8951405
44456 12418.8951405
44786 10124.1925704
46033 10124.1925704
46210 10113.2181608
47028 10113.2181608
47503 11025.2811127
48220 11025.2811127
48444 14786.2214083
49788 14786.2214083
50069 12754.4549004
51287 12754.4549004
51647 11735.7880233
52246 11735.7880233
52454 11639.5097144
53119 11639.5097144
53498 17290.4933814
54482 17290.4933814
54901 13288.6569563
55830 13288.6569563
56017 15589.1929094
57358 15589.1929094
57679 14364.4087258
58996 14364.4087258
59269 16032.2451867
60273 16032.2451867
60490 23540.1678014
61136 23540.1678014
61307 20242.4277153
62220 20242.4277153
62645 821.432031592
63162 821.432031592
63437 16766.2541921
64625 16766.2541921
64752 9175.64694674
65355 9175.64694674
65853 18620.7034496
66821 18620.7034496
67281 9768.45456376
68734 9768.45456376
69143 7222.6846801
70595 7222.6846801
71031 9821.34964836
72360 9821.34964836
72763 5553.94656138
74194 5553.94656138
74373 14638.6464534
74905 14638.6464534
75224 7666.1547495
76157 7666.1547495
76466 13059.8244923
77062 13059.8244923
77488 14390.9918584
78645 14390.9918584
78963 9206.34044194
80428 9206.34044194
80779 12514.1520859
82192 12514.1520859
82528 6854.7835285
83728 6854.7835285
83922 10609.4910628
85014 10609.4910628
85369 10863.9651355
86140 10863.9651355
86534 10094.6339949
87491 10094.6339949
87639 19590.8966359
88328 19590.8966359
88736 13552.6505299
89614 13552.6505299
89762 18676.1045281
90580 18676.1045281
90693 13421.6347333
91906 13421.6347333
92284 39.2265884448
93160 39.2265884448
93412 4123.70981926
93934 4123.70981926
94378 13901.2553262
95058 13901.2553262
95237 7917.89848473
95898 7917.89848473
96104 14770.2978401
97277 14770.2978401
97746 12579.4545663
99002 12579.4545663
99353 15308.4415914
100724 15308.4415914
100856 13851.9026943
101723 13851.9026943
102216 16664.3913841
103068 16664.3913841
103431 4716.32190886
104860 4716.32190886
105280 18920.7486602
106486 18920.7486602
106854 11873.3036096
108344 11873.3036096
108697 8993.07530658
110033 8993.07530658
110410 9856.7713482
111139 9856.7713482
111245 15130.7384179
112292 15130.7384179
112777 19568.7525724
113490 19568.7525724
113943 16135.8462247
115421 16135.8462247
115649 9611.67246016
116706 9611.67246016
116813 19087.1086598
117488 19087.1086598
117807 19475.1542068
118778 19475.1542068
118936 12753.4277032
120262 12753.4277032
120379 18163.998117
121305 18163.998117
121516 11961.6539153
122297 11961.6539153
122669 10336.9496967
123465 10336.9496967
123780 15759.3763137
124419 15759.3763137
124541 25498.7936995
125266 25498.7936995
125430 6359.66370373
126265 6359.66370373
126680 11811.9084751
128148 11811.9084751
128356 8725.04339613
128971 8725.04339613
129235 17770.6518599
129966 17770.6518599
130364 10218.0824634
131420 10218.0824634
131579 2578.37618761
132145 2578.37618761
132276 11419.0288854
133682 11419.0288854
133961 13470.9859238
135339 13470.9859238
135815 16706.6065684
136771 16706.6065684
137169 11256.1079969
138360 11256.1079969
138512 11866.7948818
139284 11866.7948818
139567 12407.9934136
140229 12407.9934136
140604 14730.9534331
141170 14730.9534331
141613 19617.6106903
142219 19617.6106903
142634 13100.267525
143811 13100.267525
144292 18459.5377188
144846 18459.5377188
144975 9195.78205023
146032 9195.78205023
146351 9539.07134646
147763 9539.07134646
148197 13065.1599785
149219 13065.1599785
149424 7222.82038924
150508 7222.82038924
150937 7907.64348577
151820 7907.64348577
152162 12181.4176416
152777 12181.4176416
152913 558.930609131
153767 558.930609131
154240 5988.95561697
154862 5988.95561697
155092 8305.40177739
155728 8305.40177739
155997 12719.3025115
156724 12719.3025115
157176 12929.5380928
158173 12929.5380928
158338 10470.0105574
159603 10470.0105574
160006 19728.1113435
161109 19728.1113435
161411 8005.69816837
162300 8005.69816837
162428 23275.8747648
163608 23275.8747648
163879 8407.09476602
164397 8407.09476602
164755 19420.6952744
165265 19420.6952744
165453 16448.6404921
166804 16448.6404921
167281 12682.0240658
168138 12682.0240658
168519 5149.4172759
169752 5149.4172759
170234 12246.4427976
171471 12246.4427976
171610 9775.22216611
172954 9775.22216611
173066 15216.4161379
174148 15216.4161379
174477 12807.7260373
175318 12807.7260373
175730 17823.4235259
176520 17823.4235259
176738 4905.72648959
177927 4905.72648959
178374 11298.4363507
179424 11298.4363507
179749 15988.6881646
180552 15988.6881646
180800 11741.9081871
181847 11741.9081871
182091 9955.22138516
183560 9955.22138516
183913 11563.2493576
184668 11563.2493576
184894 11880.9406082
185944 11880.9406082
186282 18868.1615079
187691 18868.1615079
187811 9094.15142872
188520 9094.15142872
188978 11298.1519227
190433 11298.1519227
190725 8228.96373511
191998 8228.96373511
192343 17269.9577709
193813 17269.9577709
194294 9945.52627445
194985 9945.52627445
195306 9680.94421451
196489 9680.94421451
196897 17434.6909631
197959 17434.6909631
198107 15037.5087637
199322 15037.5087637
199736 11850.1401298
200394 11850.1401298
200685 13115.9328007
201500 13115.9328007
201641 5375.08969406
202205 5375.08969406
202473 9113.25659591
203522 9113.25659591
203788 16872.8758869
205046 16872.8758869
205182 16026.9817031
206142 16026.9817031
206516 11567.0204361
207832 11567.0204361
208225 10787.6335499
209164 10787.6335499
209352 6514.54103892
210008 6514.54103892
210318 737.405553761
211610 737.405553761
211727 15114.6374296
212545 15114.6374296
212934 10640.9337352
213545 10640.9337352
213999 8151.81329885
214708 8151.81329885
215055 9452.0023931
216502 9452.0023931
216958 10940.7638355
217737 10940.7638355
217844 9282.54477742
219184 9282.54477742
219631 17369.0597162
220582 17369.0597162
220859 14928.1393161
221617 14928.1393161
222087 6891.94732687
222985 6891.94732687
223308 10162.7606358
224065 10162.7606358
224283 12277.4260674
225757 12277.4260674
226066 10277.5510997
227073 10277.5510997
227239 8428.60764373
228668 8428.60764373
