0 9510.15413301
1449 9510.15413301
1686 12997.9522711
2557 12997.9522711
2776 979.385070762
4198 979.385070762
4426 17626.4136656
5025 17626.4136656
5265 15398.4185067
6072 15398.4185067
6274 18588.0226713
7277 18588.0226713
7467 18736.6015425
8467 18736.6015425
8702 4962.95188249
9486 4962.95188249
9963 3095.61734592
10886 3095.61734592
11176 16623.8549937
12102 16623.8549937
12340 11852.6142041
13299 11852.6142041
13443 3505.8755529
14204 3505.8755529
14654 12884.0811455
15352 12884.0811455
15530 10708.3981432
16835 10708.3981432
17015 16720.3449161
18422 16720.3449161
18705 9046.91296542
19720 9046.91296542
19922 5398.30782963
20516 5398.30782963
20957 17600.4168933
21800 17600.4168933
22003 7176.74355611
22888 7176.74355611
23124 8082.69623831
23925 8082.69623831
24145 17184.1865266
25578 17184.1865266
25853 16592.189376
26618 16592.189376
27110 5692.37902044
27946 5692.37902044
28389 14574.5397728
29718 14574.5397728
30111 6144.00128252
31504 6144.00128252
31835 16234.0508889
32335 16234.0508889
32542 15872.6952161
33404 15872.6952161
33831 17723.0332741
34447 17723.0332741
34614 8759.3818048
35564 8759.3818048
36031 10216.9577668
37157 10216.9577668
37445 17806.237926
38883 17806.237926
39111 19433.6310959
39929 19433.6310959
40047 15908.651185
40847 15908.651185
41009 7663.16266296
41832 7663.16266296
42277 9956.27914785
43496 9956.27914785
43822 10036.5248831
45017 10036.5248831
45131 6405.23818299
46357 6405.23818299
46535 9181.45487271
47196 9181.45487271
47367 10875.3963734
48253 10875.3963734
48507 12308.9676176
49030 12308.9676176
49463 5973.56751904
50912 5973.56751904
51268 12991.5642878
52610 12991.5642878
53086 14537.2091547
54220 14537.2091547
54339 10461.8622869
55144 10461.8622869
55361 6048.27243745
56558 6048.27243745
56748 9195.60569515
57404 9195.60569515
57646 11335.8012009
58154 11335.8012009
58341 9746.8419887
58954 9746.8419887
59360 17627.5944624
60203 17627.5944624
60502 37.2688065244
61922 37.2688065244
62301 16765.3545222
63008 16765.3545222
63360 12068.8484516
64335 12068.8484516
64802 8903.27007963
65891 8903.27007963
66092 6475.74258487
67012 6475.74258487
67218 9734.32233863
68401 9734.32233863
68855 19679.3036216
69678 19679.3036216
69943 10604.0164529
70827 10604.0164529
70961 12035.889631
71883 12035.889631
72316 4496.37903941
73157 4496.37903941
73512 8872.9086729
74669 8872.9086729
74780 13085.0654057
75697 13085.0654057
75965 5359.52055869
77208 5359.52055869
77495 15233.8348363
78920 15233.8348363
79118 9573.66878554
80292 9573.66878554
80716 5292.17245482
82199 5292.17245482
82605 12996.951465
83361 12996.951465
83515 20137.391636
84819 20137.391636
85041 11451.9336673
85951 11451.9336673
86227 15214.1103481
87702 15214.1103481
88150 17043.7748228
89604 17043.7748228
89775 4421.36004423
90395 4421.36004423
90758 7529.88312013
91604 7529.88312013
92003 11956.1136344
93130 11956.1136344
93269 14069.1260054
94700 14069.1260054
94862 15163.007448
95790 15163.007448
96155 18267.3065503
97001 18267.3065503
97209 7050.39315163
97794 7050.39315163
97999 12713.44944
99449 12713.44944
99780 18291.512165
100702 18291.512165
101057 7976.78165656
102354 7976.78165656
102563 11240.5026328
103274 11240.5026328
103750 12698.04263
105128 12698.04263
105241 8984.94319948
105948 8984.94319948
106267 9862.40167733
107076 9862.40167733
107449 19135.3222822
108113 19135.3222822
108339 16616.9706939
109082 16616.9706939
109282 19709.7334693
109840 19709.7334693
110307 14161.115673
111485 14161.115673
111677 14125.2751017
112625 14125.2751017
113000 5766.745199
113996 5766.745199
114313 7483.42107613
115201 7483.42107613
115401 10376.0588788
116205 10376.0588788
116653 15428.2667081
117741 15428.2667081
118223 11863.253375
119300 11863.253375
119752 14098.6045916
120672 14098.6045916
120854 16961.1041183
121587 16961.1041183
121735 11841.274608
122429 11841.274608
122790 14776.6146644
123527 14776.6146644
123632 20785.1826431
124850 20785.1826431
125014 17071.5672092
125531 17071.5672092
125714 8651.42855739
126931 8651.42855739
127141 8859.43851204
128614 8859.43851204
128898 13194.9818327
130009 13194.9818327
130215 15444.8019379
130744 15444.8019379
131084 14364.128482
132392 14364.128482
132716 13594.9424623
133824 13594.9424623
134134 8433.05454374
135179 8433.05454374
135523 8205.02754856
136801 8205.02754856
137248 8764.07333978
138095 8764.07333978
138508 12133.2915274
139513 12133.2915274
139812 10476.8893536
140528 10476.8893536
140745 19049.7642423
141574 19049.7642423
141983 13087.2594485
142925 13087.2594485
143329 14026.9065916
143971 14026.9065916
144387 15128.6955157
145133 15128.6955157
145375 9515.69496681
146275 9515.69496681
146768 16411.3690265
147664 16411.3690265
147844 12606.1450568
148622 12606.1450568
148738 16801.0650852
149738 16801.0650852
150142 10629.9899432
150678 10629.9899432
150952 11705.9767721
152074 11705.9767721
152314 1884.21961699
153602 1884.21961699
154062 15316.4920362
155331 15316.4920362
155808 7502.14168917
156614 7502.14168917
156739 11324.1962817
157426 11324.1962817
157760 8888.40044769
158331 8888.40044769
158816 20657.7552035
159835 20657.7552035
159966 16470.0981833
161194 16470.0981833
161344 15268.32901
162519 15268.32901
162984 9398.42533714
164191 9398.42533714
164550 10965.2339292
165607 10965.2339292
165817 7446.66353571
167075 7446.66353571
167456 9113.36719518
168590 9113.36719518
168939 15665.1118001
170278 15665.1118001
170709 18171.478461
171902 18171.478461
172249 19718.1577672
173570 19718.1577672
173870 11142.6199829
175253 11142.6199829
175366 16247.0755537
176030 16247.0755537
176164 8807.94908941
177384 8807.94908941
177485 12694.51477
178569 12694.51477
178825 7609.96761745
179712 7609.96761745
180128 5393.32833516
181497 5393.32833516
181829 1327.74486892
182457 1327.74486892
182658 12195.4651587
183460 12195.4651587
183815 16079.9046148
184352 16079.9046148
184700 12966.688127
185790 12966.688127
186196 2216.35843712
186896 2216.35843712
187274 8433.10079093
188153 8433.10079093
188581 5098.64614468
189735 5098.64614468
190210 13251.4325428
191392 13251.4325428
191643 3825.91418764
192710 3825.91418764
193126 14731.6863645
193902 14731.6863645
194076 7127.73232194
195143 7127.73232194
195264 19303.7188836
195927 19303.7188836
196336 11009.9173306
197736 11009.9173306
198146 12838.5262289
199063 12838.5262289
199214 9836.81878816
199860 9836.81878816
200190 10716.093644
200853 10716.093644
201119 22615.7448264
202285 22615.7448264
202699 6859.04966174
203599 6859.04966174
203806 11981.292587
204476 11981.292587
204839 15221.3282874
205600 15221.3282874
206085 9286.80479641
207048 9286.80479641
207491 13941.7840147
208616 13941.7840147
208753 2313.6093704
209925 2313.6093704
210357 12869.0252401
211454 12869.0252401
211814 13955.3232039
213195 13955.3232039
213298 7065.12985343
214603 7065.12985343
214758 13274.8077274
215313 13274.8077274
215762 18117.5756314
216849 18117.5756314
217106 9440.45028522
217678 9440.45028522
217817 3923.41896964
218430 3923.41896964
218851 10268.6767911
219947 10268.6767911
220315 2982.59914685
221647 2982.59914685
222006 11638.8324115
223220 11638.8324115
223466 8043.74476471
224236 8043.74476471
224608 8741.32447383
225784 8741.32447383
225946 11422.348735
226737 11422.348735
227198 13169.534636
228342 13169.534636
228516 19884.746806
229063 19884.746806
229540 8445.78927467
230315 8445.78927467
230537 17679.203298
231313 17679.203298
231800 12481.4965373
233227 12481.4965373
233598 12849.2103182
235075 12849.2103182
235433 6772.52505651
236563 6772.52505651
236842 15354.0492632
237555 15354.0492632
237741 14600.8505595
238456 14600.8505595
238681 6210.34904643
240000 6210.34904643
240105 8936.11880898
240793 8936.11880898
241262 7095.31860585
241881 7095.31860585
242233 6456.61029467
243225 6456.61029467
243467 15802.4647125
244884 15802.4647125
245143 7755.46674816
246446 7755.46674816
246788 19149.8418951
247756 19149.8418951
248184 4031.81449251
249506 4031.81449251
249826 7154.8078208
251222 7154.8078208
251500 14916.8902056
252468 14916.8902056
252963 15740.6038665
253694 15740.6038665
253845 9337.82955258
254567 9337.82955258
254797 13894.3873454
256023 13894.3873454
256376 6821.27834328
257311 6821.27834328
257797 3717.21481648
258475 3717.21481648
258590 10451.4780345
259110 10451.4780345
