0 11833.663582
1461 11833.663582
1793 12283.8062215
2605 12283.8062215
3018 11986.1526904
3808 11986.1526904
4032 12547.1848407
4692 12547.1848407
5118 11309.5579989
6368 11309.5579989
6552 12032.7840796
7771 12032.7840796
8229 12903.1820534
9014 12903.1820534
9348 12462.7318238
10655 12462.7318238
10787 12624.3790178
11507 12624.3790178
11997 12500.1985592
12934 12500.1985592
13372 12592.2592757
14223 12592.2592757
14440 12427.7553718
15912 12427.7553718
16334 12479.5330296
17107 12479.5330296
17356 13081.7830264
18168 13081.7830264
18347 12157.3011407
19540 12157.3011407
19799 11678.1233213
20442 11678.1233213
20868 13147.6376214
21436 13147.6376214
21931 12989.7440305
22957 12989.7440305
23244 11974.3834408
24717 11974.3834408
25117 12528.1825586
25960 12528.1825586
26183 11665.4994736
27126 11665.4994736
27522 12521.5387393
28142 12521.5387393
28611 12509.3977793
29651 12509.3977793
29917 13217.6542834
31231 13217.6542834
31512 13115.9028343
32343 13115.9028343
32671 12240.133739
33567 12240.133739
33987 11835.262006
34952 11835.262006
35183 13056.0655275
36465 13056.0655275
36707 13271.9617825
37298 13271.9617825
37415 12814.3402695
38528 12814.3402695
38957 12075.0717577
39693 12075.0717577
39972 12654.291346
40595 12654.291346
40736 12845.3403043
42226 12845.3403043
42338 12645.1432375
42930 12645.1432375
43403 12119.078447
44788 12119.078447
45054 12633.4907715
46292 12633.4907715
46692 11940.4724449
47497 11940.4724449
47849 12673.5092062
48409 12673.5092062
48705 12576.6428676
49993 12576.6428676
50413 11508.0839458
51258 11508.0839458
51430 12616.8484882
52697 12616.8484882
52825 12368.0676139
53632 12368.0676139
53768 11957.5034026
55255 11957.5034026
55742 12052.015025
56565 12052.015025
56723 12138.3269025
58055 12138.3269025
58496 12143.9399564
59976 12143.9399564
60178 12495.9352989
60854 12495.9352989
61003 13749.8032488
62047 13749.8032488
62305 12926.5463193
63285 12926.5463193
63656 12547.4098866
64394 12547.4098866
64676 12325.1149166
65422 12325.1149166
65541 13468.0757412
66877 13468.0757412
67278 12338.2693816
68450 12338.2693816
68831 12228.0234272
69545 12228.0234272
69664 12336.249285
70470 12336.249285
70726 12709.1741864
71238 12709.1741864
71363 12729.8971019
72340 12729.8971019
72604 12596.9872115
73616 12596.9872115
73756 12368.2491388
75125 12368.2491388
75276 12672.667835
76569 12672.667835
77020 13183.577862
78470 13183.577862
78687 11928.3884394
79320 11928.3884394
79784 12637.8173981
80606 12637.8173981
80709 11607.543271
81797 11607.543271
82154 12243.3703494
82891 12243.3703494
83041 13076.6807248
84293 13076.6807248
84608 11341.4162136
85849 11341.4162136
86211 11498.965583
86758 11498.965583
87108 13708.8831475
88467 13708.8831475
88726 11593.4949978
89915 11593.4949978
90021 12757.3114337
91403 12757.3114337
91772 12583.2756261
92436 12583.2756261
92852 12198.4908784
94349 12198.4908784
94576 12164.0028166
95095 12164.0028166
95594 12668.8212013
97058 12668.8212013
97225 11947.7442791
98363 11947.7442791
98843 12710.1497802
99503 12710.1497802
99789 12276.6002951
100594 12276.6002951
100975 11431.8193095
102382 11431.8193095
102812 13146.7370026
103709 13146.7370026
103925 12041.2607712
105400 12041.2607712
105844 12828.8962474
106344 12828.8962474
106678 12924.0632872
107381 12924.0632872
107597 12215.1190799
108243 12215.1190799
108652 12439.8563976
109310 12439.8563976
109687 12083.2419584
111088 12083.2419584
111467 12305.5864824
112937 12305.5864824
113252 13157.9043366
114395 13157.9043366
114587 11843.9385472
115921 11843.9385472
116272 12538.2290574
117654 12538.2290574
117856 12522.3843896
119122 12522.3843896
119547 12817.8797646
120311 12817.8797646
120805 12729.0220414
122211 12729.0220414
122441 11650.446603
123766 11650.446603
123929 12424.7883428
124487 12424.7883428
124882 12955.8164217
125422 12955.8164217
125582 12616.6901411
127025 12616.6901411
127144 11914.6376222
128227 11914.6376222
128626 12998.508231
129816 12998.508231
129975 12912.6096344
130652 12912.6096344
130949 12397.2140251
131493 12397.2140251
131726 12258.4712014
132640 12258.4712014
132868 12942.7920143
133510 12942.7920143
133829 12351.3074391
134334 12351.3074391
134461 11790.0835004
135341 11790.0835004
135770 13109.5493002
137098 13109.5493002
137331 11364.6528199
138005 11364.6528199
138300 12248.124193
139689 12248.124193
140090 13031.020511
141335 13031.020511
141720 12714.1896938
142744 12714.1896938
142977 13267.4695127
143680 13267.4695127
143842 12707.7471415
144589 12707.7471415
144988 12951.0959345
146479 12951.0959345
146750 12863.1906637
148098 12863.1906637
148251 12702.8015672
149072 12702.8015672
149296 11767.1504071
149818 11767.1504071
149944 11874.8521438
150877 11874.8521438
151204 12614.2606371
152219 12614.2606371
152531 11883.1318828
153847 11883.1318828
154327 11310.3012424
155571 11310.3012424
156013 12313.5425654
157209 12313.5425654
157451 11779.863379
158589 11779.863379
159042 12669.8805596
159774 12669.8805596
160049 12873.593439
160834 12873.593439
160998 11831.5793324
161951 11831.5793324
162171 11937.7220807
163641 11937.7220807
163876 12349.6248789
164841 12349.6248789
165171 11310.9387948
165878 11310.9387948
166234 11858.4800587
167558 11858.4800587
167931 13216.3828562
169143 13216.3828562
169535 11421.8440248
170680 11421.8440248
170853 12125.2072822
171856 12125.2072822
172134 12766.8075593
173391 12766.8075593
173562 12931.9819741
174072 12931.9819741
174437 12889.9947178
175756 12889.9947178
176064 12779.5315613
177562 12779.5315613
177887 12357.2199283
178578 12357.2199283
178693 12213.3708097
179315 12213.3708097
179664 12358.8843781
180729 12358.8843781
181060 12503.1119378
181678 12503.1119378
181883 13210.5125865
182598 13210.5125865
183021 12192.8267339
183715 12192.8267339
184127 12609.7983455
185224 12609.7983455
185391 11634.3558708
186538 11634.3558708
186734 12588.6033845
187464 12588.6033845
187656 12058.575094
189133 12058.575094
189376 13253.2223928
190124 13253.2223928
190433 13386.4127769
190987 13386.4127769
191290 12350.5738657
192521 12350.5738657
192676 12966.5739219
193495 12966.5739219
193658 12158.4996527
194593 12158.4996527
195063 13952.7446202
196308 13952.7446202
196432 12139.8234333
197820 12139.8234333
198184 11923.5320468
199354 11923.5320468
199459 12475.85299
200560 12475.85299
201042 12937.0701254
202155 12937.0701254
202485 12592.2451371
203693 12592.2451371
203954 11486.8882541
204527 11486.8882541
204677 12651.9987557
205675 12651.9987557
205795 12838.6473145
206409 12838.6473145
206723 12391.204504
207385 12391.204504
207555 13282.9488584
208213 13282.9488584
208690 11949.1201042
209572 11949.1201042
209693 12433.4694239
210681 12433.4694239
211110 12639.1321843
212002 12639.1321843
212306 12941.9251284
213456 12941.9251284
213695 11935.2418671
214270 11935.2418671
214477 12650.9948388
215704 12650.9948388
216146 12716.4067217
216670 12716.4067217
216953 12638.2212894
217973 12638.2212894
218462 12915.0148206
219238 12915.0148206
219497 12440.4806126
220963 12440.4806126
221373 12730.483079
222524 12730.483079
222662 12503.9789573
223987 12503.9789573
224191 12540.2546685
224847 12540.2546685
225113 13440.3423712
225956 13440.3423712
226295 11948.3160261
226980 11948.3160261
227362 12921.2790433
228583 12921.2790433
229002 12729.6746749
229975 12729.6746749
