0 7963.49706891
989 7963.49706891
1324 8267.08897164
1902 8267.08897164
2081 9528.78533293
3365 9528.78533293
3698 14221.6918866
5066 14221.6918866
5556 9638.35435062
6107 9638.35435062
6575 7827.30943868
7478 7827.30943868
7899 12427.2407895
8520 12427.2407895
8716 8233.99984697
10036 8233.99984697
10352 10593.9782353
11335 10593.9782353
11814 11029.4412375
12459 11029.4412375
12642 16323.1220521
13843 16323.1220521
14194 10658.7109291
15573 10658.7109291
15803 10128.0782503
16397 10128.0782503
16502 16944.6653498
17027 16944.6653498
17211 16083.5495432
18011 16083.5495432
18446 14207.5955593
19731 14207.5955593
19974 13191.6253808
20960 13191.6253808
21135 14125.6670488
21986 14125.6670488
22141 12830.3291074
22825 12830.3291074
23017 15209.9795733
23824 15209.9795733
24047 9102.47170317
25073 9102.47170317
25294 7431.18855183
26302 7431.18855183
26638 10981.6936725
28088 10981.6936725
28238 15696.4783451
29453 15696.4783451
29831 13735.5293129
30982 13735.5293129
31474 13935.7261725
32134 13935.7261725
32335 11880.2041597
32996 11880.2041597
33478 13258.6232206
34678 13258.6232206
34980 12782.0980198
36188 12782.0980198
36369 7886.97886846
37349 7886.97886846
37814 12098.1703346
39239 12098.1703346
39578 11407.4358521
41046 11407.4358521
41260 10277.2051959
42677 10277.2051959
43068 6643.52427108
43605 6643.52427108
43724 10470.0734894
45007 10470.0734894
45212 9889.9748897
46042 9889.9748897
46352 5435.1833929
47752 5435.1833929
48221 14895.5932022
48843 14895.5932022
49005 11524.1075253
49607 11524.1075253
50040 19165.92334
50544 19165.92334
50799 14210.5388447
52230 14210.5388447
52643 17529.8919519
53270 17529.8919519
53620 8418.2230107
54689 8418.2230107
54878 12384.1436379
55814 12384.1436379
56063 13460.6192675
56788 13460.6192675
56912 10323.0861293
57497 10323.0861293
57859 12198.6710637
59239 12198.6710637
59694 10794.0932116
60347 10794.0932116
60735 11124.3900136
61879 11124.3900136
62112 7695.80682703
63508 7695.80682703
63814 10933.3533619
64519 10933.3533619
64803 10254.7286623
66093 10254.7286623
66288 10242.6440124
66801 10242.6440124
66977 13284.7666992
68138 13284.7666992
68260 5260.80026674
69128 5260.80026674
69406 14059.5864338
70363 14059.5864338
70821 12612.6358424
72098 12612.6358424
72418 9116.47542767
73818 9116.47542767
73998 12046.6136113
74969 12046.6136113
75286 11642.4215732
76205 11642.4215732
76534 17634.6678944
77809 17634.6678944
78282 11294.6434719
78923 11294.6434719
79186 10067.2211555
79812 10067.2211555
79988 13219.2248896
81281 13219.2248896
81550 15198.7207099
82808 15198.7207099
83171 6289.25824647
83993 6289.25824647
84162 12918.2967247
85091 12918.2967247
85526 15703.7301171
86611 15703.7301171
86829 15807.190771
87378 15807.190771
87830 11583.9413609
88511 11583.9413609
89009 9359.78631755
90130 9359.78631755
90494 11423.6922303
91433 11423.6922303
91787 9829.17638146
92713 9829.17638146
93206 8752.2115861
94544 8752.2115861
94745 8925.34215489
95960 8925.34215489
96110 12526.3670551
96808 12526.3670551
96913 11239.466353
98244 11239.466353
98455 19657.782595
99298 19657.782595
99505 8770.08956679
100230 8770.08956679
100496 19887.102991
101743 19887.102991
102003 14670.540217
102933 14670.540217
103354 18883.9145345
104108 18883.9145345
104490 12373.4481065
105672 12373.4481065
106143 11670.6482789
107348 11670.6482789
107699 16991.2982212
108511 16991.2982212
108986 11139.7903833
110384 11139.7903833
110508 10293.7203906
111579 10293.7203906
111776 19244.8492143
112944 19244.8492143
113391 12308.0218141
114226 12308.0218141
114401 19198.0784065
115127 19198.0784065
115329 6995.1409683
116814 6995.1409683
116975 8793.04800609
117627 8793.04800609
117805 16398.2564431
118780 16398.2564431
118919 10635.7732078
119507 10635.7732078
119776 7760.74844402
120703 7760.74844402
121066 13665.1248117
122497 13665.1248117
122785 16028.2127422
124113 16028.2127422
124226 12679.1784894
125382 12679.1784894
125649 14012.3668303
127079 14012.3668303
127536 8423.0147454
128876 8423.0147454
129340 15461.0055249
129983 15461.0055249
130390 7468.28319617
131818 7468.28319617
132043 6198.89821087
132806 6198.89821087
133170 13167.3272645
134206 13167.3272645
134624 10244.6301193
135546 10244.6301193
135830 12646.929209
136737 12646.929209
136959 7195.80801253
137952 7195.80801253
138330 6370.69250399
139164 6370.69250399
139619 6948.24606696
141094 6948.24606696
141284 16536.0808799
142641 16536.0808799
142781 12368.6632252
144180 12368.6632252
144417 10761.0622641
145573 10761.0622641
145712 11915.144553
146291 11915.144553
146736 12825.1357795
147472 12825.1357795
147681 15671.8620207
148854 15671.8620207
149136 10705.5850553
150164 10705.5850553
150278 15592.3772222
151280 15592.3772222
151758 12777.5346897
152453 12777.5346897
152606 11138.2872515
153159 11138.2872515
153332 14321.1064546
154820 14321.1064546
155233 13985.2744683
156384 13985.2744683
156598 8936.2641028
158015 8936.2641028
158503 11657.0135843
159546 11657.0135843
159824 14319.1132863
160601 14319.1132863
160803 12050.4503209
161652 12050.4503209
161781 11470.6170173
163058 11470.6170173
163491 11537.846145
164611 11537.846145
164845 18943.5484881
165471 18943.5484881
165730 8228.85551717
167042 8228.85551717
167276 11527.7348257
168667 11527.7348257
169143 16324.1973682
170323 16324.1973682
170464 9565.79510614
171384 9565.79510614
171714 16984.1388927
172510 16984.1388927
172923 12082.7144444
174047 12082.7144444
174256 10574.2707137
175499 10574.2707137
175841 17423.0567583
177010 17423.0567583
177252 11793.1968096
177901 11793.1968096
178245 7781.43154449
179041 7781.43154449
179328 11755.8394454
179974 11755.8394454
180252 14017.3972335
181245 14017.3972335
181574 7021.57222546
182157 7021.57222546
182390 13742.084216
183449 13742.084216
183674 14171.9089565
184412 14171.9089565
184857 12982.7691314
186211 12982.7691314
186330 9812.81646797
186913 9812.81646797
187021 13553.0004209
188060 13553.0004209
188385 10611.3996259
189049 10611.3996259
189286 11072.1081754
190437 11072.1081754
190817 13890.0821169
191727 13890.0821169
191999 19089.7332803
193435 19089.7332803
193616 16630.4032418
194795 16630.4032418
194961 16241.5386393
195794 16241.5386393
195926 16013.954546
196864 16013.954546
197014 12424.7450961
197772 12424.7450961
198004 11601.1397532
199125 11601.1397532
199427 16574.1813573
200712 16574.1813573
200937 15616.8958438
201612 15616.8958438
201996 16574.1904316
203470 16574.1904316
203585 18268.5364909
204975 18268.5364909
205333 11516.810891
205888 11516.810891
206316 16812.3510749
207403 16812.3510749
207543 12978.72616
208759 12978.72616
209060 10603.9738781
209839 10603.9738781
210190 14543.1067561
210941 14543.1067561
211342 9985.3345194
212386 9985.3345194
212568 6028.15373078
213295 6028.15373078
213730 11490.2664463
214645 11490.2664463
214956 10237.7957082
216253 10237.7957082
216642 12942.9381402
218060 12942.9381402
218187 15978.2981672
218950 15978.2981672
219387 7980.53327211
220842 7980.53327211
220998 9355.67124387
222123 9355.67124387
222331 15061.0833587
222864 15061.0833587
223255 15939.9406854
223826 15939.9406854
224062 14616.8940716
225216 14616.8940716
225562 18280.5200089
226174 18280.5200089
226310 12421.8756046
227277 12421.8756046
227682 12336.9269521
228337 12336.9269521
228620 13714.9441912
229696 13714.9441912
230011 12408.8332747
231087 12408.8332747
231251 7266.5886727
232681 7266.5886727
233005 10790.5533092
233637 10790.5533092
234114 11006.2116232
235361 11006.2116232
235754 12707.9269758
236946 12707.9269758
237337 7072.86636928
238772 7072.86636928
239148 5926.59156179
239989 5926.59156179
240450 9246.24666225
241804 9246.24666225
242136 17970.2229674
243065 17970.2229674
243495 15441.9668325
244956 15441.9668325
245184 7775.72005961
246572 7775.72005961
246937 13241.1625731
248390 13241.1625731
248580 8123.04916394
249650 8123.04916394
249893 18903.7770205
251081 18903.7770205
251267 9682.63030583
252526 9682.63030583
252762 15484.3870217
253618 15484.3870217
253781 14142.5054828
255074 14142.5054828
255532 16385.5363245
256700 16385.5363245
256992 10777.5272399
257516 10777.5272399
257699 10898.308582
258249 10898.308582
258465 10812.2892767
258986 10812.2892767
259485 11441.3034984
260514 11441.3034984
260745 12946.37478
261631 12946.37478
262004 15420.1720033
262631 15420.1720033
263054 7363.20545437
264186 7363.20545437
264567 12584.8531953
265798 12584.8531953
266251 13007.786446
266805 13007.786446
267261 12804.4237668
268487 12804.4237668
268941 12304.80134
269982 12304.80134
270389 8332.82512944
271197 8332.82512944
271526 18757.8802626
272788 18757.8802626
273033 16014.7557741
274112 16014.7557741
274510 18263.9884372
275078 18263.9884372
275189 11949.489675
276363 11949.489675
276626 15853.4815922
277424 15853.4815922
277647 12431.9189562
278621 12431.9189562
278721 14619.625508
279692 14619.625508
279993 12081.338476
281249 12081.338476
281543 12717.9301835
282810 12717.9301835
283046 19875.6400694
283573 19875.6400694
