0 12404.7775563
1022 12404.7775563
1408 3205.60360817
1918 3205.60360817
2020 13598.3792934
2995 13598.3792934
3473 9951.59222037
4135 9951.59222037
4373 17553.4993859
5792 17553.4993859
5989 17499.8509693
7055 17499.8509693
7277 14896.1613132
8724 14896.1613132
9138 8874.63945733
10460 8874.63945733
10744 9667.17691138
11630 9667.17691138
11943 4356.94085245
12496 4356.94085245
12666 9713.83886322
13306 9713.83886322
13688 18054.1652136
14270 18054.1652136
14389 15361.8324274
14951 15361.8324274
15123 9483.05301079
15684 9483.05301079
16087 11416.3048855
17258 11416.3048855
17376 9614.26283549
18490 9614.26283549
18894 3118.76626497
19968 3118.76626497
20331 22364.2339659
21172 22364.2339659
21310 16548.7334092
21969 16548.7334092
22217 15469.5458139
22746 15469.5458139
23136 13468.742502
24321 13468.742502
24505 12661.9757333
25861 12661.9757333
26077 13270.0189215
27437 13270.0189215
27637 11525.0159591
28188 11525.0159591
28480 10330.3649673
29293 10330.3649673
29723 12069.0562479
31141 12069.0562479
31490 6705.35771287
32229 6705.35771287
32670 3446.72189629
33536 3446.72189629
33881 22228.2013687
34464 22228.2013687
34793 12010.6625728
36165 12010.6625728
36557 9830.60821515
37805 9830.60821515
38303 16850.210419
38814 16850.210419
38935 21787.2072571
39672 21787.2072571
40134 17545.8523714
41146 17545.8523714
41590 11019.8657561
42232 11019.8657561
42727 19491.1677145
43424 19491.1677145
43584 11810.3587261
44614 11810.3587261
44808 12074.3561742
45367 12074.3561742
45569 15194.4330588
46670 15194.4330588
47148 17867.1307869
47937 17867.1307869
48417 11142.2565642
48948 11142.2565642
49295 16605.54179
50674 16605.54179
51049 10966.7289924
52376 10966.7289924
52697 15178.378182
53637 15178.378182
53945 7399.41044944
55045 7399.41044944
55300 17989.3756096
56150 17989.3756096
56488 10623.0208632
57930 10623.0208632
58218 15717.9064263
59447 15717.9064263
59740 8821.62891435
61145 8821.62891435
61603 9307.13603962
63051 9307.13603962
63453 10345.9388137
64069 10345.9388137
64287 18414.1631796
64897 18414.1631796
65199 8811.11007132
66148 8811.11007132
66304 21345.8995828
67177 21345.8995828
67547 17954.6120732
68825 17954.6120732
69123 15284.3573257
70179 15284.3573257
70663 16091.1273728
72061 16091.1273728
72545 11658.269909
73106 11658.269909
73419 14534.525434
74914 14534.525434
75256 14584.5441882
76045 14584.5441882
76432 13870.7289756
77841 13870.7289756
78250 7086.0297507
78899 7086.0297507
79132 14694.7031209
80278 14694.7031209
80705 16995.1603311
81940 16995.1603311
82290 16887.4047124
82871 16887.4047124
83086 16702.8924837
83622 16702.8924837
84033 16402.8584694
84896 16402.8584694
85194 14541.477772
86123 14541.477772
86416 15233.2459826
87863 15233.2459826
88318 14863.6349711
89569 14863.6349711
89956 14599.156158
90827 14599.156158
91029 18473.0777621
91644 18473.0777621
92005 12330.8268893
93148 12330.8268893
93409 17624.7330621
94116 17624.7330621
94467 22424.2593471
95277 22424.2593471
95619 8264.32107628
96170 8264.32107628
96473 17875.1118879
96986 17875.1118879
97100 14815.6938673
97816 14815.6938673
98210 10348.482233
99197 10348.482233
99470 12946.7720704
100163 12946.7720704
100413 13930.516995
100978 13930.516995
101347 11119.6164711
102496 11119.6164711
102706 15440.5212854
103836 15440.5212854
104146 18876.3152536
105537 18876.3152536
106008 11224.8666301
106974 11224.8666301
107461 13445.3059435
108612 13445.3059435
108733 12564.7410782
110190 12564.7410782
110645 9333.43523694
111545 9333.43523694
111916 8112.85658136
112531 8112.85658136
112699 14350.1312416
113245 14350.1312416
113429 11009.5887179
113937 11009.5887179
114324 13235.0594202
115782 13235.0594202
116217 6656.5305685
117199 6656.5305685
117638 17165.4300126
118472 17165.4300126
118957 19289.1771764
119741 19289.1771764
119943 4114.38753232
120511 4114.38753232
120637 16852.4789504
121774 16852.4789504
121933 16835.8318895
122533 16835.8318895
122941 4824.57430475
124361 4824.57430475
124538 10775.0992606
125121 10775.0992606
125474 7118.74774863
126592 7118.74774863
126974 14369.7991221
128034 14369.7991221
128484 7044.38314697
129042 7044.38314697
129537 14441.9502914
130472 14441.9502914
130937 4268.90411504
131612 4268.90411504
131878 5441.69187897
132629 5441.69187897
133020 12349.1885836
133831 12349.1885836
134082 7635.56733006
135511 7635.56733006
135983 11830.8051006
136598 11830.8051006
136756 10422.3751058
138013 10422.3751058
138389 11646.8588605
139095 11646.8588605
139593 14883.3417002
140844 14883.3417002
140980 12139.3232175
142411 12139.3232175
142740 15518.0076337
144104 15518.0076337
144591 8945.62968769
145564 8945.62968769
145686 16275.6085353
146501 16275.6085353
146669 17956.265723
147997 17956.265723
148340 7775.49493806
149401 7775.49493806
149622 14068.9181577
150621 14068.9181577
150961 13748.1771176
152042 13748.1771176
152515 12925.2437575
153908 12925.2437575
154128 9674.49866447
154983 9674.49866447
155467 9143.77489668
156017 9143.77489668
156136 7359.51339341
156858 7359.51339341
157222 8588.38667853
157987 8588.38667853
158243 8439.36367108
158898 8439.36367108
159112 15794.8847926
160041 15794.8847926
160412 18930.5209696
161846 18930.5209696
162080 23320.4852393
163204 23320.4852393
163538 17883.7378557
164592 17883.7378557
165009 11609.9738363
165539 11609.9738363
166007 10575.0285025
166561 10575.0285025
166752 6322.77196659
168166 6322.77196659
168605 21174.2386426
169133 21174.2386426
169628 15456.0846167
170576 15456.0846167
170861 11920.0709948
171489 11920.0709948
171983 11461.6366961
173003 11461.6366961
173389 11929.0735471
174171 11929.0735471
174494 13962.0081863
175740 13962.0081863
176179 8823.92501058
176812 8823.92501058
177123 5761.09960009
178315 5761.09960009
178746 18816.8067711
179355 18816.8067711
179706 19923.5496711
181009 19923.5496711
181290 17002.1419052
182782 17002.1419052
182927 7400.93105599
183990 7400.93105599
184387 9941.77333295
185263 9941.77333295
185642 7701.00478071
186820 7701.00478071
187187 2689.98944999
188363 2689.98944999
188746 14294.1752914
190220 14294.1752914
190514 17265.8670292
191695 17265.8670292
191840 8387.64796505
192654 8387.64796505
192914 16745.0238531
194292 16745.0238531
194710 16268.7233356
196082 16268.7233356
196229 5283.88709869
197180 5283.88709869
197363 10840.8867856
198497 10840.8867856
198613 8187.13494756
199769 8187.13494756
199943 16879.8984735
201429 16879.8984735
201611 12082.5896607
202685 12082.5896607
203042 9432.83084549
204088 9432.83084549
204560 8411.14534451
205645 8411.14534451
205848 9760.17342918
206357 9760.17342918
206647 15133.9596591
207554 15133.9596591
207745 10925.9833182
209111 10925.9833182
209300 10697.6962853
210104 10697.6962853
210346 8779.70916427
211044 8779.70916427
