0 14307.4325291
874 14307.4325291
1061 7921.72848711
1773 7921.72848711
2076 9333.61767861
3409 9333.61767861
3518 16677.9588043
4905 16677.9588043
5007 11936.4452175
5700 11936.4452175
5926 18248.4392177
7140 18248.4392177
7454 14450.4055398
8880 14450.4055398
9277 14668.913573
9853 14668.913573
10306 12637.0251566
10923 12637.0251566
11306 21071.1570691
12115 21071.1570691
12267 19927.2713124
13523 19927.2713124
13938 15970.4039408
14697 15970.4039408
15175 11211.7331573
15839 11211.7331573
16170 16117.2567028
16929 16117.2567028
17223 4366.2370965
18703 4366.2370965
19053 27471.0464667
20238 27471.0464667
20418 9514.39806757
21839 9514.39806757
22078 10402.8712507
22814 10402.8712507
23289 13559.6477636
23791 13559.6477636
23981 11293.5849776
25214 11293.5849776
25417 4512.49273995
26805 4512.49273995
27207 9580.58271792
28580 9580.58271792
29061 20911.0293
29926 20911.0293
30286 15200.5235091
31442 15200.5235091
31910 3553.77868203
32812 3553.77868203
33269 15034.8693552
33952 15034.8693552
34163 13752.7216512
35371 13752.7216512
35579 16798.0574511
36465 16798.0574511
36581 15836.5843789
37680 15836.5843789
38071 14203.9033132
39012 14203.9033132
39116 6717.61771757
40214 6717.61771757
40597 2224.06863115
41356 2224.06863115
41632 12649.2732115
42916 12649.2732115
43254 13200.5136927
43932 13200.5136927
44394 15219.9516374
45094 15219.9516374
45493 2863.57214915
46307 2863.57214915
46628 22042.9391007
47400 22042.9391007
47730 10540.1355549
48274 10540.1355549
48409 15714.4160888
49155 15714.4160888
49591 11934.3416768
51075 11934.3416768
51537 11912.999139
52917 11912.999139
53388 18139.4513091
54465 18139.4513091
54582 14894.6862101
55459 14894.6862101
55726 10613.7424152
56230 10613.7424152
56445 13923.930489
57871 13923.930489
58289 16582.8576467
59483 16582.8576467
59735 22649.4367974
60371 22649.4367974
60634 6448.01330025
61908 6448.01330025
62158 16178.9633845
62806 16178.9633845
63219 13379.8839932
64246 13379.8839932
64479 7083.87977501
65891 7083.87977501
66335 4154.14858086
66975 4154.14858086
67347 75.4509646999
68786 75.4509646999
68943 22490.3123055
69889 22490.3123055
70310 27753.1306931
71642 27753.1306931
71905 8451.89841632
72965 8451.89841632
73297 6276.53554712
74750 6276.53554712
74962 17905.7104538
76369 17905.7104538
76677 13620.7954168
77930 13620.7954168
78155 16751.370725
78846 16751.370725
79101 14513.9820088
79717 14513.9820088
80069 23519.6650944
80683 23519.6650944
80833 11727.0933536
81888 11727.0933536
82073 19275.1553381
83565 19275.1553381
83915 20298.4034642
85092 20298.4034642
85378 7204.21992249
86343 7204.21992249
86572 4472.84861362
87766 4472.84861362
88050 12688.8814343
89282 12688.8814343
89763 20255.7871665
91203 20255.7871665
91490 15447.2407659
92761 15447.2407659
93056 19320.4066559
94100 19320.4066559
94274 11608.4490865
95358 11608.4490865
95458 12841.2968925
96014 12841.2968925
96475 15457.1154447
97758 15457.1154447
97959 11641.8445008
98925 11641.8445008
99337 11787.1168424
99950 11787.1168424
100302 16568.2811935
101056 16568.2811935
101315 18211.4362633
102389 18211.4362633
102587 14219.1720594
103755 14219.1720594
103883 3768.70801299
105209 3768.70801299
105398 15050.1851836
106419 15050.1851836
106740 16806.1162713
107701 16806.1162713
108001 1851.29134394
108720 1851.29134394
109184 20087.7337068
110291 20087.7337068
110561 3927.92859332
111419 3927.92859332
111861 11865.3918436
113215 11865.3918436
113568 1608.80414189
114825 1608.80414189
115192 21605.4285935
116359 21605.4285935
116634 13238.9523608
118008 13238.9523608
118263 16728.7212931
119735 16728.7212931
119932 19655.8391784
120574 19655.8391784
120795 11949.7232663
121690 11949.7232663
121819 20269.197066
122444 20269.197066
122643 5352.67062393
123532 5352.67062393
123775 17757.2023236
124278 17757.2023236
124632 168.7660406
125466 168.7660406
125676 745.675925651
126905 745.675925651
127110 9534.57508987
128209 9534.57508987
128395 11419.8800821
129071 11419.8800821
129171 24613.9432777
130460 24613.9432777
130665 9669.904531
132141 9669.904531
132414 15789.8468849
133383 15789.8468849
133564 13433.9200178
135053 13433.9200178
135462 9925.57578033
136249 9925.57578033
136390 15257.3609056
137633 15257.3609056
137734 16546.4346464
138746 16546.4346464
139045 24062.6627482
140385 24062.6627482
140810 8011.71938636
141582 8011.71938636
141825 19502.2415625
142797 19502.2415625
143124 7576.19575219
143686 7576.19575219
143845 10585.5174287
145027 10585.5174287
145436 4539.98544455
146652 4539.98544455
147033 9849.46027576
147633 9849.46027576
148072 8213.26742832
149514 8213.26742832
149774 14531.2669914
150441 14531.2669914
150543 15282.5339041
151470 15282.5339041
151951 17197.4380252
153020 17197.4380252
153476 7569.64435155
154481 7569.64435155
154833 14453.8552693
156067 14453.8552693
156535 10132.3128379
157692 10132.3128379
157859 7917.49304204
158654 7917.49304204
158820 15372.3058151
159739 15372.3058151
160003 11844.8414799
160583 11844.8414799
160721 21275.3351893
162181 21275.3351893
162357 15289.4361291
163579 15289.4361291
163856 10784.787687
164997 10784.787687
165371 8789.9202963
166544 8789.9202963
166683 8952.62141997
167831 8952.62141997
168092 7564.58118771
168610 7564.58118771
168878 14051.4654027
170143 14051.4654027
170522 9065.80402894
171539 9065.80402894
171815 11692.8433026
173050 11692.8433026
173281 12573.1706844
174459 12573.1706844
174722 19480.8377448
175517 19480.8377448
175914 8482.56825646
177054 8482.56825646
177444 8582.6410728
178316 8582.6410728
178706 13558.0642193
179927 13558.0642193
180099 18744.5850902
181189 18744.5850902
181525 18275.3374691
182193 18275.3374691
182410 15999.3542962
183282 15999.3542962
183419 12274.2813997
184882 12274.2813997
185119 6577.79232567
186590 6577.79232567
187014 14936.3351813
188422 14936.3351813
188803 3625.97071882
190219 3625.97071882
190338 6140.67014299
191746 6140.67014299
191926 28653.7161
192953 28653.7161
193419 14991.8183277
194435 14991.8183277
194776 14664.8538477
195726 14664.8538477
196140 21163.4411579
197579 21163.4411579
197997 12083.0117704
199328 12083.0117704
199692 6826.34442179
201106 6826.34442179
201540 21514.9582353
202659 21514.9582353
202923 1992.41606415
203887 1992.41606415
204138 13885.748492
205589 13885.748492
205998 17286.4686521
206863 17286.4686521
207152 12336.2163536
208177 12336.2163536
208279 19212.2261144
209418 19212.2261144
209568 14424.8769271
210913 14424.8769271
211196 14912.7782545
212062 14912.7782545
212283 16153.5864078
212942 16153.5864078
213105 11659.8241002
214468 11659.8241002
214731 9197.22566423
216068 9197.22566423
216414 14772.7203767
216980 14772.7203767
217469 13016.0129774
218695 13016.0129774
219109 13198.6782504
220454 13198.6782504
220625 13066.5314886
221688 13066.5314886
222132 9747.94351351
222741 9747.94351351
222869 10935.1242603
224362 10935.1242603
224682 18609.1426396
225704 18609.1426396
225942 14460.8120475
226903 14460.8120475
227234 14092.6077891
228450 14092.6077891
228625 9338.34903652
229938 9338.34903652
230291 10608.496181
231593 10608.496181
231953 13658.7619146
232603 13658.7619146
232932 19539.3617663
233985 19539.3617663
234194 7447.50751968
235256 7447.50751968
235746 14187.5248326
236321 14187.5248326
236463 9625.86650851
237650 9625.86650851
238125 13046.7709043
238687 13046.7709043
239158 9877.24357981
240342 9877.24357981
240508 12756.4878435
241307 12756.4878435
241481 15790.7560195
242958 15790.7560195
243448 21028.4778218
244317 21028.4778218
244529 18814.2564162
245283 18814.2564162
245406 17339.4763084
246030 17339.4763084
246529 7099.3876485
248008 7099.3876485
248420 11675.2669417
249041 11675.2669417
249358 21190.8666513
249860 21190.8666513
249981 20021.6276622
251245 20021.6276622
251661 6125.93462389
252686 6125.93462389
253149 13414.1370939
253855 13414.1370939
254062 15599.8458083
255025 15599.8458083
255470 1642.68727605
256691 1642.68727605
256869 10689.5210324
257735 10689.5210324
257895 14370.480826
259114 14370.480826
259504 14375.0401818
260677 14375.0401818
260803 12620.0852162
261974 12620.0852162
262237 19027.8800014
262996 19027.8800014
263109 15211.000783
264282 15211.000783
264713 20733.6693054
265836 20733.6693054
266239 13318.6209417
266790 13318.6209417
266950 12555.5184467
267917 12555.5184467
268334 15089.3810487
268877 15089.3810487
269187 12644.6643262
270011 12644.6643262
270242 17446.1099517
271382 17446.1099517
271503 14024.8771892
272192 14024.8771892
272390 8712.37794395
273864 8712.37794395
274166 16522.5209743
275434 16522.5209743
275643 15250.1060577
276712 15250.1060577
276871 17606.3818736
277556 17606.3818736
277913 5046.06174569
278993 5046.06174569
279461 10030.2039557
280047 10030.2039557
280481 20428.1588626
281890 20428.1588626
282254 13975.9591147
283681 13975.9591147
284029 20949.3150376
285193 20949.3150376
285577 13446.5148018
286571 13446.5148018
286861 8717.93924337
288027 8717.93924337
288144 12116.6113391
289222 12116.6113391
289686 10302.5820627
290587 10302.5820627
290760 12704.2389399
291703 12704.2389399
292193 17757.2779709
293103 17757.2779709
293362 15740.5653559
294860 15740.5653559
295016 2810.58084629
295803 2810.58084629
