0 13472.3348436
521 13472.3348436
656 14076.7786427
1952 14076.7786427
2323 12905.7987267
3204 12905.7987267
3544 13368.1963391
4167 13368.1963391
4600 13714.9316368
5883 13714.9316368
6279 13135.1415885
7100 13135.1415885
7440 13151.230868
8689 13151.230868
9013 13301.3300428
9581 13301.3300428
9956 13012.952507
11110 13012.952507
11585 13184.4631871
13069 13184.4631871
13473 13728.2194374
14112 13728.2194374
14600 13049.8769731
16085 13049.8769731
16263 13265.9706712
16866 13265.9706712
17110 13540.9035341
18245 13540.9035341
18361 13453.5029533
19268 13453.5029533
19580 12932.121397
20386 12932.121397
20883 12515.9425879
22061 12515.9425879
22435 11846.9303148
23645 11846.9303148
23864 13237.5564277
25167 13237.5564277
25386 13225.4077284
26759 13225.4077284
27252 13101.5519161
28109 13101.5519161
28393 14306.5182245
29387 14306.5182245
29605 13925.6150277
30330 13925.6150277
30652 14131.6195652
31466 14131.6195652
31596 13739.1299398
32897 13739.1299398
33094 13519.3983136
34247 13519.3983136
34575 13209.0054873
35682 13209.0054873
35845 13038.8562312
36829 13038.8562312
37182 12979.451751
37764 12979.451751
37954 12007.0682603
39270 12007.0682603
39508 13144.4285305
40602 13144.4285305
41009 13023.2978849
42450 13023.2978849
42710 12441.9732059
43263 12441.9732059
43721 12777.4098323
44957 12777.4098323
45213 13160.3066651
46067 13160.3066651
46444 12724.6191085
47266 12724.6191085
47728 12824.8439924
49080 12824.8439924
49490 12530.2944593
50306 12530.2944593
50605 12970.3423185
51516 12970.3423185
51926 13831.7419758
52461 13831.7419758
52810 12467.6522012
53931 12467.6522012
54192 13626.5088263
55396 13626.5088263
55786 13698.3843318
57008 13698.3843318
57317 13001.1761077
58611 13001.1761077
59048 14107.5019359
60186 14107.5019359
60381 14585.8283655
61519 14585.8283655
61732 13457.6652394
63160 13457.6652394
63657 14390.5517963
64342 14390.5517963
64589 13254.2327111
65169 13254.2327111
65364 13269.1805986
66286 13269.1805986
66526 13103.7949652
67419 13103.7949652
67876 13162.686665
68689 13162.686665
68930 12596.5477833
69723 12596.5477833
69918 12398.3540311
71356 12398.3540311
71851 13812.224969
73251 13812.224969
73485 13436.648892
74230 13436.648892
74394 13698.8683633
75864 13698.8683633
76153 12447.4900349
76878 12447.4900349
77300 12899.1808233
78109 12899.1808233
78382 13352.2852916
79622 13352.2852916
79811 13478.870262
80995 13478.870262
81098 13591.6055957
81693 13591.6055957
81808 13374.2862213
83109 13374.2862213
83528 13199.5710478
84681 13199.5710478
85038 13130.3462799
86404 13130.3462799
86555 13184.3765559
87242 13184.3765559
87573 13788.4675046
88671 13788.4675046
89044 14007.2109579
90348 14007.2109579
90796 13633.6006707
91864 13633.6006707
92015 14379.8327637
93042 14379.8327637
93241 13516.8285595
94106 13516.8285595
94563 12841.7539599
96016 12841.7539599
96322 12610.3264555
97661 12610.3264555
97975 12833.8653643
98661 12833.8653643
98828 12574.5876987
100215 12574.5876987
100373 12409.5767805
101313 12409.5767805
101454 13238.7405188
102592 13238.7405188
102940 14022.1845626
104335 14022.1845626
104649 13950.7962618
105923 13950.7962618
106105 13074.7629013
106806 13074.7629013
107260 12806.9178394
108393 12806.9178394
108595 14138.4347311
109318 14138.4347311
109573 13574.1452831
110705 13574.1452831
111022 12718.533229
112337 12718.533229
112643 13061.9621554
113993 13061.9621554
114412 13493.8239834
115239 13493.8239834
115650 13428.0780475
116214 13428.0780475
116551 13508.6007153
117770 13508.6007153
117942 12843.6381084
119294 12843.6381084
119539 13536.205011
120516 13536.205011
120976 13526.9995617
121551 13526.9995617
121850 14418.5974742
122559 14418.5974742
123048 12753.8755165
123663 12753.8755165
123841 13441.7908492
124920 13441.7908492
125155 13352.9660382
125707 13352.9660382
125952 13934.4076908
126477 13934.4076908
126750 12412.2532495
127905 12412.2532495
128022 13840.5474728
129090 13840.5474728
129527 12421.6949544
130656 12421.6949544
130936 13787.1884942
131887 13787.1884942
132260 13917.6305205
132792 13917.6305205
133043 13636.8599511
134400 13636.8599511
134528 14042.7440375
135336 14042.7440375
135437 12919.3960166
136793 12919.3960166
137120 13658.4030916
137883 13658.4030916
138068 13493.7930453
139208 13493.7930453
139325 13002.3911953
140435 13002.3911953
140802 13872.8950331
141661 13872.8950331
142121 12673.7836325
143488 12673.7836325
143860 13870.4151865
145178 13870.4151865
145452 13330.866378
145995 13330.866378
146337 12529.0629525
146983 12529.0629525
147432 13085.1263083
148766 13085.1263083
149062 13738.8651095
149773 13738.8651095
150082 13129.3851468
151491 13129.3851468
151701 13491.0228367
152578 13491.0228367
152678 13646.6995681
153442 13646.6995681
153651 13208.2807736
154308 13208.2807736
154756 13441.7614996
156109 13441.7614996
156491 12923.7107693
157352 12923.7107693
157604 12372.0087444
158824 12372.0087444
159298 13754.4386942
160700 13754.4386942
160866 11907.8231402
162221 11907.8231402
162631 12991.7012347
163464 12991.7012347
163918 13270.1686928
165363 13270.1686928
165757 13580.4363123
166713 13580.4363123
167050 13931.7980055
168116 13931.7980055
168340 14328.3638288
169036 14328.3638288
169456 13853.6382209
170823 13853.6382209
171033 13930.6441039
172331 13930.6441039
172463 13635.4535335
173317 13635.4535335
173675 13741.4109896
174503 13741.4109896
174798 13708.7928549
175486 13708.7928549
175749 12903.8140769
176964 12903.8140769
177109 13989.0308916
177915 13989.0308916
178137 13275.3771792
179250 13275.3771792
179402 13270.3535199
180045 13270.3535199
180234 13755.3970303
181001 13755.3970303
181437 13300.5809014
182496 13300.5809014
182891 13940.7647969
183931 13940.7647969
184127 13301.5950351
185393 13301.5950351
185552 12649.8434374
186762 12649.8434374
187237 13350.132054
187800 13350.132054
188295 14013.2798226
189021 14013.2798226
189390 12081.290872
190621 12081.290872
191120 13929.9506651
191724 13929.9506651
191893 13201.811428
193058 13201.811428
193464 13145.6617354
194792 13145.6617354
194899 13989.6567591
195525 13989.6567591
195998 14249.7622135
196669 14249.7622135
196930 13246.2903973
197481 13246.2903973
197822 13655.5446867
199029 13655.5446867
199514 13218.1712271
200283 13218.1712271
200768 12981.9606759
201301 12981.9606759
201446 12390.2950925
202078 12390.2950925
202436 12477.5141856
203224 12477.5141856
203654 13617.8182924
204227 13617.8182924
204527 13204.2477652
205900 13204.2477652
206168 13809.6831125
207353 13809.6831125
207721 12575.990789
208947 12575.990789
209181 13318.4246084
210075 13318.4246084
210433 13286.21042
211256 13286.21042
211416 13187.6296005
212299 13187.6296005
212723 13258.9080847
213464 13258.9080847
213896 14735.0436975
214733 14735.0436975
214942 12836.0604487
216214 12836.0604487
216636 12427.3438188
217403 12427.3438188
217856 13878.9433954
219344 13878.9433954
219782 12459.043594
220777 12459.043594
221066 13590.6431247
222283 13590.6431247
222676 13264.184373
223614 13264.184373
223922 13035.6977037
224968 13035.6977037
225090 13599.1733296
225991 13599.1733296
226270 13353.5659657
227475 13353.5659657
227935 13065.2502648
229061 13065.2502648
229328 13246.2329901
230633 13246.2329901
230851 13097.0919089
232266 13097.0919089
232476 12914.5722479
233348 12914.5722479
233832 13032.1865289
234504 13032.1865289
234950 14115.0814133
235636 14115.0814133
235867 13383.5363547
236463 13383.5363547
236935 13201.7069385
238198 13201.7069385
238356 13503.6998366
239414 13503.6998366
