0 13898.7859787
1059 13898.7859787
1257 13846.8025777
2687 13846.8025777
2880 13881.5251092
4286 13881.5251092
4636 13913.0453695
5727 13913.0453695
6098 13681.7950416
7201 13681.7950416
7381 13835.1512226
7938 13835.1512226
8298 13863.8982224
9238 13863.8982224
9644 13858.9636628
10750 13858.9636628
10959 14037.7659285
11892 14037.7659285
12327 13962.710151
13016 13962.710151
13243 13848.8879937
14565 13848.8879937
15041 13959.3112666
16086 13959.3112666
16495 14006.58645
17525 14006.58645
17941 13862.0017442
18952 13862.0017442
19078 13955.4437876
20381 13955.4437876
20634 14043.3288284
22058 14043.3288284
22491 13932.6805982
23924 13932.6805982
24326 13948.7738044
25437 13948.7738044
25572 13973.4335828
26631 13973.4335828
27076 13933.8348216
28484 13933.8348216
28966 13663.9481912
30151 13663.9481912
30622 13900.8525376
31731 13900.8525376
32187 13964.4578892
33264 13964.4578892
33742 13771.6925355
34604 13771.6925355
35072 13785.4990363
35755 13785.4990363
35999 13694.2766251
37114 13694.2766251
37559 13986.2857128
38585 13986.2857128
39032 13920.446104
40459 13920.446104
40659 13951.6899362
41809 13951.6899362
42086 14188.8691877
42592 14188.8691877
42756 13670.5373406
43800 13670.5373406
44216 13912.0080689
44983 13912.0080689
45126 13882.7183746
46484 13882.7183746
46658 13756.5647408
47918 13756.5647408
48068 13690.8790149
49559 13690.8790149
49994 13844.7862579
50542 13844.7862579
51014 13883.5507071
52345 13883.5507071
52521 13950.2648818
53082 13950.2648818
53550 13755.3461582
54187 13755.3461582
54416 13840.1662591
55830 13840.1662591
56038 13941.5315474
57170 13941.5315474
57463 13795.4082616
58621 13795.4082616
58828 13745.8050371
59498 13745.8050371
59741 13848.8487795
60915 13848.8487795
61034 13925.9489974
61561 13925.9489974
61903 13840.210531
63395 13840.210531
63883 13929.4041821
64507 13929.4041821
64952 13904.0706686
65933 13904.0706686
66178 13761.6956298
67198 13761.6956298
67347 13903.4676154
68787 13903.4676154
69088 13736.286106
69875 13736.286106
70191 13962.9860635
71548 13962.9860635
71838 13969.7974798
72394 13969.7974798
72665 13967.9226424
73250 13967.9226424
73610 13957.4147656
74203 13957.4147656
74702 14005.6964192
76083 14005.6964192
76196 14121.8254259
77157 14121.8254259
77593 14079.3390681
78744 14079.3390681
78971 13949.3764144
79642 13949.3764144
80053 13764.4941739
81490 13764.4941739
81922 13802.2933619
82793 13802.2933619
83266 13936.8562746
84710 13936.8562746
84887 13785.7902658
86108 13785.7902658
86242 13883.9780436
86885 13883.9780436
87279 13886.6561856
88744 13886.6561856
88854 13803.8525509
89911 13803.8525509
90060 13764.4349687
90957 13764.4349687
91392 14059.7065154
91916 14059.7065154
92391 14024.9260949
93136 14024.9260949
93465 13768.5311687
94923 13768.5311687
95208 13761.9542332
96001 13761.9542332
96425 13842.8540914
97301 13842.8540914
97496 13920.8310193
98820 13920.8310193
98975 13933.4333936
100274 13933.4333936
100486 13773.694027
100997 13773.694027
101461 14051.8368245
102091 14051.8368245
102268 14062.1256029
102791 14062.1256029
103124 14123.7519183
104064 14123.7519183
104562 13881.4314131
105704 13881.4314131
106165 14114.7931248
107245 14114.7931248
107493 13948.4961762
108553 13948.4961762
109013 13988.8845671
109649 13988.8845671
110045 13960.2808418
110981 13960.2808418
111167 14004.3196258
112611 14004.3196258
112870 13865.0651372
113662 13865.0651372
113882 13960.6670962
114790 13960.6670962
115201 14001.5554654
115761 14001.5554654
116117 13819.8400221
116795 13819.8400221
117004 13980.4505786
117825 13980.4505786
118302 13988.6550293
119337 13988.6550293
119717 13811.0698082
121018 13811.0698082
121340 13558.5339622
122354 13558.5339622
122806 14031.0498547
123672 14031.0498547
123950 13861.3997634
125069 13861.3997634
125169 13724.3861193
125819 13724.3861193
126042 14033.2774241
126609 14033.2774241
126795 14027.3125951
128225 14027.3125951
128335 13984.2271373
129663 13984.2271373
129816 13797.3461988
130975 13797.3461988
131292 13933.2328022
132231 13933.2328022
132577 13879.3595908
133593 13879.3595908
134066 13666.307577
135036 13666.307577
135495 13802.3489935
136948 13802.3489935
137351 13664.5921758
138200 13664.5921758
138352 14107.0691016
139107 14107.0691016
139603 13797.5646058
140193 13797.5646058
140513 13853.2513565
141292 13853.2513565
141418 13906.9046315
142071 13906.9046315
142361 14075.0786284
143696 14075.0786284
144111 13910.8928412
145227 13910.8928412
145433 13922.2085027
146897 13922.2085027
147018 13819.8555182
147895 13819.8555182
148050 13831.3944474
148875 13831.3944474
149013 13878.9733955
149627 13878.9733955
149750 13814.5773796
150641 13814.5773796
151019 13912.7991884
152184 13912.7991884
152588 14101.0865038
153238 14101.0865038
153405 13982.9447884
154659 13982.9447884
155147 13616.0160197
156147 13616.0160197
156256 13997.0846028
157357 13997.0846028
157842 13865.6283161
159211 13865.6283161
159460 13687.6165315
160450 13687.6165315
160555 13807.0169283
161684 13807.0169283
161877 14049.974604
163047 14049.974604
163474 13633.9683597
164488 13633.9683597
164691 13738.8313756
166119 13738.8313756
166227 14282.6848432
167118 14282.6848432
167488 13905.1272117
168949 13905.1272117
169075 13703.275821
169748 13703.275821
170094 13760.1179135
170615 13760.1179135
171102 13955.3006368
171695 13955.3006368
171843 13639.9147609
172973 13639.9147609
173449 13760.9925641
174850 13760.9925641
175302 14099.1911547
176287 14099.1911547
176730 13861.6849231
177894 13861.6849231
178278 14035.5455467
179455 14035.5455467
179646 13914.5153565
180664 13914.5153565
181048 14053.004716
181716 14053.004716
181893 13811.2777248
183209 13811.2777248
183341 14083.8652762
183915 14083.8652762
184061 13808.9182304
184910 13808.9182304
185200 13792.0892333
186030 13792.0892333
186455 13850.7325678
187731 13850.7325678
188102 13749.0214325
189289 13749.0214325
189456 14150.5404411
190564 14150.5404411
190820 13905.3608089
192254 13905.3608089
192361 13776.9404323
193020 13776.9404323
193325 14051.4657028
194150 14051.4657028
194254 13706.2494829
195214 13706.2494829
195438 13646.8426196
196923 13646.8426196
197107 13842.6369068
197780 13842.6369068
198151 13966.3329216
199531 13966.3329216
199733 13790.2921443
200700 13790.2921443
201111 14004.1859559
202048 14004.1859559
202470 13885.174354
203953 13885.174354
204110 13751.752083
205317 13751.752083
205569 13623.0705335
206234 13623.0705335
206445 14003.2499862
207318 14003.2499862
207814 13769.9958806
208424 13769.9958806
208603 13843.2164778
209206 13843.2164778
209663 13865.7629074
210837 13865.7629074
210942 13928.2673082
211886 13928.2673082
212367 13854.0905541
213019 13854.0905541
213200 13734.3706135
214557 13734.3706135
215013 13989.1889943
216202 13989.1889943
216598 14062.4921932
217111 14062.4921932
217572 13663.6663846
218114 13663.6663846
218610 13716.5750107
219482 13716.5750107
219644 14043.5482167
220438 14043.5482167
220642 13816.4097417
222045 13816.4097417
222429 14003.6269588
223085 14003.6269588
223331 13949.2004718
223843 13949.2004718
224339 14195.278358
225482 14195.278358
225945 14054.5393276
227080 14054.5393276
227477 13899.0560324
228819 13899.0560324
229034 13982.1608301
229768 13982.1608301
230042 13816.8697476
231224 13816.8697476
231527 13904.8865053
232854 13904.8865053
233106 13808.2220079
234412 13808.2220079
234565 14180.3848123
235216 14180.3848123
235361 13906.2490725
235926 13906.2490725
236092 14027.7547635
236767 14027.7547635
237032 13828.8220766
238027 13828.8220766
238449 13895.1551577
239176 13895.1551577
239378 14014.5505755
240032 14014.5505755
240527 13843.3253113
241210 13843.3253113
241526 14129.0100733
242252 14129.0100733
242473 14049.2938168
243850 14049.2938168
244163 13609.7439983
245628 13609.7439983
245943 13982.2551496
247052 13982.2551496
247385 13687.168723
248149 13687.168723
248534 13917.6071665
249106 13917.6071665
249565 13741.7059751
250594 13741.7059751
250786 13993.3440005
251374 13993.3440005
251842 13975.6550599
253083 13975.6550599
253262 14095.4788228
254554 14095.4788228
254800 13863.2066692
256123 13863.2066692
256378 14003.8920504
257386 14003.8920504
257720 13873.6041959
258892 13873.6041959
259235 13600.9310536
260278 13600.9310536
260735 13977.5797902
261411 13977.5797902
261814 13965.9572618
262921 13965.9572618
263153 13863.4346087
264347 13863.4346087
264747 13811.8769144
265375 13811.8769144
265700 14020.837028
266549 14020.837028
266796 14022.9911821
268119 14022.9911821
268543 14002.6280966
269824 14002.6280966
269983 14130.8811463
271323 14130.8811463
271625 13705.9034574
272905 13705.9034574
273398 14077.8675049
274204 14077.8675049
274633 13782.6644336
275261 13782.6644336
275555 14073.0237909
276389 14073.0237909
276555 13971.3778186
277739 13971.3778186
277936 13650.4820329
278629 13650.4820329
279034 14001.2289242
280174 14001.2289242
280514 13995.0675436
281921 13995.0675436
282132 13931.7709998
283606 13931.7709998
284013 14120.2290908
285417 14120.2290908
285855 13945.3688155
287030 13945.3688155
287453 13757.227484
288313 13757.227484
