0 3198.35326843
1 3198.35326843
2 3198.35326843
3 2544.57585802
4 1890.79844761
5 1890.79844761
6 1890.79844761
7 2767.13939067
8 3643.48033373
9 3702.37733419
10 3702.37733419
11 3544.67678959
12 3544.67678959
13 3722.05714286
14 3722.05714286
15 3682.43522013
16 3787.57016435
17 3787.57016435
18 3504.998147
19 3504.998147
20 3703.53277712
21 3618.19428571
22 3618.19428571
23 3647.66419753
24 3647.66419753
25 3644.14652015
26 3633.41282066
27 3622.67912117
28 3622.67912117
29 3622.67912117
30 3622.67912117
31 3622.67912117
32 3622.67912117
33 3622.67912117
34 3622.67912117
35 3622.67912117
36 3622.67912117
37 3622.67912117
38 3622.67912117
39 3622.67912117
40 3622.67912117
41 3622.67912117
42 3542.83899878
43 3542.83899878
44 3542.83899878
45 3542.83899878
46 3542.83899878
47 3542.83899878
48 3542.83899878
49 3542.83899878
50 3542.83899878
51 3542.83899878
52 3542.83899878
53 3542.83899878
54 3542.83899878
55 3542.83899878
56 3542.83899878
57 3578.33767425
58 3613.83634973
59 3613.83634973
60 3613.83634973
61 3613.83634973
62 3613.83634973
63 3613.83634973
64 3613.83634973
65 3613.83634973
66 3613.83634973
67 3613.83634973
68 3613.83634973
69 3613.83634973
70 3613.83634973
71 3613.83634973
72 3613.83634973
73 3623.52028478
74 3623.52028478
75 3623.52028478
76 3623.52028478
77 3623.52028478
78 3623.52028478
79 3623.52028478
80 3623.52028478
81 3623.52028478
82 3623.52028478
83 3623.52028478
84 3623.52028478
85 3623.52028478
86 3623.52028478
87 3623.52028478
88 3623.52028478
89 3623.52028478
90 3601.80148148
91 3601.80148148
92 3601.80148148
93 3601.80148148
94 3601.80148148
95 3601.80148148
96 3601.80148148
97 3601.80148148
98 3601.80148148
99 3601.80148148
100 3601.80148148
101 3601.80148148
102 3601.80148148
103 3601.80148148
104 3601.80148148
105 3619.57739558
106 3619.57739558
107 3619.57739558
108 3619.57739558
109 3619.57739558
110 3619.57739558
111 3619.57739558
112 3619.57739558
113 3619.57739558
114 3619.57739558
115 3619.57739558
116 3619.57739558
117 3619.57739558
118 3619.57739558
119 3622.40599337
120 3622.40599337
121 3622.40599337
122 3622.40599337
123 3622.40599337
124 3622.40599337
125 3622.40599337
126 3622.40599337
127 3622.40599337
128 3622.40599337
129 3622.40599337
130 3622.40599337
131 3622.40599337
132 3622.40599337
133 3598.90765476
134 3575.40931615
135 3575.40931615
136 3575.40931615
137 3575.40931615
138 3575.40931615
139 3575.40931615
140 3575.40931615
141 3575.40931615
142 3540.87184284
143 3540.87184284
144 3540.87184284
145 3540.87184284
146 3540.87184284
147 3540.87184284
148 3540.87184284
149 3540.87184284
150 3540.87184284
151 3540.87184284
152 3540.87184284
153 3540.87184284
154 3540.87184284
155 3563.72968674
156 3586.58753063
157 3586.58753063
158 3586.58753063
159 3586.58753063
160 3586.58753063
161 3586.58753063
162 3586.58753063
163 3586.58753063
164 3586.58753063
165 3586.58753063
166 3586.58753063
167 3595.45611285
168 3595.45611285
169 3595.45611285
170 3595.45611285
171 3595.45611285
172 3595.45611285
173 3595.45611285
174 3595.45611285
175 3595.45611285
176 3595.45611285
177 3598.9453269
178 3602.43454094
179 3602.43454094
180 3602.43454094
181 3602.43454094
182 3602.43454094
183 3602.43454094
184 3602.43454094
185 3602.43454094
186 3602.43454094
187 3602.43454094
188 3548.58473267
189 3548.58473267
190 3548.58473267
191 3548.58473267
192 3548.58473267
193 3548.58473267
194 3548.58473267
195 3548.58473267
196 3548.58473267
197 3548.58473267
198 3616.29993953
199 3616.29993953
200 3616.29993953
201 3616.29993953
202 3616.29993953
203 3616.29993953
204 3616.29993953
205 3616.29993953
206 3616.29993953
207 3616.29993953
208 3595.03185063
209 3573.76376173
210 3573.76376173
211 3573.76376173
212 3573.76376173
213 3573.76376173
214 3573.76376173
215 3573.76376173
216 3573.76376173
217 3573.76376173
218 3576.34922551
219 3576.34922551
220 3576.34922551
221 3576.34922551
222 3576.34922551
223 3576.34922551
224 3576.34922551
225 3576.34922551
226 3576.34922551
227 3576.34922551
228 3602.99729378
229 3602.99729378
230 3602.99729378
231 3602.99729378
232 3602.99729378
233 3602.99729378
234 3602.99729378
235 3602.99729378
236 3602.99729378
237 3602.99729378
238 3605.79414111
239 3605.79414111
240 3605.79414111
241 3605.79414111
242 3605.79414111
243 3605.79414111
244 3605.79414111
245 3605.79414111
246 3605.79414111
247 3571.08841432
248 3571.08841432
249 3571.08841432
250 3571.08841432
251 3571.08841432
252 3571.08841432
253 3571.08841432
254 3571.08841432
255 3571.08841432
256 3571.08841432
257 3562.96742671
258 3562.96742671
259 3562.96742671
260 3562.96742671
261 3562.96742671
262 3562.96742671
263 3562.96742671
264 3562.96742671
265 3562.96742671
266 3562.96742671
267 3606.75695887
268 3606.75695887
269 3606.75695887
270 3606.75695887
271 3606.75695887
272 3606.75695887
273 3606.75695887
274 3606.75695887
275 3606.75695887
276 3606.75695887
277 3608.87959939
278 3608.87959939
279 3608.87959939
280 3608.87959939
281 3608.87959939
282 3608.87959939
283 3608.87959939
284 3608.87959939
285 3608.87959939
286 3564.18283692
287 3564.18283692
288 3564.18283692
289 3564.18283692
290 3564.18283692
291 3564.18283692
292 3564.18283692
293 3564.18283692
294 3564.18283692
295 3564.18283692
296 3588.36925899
297 3612.55568105
298 3612.55568105
299 3612.55568105
300 3612.55568105
301 3612.55568105
302 3612.55568105
303 3612.55568105
304 3612.55568105
305 3589.64705882
306 3589.64705882
307 3589.64705882
308 3589.64705882
309 3589.64705882
310 3589.64705882
311 3589.64705882
312 3589.64705882
313 3394.00016362
314 3198.35326843
315 3198.35326843
316 2544.57585802
317 1890.79844761
318 1890.79844761
319 1890.79844761
320 2767.13939067
321 3643.48033373
322 3702.37733419
323 3702.37733419
324 3544.67678959
325 3544.67678959
326 3722.05714286
327 3722.05714286
328 3682.43522013
329 3787.57016435
330 3787.57016435
331 3504.998147
332 3504.998147
333 3703.53277712
334 3618.19428571
335 3618.19428571
336 3647.66419753
337 3647.66419753
338 3644.14652015
339 3622.67912117
340 3622.67912117
341 3622.67912117
342 3622.67912117
343 3622.67912117
344 3622.67912117
345 3622.67912117
346 3622.67912117
347 3622.67912117
348 3622.67912117
349 3622.67912117
350 3622.67912117
351 3622.67912117
352 3622.67912117
353 3622.67912117
354 3622.67912117
355 3542.83899878
356 3542.83899878
357 3542.83899878
358 3542.83899878
359 3542.83899878
360 3542.83899878
361 3542.83899878
362 3542.83899878
363 3542.83899878
364 3542.83899878
365 3542.83899878
366 3542.83899878
367 3542.83899878
368 3542.83899878
369 3542.83899878
370 3578.33767425
371 3613.83634973
372 3613.83634973
373 3613.83634973
374 3613.83634973
375 3613.83634973
376 3613.83634973
377 3613.83634973
378 3613.83634973
379 3613.83634973
380 3613.83634973
381 3613.83634973
382 3613.83634973
383 3613.83634973
384 3613.83634973
385 3613.83634973
386 3623.52028478
387 3623.52028478
388 3623.52028478
389 3623.52028478
390 3623.52028478
391 3623.52028478
392 3623.52028478
393 3623.52028478
394 3623.52028478
395 3623.52028478
396 3623.52028478
397 3623.52028478
398 3623.52028478
399 3623.52028478
400 3623.52028478
401 3623.52028478
402 3623.52028478
403 3601.80148148
404 3601.80148148
405 3601.80148148
406 3601.80148148
407 3601.80148148
408 3601.80148148
409 3601.80148148
410 3601.80148148
411 3601.80148148
412 3601.80148148
413 3601.80148148
414 3601.80148148
415 3601.80148148
416 3601.80148148
417 3601.80148148
418 3619.57739558
419 3619.57739558
420 3619.57739558
421 3619.57739558
422 3619.57739558
423 3619.57739558
424 3619.57739558
425 3619.57739558
426 3619.57739558
427 3619.57739558
428 3619.57739558
429 3619.57739558
430 3619.57739558
431 3619.57739558
432 3622.40599337
433 3622.40599337
434 3622.40599337
435 3622.40599337
436 3622.40599337
437 3622.40599337
438 3622.40599337
439 3622.40599337
440 3622.40599337
441 3622.40599337
442 3622.40599337
443 3622.40599337
444 3622.40599337
445 3622.40599337
446 3598.90765476
447 3575.40931615
448 3575.40931615
449 3575.40931615
450 3575.40931615
451 3575.40931615
452 3575.40931615
453 3575.40931615
454 3575.40931615
455 3540.87184284
456 3540.87184284
457 3540.87184284
458 3540.87184284
459 3540.87184284
460 3540.87184284
461 3540.87184284
462 3540.87184284
463 3540.87184284
464 3540.87184284
465 3540.87184284
466 3540.87184284
467 3540.87184284
468 3586.58753063
469 3586.58753063
470 3586.58753063
471 3586.58753063
472 3586.58753063
473 3586.58753063
474 3586.58753063
475 3586.58753063
476 3586.58753063
477 3586.58753063
478 3586.58753063
479 3591.02182174
480 3595.45611285
481 3595.45611285
482 3595.45611285
483 3595.45611285
484 3595.45611285
485 3595.45611285
486 3595.45611285
487 3595.45611285
488 3595.45611285
489 3595.45611285
490 3598.9453269
491 3602.43454094
492 3602.43454094
493 3602.43454094
494 3602.43454094
495 3602.43454094
496 3602.43454094
497 3602.43454094
498 3602.43454094
499 3602.43454094
500 3602.43454094
501 3548.58473267
502 3548.58473267
503 3548.58473267
504 3548.58473267
505 3548.58473267
506 3548.58473267
507 3548.58473267
508 3548.58473267
509 3548.58473267
510 3548.58473267
511 3616.29993953
512 3616.29993953
513 3616.29993953
514 3616.29993953
515 3616.29993953
516 3616.29993953
517 3616.29993953
518 3616.29993953
519 3616.29993953
520 3616.29993953
521 3595.03185063
522 3573.76376173
523 3573.76376173
524 3573.76376173
525 3573.76376173
526 3573.76376173
527 3573.76376173
528 3573.76376173
529 3573.76376173
530 3575.05649362
531 3576.34922551
532 3576.34922551
533 3576.34922551
534 3576.34922551
535 3576.34922551
536 3576.34922551
537 3576.34922551
538 3576.34922551
539 3576.34922551
540 3576.34922551
541 3602.99729378
542 3602.99729378
543 3602.99729378
544 3602.99729378
545 3602.99729378
546 3602.99729378
547 3602.99729378
548 3602.99729378
549 3602.99729378
550 3602.99729378
551 3605.79414111
552 3605.79414111
553 3605.79414111
554 3605.79414111
555 3605.79414111
556 3605.79414111
557 3605.79414111
558 3605.79414111
559 3605.79414111
560 3571.08841432
561 3571.08841432
562 3571.08841432
563 3571.08841432
564 3571.08841432
565 3571.08841432
566 3571.08841432
567 3571.08841432
568 3571.08841432
569 3571.08841432
570 3562.96742671
571 3562.96742671
572 3562.96742671
573 3562.96742671
574 3562.96742671
575 3562.96742671
576 3562.96742671
577 3562.96742671
578 3562.96742671
579 3562.96742671
580 3606.75695887
581 3606.75695887
582 3606.75695887
583 3606.75695887
584 3606.75695887
585 3606.75695887
586 3606.75695887
587 3606.75695887
588 3606.75695887
589 3606.75695887
590 3608.87959939
591 3608.87959939
592 3608.87959939
593 3608.87959939
594 3608.87959939
595 3608.87959939
596 3608.87959939
597 3608.87959939
598 3608.87959939
599 3564.18283692
600 3564.18283692
601 3564.18283692
602 3564.18283692
603 3564.18283692
604 3564.18283692
605 3564.18283692
606 3564.18283692
607 3564.18283692
608 3564.18283692
609 3612.55568105
610 3612.55568105
611 3612.55568105
612 3612.55568105
613 3612.55568105
614 3612.55568105
615 3612.55568105
616 3612.55568105
617 3612.55568105
618 3589.64705882
619 3589.64705882
620 3589.64705882
621 3589.64705882
622 3589.64705882
623 3589.64705882
624 3589.64705882
625 3589.64705882
