0 12986.1419047
1243 12986.1419047
1738 14497.9563359
2361 14497.9563359
2674 15417.4154541
3511 15417.4154541
3717 15079.2248203
5011 15079.2248203
5122 13226.4705516
5669 13226.4705516
5866 15043.0960967
7136 15043.0960967
7269 13602.4490094
8612 13602.4490094
9048 12958.4004402
10066 12958.4004402
10218 13271.598976
11234 13271.598976
11539 16068.8011751
12437 16068.8011751
12719 16204.883701
13328 16204.883701
13720 16196.3701798
14590 16196.3701798
14816 16153.7579651
16154 16153.7579651
16402 16712.7027961
17474 16712.7027961
17897 12342.3073228
18576 12342.3073228
18803 16712.5267404
19309 16712.5267404
19458 13714.284267
20468 13714.284267
20572 14080.1984924
21358 14080.1984924
21795 13108.2422248
22386 13108.2422248
22853 14960.6925959
23662 14960.6925959
23817 13062.3147917
25226 13062.3147917
25538 14193.672991
26039 14193.672991
26217 12659.2791873
26921 12659.2791873
27345 14959.8509361
28183 14959.8509361
28678 14981.4338272
29611 14981.4338272
29982 15848.4423784
31292 15848.4423784
31481 13498.3438286
32346 13498.3438286
32659 15243.3674613
33421 15243.3674613
33786 14726.5336442
34685 14726.5336442
35119 13512.5276892
35708 13512.5276892
36106 15425.3863278
36686 15425.3863278
37067 13765.2898299
38029 13765.2898299
38244 15262.5302048
39389 15262.5302048
39625 12079.9029008
40995 12079.9029008
41275 13922.267717
42227 13922.267717
42424 15255.2906897
43487 15255.2906897
43877 12881.0484659
44984 12881.0484659
45369 12892.8795436
46131 12892.8795436
46350 12842.7269722
47618 12842.7269722
47999 13799.6743752
48831 13799.6743752
48978 16184.1171467
49509 16184.1171467
49704 14446.4365959
50208 14446.4365959
50371 19289.9579626
51037 19289.9579626
51323 13934.6890677
52760 13934.6890677
53192 13825.9183892
53842 13825.9183892
54099 14520.8745036
55370 14520.8745036
55725 12552.5390674
56338 12552.5390674
56597 13769.2737236
57709 13769.2737236
57815 13678.0481093
58498 13678.0481093
58784 11081.9470194
59646 11081.9470194
59777 16927.5990088
60416 16927.5990088
60876 15998.6472694
61885 15998.6472694
62368 15034.7394641
63115 15034.7394641
63496 13649.5588197
64452 13649.5588197
64671 15391.8443494
65182 15391.8443494
65361 13485.1668317
66515 13485.1668317
66811 14666.1863172
68116 14666.1863172
68576 12185.296169
69355 12185.296169
69585 13474.6703718
70755 13474.6703718
71150 13740.1416875
72299 13740.1416875
72441 14681.0375606
73009 14681.0375606
73291 13091.0427788
74714 13091.0427788
75184 11139.6204115
76500 11139.6204115
76650 11977.6093355
77596 11977.6093355
78051 12989.9064449
79306 12989.9064449
79546 15096.2880186
80937 15096.2880186
81281 12803.0215842
82104 12803.0215842
82432 17388.3424685
83453 17388.3424685
83772 16681.4578697
85027 16681.4578697
85198 12056.2352698
85878 12056.2352698
86299 13854.7476659
87467 13854.7476659
87713 14462.9189762
88507 14462.9189762
88982 12501.6985092
89974 12501.6985092
90338 10839.1603109
90858 10839.1603109
91134 15697.9253102
92127 15697.9253102
92402 16812.7796538
93431 16812.7796538
93740 13696.3272074
94274 13696.3272074
94438 12418.743749
95318 12418.743749
95534 14779.8057491
96876 14779.8057491
97316 12106.7481884
97958 12106.7481884
98421 16258.8088961
99755 16258.8088961
100058 15374.3449374
101543 15374.3449374
102022 18179.0486772
103296 18179.0486772
103725 14712.8788082
104883 14712.8788082
105343 18254.6628819
106112 18254.6628819
106503 15182.3974345
107492 15182.3974345
107699 11559.2053615
108651 11559.2053615
109085 14645.688641
110291 14645.688641
110438 15960.4590284
111584 15960.4590284
111714 12708.8229817
113001 12708.8229817
113448 15394.122637
114552 15394.122637
114959 15261.4295101
115970 15261.4295101
116194 14888.3959471
116958 14888.3959471
117300 14626.8523348
117912 14626.8523348
118218 16700.2460111
119217 16700.2460111
119494 15077.5008764
120564 15077.5008764
120859 15252.1022593
121662 15252.1022593
122122 14796.0524769
123422 14796.0524769
123564 14177.0517618
124348 14177.0517618
124543 12942.9048351
125324 12942.9048351
125725 16188.3021472
126480 16188.3021472
126890 15017.1661132
127755 15017.1661132
128203 13044.6718905
128818 13044.6718905
128920 15674.3208823
129637 15674.3208823
129888 16362.8240239
130735 16362.8240239
131013 12127.1930292
132082 12127.1930292
132398 12387.5544921
133615 12387.5544921
134089 15837.7570174
134618 15837.7570174
135117 14804.1849309
135892 14804.1849309
136298 13884.2146346
136950 13884.2146346
137238 15849.7780871
138391 15849.7780871
138829 15327.7221938
140224 15327.7221938
140706 14004.9581955
141343 14004.9581955
141465 12696.215413
142025 12696.215413
142210 14818.406123
143127 14818.406123
143371 12935.8862585
144272 12935.8862585
144734 11914.3556878
145527 11914.3556878
145773 13242.7045327
146273 13242.7045327
146571 14005.8506203
147213 14005.8506203
147421 14980.3849372
148238 14980.3849372
148684 12948.5672261
149599 12948.5672261
149919 16365.4736943
150803 16365.4736943
151270 15469.2905192
151888 15469.2905192
151994 14745.5620981
153489 14745.5620981
153658 15362.5496626
154194 15362.5496626
154683 17272.6917367
155427 17272.6917367
155549 13019.3064907
156730 13019.3064907
156904 13943.5145697
157416 13943.5145697
157555 13126.5991029
158997 13126.5991029
159388 14325.5678157
160768 14325.5678157
160976 16929.3950531
161533 16929.3950531
161729 13001.9429909
162475 13001.9429909
162798 14961.9048314
164146 14961.9048314
164489 15959.6394333
165391 15959.6394333
165745 15303.9929728
167100 15303.9929728
167567 12886.3891524
168131 12886.3891524
168609 15242.0991238
170082 15242.0991238
170330 16556.5021262
171386 16556.5021262
171689 13016.6898481
173136 13016.6898481
173466 14245.1680348
174473 14245.1680348
174959 14027.9762928
175853 14027.9762928
176144 17703.8391158
177171 17703.8391158
177375 13169.8049503
178587 13169.8049503
178833 12466.4020319
180154 12466.4020319
180294 15004.3817289
181646 15004.3817289
181999 13451.5568971
183022 13451.5568971
183169 15266.4326702
184240 15266.4326702
184374 12582.4437439
185103 12582.4437439
185383 15825.5076928
186357 15825.5076928
186729 13532.1953465
187297 13532.1953465
187639 14642.3533975
188588 14642.3533975
188767 15546.3482121
189448 15546.3482121
189567 17616.2178141
190996 17616.2178141
191264 15831.3912345
191973 15831.3912345
192080 13365.5301672
192749 13365.5301672
193140 14488.2326717
193680 14488.2326717
194131 12483.3153702
194765 12483.3153702
195029 13766.1059906
195724 13766.1059906
196131 15590.4700311
196794 15590.4700311
197020 12701.0705985
197528 12701.0705985
197951 15621.6345358
199204 15621.6345358
199405 13856.5302806
199971 13856.5302806
200191 14366.5027474
201530 14366.5027474
201744 15506.915742
203038 15506.915742
203187 15841.2437186
204333 15841.2437186
204494 12799.7355083
205183 12799.7355083
205645 16441.6051707
206614 16441.6051707
206956 15910.7603222
207628 15910.7603222
208093 13296.1721488
209068 13296.1721488
209422 15078.7851573
210204 15078.7851573
210327 13790.0368465
211258 13790.0368465
211663 12962.4233691
212736 12962.4233691
213135 14155.7088732
213903 14155.7088732
214307 15255.1263524
215491 15255.1263524
215702 16465.5174325
216542 16465.5174325
216650 15585.8540858
217196 15585.8540858
217397 14449.1360973
218690 14449.1360973
219020 13203.5216728
220121 13203.5216728
220438 15001.6792319
221143 15001.6792319
221483 12974.0266745
222112 12974.0266745
222347 13568.5510775
223041 13568.5510775
223451 10361.9095417
224016 10361.9095417
224453 14943.6957483
225876 14943.6957483
226297 12153.3184567
227158 12153.3184567
227348 15311.3710479
228363 15311.3710479
228608 15179.0576725
229261 15179.0576725
229632 15327.3711323
230519 15327.3711323
230626 12721.6519673
231235 12721.6519673
231553 14571.6875127
232446 14571.6875127
232723 15458.9175886
233851 15458.9175886
234030 15769.4930088
235516 15769.4930088
235927 14802.4789133
237277 14802.4789133
237439 16182.3548558
237983 16182.3548558
238438 14224.2286523
239832 14224.2286523
240064 14906.7460691
240740 14906.7460691
240943 14586.1100618
241983 14586.1100618
242389 16181.3447352
243812 16181.3447352
244291 15061.3906145
245042 15061.3906145
245384 17064.30208
246573 17064.30208
246925 15802.2600321
247771 15802.2600321
247953 15166.2027589
249271 15166.2027589
249763 15256.355991
250341 15256.355991
250475 16808.1827667
251669 16808.1827667
252078 14169.1519956
252862 14169.1519956
253165 14932.3229782
253991 14932.3229782
254285 13810.2612075
255214 13810.2612075
255494 16346.2812699
256076 16346.2812699
256446 17211.1895205
257588 17211.1895205
257964 13577.2220524
258990 13577.2220524
259419 13040.2565172
260449 13040.2565172
260802 15380.51486
262108 15380.51486
262588 17676.2353018
263250 17676.2353018
263385 14211.7830544
264550 14211.7830544
264692 14129.2360999
265272 14129.2360999
265746 15182.2066785
266611 15182.2066785
266950 16812.5337279
267783 16812.5337279
267978 13230.0715831
269104 13230.0715831
269536 12318.3302455
270514 12318.3302455
270761 14905.6897702
271607 14905.6897702
272087 13846.1367315
273281 13846.1367315
273579 13745.5902826
274548 13745.5902826
274721 15593.8138701
275329 15593.8138701
275702 13128.7902462
277185 13128.7902462
277437 19107.1025488
278578 19107.1025488
278754 12833.1116175
280152 12833.1116175
280568 13157.2205479
281237 13157.2205479
281602 15070.8483189
282830 15070.8483189
283164 14640.0756922
283856 14640.0756922
284122 13783.5617498
284854 13783.5617498
285088 14367.1088197
285894 14367.1088197
286102 14672.7430486
287097 14672.7430486
287211 12468.6408786
288086 12468.6408786
