0 2350.91338788
966 2350.91338788
1107 1820.96404729
2352 1820.96404729
2631 5873.39123228
3433 5873.39123228
3791 5897.23501732
4965 5897.23501732
5435 5072.79418119
6088 5072.79418119
6389 3307.84522191
7401 3307.84522191
7872 4214.42381099
8867 4214.42381099
9336 2598.62845288
10659 2598.62845288
10987 5079.69691906
11886 5079.69691906
12293 2900.72732955
13788 2900.72732955
14277 1897.47005255
14786 1897.47005255
15226 4587.2331873
16349 4587.2331873
16600 3798.71680872
17838 3798.71680872
18252 4294.14372982
18756 4294.14372982
19179 901.475383595
19788 901.475383595
20094 3109.69123425
20878 3109.69123425
21126 3988.35035549
22458 3988.35035549
22727 1719.1415836
24013 1719.1415836
24417 4933.36214412
25202 4933.36214412
25332 6165.9066857
26712 6165.9066857
27137 2069.65441287
27745 2069.65441287
27873 5700.35052637
28650 5700.35052637
29015 2709.78936257
30500 2709.78936257
30850 3375.61755558
31497 3375.61755558
31943 4888.32938905
32708 4888.32938905
32933 7205.55757726
33763 7205.55757726
33895 6127.087086
34565 6127.087086
34686 4542.70186468
35302 4542.70186468
35556 3215.57195218
36314 3215.57195218
36476 3934.95430956
37230 3934.95430956
37480 5436.78085844
38383 5436.78085844
38661 954.592731563
39747 954.592731563
39949 3320.75443644
41109 3320.75443644
41296 342.621371385
42495 342.621371385
42764 4012.13445882
43745 4012.13445882
44206 4712.11518583
45366 4712.11518583
45468 4177.60015012
46839 4177.60015012
47180 3532.30473845
48053 3532.30473845
48214 4197.2124217
48822 4197.2124217
49234 4392.28708229
50293 4392.28708229
50735 913.899086973
51307 913.899086973
51786 179.117662039
52411 179.117662039
52888 4046.17869913
53998 4046.17869913
54415 1883.62353342
55246 1883.62353342
55719 3913.93756271
56527 3913.93756271
56755 4500.13517328
58171 4500.13517328
58644 4414.04735413
59992 4414.04735413
60300 1200.13780321
60800 1200.13780321
61061 1198.79265692
62119 1198.79265692
62241 1571.43110365
63632 1571.43110365
63751 2408.24065223
64744 2408.24065223
64866 2439.71732849
65693 2439.71732849
66094 7731.80997403
66683 7731.80997403
66903 5890.68189002
67983 5890.68189002
68382 4111.70482574
69636 4111.70482574
70091 2800.21298884
70645 2800.21298884
71001 6790.59627252
72226 6790.59627252
72496 386.576347702
73133 386.576347702
73240 7931.14861294
73887 7931.14861294
74329 2240.72675626
75278 2240.72675626
75430 6011.66735365
76762 6011.66735365
76994 2595.64006969
77919 2595.64006969
78198 4520.77517312
79697 4520.77517312
80180 190.210426454
81187 190.210426454
81600 2528.56033936
83044 2528.56033936
83407 6093.03084562
84589 6093.03084562
84690 2133.93815989
86060 2133.93815989
86203 4205.77429116
87252 4205.77429116
87481 2388.43252089
88908 2388.43252089
89295 3606.10222432
90783 3606.10222432
91208 3514.67353588
91773 3514.67353588
92203 860.083924858
92827 860.083924858
93237 6331.69023283
94438 6331.69023283
94538 1258.02286457
95338 1258.02286457
95534 2498.63365629
96738 2498.63365629
96966 4686.94148813
98395 4686.94148813
98812 1703.59037512
100013 1703.59037512
100300 10746.6514495
101595 10746.6514495
101851 6928.89366741
102680 6928.89366741
103147 8765.82184565
103705 8765.82184565
103994 1174.97390123
105352 1174.97390123
105620 2296.23838918
107003 2296.23838918
107167 2457.88619916
107958 2457.88619916
108415 5269.93178753
109882 5269.93178753
110085 5840.4887637
110959 5840.4887637
111299 7021.87375867
112383 7021.87375867
112651 2634.11360829
113609 2634.11360829
113968 2676.32339919
114845 2676.32339919
115217 2258.85648303
116175 2258.85648303
116495 3468.45481442
117597 3468.45481442
118061 561.681792441
119154 561.681792441
119364 4967.97748422
120053 4967.97748422
120308 5121.30562222
121716 5121.30562222
121934 8864.03890072
123392 8864.03890072
123687 3086.84785579
124517 3086.84785579
124778 4051.9926239
125390 4051.9926239
125720 2763.86992143
126323 2763.86992143
126795 4280.68019597
127650 4280.68019597
128048 3327.23502215
129543 3327.23502215
130032 6248.88815734
130556 6248.88815734
131019 14.7618426341
132096 14.7618426341
132258 2120.13004096
132779 2120.13004096
132946 5301.19025723
134225 5301.19025723
134411 4104.38225498
135150 4104.38225498
135605 2323.90929396
136247 2323.90929396
136388 1607.44685813
137165 1607.44685813
137661 5999.31913534
138741 5999.31913534
138946 5779.68959482
140132 5779.68959482
140505 690.408150926
141379 690.408150926
141778 6179.59573701
142857 6179.59573701
143033 1745.84280782
144476 1745.84280782
144798 117.207128176
145326 117.207128176
145588 6583.16855287
147022 6583.16855287
147251 5307.01546694
148463 5307.01546694
148785 885.322873316
149499 885.322873316
149723 2039.69644251
150579 2039.69644251
150821 3605.94507735
152273 3605.94507735
152385 7164.68507848
153284 7164.68507848
153524 5787.29121833
154057 5787.29121833
154284 5980.03652076
155029 5980.03652076
155201 951.303237412
156226 951.303237412
156351 3275.68862469
157334 3275.68862469
157598 6513.67276286
159044 6513.67276286
159355 171.453070379
159938 171.453070379
160084 5791.50587743
160717 5791.50587743
160876 1865.1768336
162343 1865.1768336
162623 3870.65573553
164055 3870.65573553
164391 579.285459383
165859 579.285459383
166202 623.647604645
167542 623.647604645
167884 3105.71496984
168425 3105.71496984
168612 5772.30937344
170021 5772.30937344
170396 4500.02706671
171145 4500.02706671
171377 1585.97477193
172007 1585.97477193
172450 3376.85789947
173782 3376.85789947
174023 4988.69085094
174925 4988.69085094
175031 2460.33953649
176185 2460.33953649
176637 1380.21860272
177349 1380.21860272
177685 3722.3276853
178983 3722.3276853
179088 5465.92705401
179880 5465.92705401
180095 6568.91445472
181473 6568.91445472
181852 2713.27026526
182386 2713.27026526
182609 2244.95926476
183625 2244.95926476
184061 675.945442577
184997 675.945442577
185298 6753.28861034
186078 6753.28861034
186395 2415.03377687
187126 2415.03377687
187590 3675.72266601
189089 3675.72266601
189512 7622.7527468
190032 7622.7527468
190214 305.381836685
191128 305.381836685
191434 1308.78840302
192573 1308.78840302
192853 7601.26323502
193733 7601.26323502
193925 3034.50018992
195366 3034.50018992
195820 5291.98994488
196853 5291.98994488
197180 4615.07058937
198641 4615.07058937
198949 1685.77485809
199984 1685.77485809
200357 503.358366536
201199 503.358366536
201666 525.025971201
202806 525.025971201
202909 8979.64131003
203577 8979.64131003
203878 2843.32522722
204944 2843.32522722
205195 8053.63690699
206401 8053.63690699
206671 192.347868683
207381 192.347868683
207799 389.451878463
208916 389.451878463
209162 3074.6855584
210280 3074.6855584
210694 2483.64586946
211429 2483.64586946
211769 2073.21394668
213267 2073.21394668
213447 925.993936515
214869 925.993936515
215088 3361.10012978
215982 3361.10012978
216356 611.655622238
217765 611.655622238
218081 944.401066382
219428 944.401066382
219911 6835.28272885
221390 6835.28272885
221871 2646.98647586
222569 2646.98647586
223037 5324.41229616
224021 5324.41229616
224237 1646.0476889
225111 1646.0476889
225420 2729.25752503
226892 2729.25752503
227119 1355.49154916
227996 1355.49154916
