0 4296.74297688
543 4296.74297688
1019 7542.80565025
2339 7542.80565025
2618 5546.83283803
3906 5546.83283803
4284 8012.13806667
5522 8012.13806667
5782 1575.93668565
6788 1575.93668565
7054 5554.48479777
8137 5554.48479777
8538 1906.99898543
9942 1906.99898543
10264 5221.31524352
11453 5221.31524352
11553 3704.01887962
12803 3704.01887962
12930 387.880227526
14291 387.880227526
14546 10375.5558763
15701 10375.5558763
16016 12463.8275878
16699 12463.8275878
16876 8083.61564005
18330 8083.61564005
18576 856.834703374
19957 856.834703374
20111 13084.6029585
21500 13084.6029585
21999 5877.50142209
22584 5877.50142209
22778 5401.50289261
24119 5401.50289261
24503 2983.09144537
25092 2983.09144537
25478 3416.49065359
26562 3416.49065359
26734 5842.45510655
27674 5842.45510655
28162 4383.87102125
28906 4383.87102125
29109 1337.27727658
30425 1337.27727658
30594 4524.66903852
32069 4524.66903852
32460 3748.11562765
33111 3748.11562765
33250 1908.87513748
34099 1908.87513748
34394 3997.65790885
35437 3997.65790885
35618 3673.75991482
36707 3673.75991482
37169 689.737861369
37895 689.737861369
38195 5181.26726974
39442 5181.26726974
39619 1245.88576037
40277 1245.88576037
40574 8253.86157106
41285 8253.86157106
41691 6652.21142404
43073 6652.21142404
43279 3518.40085733
44739 3518.40085733
44894 8566.77738743
45759 8566.77738743
45870 13011.8391698
47107 13011.8391698
47283 366.68589313
47906 366.68589313
48063 7859.25134012
49338 7859.25134012
49764 8407.0256392
50795 8407.0256392
51002 3902.20696421
51649 3902.20696421
51792 2872.16753559
52622 2872.16753559
52838 626.707443203
54085 626.707443203
54376 15411.3538348
55623 15411.3538348
55843 288.231691444
57274 288.231691444
57615 776.012306398
59066 776.012306398
59196 4026.64258809
60412 4026.64258809
60533 7672.96386922
61831 7672.96386922
62068 1776.87638341
63380 1776.87638341
63813 13043.2431693
65197 13043.2431693
65307 5779.31391073
66131 5779.31391073
66600 7728.57791179
67559 7728.57791179
67995 1288.23464309
68765 1288.23464309
69216 4005.0414763
70236 4005.0414763
70720 7938.02670839
71576 7938.02670839
71868 1515.49903267
72804 1515.49903267
73291 1591.33073024
74065 1591.33073024
74470 7953.81423084
75239 7953.81423084
75429 13135.2324081
76551 13135.2324081
76918 3438.89503065
77825 3438.89503065
78055 1580.31039126
78800 1580.31039126
78994 12892.9824301
80425 12892.9824301
80682 1690.36270027
81993 1690.36270027
82381 8853.18249517
83628 8853.18249517
83763 842.334766326
84778 842.334766326
85080 7442.48706441
86133 7442.48706441
86424 8347.23473516
87059 8347.23473516
87386 1414.75510059
88093 1414.75510059
88472 2795.05380273
89401 2795.05380273
89638 5756.5467404
90207 5756.5467404
90352 4046.54439461
91616 4046.54439461
91888 9791.99428483
92820 9791.99428483
93107 2210.40304492
94569 2210.40304492
94887 7324.42894252
95598 7324.42894252
95913 7394.04515152
97179 7394.04515152
97317 3941.73682421
97946 3941.73682421
98114 8891.1316721
98699 8891.1316721
99172 5283.9525023
99968 5283.9525023
100411 1996.78449124
101429 1996.78449124
101600 3698.71913836
102734 3698.71913836
102999 1715.96645384
104069 1715.96645384
104417 3235.49529776
105135 3235.49529776
105501 10615.8691469
106295 10615.8691469
106506 9366.24405952
107322 9366.24405952
107485 8003.76366843
108054 8003.76366843
108260 1324.08016948
109477 1324.08016948
109650 5896.78706542
110259 5896.78706542
110512 1506.95723269
111633 1506.95723269
111875 1174.49300855
112591 1174.49300855
112972 4663.49548001
114116 4663.49548001
114299 6752.89445604
114865 6752.89445604
115151 11005.4077168
116286 11005.4077168
116558 10612.7943522
117457 10612.7943522
117729 7139.42173763
118283 7139.42173763
118587 5117.86571558
119284 5117.86571558
119459 2801.53860252
120797 2801.53860252
121236 8563.48343112
122275 8563.48343112
122610 280.291854497
123748 280.291854497
124039 6592.72719806
125066 6592.72719806
125373 1241.46737996
126708 1241.46737996
127050 508.623949298
127850 508.623949298
128208 5318.48214155
129040 5318.48214155
129504 4157.92984902
130574 4157.92984902
130954 186.602876391
132225 186.602876391
132715 550.848488442
134189 550.848488442
134331 1342.41070686
135199 1342.41070686
135661 6775.70448135
136965 6775.70448135
137156 3835.11064532
138241 3835.11064532
138559 7405.97895919
139968 7405.97895919
140382 1416.24641495
141603 1416.24641495
141711 6416.72508636
142693 6416.72508636
143115 9207.90545234
143948 9207.90545234
144416 774.903654043
145106 774.903654043
145581 3800.66650253
146607 3800.66650253
146834 5428.6012163
147377 5428.6012163
147810 9770.19011325
148528 9770.19011325
148819 1031.12571368
150072 1031.12571368
150367 449.315785133
151610 449.315785133
151830 11414.9803892
152612 11414.9803892
152719 1463.55687017
153883 1463.55687017
154240 737.587428763
155583 737.587428763
156002 12272.0744321
157286 12272.0744321
157613 2354.96146797
158889 2354.96146797
159256 1505.29291748
160140 1505.29291748
160249 9633.2119741
161279 9633.2119741
161395 2116.05473617
161989 2116.05473617
162261 3644.97568786
162894 3644.97568786
163166 11006.2429269
164153 11006.2429269
164334 532.077746145
165144 532.077746145
165598 181.650973378
166500 181.650973378
166749 1688.98385761
167555 1688.98385761
168035 4032.60078462
169476 4032.60078462
169791 1014.49203508
170669 1014.49203508
170789 2718.0835914
171608 2718.0835914
172012 12650.0726985
173087 12650.0726985
173586 554.660781879
174125 554.660781879
174395 5421.57866288
174933 5421.57866288
175137 9875.19536312
176134 9875.19536312
176496 23.9268081807
177635 23.9268081807
177782 2433.88455118
178464 2433.88455118
178855 2151.64309871
180268 2151.64309871
180587 11759.2413336
181931 11759.2413336
182039 1219.0502515
183338 1219.0502515
183691 364.852861006
184988 364.852861006
185188 2022.72102274
186163 2022.72102274
186311 528.621750621
187059 528.621750621
187166 1223.6966793
188141 1223.6966793
188510 8103.38096331
189657 8103.38096331
190133 13101.4662512
190659 13101.4662512
191004 10362.6541694
192439 10362.6541694
192904 4944.18784371
193504 4944.18784371
193936 2231.84516481
194869 2231.84516481
194982 1784.40006794
195823 1784.40006794
196129 2120.23637588
197430 2120.23637588
197599 237.087657783
198749 237.087657783
198945 2212.15384579
199586 2212.15384579
199812 2153.6467721
200710 2153.6467721
201065 7175.66890895
202332 7175.66890895
202831 7931.50711582
203844 7931.50711582
204240 811.674947892
204983 811.674947892
205296 4190.86117725
206228 4190.86117725
206510 3367.19961049
207958 3367.19961049
208433 10164.3912586
209368 10164.3912586
209836 9786.64129689
211268 9786.64129689
211416 1117.37235271
212230 1117.37235271
212363 10979.1222393
213692 10979.1222393
214170 6710.23243636
215600 6710.23243636
215802 9165.61565083
216305 9165.61565083
216648 1062.98033679
217701 1062.98033679
218137 9065.24613874
218968 9065.24613874
219301 1273.6760688
220426 1273.6760688
220916 3749.52093689
221491 3749.52093689
221941 4033.66129568
223368 4033.66129568
223641 246.621252134
224984 246.621252134
225295 7634.88409066
226077 7634.88409066
226487 4077.89186777
227049 4077.89186777
227223 1591.31766539
228565 1591.31766539
228690 1797.36605028
229998 1797.36605028
230112 3251.65076954
231196 3251.65076954
231435 4854.65295024
232055 4854.65295024
232287 6020.21328076
233159 6020.21328076
233426 1544.27796037
234007 1544.27796037
234450 4527.87700704
235532 4527.87700704
235755 2113.93883874
237204 2113.93883874
237598 860.476468341
239008 860.476468341
239117 842.674345578
240373 842.674345578
240638 5511.5646838
241259 5511.5646838
241434 8399.54015571
242645 8399.54015571
243088 17520.8557876
243694 17520.8557876
244142 545.467042814
244764 545.467042814
245144 2865.55152975
246474 2865.55152975
246685 4343.14580381
247376 4343.14580381
247701 757.720811255
248958 757.720811255
249350 971.666713895
250244 971.666713895
250550 13337.1909894
251955 13337.1909894
252120 9085.03942737
253309 9085.03942737
253766 3805.00456273
254608 3805.00456273
254776 7616.45191572
255282 7616.45191572
255474 4536.98976645
256814 4536.98976645
257296 11657.9332053
257896 11657.9332053
258188 903.462073668
259031 903.462073668
259280 12200.5423799
260295 12200.5423799
260602 1040.40973328
261985 1040.40973328
262434 4395.81424418
263110 4395.81424418
263599 4335.24944637
264937 4335.24944637
265262 5581.23282134
265872 5581.23282134
266147 11209.4082512
267118 11209.4082512
267430 1347.46773173
268047 1347.46773173
268390 759.770301448
269034 759.770301448
269187 5060.55244956
270561 5060.55244956
270769 9267.54875524
272156 9267.54875524
