0 3336.95572623
1490 3336.95572623
1743 3330.06698021
2977 3330.06698021
3145 2099.66828866
4321 2099.66828866
4691 3023.38158187
5853 3023.38158187
6145 2287.57746682
7479 2287.57746682
7872 1397.89159102
9047 1397.89159102
9409 2680.39355331
10499 2680.39355331
10710 3722.59718831
11900 3722.59718831
12185 3711.13868877
13392 3711.13868877
13534 2358.18437545
14170 2358.18437545
14469 2221.54846288
15167 2221.54846288
15654 1726.00971497
16719 1726.00971497
17217 3433.78353436
17980 3433.78353436
18296 2738.26149089
19320 2738.26149089
19627 3850.5563448
20805 3850.5563448
20995 3537.00117824
22150 3537.00117824
22278 2552.38266328
23287 2552.38266328
23600 2414.31655384
24244 2414.31655384
24648 1138.48072605
25508 1138.48072605
25940 1565.34086273
26754 1565.34086273
27027 2305.56095907
28130 2305.56095907
28311 3248.0002392
29517 3248.0002392
29695 2037.45154915
30723 2037.45154915
31215 2723.96832662
32065 2723.96832662
32504 1994.51293594
33564 1994.51293594
33887 2764.76200286
35194 2764.76200286
35464 1448.02674607
35979 1448.02674607
36341 1818.84539829
36951 1818.84539829
37099 4256.62223371
38083 4256.62223371
38218 2362.78332654
38905 2362.78332654
39298 2429.85401151
40469 2429.85401151
40680 2034.06331809
41697 2034.06331809
42029 4281.12036544
42932 4281.12036544
43327 3216.52245236
43981 3216.52245236
44475 3905.18381561
45467 3905.18381561
45768 2604.7397083
47007 2604.7397083
47339 3499.2362313
48693 3499.2362313
48941 1939.43331061
49444 1939.43331061
49855 2336.24850121
51062 2336.24850121
51405 2097.37607893
52089 2097.37607893
52272 1874.08974851
53555 1874.08974851
53989 1875.74436751
54715 1875.74436751
55197 2383.09608982
56511 2383.09608982
56624 3457.94278987
57700 3457.94278987
57874 2871.46728004
59127 2871.46728004
59335 1940.82242624
60052 1940.82242624
60333 3128.10235995
60849 3128.10235995
61174 2542.93872808
62104 2542.93872808
62335 1882.92277154
63754 1882.92277154
64100 3214.15916389
65139 3214.15916389
65526 1473.5247467
66224 1473.5247467
66477 1990.98251262
67900 1990.98251262
68043 1480.23958399
68909 1480.23958399
69145 2485.30927073
70577 2485.30927073
71027 1594.89244642
71850 1594.89244642
72262 1670.30048286
73572 1670.30048286
74049 3634.29972026
75225 3634.29972026
75493 2755.90821023
76551 2755.90821023
76694 3236.45923968
77469 3236.45923968
77753 3176.58420158
78622 3176.58420158
79023 3300.14716121
79628 3300.14716121
79926 1936.02498
80979 1936.02498
81256 1941.06647648
82527 1941.06647648
82675 1970.52485305
83316 1970.52485305
83489 3245.47385657
84331 3245.47385657
84774 3250.21370899
85381 3250.21370899
85606 3083.84087851
86471 3083.84087851
86715 3219.65668067
87807 3219.65668067
87995 2353.30176419
88551 2353.30176419
89041 3570.58115508
90529 3570.58115508
90880 2629.76498471
91473 2629.76498471
91850 1402.39498362
92671 1402.39498362
92891 2916.31662178
93827 2916.31662178
94229 2792.98641941
95434 2792.98641941
95702 3759.8276434
97113 3759.8276434
97424 3503.89891015
98411 3503.89891015
98720 3641.92566372
100160 3641.92566372
100592 1877.33497726
101691 1877.33497726
101974 2842.781419
103344 2842.781419
103631 2207.31633417
104159 2207.31633417
104368 1515.96240882
105615 1515.96240882
106046 2816.07495348
106734 2816.07495348
106868 3691.51471187
107493 3691.51471187
107920 1303.06383592
109334 1303.06383592
109601 2672.54595442
111069 2672.54595442
111294 2050.27795962
112304 2050.27795962
112506 3403.77477887
113918 3403.77477887
114408 1753.18045348
115444 1753.18045348
115544 2948.25606777
116434 2948.25606777
116754 3529.83920272
117901 3529.83920272
118222 2985.6848442
119651 2985.6848442
119792 2772.60312586
120663 2772.60312586
121131 3176.31777995
122629 3176.31777995
123022 2356.42599945
123864 2356.42599945
124101 3259.26063966
125097 3259.26063966
125383 1851.68617273
126311 1851.68617273
126750 2365.47764389
127745 2365.47764389
128224 3065.17191233
129129 3065.17191233
129560 3340.93030803
130066 3340.93030803
130200 2177.49058786
130749 2177.49058786
131053 2948.49714223
132161 2948.49714223
132391 2389.49486474
133132 2389.49486474
133306 535.360722147
134545 535.360722147
134745 2229.29067768
136096 2229.29067768
136395 1159.62332232
137628 1159.62332232
138017 2098.62926936
138806 2098.62926936
139180 1084.7086036
140495 1084.7086036
140787 2395.96187267
141513 2395.96187267
141944 2574.73310102
142953 2574.73310102
143379 3171.97381625
144033 3171.97381625
144233 2813.73005715
145305 2813.73005715
145476 2977.63210904
146239 2977.63210904
146500 4446.60747623
147832 4446.60747623
148221 1470.26438341
149283 1470.26438341
149473 2769.77185854
150263 2769.77185854
150645 4382.60203082
151692 4382.60203082
151938 2547.84029802
153285 2547.84029802
153542 2945.97610021
154447 2945.97610021
154828 2939.78906639
155529 2939.78906639
155695 2103.8347301
156498 2103.8347301
156770 2699.14550557
158090 2699.14550557
158262 2455.92813847
158841 2455.92813847
159189 3072.37063459
160397 3072.37063459
160699 3521.6613938
161724 3521.6613938
162202 2651.69595347
163093 2651.69595347
163521 1809.11222024
164695 1809.11222024
164867 1693.11563814
165674 1693.11563814
165972 2917.79205302
166734 2917.79205302
167134 2895.31606495
167718 2895.31606495
168145 3024.18279992
168670 3024.18279992
169120 3190.97822062
170565 3190.97822062
171064 2549.06321666
172482 2549.06321666
172600 1394.41530903
173774 1394.41530903
174103 1604.98419023
175384 1604.98419023
175512 3414.88986263
176354 3414.88986263
176481 2843.97194264
177843 2843.97194264
177944 2473.82909752
179224 2473.82909752
179524 2754.98763487
181021 2754.98763487
181133 3012.47728292
182233 3012.47728292
182482 3753.29265989
183329 3753.29265989
183442 3490.24150485
184201 3490.24150485
184447 2410.43060755
185079 2410.43060755
185551 2483.37574444
186855 2483.37574444
187077 2093.50085518
187834 2093.50085518
188294 3964.71154793
189034 3964.71154793
189327 2306.97901135
190663 2306.97901135
191073 3836.97267068
192248 3836.97267068
192513 3443.30579287
194006 3443.30579287
194480 2484.75315673
195416 2484.75315673
195733 1926.18685466
197205 1926.18685466
197470 1655.23287994
198177 1655.23287994
198607 2942.80711836
199240 2942.80711836
199428 2040.57952123
200261 2040.57952123
200713 3301.84686142
201578 3301.84686142
201716 2144.8159412
202588 2144.8159412
202937 1399.59066019
204414 1399.59066019
204676 2875.26324143
205830 2875.26324143
206026 2747.66768832
207465 2747.66768832
