0 1766.64254699
1449 1766.64254699
1925 1850.05427246
2625 1850.05427246
2952 1702.6681736
3882 1702.6681736
4132 6644.86247006
5209 6644.86247006
5355 1833.56015725
5959 1833.56015725
6199 5630.82804929
7423 5630.82804929
7660 4737.6517235
8285 4737.6517235
8393 10691.7653836
9707 10691.7653836
9962 5159.40979809
11405 5159.40979809
11756 4764.44652551
13223 4764.44652551
13636 1145.34149586
14918 1145.34149586
15155 3286.20035945
15903 3286.20035945
16367 1174.64545728
16994 1174.64545728
17457 368.671311065
18316 368.671311065
18591 3354.33751037
19516 3354.33751037
19735 432.781454285
20800 432.781454285
21239 1049.57499869
22474 1049.57499869
22586 2436.08320328
23931 2436.08320328
24213 6854.49320729
25024 6854.49320729
25319 7732.37307616
26394 7732.37307616
26777 1506.30250176
27940 1506.30250176
28130 3283.69326831
29154 3283.69326831
29534 1800.73239823
30676 1800.73239823
30937 305.834184238
31614 305.834184238
31940 2159.64252302
33313 2159.64252302
33756 2149.24343875
34359 2149.24343875
34852 3137.61360811
36306 3137.61360811
36687 6236.12696593
38097 6236.12696593
38501 112.915052373
39997 112.915052373
40439 10434.9411339
41880 10434.9411339
42146 5847.50376563
42761 5847.50376563
43089 329.574570015
44242 329.574570015
44678 4542.27458702
45615 4542.27458702
46004 9290.57114339
47459 9290.57114339
47762 6110.99728634
48767 6110.99728634
49032 4151.24140023
49615 4151.24140023
50000 7229.37641315
51126 7229.37641315
51402 6057.78339141
52399 6057.78339141
52588 10160.9741803
53589 10160.9741803
53871 1166.26626189
54829 1166.26626189
55042 4248.7220578
55547 4248.7220578
55817 7162.79676021
56970 7162.79676021
57151 7943.57593044
58190 7943.57593044
58629 2103.6277811
59470 2103.6277811
59854 2708.95879925
60839 2708.95879925
61128 1877.6813227
62053 1877.6813227
62367 1647.26950597
62949 1647.26950597
63214 469.720311039
64331 469.720311039
64623 1413.08047976
66008 1413.08047976
66283 6128.46527841
67204 6128.46527841
67519 1374.70195831
68180 1374.70195831
68460 10072.4840012
69944 10072.4840012
70087 578.154400893
70813 578.154400893
71250 7711.43874
72277 7711.43874
72464 748.11418627
73472 748.11418627
73663 4162.90148177
74438 4162.90148177
74553 5555.41465191
75217 5555.41465191
75623 1428.25093012
76585 1428.25093012
76693 1798.74357865
77431 1798.74357865
77751 4819.35026405
78294 4819.35026405
78609 4728.79464857
79782 4728.79464857
79908 8370.69440691
81322 8370.69440691
81529 2781.89539573
82859 2781.89539573
82995 815.099602824
83658 815.099602824
83944 2161.22804514
84805 2161.22804514
85090 6539.39740896
85981 6539.39740896
86112 9782.51051092
87338 9782.51051092
87476 1450.05137229
88436 1450.05137229
88588 5495.18147956
89253 5495.18147956
89708 3360.66409006
90712 3360.66409006
90923 8433.32637986
92082 8433.32637986
92553 4557.9304197
93381 4557.9304197
93776 3205.51268683
94732 3205.51268683
95178 5833.59866771
95800 5833.59866771
96229 4185.47978285
97366 4185.47978285
97756 2968.25243858
98375 2968.25243858
98518 6578.13995875
99804 6578.13995875
100038 6787.20062797
101065 6787.20062797
101420 2553.11368704
102899 2553.11368704
103034 8126.28444421
104327 8126.28444421
104511 6713.2189898
105011 6713.2189898
105433 6854.3261181
106834 6854.3261181
107206 7053.03985693
108659 7053.03985693
109083 8728.71225942
109676 8728.71225942
109828 10007.899177
111292 10007.899177
111759 4131.81956931
112882 4131.81956931
113239 2703.4695502
114498 2703.4695502
114959 1249.513033
115644 1249.513033
115829 11210.4848797
117197 11210.4848797
117527 5650.40993429
118583 5650.40993429
119080 5000.05094459
120084 5000.05094459
120531 6852.40202385
121739 6852.40202385
121885 205.902144713
123054 205.902144713
123297 1065.19695962
123869 1065.19695962
124346 3701.48752961
125369 3701.48752961
125480 1713.75615006
126556 1713.75615006
127005 10913.9819819
127913 10913.9819819
128398 8702.71217175
129329 8702.71217175
129456 1849.00388803
129957 1849.00388803
130074 2867.31919047
131272 2867.31919047
131428 8074.13991428
132112 8074.13991428
132509 1663.78539603
133848 1663.78539603
134073 5797.01916049
134630 5797.01916049
135066 2266.81612033
136388 2266.81612033
136521 8029.70042398
137835 8029.70042398
138204 6206.06948847
138920 6206.06948847
139099 3932.73708478
140227 3932.73708478
140520 4584.82353255
141205 4584.82353255
141656 4675.05836768
142830 4675.05836768
143159 1146.64831525
143928 1146.64831525
144378 3569.22648826
145306 3569.22648826
145447 5566.42420576
146575 5566.42420576
146788 5740.69534426
147686 5740.69534426
147887 6050.9666165
149294 6050.9666165
149537 1644.26389804
150479 1644.26389804
150880 6311.73291381
151774 6311.73291381
151978 4649.03177752
153176 4649.03177752
153500 675.270824937
154503 675.270824937
154983 82.9144588385
156001 82.9144588385
156104 4077.18370597
157235 4077.18370597
157475 4824.40326901
158775 4824.40326901
159191 3087.63238127
160110 3087.63238127
160441 6966.54363583
161690 6966.54363583
161947 7246.56403306
163313 7246.56403306
163682 3480.6330326
164439 3480.6330326
164557 7932.90540812
165308 7932.90540812
165412 5626.4615051
166488 5626.4615051
166834 3561.89639027
168020 3561.89639027
168305 9317.14580561
168970 9317.14580561
169420 6817.25531853
169976 6817.25531853
170448 2225.00921483
171551 2225.00921483
171771 5702.4150714
173137 5702.4150714
173251 1366.5156487
173820 1366.5156487
174039 7125.3907738
174582 7125.3907738
175047 1590.22031317
176105 1590.22031317
176236 335.824753624
177089 335.824753624
177268 3808.87775457
178520 3808.87775457
178815 1152.63170515
179340 1152.63170515
179793 2363.51234746
180297 2363.51234746
180706 6931.18143338
181697 6931.18143338
182189 5614.12962144
183220 5614.12962144
183562 7253.92395202
184584 7253.92395202
184949 2586.84584071
185738 2586.84584071
185943 4209.35819954
186738 4209.35819954
187043 13000.7500088
188303 13000.7500088
188487 4424.4154399
189052 4424.4154399
189422 3093.98023955
190908 3093.98023955
191306 460.326401565
192336 460.326401565
192775 2262.42459133
193513 2262.42459133
193843 7643.54197518
194904 7643.54197518
195209 430.794316484
196085 430.794316484
196203 2302.13227653
196910 2302.13227653
197382 10230.1483437
198236 10230.1483437
198371 945.937523592
199202 945.937523592
199605 6978.51100647
200314 6978.51100647
200531 3216.13229826
201661 3216.13229826
201792 4325.23073077
202580 4325.23073077
202941 28.3035053648
203530 28.3035053648
203729 2588.65841215
205151 2588.65841215
205486 6330.12401414
206935 6330.12401414
207396 2177.29236023
208390 2177.29236023
208843 6028.7033855
210155 6028.7033855
210441 4363.72655063
210966 4363.72655063
211077 9131.90860415
212447 9131.90860415
212701 4844.27451576
214007 4844.27451576
214141 7096.59636379
215639 7096.59636379
216019 5671.64767997
216934 5671.64767997
217297 5494.39335115
218614 5494.39335115
218871 4127.06487101
220292 4127.06487101
220437 2204.62317553
221792 2204.62317553
222037 2679.98527969
222870 2679.98527969
223139 1002.06403604
223812 1002.06403604
223994 8763.25274242
224700 8763.25274242
224972 8368.22305687
226391 8368.22305687
226518 5460.41933046
227333 5460.41933046
227658 1960.70525765
228784 1960.70525765
228919 949.206900699
229894 949.206900699
230251 4216.88251884
230984 4216.88251884
231107 4688.24875062
231965 4688.24875062
232331 450.186413698
233399 450.186413698
233869 6620.21829395
234697 6620.21829395
234918 1250.8393822
236243 1250.8393822
236596 1202.12472005
237341 1202.12472005
237519 1423.38874634
238753 1423.38874634
238901 6742.56369845
240299 6742.56369845
240556 1751.91455924
242054 1751.91455924
242236 4812.27511294
243033 4812.27511294
243272 6502.80847013
243786 6502.80847013
244119 6766.92516652
245616 6766.92516652
245950 2353.77321821
247285 2353.77321821
247570 7228.61699224
248424 7228.61699224
248535 5794.90062054
249800 5794.90062054
250070 2108.93472362
250890 2108.93472362
251147 3473.88888918
251747 3473.88888918
251874 1640.43693557
253347 1640.43693557
253802 3863.64431312
255275 3863.64431312
255642 5753.14744768
256568 5753.14744768
257011 6027.47962557
258272 6027.47962557
258405 4936.62382601
259463 4936.62382601
259916 10721.5865344
260910 10721.5865344
261337 3806.90256684
262280 3806.90256684
262774 5803.74682339
264076 5803.74682339
264365 4538.88241808
265618 4538.88241808
265973 7544.10073627
266767 7544.10073627
266933 2800.40999527
267732 2800.40999527
268147 6611.04157018
269594 6611.04157018
269817 2325.15343203
270675 2325.15343203
270931 7366.76814529
272280 7366.76814529
272455 4291.45798242
273813 4291.45798242
274180 1835.88276693
275376 1835.88276693
275753 59.8107357844
276647 59.8107357844
276929 2201.17210978
277568 2201.17210978
277715 5862.74047475
279159 5862.74047475
279304 4279.79348757
280039 4279.79348757
280433 7733.256369
281369 7733.256369
281563 6067.3599047
282420 6067.3599047
282807 9198.54567707
283842 9198.54567707
284074 1342.07735155
284613 1342.07735155
284810 4024.75049304
285780 4024.75049304
285896 4935.62907019
287229 4935.62907019
287548 8541.08315909
288261 8541.08315909
288373 2299.84857262
288950 2299.84857262
289322 1671.57455741
290632 1671.57455741
291056 2242.4050898
291835 2242.4050898
292090 4167.44606091
292704 4167.44606091
292837 974.099763434
294057 974.099763434
