0 5340.86733408
576 5340.86733408
924 4536.84434044
1563 4536.84434044
1851 4726.61776635
2675 4726.61776635
2816 4302.07071102
3779 4302.07071102
3901 4470.53745321
4849 4470.53745321
5300 3939.02807428
5839 3939.02807428
6285 4895.44519544
7574 4895.44519544
8073 4048.14170797
9184 4048.14170797
9286 5056.41404414
9953 5056.41404414
10330 5313.24252798
10894 5313.24252798
11340 4768.6263184
12398 4768.6263184
12810 5544.14717441
14257 5544.14717441
14755 4490.94994431
15805 4490.94994431
15920 4644.63716485
17186 4644.63716485
17541 4572.5349576
18768 4572.5349576
18928 4482.3984767
19689 4482.3984767
19806 4142.97842888
21109 4142.97842888
21506 4535.46056998
22740 4535.46056998
22931 4559.04245465
24316 4559.04245465
24810 3553.27393711
25846 3553.27393711
25950 4200.01132594
27229 4200.01132594
27495 4400.87831353
28429 4400.87831353
28643 4969.76669114
29856 4969.76669114
30016 4460.34151098
30885 4460.34151098
31011 4156.75588256
32265 4156.75588256
32504 4865.17632517
33880 4865.17632517
34128 4013.10329064
35265 4013.10329064
35558 4218.9075647
36844 4218.9075647
37194 4683.22452145
38206 4683.22452145
38470 3910.15005307
39542 3910.15005307
39757 4511.1169505
40564 4511.1169505
40699 4325.16791864
41848 4325.16791864
42052 4213.83681038
42662 4213.83681038
42846 4625.1958296
43350 4625.1958296
43459 5316.86917459
44126 5316.86917459
44302 3177.24794575
45375 3177.24794575
45754 3347.82791955
46781 3347.82791955
47220 4626.81866378
48215 4626.81866378
48565 5128.45804879
49442 5128.45804879
49702 3573.03767248
50475 3573.03767248
50893 3781.6654684
51448 3781.6654684
51870 2899.82327509
53042 2899.82327509
53465 4601.84087877
54693 4601.84087877
55096 4582.71099405
56210 4582.71099405
56520 3427.10936146
57780 3427.10936146
58040 4494.86467711
58884 4494.86467711
59087 5061.73734435
60202 5061.73734435
60382 4194.7832835
61112 4194.7832835
61416 4663.5546425
62124 4663.5546425
62250 4786.96633956
62930 4786.96633956
63179 4752.38870945
64517 4752.38870945
64709 3760.99073169
65949 3760.99073169
66329 3348.66327988
66976 3348.66327988
67378 5303.49293991
68541 5303.49293991
68805 4254.49383345
70160 4254.49383345
70655 3981.1182432
71468 3981.1182432
71834 3767.81185516
73084 3767.81185516
73350 4496.0472192
74109 4496.0472192
74519 4972.56153392
75184 4972.56153392
75462 4358.73584503
76373 4358.73584503
76497 3763.85677129
77063 3763.85677129
77185 4742.9401975
77969 4742.9401975
78115 4443.37676328
78753 4443.37676328
79217 4186.32685149
80030 4186.32685149
80172 4110.64277839
81051 4110.64277839
81513 4978.11610606
82817 4978.11610606
83167 4754.95426691
83863 4754.95426691
84248 4855.00881394
85168 4855.00881394
85464 5033.09141287
86830 5033.09141287
87104 4171.3387308
87968 4171.3387308
88162 4516.71874704
89531 4516.71874704
90029 3697.7407313
90583 3697.7407313
90812 4902.35187615
91564 4902.35187615
92063 4434.74304771
92952 4434.74304771
93335 5155.91640309
94328 5155.91640309
94717 4133.66182932
95987 4133.66182932
96199 4805.68956447
96799 4805.68956447
96979 3726.96710332
98215 3726.96710332
98606 4185.48530709
99148 4185.48530709
99288 3563.81336247
100108 3563.81336247
100436 4957.60973979
101235 4957.60973979
101497 4190.30263187
102445 4190.30263187
102680 4787.64178244
103452 4787.64178244
103693 4170.03379525
104690 4170.03379525
105089 3283.99247219
106363 3283.99247219
106481 3412.50523373
107838 3412.50523373
108332 3715.61485229
109548 3715.61485229
109991 3126.14449357
110997 3126.14449357
111418 4349.6926958
112271 4349.6926958
112723 4484.78404989
113293 4484.78404989
113685 4612.54700688
114574 4612.54700688
114736 4446.58689169
116135 4446.58689169
116426 4786.06478524
117599 4786.06478524
117731 4597.8815454
118527 4597.8815454
118919 4508.80622715
120369 4508.80622715
120570 4281.72897576
121773 4281.72897576
121978 4743.9473382
123305 4743.9473382
123491 5093.75622151
124655 5093.75622151
125129 4792.59948144
126033 4792.59948144
126288 4847.21911442
127687 4847.21911442
128113 4541.34377924
128682 4541.34377924
129095 3687.3089043
129941 3687.3089043
130227 4217.92750436
131197 4217.92750436
131539 3805.52417716
132546 3805.52417716
132838 4115.02760922
133549 4115.02760922
134025 5241.54017097
134872 5241.54017097
135289 4793.23399171
136376 4793.23399171
136766 5338.67025894
138063 5338.67025894
138314 4796.23143049
139348 4796.23143049
139641 4372.43841128
140788 4372.43841128
141122 5031.85181154
142390 5031.85181154
142646 3448.7873463
143749 3448.7873463
143992 5091.00992816
145025 5091.00992816
145264 4936.02703333
146062 4936.02703333
146167 3989.87603528
147139 3989.87603528
147381 4274.42697527
148838 4274.42697527
149223 4389.09962205
150541 4389.09962205
150865 4386.31003462
151500 4386.31003462
151836 4225.42499016
153138 4225.42499016
153519 4308.06931331
154600 4308.06931331
154919 4393.74882245
156356 4393.74882245
156653 5077.91072792
157855 5077.91072792
158218 4790.62846403
159457 4790.62846403
159702 4280.5539715
160256 4280.5539715
160504 5262.06901191
161785 5262.06901191
162125 3816.62026145
163480 3816.62026145
163719 4033.99235187
164924 4033.99235187
165306 5300.22906049
165984 5300.22906049
166368 3943.33595114
167274 3943.33595114
167379 4609.17876185
168850 4609.17876185
169060 5596.33658767
169805 5596.33658767
170130 4620.23823984
171595 4620.23823984
172043 4790.70128509
173243 4790.70128509
173509 4133.9160183
174237 4133.9160183
174515 3681.43174071
175086 3681.43174071
175506 4173.84428326
176086 4173.84428326
176343 4236.60737087
177820 4236.60737087
178282 3319.80746359
179769 3319.80746359
180079 4465.87664778
180781 4465.87664778
181127 3110.73694523
182167 3110.73694523
182459 4181.49149021
183259 4181.49149021
183643 3633.65295774
184850 3633.65295774
185060 4148.335308
185811 4148.335308
186050 4029.83682471
187484 4029.83682471
187853 3930.28755633
188399 3930.28755633
188704 4676.59428212
189821 4676.59428212
189926 4604.7191206
191365 4604.7191206
191769 4922.40379392
192550 4922.40379392
192760 3559.59865571
194036 3559.59865571
194201 5650.95804893
195031 5650.95804893
195499 4516.07669288
196762 4516.07669288
196944 4176.50268534
197501 4176.50268534
197854 4104.7868769
198697 4104.7868769
199019 3728.97150071
200461 3728.97150071
200746 3964.7187111
201295 3964.7187111
201561 4694.10564034
202722 4694.10564034
203009 4962.05688862
203926 4962.05688862
204042 3462.36758691
205050 3462.36758691
205421 4462.74580622
206105 4462.74580622
206372 4485.01197655
206940 4485.01197655
207259 3756.53769332
208181 3756.53769332
208667 5854.47513703
209231 5854.47513703
209682 4782.31626424
210199 4782.31626424
210338 4194.09644756
211272 4194.09644756
211730 4629.49966705
213129 4629.49966705
213456 4223.71260152
214229 4223.71260152
214569 3794.50746275
215326 3794.50746275
215493 4242.61923994
216378 4242.61923994
216797 4699.34020647
217387 4699.34020647
217798 4832.18738094
218702 4832.18738094
218942 4992.19045393
220085 4992.19045393
220356 5408.48413007
221565 5408.48413007
221832 4268.48944927
223217 4268.48944927
223443 4222.79605222
224806 4222.79605222
224909 4044.6341485
225910 4044.6341485
