0 13312.101544
583 13312.101544
1066 9946.59210574
1761 9946.59210574
1928 1848.73704828
2966 1848.73704828
3379 2527.19236092
4782 2527.19236092
5278 9122.77508003
6109 9122.77508003
6345 7067.45748677
7254 7067.45748677
7427 4676.52671716
8088 4676.52671716
8188 7266.73736652
8825 7266.73736652
8955 7348.3490928
9560 7348.3490928
9909 3516.25988909
11138 3516.25988909
11287 1601.11668436
12546 1601.11668436
12850 2272.67088796
13374 2272.67088796
13718 8802.288087
14874 8802.288087
15150 2150.74948771
16351 2150.74948771
16721 1229.87273128
17604 1229.87273128
17750 5720.73986598
18734 5720.73986598
18979 5554.70327017
20369 5554.70327017
20475 1001.02391513
21947 1001.02391513
22089 2732.90673594
23128 2732.90673594
23519 9472.86317392
24547 9472.86317392
25042 4861.90170525
25848 4861.90170525
26004 5067.20939727
27297 5067.20939727
27709 9022.0899147
28914 9022.0899147
29257 9584.72958997
30525 9584.72958997
30628 8789.94334159
31835 8789.94334159
32328 4161.86620905
33146 4161.86620905
33571 1066.06922715
34515 1066.06922715
34714 3839.7446127
35624 3839.7446127
35926 2532.75469658
37073 2532.75469658
37459 2589.99386214
38669 2589.99386214
38804 9413.36381719
40144 9413.36381719
40483 2431.39163575
41792 2431.39163575
42226 4074.05533202
43367 4074.05533202
43647 764.437650922
44170 764.437650922
44534 3793.00578397
45924 3793.00578397
46297 6043.54486562
47791 6043.54486562
48186 5864.99682995
49239 5864.99682995
49388 1597.69097734
50086 1597.69097734
50551 7034.15040168
51657 7034.15040168
51933 503.975321124
52785 503.975321124
53272 3723.33603965
54381 3723.33603965
54603 4705.38482214
55225 4705.38482214
55461 6454.10688173
56215 6454.10688173
56406 9388.06674107
57233 9388.06674107
57343 4010.52481937
58594 4010.52481937
58873 11346.3189388
59689 11346.3189388
59997 2387.54315976
60691 2387.54315976
60897 6063.96236229
61993 6063.96236229
62241 8316.78614523
63025 8316.78614523
63374 1662.0399816
64267 1662.0399816
64754 5257.6971327
65289 5257.6971327
65750 7545.32570494
66963 7545.32570494
67455 4193.0656345
68163 4193.0656345
68284 5934.26191443
69367 5934.26191443
69574 2201.5148338
70288 2201.5148338
70658 7198.84229734
71946 7198.84229734
72066 5584.82724819
73118 5584.82724819
73330 2.04125905698
74247 2.04125905698
74369 101.054311261
75190 101.054311261
75435 2441.6482968
76775 2441.6482968
76996 8409.30127301
78323 8409.30127301
78555 2818.01072428
79515 2818.01072428
79861 2243.67383158
80933 2243.67383158
81221 14321.7374659
82559 14321.7374659
82901 7861.67658169
83827 7861.67658169
84270 6270.95570846
85431 6270.95570846
85846 8001.22532977
86466 8001.22532977
86699 44.9344509517
87352 44.9344509517
87719 11278.6839423
88782 11278.6839423
89052 6463.38012539
90400 6463.38012539
90706 11992.8912531
91789 11992.8912531
92099 13342.2178864
93582 13342.2178864
94053 5579.76061302
94930 5579.76061302
95277 6214.11909379
96005 6214.11909379
96260 12825.3791501
97038 12825.3791501
97531 5828.77332313
98150 5828.77332313
98515 4005.86275911
99747 4005.86275911
100119 4408.82982763
101266 4408.82982763
101388 6298.22314011
102461 6298.22314011
102747 2218.59773445
103392 2218.59773445
103793 9036.45577583
104946 9036.45577583
105205 10272.9519736
106096 10272.9519736
106491 4726.8896104
107131 4726.8896104
107382 1364.81556546
108674 1364.81556546
108798 2236.67531089
109951 2236.67531089
110286 4797.72215235
111485 4797.72215235
111788 8541.12115415
112798 8541.12115415
113174 9922.4354378
113695 9922.4354378
113840 4495.12144884
114559 4495.12144884
114764 43.0083256108
115551 43.0083256108
115679 9136.28497955
116523 9136.28497955
116729 4172.74193174
117917 4172.74193174
118414 1823.27911182
119435 1823.27911182
119805 4465.8629131
120796 4465.8629131
121262 1478.27820149
122441 1478.27820149
122662 1763.28433216
123482 1763.28433216
123641 969.919444663
124476 969.919444663
124780 6067.15707166
125645 6067.15707166
125814 4869.95634488
127200 4869.95634488
127521 3304.19617039
128040 3304.19617039
128228 8925.4511136
129148 8925.4511136
129647 1816.75535259
130978 1816.75535259
131422 10845.4514546
132556 10845.4514546
132701 3076.18787051
133447 3076.18787051
133684 4349.75645092
134322 4349.75645092
134804 4501.18880756
135441 4501.18880756
135907 8113.7423277
137150 8113.7423277
137331 1124.15258826
138140 1124.15258826
138368 4857.00399326
139078 4857.00399326
139232 3171.25536338
139966 3171.25536338
140375 13744.4392725
141295 13744.4392725
141721 9893.58977529
143098 9893.58977529
143564 10993.6771004
144931 10993.6771004
145407 2113.56219076
146012 2113.56219076
146153 9077.39722315
146713 9077.39722315
147017 5246.99269368
148116 5246.99269368
148429 1978.59520144
149298 1978.59520144
149733 6298.61855238
150540 6298.61855238
150807 6950.10820961
152242 6950.10820961
152515 2050.23770691
153118 2050.23770691
153502 4753.98461084
154746 4753.98461084
154907 5687.63235612
156210 5687.63235612
156656 2208.85296529
157886 2208.85296529
158285 640.631534877
159576 640.631534877
159934 4154.43065028
160773 4154.43065028
160902 2312.74181121
161797 2312.74181121
162061 10837.4235829
163482 10837.4235829
163757 4835.67588103
165216 4835.67588103
165565 8745.52575775
166966 8745.52575775
167426 8168.68465415
168355 8168.68465415
168703 7270.24536978
169326 7270.24536978
169816 5853.90744703
170871 5853.90744703
171281 4366.49310972
172739 4366.49310972
172855 7518.9631649
173985 7518.9631649
174150 4155.41075595
174986 4155.41075595
175220 2640.48867315
176687 2640.48867315
176998 8597.11939813
178047 8597.11939813
178423 5591.54704713
179168 5591.54704713
179489 1082.10088243
180225 1082.10088243
180409 3111.77427401
181096 3111.77427401
181578 13323.3980949
182174 13323.3980949
182281 95.3919034964
183235 95.3919034964
183579 4721.24246185
184433 4721.24246185
184691 396.646545821
185434 396.646545821
185917 4603.92933241
187268 4603.92933241
187546 7163.43301548
188112 7163.43301548
188259 2803.98168021
188858 2803.98168021
188981 8106.67000302
190290 8106.67000302
190624 1500.4756055
191320 1500.4756055
191476 8598.72857156
192737 8598.72857156
192919 6290.29223593
194081 6290.29223593
194190 6814.56716887
195078 6814.56716887
195284 14162.0626519
195906 14162.0626519
196355 4921.82831135
197538 4921.82831135
197860 565.48957799
199324 565.48957799
199503 2592.75181173
200028 2592.75181173
200202 2302.446771
201221 2302.446771
201651 10749.1729869
202292 10749.1729869
202453 5061.48689177
203631 5061.48689177
203799 3737.14246946
204433 3737.14246946
204734 11503.6996703
206070 11503.6996703
206235 5552.96649156
207462 5552.96649156
207627 2525.1431834
208904 2525.1431834
209392 9003.23075568
210773 9003.23075568
210974 8565.75734695
211735 8565.75734695
212007 3187.51565986
212599 3187.51565986
213043 8486.96980336
214452 8486.96980336
214658 2357.18078354
215474 2357.18078354
215627 3131.00380231
216903 3131.00380231
217051 12647.9533762
218111 12647.9533762
218253 4401.66795045
219682 4401.66795045
220019 12498.9003569
221414 12498.9003569
221877 8711.13357432
222810 8711.13357432
222941 2132.41317476
223887 2132.41317476
224178 1858.88580993
225116 1858.88580993
225287 4327.01117116
226672 4327.01117116
226794 2002.98795749
227490 2002.98795749
227766 603.31416841
229265 603.31416841
229566 6052.16118758
230805 6052.16118758
231291 4451.23289629
232196 4451.23289629
232644 1701.27978277
234088 1701.27978277
234253 9664.27345448
235002 9664.27345448
235143 7587.72956214
235764 7587.72956214
236182 5199.87239416
237400 5199.87239416
237677 47.7913223072
238938 47.7913223072
239265 7409.29766847
240423 7409.29766847
240596 6823.64770255
241212 6823.64770255
241655 2167.06628183
242995 2167.06628183
243422 3730.48366312
244055 3730.48366312
244224 756.327907498
244995 756.327907498
245175 2774.98489601
245809 2774.98489601
246049 3081.68946284
247274 3081.68946284
247449 5591.32588529
248251 5591.32588529
248512 7072.20161012
249483 7072.20161012
249626 7865.71895829
250685 7865.71895829
251050 4442.33187652
251678 4442.33187652
252038 9639.29027736
252804 9639.29027736
253223 8515.00141025
254060 8515.00141025
254303 11476.2312671
255430 11476.2312671
255740 473.178173817
256315 473.178173817
256693 204.621575117
257205 204.621575117
257615 2328.93818115
258832 2328.93818115
259200 1980.95325139
260625 1980.95325139
261038 3153.76442349
261891 3153.76442349
262342 11826.2124005
263033 11826.2124005
263204 12002.1685637
263775 12002.1685637
264169 8643.25947193
265474 8643.25947193
265684 6978.04781461
266635 6978.04781461
266963 6014.43151259
267988 6014.43151259
268279 4787.22838835
269184 4787.22838835
269458 3286.31361632
270182 3286.31361632
270537 8206.32720716
271608 8206.32720716
271937 8423.72471501
272523 8423.72471501
272701 1258.57613429
273249 1258.57613429
273445 8944.25313035
274730 8944.25313035
274961 2609.13341172
275797 2609.13341172
