0 7508.37404922
1193 7508.37404922
1446 673.799510387
2905 673.799510387
3102 5719.98807799
3928 5719.98807799
4263 5679.39896766
5528 5679.39896766
5753 4801.01134444
7008 4801.01134444
7470 3626.5230696
7982 3626.5230696
8357 1217.38957742
9810 1217.38957742
10065 4791.66626014
10815 4791.66626014
11126 7177.26388629
12203 7177.26388629
12404 2474.33616291
13478 2474.33616291
13659 4238.48646043
14918 4238.48646043
15286 6087.74116256
16278 6087.74116256
16393 5465.95565323
17476 5465.95565323
17919 4502.07951853
19014 4502.07951853
19352 2536.44569047
20623 2536.44569047
20933 4898.02118686
21615 4898.02118686
21773 2985.79427555
23239 2985.79427555
23528 2763.24427828
24112 2763.24427828
24246 3653.22729224
24761 3653.22729224
25103 2560.29179319
26100 2560.29179319
26431 3663.31742445
27734 3663.31742445
28203 8600.17702235
29112 8600.17702235
29329 4330.95580619
30249 4330.95580619
30534 7794.93398164
31611 7794.93398164
31955 3293.37784931
33005 3293.37784931
33475 3754.91490234
34057 3754.91490234
34368 5607.84488279
35416 5607.84488279
35640 6522.63275636
37128 6522.63275636
37531 7593.84362986
38322 7593.84362986
38427 95.7856832317
39909 95.7856832317
40185 5435.72974223
40763 5435.72974223
41077 4350.94185716
41987 4350.94185716
42156 4940.05077865
42830 4940.05077865
43105 5670.27931256
44276 5670.27931256
44611 3206.22806005
45346 3206.22806005
45807 22.0451189231
46913 22.0451189231
47205 4398.31002548
47885 4398.31002548
48257 5399.75000924
49356 5399.75000924
49522 4184.33476974
50474 4184.33476974
50696 5361.77099746
52012 5361.77099746
52198 4830.93572611
52753 4830.93572611
53169 5533.36590268
53755 5533.36590268
53929 8742.64320743
54766 8742.64320743
55217 4548.31461543
56164 4548.31461543
56417 7125.64654101
57876 7125.64654101
58269 8556.60577597
58821 8556.60577597
59317 5085.3657636
60644 5085.3657636
60880 6557.63943293
61460 6557.63943293
61782 2916.31940143
62819 2916.31940143
62950 8849.46111397
64139 8849.46111397
64466 6162.15334752
65449 6162.15334752
65944 9194.71395408
66978 9194.71395408
67083 8193.71355131
68037 8193.71355131
68240 7773.29833775
68781 7773.29833775
69046 4528.79933457
69919 4528.79933457
70200 3743.63603025
71019 3743.63603025
71254 6053.14299614
71819 6053.14299614
71933 6924.65552924
72482 6924.65552924
72935 1331.84804741
73680 1331.84804741
74042 4465.38065805
75018 4465.38065805
75153 6042.30430874
76427 6042.30430874
76862 5204.14064594
78278 5204.14064594
78607 3103.83946833
79256 3103.83946833
79754 4688.31544038
80525 4688.31544038
80862 3279.12243277
81527 3279.12243277
81752 2912.90878093
82403 2912.90878093
82536 6540.00011716
83267 6540.00011716
83399 4236.4535193
84285 4236.4535193
84709 5185.67365851
86122 5185.67365851
86526 2480.87474805
87867 2480.87474805
88074 3973.90778264
88985 3973.90778264
89383 4571.50110027
90748 4571.50110027
91016 4328.60742712
91954 4328.60742712
92297 4124.16881731
93009 4124.16881731
93177 4246.75023931
93763 4246.75023931
94124 4366.72698908
94680 4366.72698908
94987 4796.90930434
96117 4796.90930434
96293 3085.3939524
96914 3085.3939524
97066 2657.92698744
98267 2657.92698744
98410 7017.29831054
99765 7017.29831054
100065 7361.30757017
100584 7361.30757017
100822 1190.54255496
102123 1190.54255496
102569 7769.62440532
103211 7769.62440532
103639 4458.77984688
104251 4458.77984688
104368 6298.52558172
105452 6298.52558172
105946 5600.5089417
106658 5600.5089417
106852 5674.9501109
108254 5674.9501109
108683 7224.68068717
109959 7224.68068717
110128 3226.832799
111579 3226.832799
111863 5823.19254151
112919 5823.19254151
113383 6934.78150819
113972 6934.78150819
114313 9257.71596148
115238 9257.71596148
115563 4718.77637035
116422 4718.77637035
116566 1924.84123378
117318 1924.84123378
117757 2675.69916257
119043 2675.69916257
119478 2049.71281919
120948 2049.71281919
121225 3571.98135612
121737 3571.98135612
121985 4711.37659776
122663 4711.37659776
122782 9342.50729145
123403 9342.50729145
123753 2316.20107488
124909 2316.20107488
125022 6848.2193017
126256 6848.2193017
126728 4154.05854247
127750 4154.05854247
127929 1963.26362783
129193 1963.26362783
129399 5531.37783932
130408 5531.37783932
130863 5238.2329424
131999 5238.2329424
132389 6081.6408845
133533 6081.6408845
133638 3557.24324687
134261 3557.24324687
134385 1175.73672366
135156 1175.73672366
135412 3051.07990341
135925 3051.07990341
136131 5072.59913666
136805 5072.59913666
136935 3701.67968929
137990 3701.67968929
138452 7865.35556777
139686 7865.35556777
139982 5053.11367867
141266 5053.11367867
141417 7351.25119368
142238 7351.25119368
142424 7111.06226139
143281 7111.06226139
143658 8074.42143625
144637 8074.42143625
145011 907.997429316
146438 907.997429316
146563 6952.43557148
147715 6952.43557148
148010 7502.63800267
149445 7502.63800267
149754 4713.53540107
151073 4713.53540107
151457 3756.94964343
152588 3756.94964343
152854 9263.66556999
154319 9263.66556999
154647 4948.58751169
155496 4948.58751169
155812 4926.64416237
157008 4926.64416237
157371 1352.45569922
158693 1352.45569922
158967 1929.49943182
159474 1929.49943182
159734 7944.33712494
160943 7944.33712494
161181 8498.10351658
161994 8498.10351658
162152 5075.06522817
162919 5075.06522817
163030 6838.48897128
164235 6838.48897128
164454 6139.52537062
165760 6139.52537062
166188 4295.71539266
167275 4295.71539266
167504 4450.88594267
168273 4450.88594267
168449 8877.84062107
169248 8877.84062107
169528 2191.71008751
170141 2191.71008751
170382 1338.29548127
171715 1338.29548127
172088 4210.65102143
173337 4210.65102143
173695 5828.16120824
174767 5828.16120824
175037 6599.26729292
176015 6599.26729292
176198 2619.58941645
177530 2619.58941645
177808 7756.832278
178675 7756.832278
179031 5570.47409181
179879 5570.47409181
180069 3234.27712592
181063 3234.27712592
181425 5342.53732244
182208 5342.53732244
182312 6596.31429992
182971 6596.31429992
183244 6287.60890503
183891 6287.60890503
184033 4306.40575901
185423 4306.40575901
185757 1439.18591942
187030 1439.18591942
187495 3865.28840019
188413 3865.28840019
188780 5755.7313893
189525 5755.7313893
189630 4345.97865813
191089 4345.97865813
191429 6054.49071965
192563 6054.49071965
192827 5214.34213369
193703 5214.34213369
194027 5000.51264926
195489 5000.51264926
195713 4424.43638893
196550 4424.43638893
196957 8279.63839069
198261 8279.63839069
198699 4682.26813141
200019 4682.26813141
200345 2377.91428776
201064 2377.91428776
201501 7381.81861581
202297 7381.81861581
202466 2465.48862482
203854 2465.48862482
204103 7946.63899352
204884 7946.63899352
205109 6300.64427572
206475 6300.64427572
206713 1982.97375207
207939 1982.97375207
208132 3898.71992401
209514 3898.71992401
209749 4721.51165649
210601 4721.51165649
211009 7175.47081231
212102 7175.47081231
212594 7807.39287034
213208 7807.39287034
213513 5339.27528524
214867 5339.27528524
215185 6162.02509951
216547 6162.02509951
216896 3532.98161649
217424 3532.98161649
217525 3647.97064119
218800 3647.97064119
219034 8520.20164122
220334 8520.20164122
220833 7445.06494362
222155 7445.06494362
222593 4317.75240751
223786 4317.75240751
224149 1259.01598476
224766 1259.01598476
225078 2540.82084489
226091 2540.82084489
226378 2935.52077566
227061 2935.52077566
227428 3653.15465785
228172 3653.15465785
228614 6539.61454819
229328 6539.61454819
229432 5612.2462618
230763 5612.2462618
230910 5122.60928547
232136 5122.60928547
