0 1228.91239231
676 1228.91239231
934 10704.2429433
2235 10704.2429433
2545 6448.70748061
3834 6448.70748061
3994 4202.52895814
4501 4202.52895814
4842 12060.6457009
6086 12060.6457009
6319 1438.46663906
7345 1438.46663906
7741 1215.94658026
8413 1215.94658026
8613 13064.0593811
10002 13064.0593811
10225 7992.19262327
11231 7992.19262327
11633 5043.31223411
12186 5043.31223411
12381 10033.1727123
12976 10033.1727123
13438 11730.1035027
13998 11730.1035027
14155 5881.55915833
15013 5881.55915833
15217 6569.02485198
16137 6569.02485198
16324 3659.728392
17101 3659.728392
17509 5734.59398529
18822 5734.59398529
19159 11729.3462518
20054 11729.3462518
20177 6105.51962021
20937 6105.51962021
21140 4595.65430747
21695 4595.65430747
21814 4108.76160112
22570 4108.76160112
22875 14225.0407866
23400 14225.0407866
23834 7256.01306333
24482 7256.01306333
24681 12081.2386118
25974 12081.2386118
26327 10177.2851002
27630 10177.2851002
27875 9523.12854223
29338 9523.12854223
29652 4979.61029778
30238 4979.61029778
30667 9186.44434535
31675 9186.44434535
32107 308.773902741
33091 308.773902741
33193 6945.2583233
34674 6945.2583233
34969 7415.69932861
36397 7415.69932861
36728 5647.7213705
38178 5647.7213705
38641 1259.20743816
39354 1259.20743816
39481 5358.58105349
40323 5358.58105349
40531 2855.50377262
42026 2855.50377262
42150 4366.20345172
42904 4366.20345172
43190 2210.80406829
44310 2210.80406829
44626 9301.98423377
45632 9301.98423377
45864 375.382333237
47120 375.382333237
47588 8785.82664068
48298 8785.82664068
48684 2401.48652205
50071 2401.48652205
50418 2968.58043359
51422 2968.58043359
51824 9067.04933103
52354 9067.04933103
52668 6693.21850255
53588 6693.21850255
53824 12554.148068
55312 12554.148068
55796 3744.37739546
56739 3744.37739546
56949 2204.90325021
58327 2204.90325021
58561 8106.89801072
60006 8106.89801072
60126 5473.41206073
60797 5473.41206073
61141 11022.539601
62046 11022.539601
62331 7310.0417968
63476 7310.0417968
63831 4921.73399147
64935 4921.73399147
65172 4798.11952912
66524 4798.11952912
66778 10945.2222124
67746 10945.2222124
68116 8328.37198973
68975 8328.37198973
69146 9024.23095299
70448 9024.23095299
70867 1910.17421135
71561 1910.17421135
71848 2505.27316379
72827 2505.27316379
73101 4204.36822254
74033 4204.36822254
74143 2975.96243385
75228 2975.96243385
75488 6543.23151807
76264 6543.23151807
76437 7477.81838694
77598 7477.81838694
77770 7139.91499698
79259 7139.91499698
79572 9582.11712301
80717 9582.11712301
81124 4886.87903649
82320 4886.87903649
82692 7862.00139109
83884 7862.00139109
84096 7856.16823757
85431 7856.16823757
85556 4139.75312552
86242 4139.75312552
86566 5115.41017911
87993 5115.41017911
88435 1034.36900631
89072 1034.36900631
89275 8161.09465365
90751 8161.09465365
91095 10074.6786957
91619 10074.6786957
91861 2136.25435451
92783 2136.25435451
93045 5835.35772801
94257 5835.35772801
94482 9935.00152547
95089 9935.00152547
95207 2249.81623889
95970 2249.81623889
96207 6086.11160572
96804 6086.11160572
96928 11859.3994231
97845 11859.3994231
98066 8122.137405
99514 8122.137405
99886 3047.90171727
100948 3047.90171727
101447 11773.5741143
102442 11773.5741143
102907 10684.497447
104046 10684.497447
104353 1649.99652027
105364 1649.99652027
105796 5181.08383674
106556 5181.08383674
106685 7780.84826388
108088 7780.84826388
108270 5089.81414709
109407 5089.81414709
109609 5904.04344795
110266 5904.04344795
110385 8566.5615951
111164 8566.5615951
111616 9463.36953048
112992 9463.36953048
113423 6741.67142354
114768 6741.67142354
115076 6542.35113076
116563 6542.35113076
116676 8871.22818082
117298 8871.22818082
117653 5955.22919801
119123 5955.22919801
119345 2485.79491335
120763 2485.79491335
120975 210.517005525
122162 210.517005525
122395 5107.63843087
123257 5107.63843087
123560 7808.40314998
124982 7808.40314998
125412 5649.13637129
126015 5649.13637129
126420 5892.13214893
127890 5892.13214893
128026 11699.3317907
128736 11699.3317907
128985 8998.72338954
130211 8998.72338954
130410 11986.1925038
131156 11986.1925038
131392 4219.50007314
132831 4219.50007314
133307 3669.95220733
134532 3669.95220733
134970 6686.56514358
135825 6686.56514358
136041 3125.62542793
137288 3125.62542793
137756 2849.44236358
138620 2849.44236358
139119 12626.022815
140476 12626.022815
140690 7899.33643534
142088 7899.33643534
142522 5426.64307795
143995 5426.64307795
144277 2732.81335873
145153 2732.81335873
145344 7173.48691468
145955 7173.48691468
146151 2886.73718623
147380 2886.73718623
147518 4748.52911555
148724 4748.52911555
149146 9716.24743162
150591 9716.24743162
150934 7462.65599571
151746 7462.65599571
152225 4966.69327249
153717 4966.69327249
153879 969.945258591
154991 969.945258591
155132 973.133152608
155905 973.133152608
156363 2860.82507921
157475 2860.82507921
157789 2562.5394508
159141 2562.5394508
159353 2811.38499526
160602 2811.38499526
160806 8969.45945009
162284 8969.45945009
162674 12144.0946098
163252 12144.0946098
163477 6067.19807057
164473 6067.19807057
164636 3633.89876038
165186 3633.89876038
165600 7302.50537262
166235 7302.50537262
166553 12849.656802
167734 12849.656802
167850 3785.9524416
168993 3785.9524416
169143 6481.34277352
169850 6481.34277352
169957 10431.3254757
171254 10431.3254757
171711 5431.51597887
172336 5431.51597887
172620 3784.31052291
173127 3784.31052291
173398 4450.33660109
173971 4450.33660109
174320 8389.82235305
175201 8389.82235305
175395 1812.72473804
176191 1812.72473804
176449 12787.9851293
177785 12787.9851293
178101 11176.1575386
179510 11176.1575386
179741 7599.69102779
180676 7599.69102779
181004 6159.05918253
181881 6159.05918253
182231 4586.08798043
183009 4586.08798043
183385 4629.7127649
184419 4629.7127649
184712 9723.76008836
186187 9723.76008836
186288 3046.7756448
187712 3046.7756448
187997 7213.55030074
188692 7213.55030074
188874 8253.45287329
190372 8253.45287329
190627 3625.11543535
192003 3625.11543535
192326 8636.41362155
193761 8636.41362155
194063 4924.49314767
194763 4924.49314767
195108 8534.17081156
196200 8534.17081156
196474 8669.44388142
197768 8669.44388142
198099 2332.54509381
199516 2332.54509381
199870 1885.83115616
201296 1885.83115616
201695 16187.3430844
203181 16187.3430844
