0 14938.8741465
1395 14938.8741465
1869 13320.8876755
2860 13320.8876755
3017 11958.1018797
4239 11958.1018797
4485 4278.71904006
5456 4278.71904006
5826 7374.047691
6518 7374.047691
6712 1011.97135108
7541 1011.97135108
7983 11439.2235056
9373 11439.2235056
9558 6040.1828453
10927 6040.1828453
11111 9024.23003264
11675 9024.23003264
12014 5162.93522436
12910 5162.93522436
13360 13360.5334453
14535 13360.5334453
14659 3997.3744208
15609 3997.3744208
16088 4374.73635505
17103 4374.73635505
17341 3332.41576458
18567 3332.41576458
18774 8848.81071844
19289 8848.81071844
19648 2526.05547963
21079 2526.05547963
21471 199.983085902
22331 199.983085902
22580 4122.0198079
24013 4122.0198079
24172 6138.15746034
25399 6138.15746034
25787 3685.56379783
27232 3685.56379783
27569 14127.3312666
28865 14127.3312666
28996 1939.83407741
29674 1939.83407741
29930 1321.26342485
30808 1321.26342485
31046 4482.33645358
31682 4482.33645358
32061 5484.91131597
32807 5484.91131597
33151 14453.7518299
33736 14453.7518299
34186 5378.13962381
34743 5378.13962381
35096 3212.54465111
36464 3212.54465111
36784 15353.7169743
37694 15353.7169743
38061 118.171015967
38579 118.171015967
39018 7059.68547294
40059 7059.68547294
40277 7685.34083619
41639 7685.34083619
42123 8621.25667721
43414 8621.25667721
43676 2957.80832081
44405 2957.80832081
44668 358.970503212
46055 358.970503212
46376 7405.34870147
47619 7405.34870147
48075 5930.06564822
49296 5930.06564822
49471 2526.15252227
50397 2526.15252227
50720 6289.8514372
52163 6289.8514372
52522 1463.81228335
53688 1463.81228335
54150 6408.94100434
55247 6408.94100434
55559 10904.7286712
56940 10904.7286712
57138 2934.35200471
57979 2934.35200471
58128 3963.3388124
58673 3963.3388124
59092 2771.3315181
60232 2771.3315181
60717 2042.84431408
61474 2042.84431408
61936 5390.25406829
62567 5390.25406829
62990 4820.57023895
64283 4820.57023895
64457 5813.38102639
64992 5813.38102639
65381 7197.9052532
65988 7197.9052532
66326 11236.2742416
67428 11236.2742416
67869 9611.42292145
68663 9611.42292145
69121 2873.53851065
70423 2873.53851065
70912 18586.1097663
71814 18586.1097663
72275 6076.45574422
73327 6076.45574422
73760 15399.101952
75012 15399.101952
75191 6800.92371016
76655 6800.92371016
76989 2564.93146639
78242 2564.93146639
78672 6614.8083514
80118 6614.8083514
80329 14259.0353147
81462 14259.0353147
81786 101.681490576
83046 101.681490576
83349 5269.86056995
84268 5269.86056995
84446 4626.1585307
85215 4626.1585307
85651 13456.5955294
86205 13456.5955294
86524 7734.05298614
87886 7734.05298614
88145 10619.3007386
88703 10619.3007386
88904 6893.19755289
90116 6893.19755289
90257 8387.56691206
90872 8387.56691206
91258 3602.56827481
92249 3602.56827481
92548 8265.11159691
93517 8265.11159691
93647 5689.7195931
94725 5689.7195931
95208 9140.44486723
95766 9140.44486723
96205 2553.46564378
97553 2553.46564378
97761 14413.5856275
99105 14413.5856275
99486 14867.0359491
100678 14867.0359491
100906 10413.65637
102375 10413.65637
102739 691.142561986
103508 691.142561986
103976 6780.89202205
105267 6780.89202205
105462 13609.5723762
106736 13609.5723762
107219 10915.9282255
108577 10915.9282255
108893 1931.41829576
109853 1931.41829576
110140 18926.9690029
111330 18926.9690029
111524 4624.36769085
112681 4624.36769085
112827 2156.19454991
114242 2156.19454991
114482 10121.8130065
115363 10121.8130065
115693 9125.80837935
116274 9125.80837935
116669 17157.9011437
117897 17157.9011437
118006 4203.20108829
118650 4203.20108829
118783 8518.78634173
120170 8518.78634173
120483 8739.83754028
121512 8739.83754028
121957 11019.7496813
123154 11019.7496813
123383 1910.95413156
124782 1910.95413156
124987 9025.59108827
126419 9025.59108827
126771 11192.9049681
127651 11192.9049681
128035 13230.2927627
129145 13230.2927627
129620 9925.65811606
131079 9925.65811606
131292 4984.71158574
132768 4984.71158574
133239 3593.23550581
133961 3593.23550581
134252 4968.87179941
135349 4968.87179941
135748 3224.13971733
136890 3224.13971733
137021 14997.1374027
138203 14997.1374027
138315 2544.42272314
139753 2544.42272314
140164 857.022083618
140954 857.022083618
141068 6057.05737889
141866 6057.05737889
142122 7113.94217979
143197 7113.94217979
143541 1048.81564439
144393 1048.81564439
144736 9934.10617359
145725 9934.10617359
146060 8009.96406517
146772 8009.96406517
147110 4408.09122572
148157 4408.09122572
148362 10709.4889009
149374 10709.4889009
149579 18477.2752261
150756 18477.2752261
151046 8680.28844195
151600 8680.28844195
151782 7946.2369923
152491 7946.2369923
152794 3998.81238839
153985 3998.81238839
154176 6409.80878196
155107 6409.80878196
155341 20803.6173149
156332 20803.6173149
156438 13425.2340613
157646 13425.2340613
158064 5605.0787644
159265 5605.0787644
159474 4601.84586735
160952 4601.84586735
161394 9011.49924604
162617 9011.49924604
162946 17324.513859
164151 17324.513859
164608 13675.7034285
165584 13675.7034285
166033 3085.55291334
167308 3085.55291334
167516 7083.09577782
168572 7083.09577782
168849 9071.65794003
169639 9071.65794003
169937 9626.65395448
170630 9626.65395448
170941 8131.21647333
172199 8131.21647333
172535 12441.1237141
173649 12441.1237141
173868 7111.45721824
174507 7111.45721824
174665 10992.195903
175969 10992.195903
176073 7709.83992847
176902 7709.83992847
177070 7507.84679799
178517 7507.84679799
178714 11559.9265202
180153 11559.9265202
180287 11327.6694092
181739 11327.6694092
181923 9371.35890477
182797 9371.35890477
183075 13497.7714273
184051 13497.7714273
184270 2117.55911391
185221 2117.55911391
185404 6143.81528208
186211 6143.81528208
186351 410.581156942
187431 410.581156942
187659 5702.90135873
188310 5702.90135873
188471 20125.3222233
189625 20125.3222233
189747 8358.5535916
190399 8358.5535916
190741 3542.08220032
191254 3542.08220032
191534 971.096803339
192881 971.096803339
193249 17295.6484559
194458 17295.6484559
194581 3475.91609159
195822 3475.91609159
196245 926.455833057
197338 926.455833057
197677 7784.94995958
198285 7784.94995958
198424 7768.1965658
199760 7768.1965658
200177 18388.6340387
200920 18388.6340387
201220 10831.4128356
202607 10831.4128356
202961 928.138013914
203905 928.138013914
204376 3552.87255294
205207 3552.87255294
205522 15426.8657938
206427 15426.8657938
206658 1715.22764438
208139 1715.22764438
208319 1690.93515111
208850 1690.93515111
209269 14.9049436496
210153 14.9049436496
210387 5007.47829918
211377 5007.47829918
211578 10125.0220264
213071 10125.0220264
213413 9870.5117531
214136 9870.5117531
214362 2940.39806452
215179 2940.39806452
215376 16576.229673
216391 16576.229673
216630 7509.81916297
217302 7509.81916297
217549 96.8256340468
218530 96.8256340468
218991 2492.71382234
220175 2492.71382234
220551 6966.24589934
221379 6966.24589934
221730 3787.01893957
223220 3787.01893957
223337 1.92456099647
224481 1.92456099647
224886 17004.8170024
225785 17004.8170024
226024 4777.10941583
227187 4777.10941583
227321 9866.51293989
228061 9866.51293989
228427 11563.8086787
229646 11563.8086787
230143 10384.1150719
231045 10384.1150719
231240 10943.1477406
232196 10943.1477406
232443 4015.33029524
233312 4015.33029524
233678 4931.7988048
234567 4931.7988048
234764 2527.93562408
235460 2527.93562408
235583 6292.15173729
236221 6292.15173729
236506 9112.43723673
237050 9112.43723673
237538 2734.20032192
238957 2734.20032192
239122 9102.63541528
239862 9102.63541528
240186 5786.40982065
241074 5786.40982065
241208 9674.24514609
242676 9674.24514609
243127 6072.16208365
243643 6072.16208365
243847 1381.12780428
244454 1381.12780428
244779 460.334436996
246105 460.334436996
246445 15500.5524058
247725 15500.5524058
248131 1721.7130902
249593 1721.7130902
249738 5081.55355352
250329 5081.55355352
250603 10632.2715606
251395 10632.2715606
251816 10536.0334423
252517 10536.0334423
252668 6957.81805824
253634 6957.81805824
253758 11184.0018709
254909 11184.0018709
255330 1738.36531174
256595 1738.36531174
256994 1041.36750256
258466 1041.36750256
258712 3377.25015591
259819 3377.25015591
260055 2070.06862304
261408 2070.06862304
261697 7873.05081576
262449 7873.05081576
262920 9316.01589748
263879 9316.01589748
263995 3063.88249301
264725 3063.88249301
264844 444.926470448
265488 444.926470448
265650 7354.71925724
267075 7354.71925724
267323 16047.3772237
268347 16047.3772237
268460 1643.58074538
269473 1643.58074538
269784 3307.74740761
270653 3307.74740761
271103 2168.13166392
272021 2168.13166392
272370 16290.4041806
272880 16290.4041806
273013 9113.52559013
274290 9113.52559013
274414 3380.73110809
275484 3380.73110809
275628 4312.75247802
276315 4312.75247802
276502 12488.6906281
277435 12488.6906281
277861 11062.3092461
278772 11062.3092461
278881 1307.50231073
280144 1307.50231073
280317 7787.74567951
281180 7787.74567951
281578 2669.82554306
282902 2669.82554306
283041 2524.32128003
283707 2524.32128003
284031 8349.71005393
285153 8349.71005393
285417 5305.00098988
286475 5305.00098988
286860 6385.61594935
287953 6385.61594935
288339 15705.3417481
289093 15705.3417481
289567 12440.1856189
290547 12440.1856189
291042 4302.13897147
292175 4302.13897147
292673 5677.99685644
293676 5677.99685644
