0 15020.7632854
610 15020.7632854
802 11589.3749108
1865 11589.3749108
2002 4208.06069195
3129 4208.06069195
3494 2671.56932688
4394 2671.56932688
4674 8576.01202515
5999 8576.01202515
6300 5433.20545721
7086 5433.20545721
7538 2939.74095833
8044 2939.74095833
8218 4281.91158191
8907 4281.91158191
9082 12353.2909054
9879 12353.2909054
10007 8080.40966788
11017 8080.40966788
11307 7273.36933891
12227 7273.36933891
12332 8817.06103212
12986 8817.06103212
13176 14166.0831988
14583 14166.0831988
14925 5153.64679371
16324 5153.64679371
16738 9672.81409709
17655 9672.81409709
17934 6455.99270286
19427 6455.99270286
19644 1492.90936656
20229 1492.90936656
20437 2835.06699492
21028 2835.06699492
21338 749.324780112
22095 749.324780112
22524 7298.4135542
23712 7298.4135542
24078 2949.9111906
25459 2949.9111906
25649 7136.34238748
26387 7136.34238748
26506 6470.20160795
27735 6470.20160795
27916 10482.2038395
28775 10482.2038395
29069 3558.41900515
30246 3558.41900515
30593 546.821595025
31688 546.821595025
31863 5663.42514268
32576 5663.42514268
32807 153.139641416
33449 153.139641416
33670 9294.59936391
35116 9294.59936391
35462 5402.12702009
36635 5402.12702009
37091 8191.222764
37677 8191.222764
38068 1730.52812696
38919 1730.52812696
39350 2735.12002461
40286 2735.12002461
40609 7721.42831576
41183 7721.42831576
41378 6345.63425323
42503 6345.63425323
42817 3510.06482734
43552 3510.06482734
43722 1459.36759702
44743 1459.36759702
45015 2873.53112122
45608 2873.53112122
45994 5905.45100923
47461 5905.45100923
47743 3473.0991514
48391 3473.0991514
48584 2035.72458464
49356 2035.72458464
49741 5382.8912515
50702 5382.8912515
51147 9923.50682301
52640 9923.50682301
53053 1883.58884748
53803 1883.58884748
54083 4649.58863927
55187 4649.58863927
55641 4635.79364831
56529 4635.79364831
56744 6499.16114888
57832 6499.16114888
58134 14627.3499548
59393 14627.3499548
59533 5422.94896336
60428 5422.94896336
60656 11688.7943393
62089 11688.7943393
62465 2337.62827546
63854 2337.62827546
64232 9232.27131042
65634 9232.27131042
66129 5073.41296536
66793 5073.41296536
67164 10460.1420235
67816 10460.1420235
68232 6423.16562304
68827 6423.16562304
68940 7631.64319303
69634 7631.64319303
70107 7682.86983025
71585 7682.86983025
71935 11371.0092557
72602 11371.0092557
73089 534.892453741
73996 534.892453741
74495 8098.1124235
75974 8098.1124235
76389 4859.84893673
77522 4859.84893673
78009 10468.4633891
79131 10468.4633891
79400 6029.12471091
80015 6029.12471091
80320 7897.52272306
80975 7897.52272306
81084 9480.41387771
82570 9480.41387771
82735 17520.2984468
83544 17520.2984468
83903 2293.29430331
84790 2293.29430331
84976 5008.61121162
85709 5008.61121162
86017 10581.0763405
86901 10581.0763405
87014 3277.96792722
88440 3277.96792722
88788 3949.23913004
89466 3949.23913004
89949 2536.832653
91380 2536.832653
91842 7055.9205458
93121 7055.9205458
93480 2657.25500185
94413 2657.25500185
94571 15842.9952887
95446 15842.9952887
95817 8245.23973498
97173 8245.23973498
97475 3668.1745969
98164 3668.1745969
98422 6494.55427376
99739 6494.55427376
100137 8990.97518871
101034 8990.97518871
101172 11835.700054
102080 11835.700054
102456 4024.13418373
103445 4024.13418373
103630 5877.69216866
104363 5877.69216866
104546 9042.85628668
105105 9042.85628668
105552 2654.77472009
106658 2654.77472009
106888 6885.40117407
107966 6885.40117407
108338 3743.35615965
109562 3743.35615965
109799 10937.592639
110900 10937.592639
111334 5000.79912875
112794 5000.79912875
113253 18226.5599367
114003 18226.5599367
114138 8669.00511316
115400 8669.00511316
115643 5534.94122344
117042 5534.94122344
117263 1818.34193011
118466 1818.34193011
118638 8988.92572166
119367 8988.92572166
119783 3164.5334299
120738 3164.5334299
120931 12530.4345218
122109 12530.4345218
122316 7276.72514262
123273 7276.72514262
123594 4075.09681422
124598 4075.09681422
124905 4041.23573163
125560 4041.23573163
125833 974.862909091
126786 974.862909091
127268 8926.22493736
128185 8926.22493736
128350 18758.8962056
129042 18758.8962056
129406 4957.45035143
130627 4957.45035143
130781 9334.38237326
131508 9334.38237326
131865 4744.16489213
133151 4744.16489213
133613 8843.91947332
134486 8843.91947332
134727 10099.4358315
135603 10099.4358315
135779 5129.74520172
136977 5129.74520172
137207 5858.16045141
137804 5858.16045141
138078 10558.29094
139003 10558.29094
139129 8003.28387941
139876 8003.28387941
140034 8084.7550557
141027 8084.7550557
141200 1469.50854335
141996 1469.50854335
142136 5404.69576237
143085 5404.69576237
143414 12650.5717442
144274 12650.5717442
144752 5951.49442759
145783 5951.49442759
146202 1924.04131989
147082 1924.04131989
147331 8521.28809839
148221 8521.28809839
148400 5242.92620476
149652 5242.92620476
150022 5462.86085913
151179 5462.86085913
151610 4908.44150042
152850 4908.44150042
153297 1532.46049062
154190 1532.46049062
154291 6663.7360825
155653 6663.7360825
155995 6658.92158813
156995 6658.92158813
157189 6411.14748316
158284 6411.14748316
158530 8571.58238089
159551 8571.58238089
159884 10803.8910073
160709 10803.8910073
160816 3913.34764873
161681 3913.34764873
161869 12910.7582692
163291 12910.7582692
163532 795.900931241
164571 795.900931241
164718 4981.66013168
166071 4981.66013168
166553 5428.84103062
167765 5428.84103062
168221 1240.4579801
169175 1240.4579801
169437 7809.19518584
170328 7809.19518584
170614 10899.7610444
171680 10899.7610444
172001 9582.23120279
172655 9582.23120279
173107 13058.3101049
174527 13058.3101049
174776 5183.27924685
175316 5183.27924685
175698 9641.4955628
176937 9641.4955628
177277 8091.49468306
178631 8091.49468306
178948 9570.88927112
179936 9570.88927112
180399 6842.62941006
181094 6842.62941006
181289 4044.97384227
182689 4044.97384227
183034 12310.2150209
183933 12310.2150209
184269 4556.70794324
185109 4556.70794324
185571 6083.16526687
186714 6083.16526687
187145 5299.11381146
187843 5299.11381146
188273 11627.2142982
188820 11627.2142982
189046 6411.81585075
189678 6411.81585075
189907 9498.71975541
190466 9498.71975541
190891 910.503280286
191444 910.503280286
191763 2753.58389985
192565 2753.58389985
193025 7769.52336087
194230 7769.52336087
194553 7686.40059414
195384 7686.40059414
195793 10280.1331136
196350 10280.1331136
196847 3694.87174615
198218 3694.87174615
198572 5333.28086647
199093 5333.28086647
199421 9732.65029346
200117 9732.65029346
200433 4340.99511983
201368 4340.99511983
201805 16623.8884332
202580 16623.8884332
203042 518.968157549
204057 518.968157549
204410 3622.02651105
205111 3622.02651105
205513 9137.60499209
206439 9137.60499209
206582 6144.89507378
208012 6144.89507378
208243 9135.2727286
209046 9135.2727286
209181 11327.6546266
209738 11327.6546266
