0 5509.40535416
678 5509.40535416
930 2875.96479246
1975 2875.96479246
2259 5980.42140108
3714 5980.42140108
3979 9126.37310332
5118 9126.37310332
5589 6580.06133087
6401 6580.06133087
6826 10397.0601897
7898 10397.0601897
8084 16222.0022197
9304 16222.0022197
9518 9608.00482049
10492 9608.00482049
10862 6496.63681151
11510 6496.63681151
11775 6136.48319515
13127 6136.48319515
13368 3344.43236713
14143 3344.43236713
14619 7824.09802567
15937 7824.09802567
16232 8136.14837529
16859 8136.14837529
17070 1823.46043086
18285 1823.46043086
18525 11561.4566609
19532 11561.4566609
19680 7382.40025558
20762 7382.40025558
21145 2551.28645476
22430 2551.28645476
22890 10360.2357827
23623 10360.2357827
23808 232.701175276
24914 232.701175276
25242 8780.22021665
26624 8780.22021665
26995 8464.89080594
27861 8464.89080594
28091 5027.38008044
28601 5027.38008044
28971 6247.12392078
29896 6247.12392078
30028 9849.26189663
30974 9849.26189663
31196 2101.96339787
32356 2101.96339787
32780 3677.55836119
33825 3677.55836119
34311 11657.2926893
35083 11657.2926893
35562 4640.37647356
36718 4640.37647356
36851 4608.8711454
38236 4608.8711454
38511 9109.74595885
39481 9109.74595885
39766 17363.071737
41173 17363.071737
41489 18124.3737189
42653 18124.3737189
42797 10509.8246168
44188 10509.8246168
44533 11834.1504836
45199 11834.1504836
45398 13331.2422447
46319 13331.2422447
46627 12763.3458006
47663 12763.3458006
47918 6464.59867757
48781 6464.59867757
49074 4400.00971573
49693 4400.00971573
49927 8749.48309605
50652 8749.48309605
50993 6587.43696121
51602 6587.43696121
51889 1274.86763674
52786 1274.86763674
53246 4884.211291
54148 4884.211291
54453 13751.6154669
55690 13751.6154669
56041 636.976225328
57027 636.976225328
57443 4450.2676442
58505 4450.2676442
58630 14233.2505236
59635 14233.2505236
59819 10301.6452761
60976 10301.6452761
61251 7483.79164367
62523 7483.79164367
63017 10164.9502902
64493 10164.9502902
64595 9652.70321937
65689 9652.70321937
65967 10243.5588953
66666 10243.5588953
66918 11071.3837775
68243 11071.3837775
68582 8220.56678432
69507 8220.56678432
69965 4026.23678126
71373 4026.23678126
71813 6588.2935947
72518 6588.2935947
72918 11485.548628
73501 11485.548628
73860 9759.64813066
74654 9759.64813066
74794 7444.33635452
75347 7444.33635452
75561 13898.6379669
76532 13898.6379669
76685 6395.41252578
78146 6395.41252578
78328 3061.05084753
79634 3061.05084753
80042 6382.65023152
80675 6382.65023152
80978 16051.5005311
82076 16051.5005311
82305 1353.65561665
83637 1353.65561665
84045 5825.36524734
85058 5825.36524734
85495 396.829036329
86642 396.829036329
87079 7893.85200949
87802 7893.85200949
88280 10621.2241413
89085 10621.2241413
89411 11736.9052139
90625 11736.9052139
90994 3349.45568689
91504 3349.45568689
91785 6823.03196867
92348 6823.03196867
92684 9323.92047383
93797 9323.92047383
94144 6121.80025691
95604 6121.80025691
95704 7918.02527836
96598 7918.02527836
97010 2379.04329518
97731 2379.04329518
98224 5081.08237364
98969 5081.08237364
99383 3111.83159234
100036 3111.83159234
100406 6000.70447657
101833 6000.70447657
102016 11475.3122062
102771 11475.3122062
103193 3002.80737208
104236 3002.80737208
104439 4081.06754657
105095 4081.06754657
105411 7672.79941343
106445 7672.79941343
106639 4010.34358593
107484 4010.34358593
107691 5045.11342862
108549 5045.11342862
108745 5309.05547288
110132 5309.05547288
110605 8129.31075786
111666 8129.31075786
111877 1306.95917578
112722 1306.95917578
112946 11728.2155319
114226 11728.2155319
114383 4452.76562371
115880 4452.76562371
116366 6098.31091469
116888 6098.31091469
117271 4798.00946113
118571 4798.00946113
118742 14158.2213434
119279 14158.2213434
119710 4603.64542248
120542 4603.64542248
120861 3808.51636694
121556 3808.51636694
121986 3522.2293265
123445 3522.2293265
123774 8504.90391403
124997 8504.90391403
125358 9409.17800427
126276 9409.17800427
126682 3748.26516725
128028 3748.26516725
128142 6970.15137374
128961 6970.15137374
129326 7851.89229717
130367 7851.89229717
130720 4411.85289936
131317 4411.85289936
131643 5409.07068691
132951 5409.07068691
133346 18276.2539651
134662 18276.2539651
135099 8494.24619415
136409 8494.24619415
136811 17489.6042235
138059 17489.6042235
138180 5604.74661362
139490 5604.74661362
139699 2432.9013018
140935 2432.9013018
141316 6261.46190095
142220 6261.46190095
142431 13691.5757395
143807 13691.5757395
143979 4153.47598584
144776 4153.47598584
145171 2534.52700629
145957 2534.52700629
146305 7102.2602065
147280 7102.2602065
147517 2297.10540635
148836 2297.10540635
149120 1642.02036525
149677 1642.02036525
150060 1922.74179709
151038 1922.74179709
151236 7894.63425934
151791 7894.63425934
152200 13594.033626
153691 13594.033626
154160 8315.3376895
155457 8315.3376895
155805 6759.19786298
157164 6759.19786298
157608 6828.53558126
158912 6828.53558126
159355 16006.4685192
160585 16006.4685192
160929 6374.79967965
161616 6374.79967965
162041 13049.0440093
162586 13049.0440093
162728 8688.51461821
163647 8688.51461821
164000 1282.336976
165260 1282.336976
165478 7895.55541029
166406 7895.55541029
166740 805.584116661
168030 805.584116661
168504 2129.4806955
169770 2129.4806955
170011 5176.32913321
171371 5176.32913321
171647 1632.27132016
172847 1632.27132016
173196 2551.13113153
174448 2551.13113153
174606 10179.9169645
175952 10179.9169645
176287 7709.92661819
177620 7709.92661819
178102 3620.90891491
179472 3620.90891491
179706 8571.87333962
180421 8571.87333962
180882 7834.88621908
182319 7834.88621908
182444 7186.32453549
183431 7186.32453549
183660 3136.20874137
185145 3136.20874137
185607 10469.6950134
186926 10469.6950134
187375 2021.90839749
188257 2021.90839749
188398 6840.1660574
189842 6840.1660574
190261 4804.19204051
191432 4804.19204051
191646 8379.08274758
192175 8379.08274758
192470 3788.27781921
193891 3788.27781921
194390 3014.59099624
194931 3014.59099624
195317 8257.26694216
196558 8257.26694216
196681 6030.17382958
197696 6030.17382958
197995 9316.34517843
199253 9316.34517843
199735 8774.431353
201029 8774.431353
201305 8268.88317094
202160 8268.88317094
202306 8686.06744646
203705 8686.06744646
204045 13394.5304931
205446 13394.5304931
205799 2903.07874579
207001 2903.07874579
207200 8916.7701287
208664 8916.7701287
209051 3884.10461095
210143 3884.10461095
210502 2073.1051486
211203 2073.1051486
211350 205.924195933
212216 205.924195933
212592 12032.2488535
213947 12032.2488535
214379 7434.12746646
215362 7434.12746646
215785 6021.09113255
216617 6021.09113255
216941 8527.79394518
218384 8527.79394518
218558 2198.1129954
219618 2198.1129954
219946 4498.63185422
220518 4498.63185422
220838 10430.1080268
222224 10430.1080268
222348 7472.78384133
223206 7472.78384133
223479 6712.30375181
224834 6712.30375181
224948 7570.86639082
225483 7570.86639082
225809 11083.3122754
227157 11083.3122754
227423 4969.03161078
228616 4969.03161078
228854 12355.8772548
230116 12355.8772548
230277 8438.47652731
230936 8438.47652731
231229 5899.47712637
231768 5899.47712637
231935 4507.71300272
233243 4507.71300272
233346 1016.58942485
234403 1016.58942485
234643 6621.88970094
235153 6621.88970094
235554 14203.2295286
236564 14203.2295286
236959 13185.3251706
238332 13185.3251706
238801 8358.20797976
239790 8358.20797976
240242 4971.45531923
241508 4971.45531923
241691 7871.75882159
242460 7871.75882159
242932 9173.99912446
243475 9173.99912446
243852 1769.23827331
245348 1769.23827331
245621 2604.17354088
246616 2604.17354088
246930 471.5864307
247499 471.5864307
247775 11314.223192
248869 11314.223192
249129 10953.9499778
250412 10953.9499778
250529 4841.8831571
251669 4841.8831571
251903 10838.9246865
252514 10838.9246865
253008 6839.61493914
254239 6839.61493914
254386 13920.0326594
254942 13920.0326594
255194 16167.3611748
256668 16167.3611748
256905 17294.2657323
258239 17294.2657323
258358 251.641894676
259805 251.641894676
260162 3444.24522751
260666 3444.24522751
260795 15494.5777183
261785 15494.5777183
262184 7870.51830892
263199 7870.51830892
263355 7043.05858047
264180 7043.05858047
264360 4425.20247807
265608 4425.20247807
265982 11446.9481619
267300 11446.9481619
267582 6123.67317598
268084 6123.67317598
268353 12148.1074885
269536 12148.1074885
