0 7062.54502276
1370 7062.54502276
1747 13616.8191435
3068 13616.8191435
3495 6777.46309821
4620 6777.46309821
4735 7308.12824834
5539 7308.12824834
5803 10009.5050752
6724 10009.5050752
7215 11899.2539635
8381 11899.2539635
8823 12240.3154955
10139 12240.3154955
10479 1054.50468906
11604 1054.50468906
12025 7198.29986658
12815 7198.29986658
13153 4261.70296694
13992 4261.70296694
14393 1567.87731942
15171 1567.87731942
15369 6623.55858588
15880 6623.55858588
16306 4047.33558262
17797 4047.33558262
18070 525.51216764
19102 525.51216764
19552 12635.0105415
20510 12635.0105415
20792 11664.1029281
22209 11664.1029281
22617 5318.26152306
23445 5318.26152306
23662 12207.2374831
24986 12207.2374831
25389 21829.0019898
26352 21829.0019898
26580 13676.0234114
27859 13676.0234114
28261 1953.32039903
28832 1953.32039903
29278 891.831370849
29853 891.831370849
30305 6802.3588528
31700 6802.3588528
31962 8547.02741064
33335 8547.02741064
33445 10036.0000764
34381 10036.0000764
34856 5967.13176087
36300 5967.13176087
36722 1187.74711397
37528 1187.74711397
37728 2099.47886467
38850 2099.47886467
39186 18169.8232225
40417 18169.8232225
40878 10386.7780978
41660 10386.7780978
41820 540.843354798
43078 540.843354798
43399 9234.03190087
44706 9234.03190087
44807 4958.22765241
45544 4958.22765241
46022 5245.26064375
47461 5245.26064375
47867 9015.46264623
48381 9015.46264623
48481 3515.65756592
49558 3515.65756592
49809 7502.25877754
50525 7502.25877754
50663 3207.85717023
51294 3207.85717023
51560 5997.58976618
52239 5997.58976618
52608 8062.73403934
53587 8062.73403934
53786 4027.32263357
54813 4027.32263357
55232 2870.89711867
56087 2870.89711867
56513 11331.2359591
57717 11331.2359591
58101 5896.30776741
59489 5896.30776741
59742 5730.17718059
61103 5730.17718059
61422 7711.04048523
62377 7711.04048523
62868 4970.01901675
63476 4970.01901675
63707 4510.68526045
64329 4510.68526045
64699 8624.40524099
65651 8624.40524099
65903 2487.42400491
66694 2487.42400491
66997 4867.19440815
67908 4867.19440815
68221 6224.07673463
69526 6224.07673463
69772 4674.83782886
70833 4674.83782886
70955 7010.62877248
72136 7010.62877248
72443 5892.22512456
73271 5892.22512456
73637 4648.08201835
74867 4648.08201835
75188 2350.25071635
76340 2350.25071635
76477 15193.9942513
77179 15193.9942513
77673 5699.63717432
78501 5699.63717432
78735 4857.13634692
79461 4857.13634692
79853 8581.00075849
80491 8581.00075849
80781 4359.09088354
81698 4359.09088354
82128 1113.6756695
82835 1113.6756695
83147 5940.14976178
84635 5940.14976178
84929 4051.53508216
86096 4051.53508216
86465 5011.05936498
87369 5011.05936498
87607 1085.25084324
88658 1085.25084324
88891 5765.33750006
90273 5765.33750006
90464 8611.08237509
90996 8611.08237509
91099 15048.9761348
92206 15048.9761348
92465 6675.0991646
93268 6675.0991646
93471 4814.78175054
94840 4814.78175054
94972 3190.53556544
95885 3190.53556544
96164 5320.06739462
97083 5320.06739462
97385 9400.90486554
98778 9400.90486554
98912 2085.10074269
100391 2085.10074269
100838 8512.04381744
101435 8512.04381744
101574 8065.47544585
102629 8065.47544585
103092 15611.7824329
103779 15611.7824329
104144 5275.52029809
104826 5275.52029809
105282 4330.48533471
106393 4330.48533471
106740 9058.30561402
107797 9058.30561402
108225 13563.9824191
108865 13563.9824191
109106 6143.33026707
109779 6143.33026707
110099 1758.37611423
111177 1758.37611423
111285 13664.2836964
111829 13664.2836964
112150 3003.61321401
113193 3003.61321401
113548 5339.03260204
114138 5339.03260204
114517 6261.24492734
115395 6261.24492734
115690 8589.14075139
116199 8589.14075139
116698 4002.63882718
117676 4002.63882718
118145 3144.78493339
119417 3144.78493339
119887 13680.6934312
120499 13680.6934312
120784 9888.54061884
121754 9888.54061884
121941 9095.7174822
122655 9095.7174822
122828 3778.77336173
123592 3778.77336173
123799 5729.35688952
124808 5729.35688952
125119 6082.33221656
125839 6082.33221656
126250 4844.90768079
127744 4844.90768079
128168 6744.6416342
129168 6744.6416342
129527 14037.8398123
130089 14037.8398123
130287 13468.298114
131292 13468.298114
131758 3537.60361135
132735 3537.60361135
133108 11136.8325116
134279 11136.8325116
134493 6567.70779815
135508 6567.70779815
135860 1583.98535426
136383 1583.98535426
136494 3909.32672262
137760 3909.32672262
138188 1500.60955786
138779 1500.60955786
139233 19716.1750374
140726 19716.1750374
140853 6500.49756037
142276 6500.49756037
142507 12533.452807
143158 12533.452807
143384 1299.18164185
144268 1299.18164185
144404 14978.5853874
145450 14978.5853874
145605 6877.44570897
147029 6877.44570897
147155 2864.09104347
148139 2864.09104347
148306 462.439323664
148902 462.439323664
149247 3701.99961803
150521 3701.99961803
150877 14588.9901063
152218 14588.9901063
152549 15.3792900575
153871 15.3792900575
154190 12157.9246897
155628 12157.9246897
155934 321.168681097
157304 321.168681097
157471 8875.75828871
158069 8875.75828871
158375 2584.03587255
158989 2584.03587255
159199 523.516011273
160229 523.516011273
160473 554.774032626
161227 554.774032626
161647 7149.09553772
163130 7149.09553772
163582 1077.45391155
164153 1077.45391155
164368 6891.38101972
165547 6891.38101972
165718 4936.91948264
166544 4936.91948264
166726 4950.58495193
167834 4950.58495193
168262 4259.26415171
169249 4259.26415171
169569 18955.7880885
171064 18955.7880885
171401 4861.91765973
172743 4861.91765973
173046 12985.5109291
173686 12985.5109291
174046 5800.68535127
175263 5800.68535127
175629 4221.4589452
176219 4221.4589452
176542 4951.56112227
177191 4951.56112227
177494 10451.8832672
178029 10451.8832672
178323 19683.3207998
178976 19683.3207998
179306 9823.16006147
180715 9823.16006147
181086 3862.17697754
181775 3862.17697754
182064 8021.81382381
183318 8021.81382381
183494 5942.27981071
184513 5942.27981071
184642 5790.7100504
185753 5790.7100504
186123 6377.04788535
186786 6377.04788535
186956 3292.18049269
188383 3292.18049269
188542 18667.6983986
189208 18667.6983986
189355 4349.88976148
190677 4349.88976148
191072 6004.727703
191844 6004.727703
192127 5132.689863
192677 5132.689863
193160 7814.65989708
194273 7814.65989708
194467 14469.0156466
195497 14469.0156466
195648 5823.87077062
196899 5823.87077062
197229 12001.9741613
197953 12001.9741613
198274 14952.1495347
199169 14952.1495347
199653 3818.63097775
200606 3818.63097775
200806 17664.0642243
201462 17664.0642243
201679 9909.64181595
203027 9909.64181595
203162 1685.0642865
204330 1685.0642865
204657 12292.2780719
205480 12292.2780719
205634 9436.67586788
206463 9436.67586788
206749 10860.2510027
208032 10860.2510027
208414 6384.50474496
209435 6384.50474496
209721 14393.2422579
210284 14393.2422579
210719 6484.29530896
212086 6484.29530896
212388 54.5904261637
213056 54.5904261637
213237 10755.4926854
214383 10755.4926854
214595 7271.47613663
215385 7271.47613663
215765 8798.33701349
216596 8798.33701349
216844 6951.13023792
217676 6951.13023792
218113 12343.1627027
218838 12343.1627027
218948 6914.6714278
220436 6914.6714278
220856 2801.52002721
221842 2801.52002721
222135 12588.2743724
223279 12588.2743724
223579 7142.906065
224980 7142.906065
225247 3449.3861017
226480 3449.3861017
226806 8701.4744293
228134 8701.4744293
228268 6625.41492304
229014 6625.41492304
229343 9108.60220742
230297 9108.60220742
230416 19707.8265578
231842 19707.8265578
