0 6914.52590179
547 6914.52590179
951 6645.93468543
2164 6645.93468543
2411 10223.4440508
3034 10223.4440508
3187 5732.83050873
4336 5732.83050873
4485 8071.15512203
5233 8071.15512203
5446 5633.94382394
6400 5633.94382394
6587 5591.4112523
7300 5591.4112523
7494 3974.66632108
8217 3974.66632108
8550 6722.08021539
9413 6722.08021539
9621 5004.83035489
10267 5004.83035489
10542 8458.46828304
11751 8458.46828304
11957 7959.38725926
13150 7959.38725926
13389 6189.32868373
14473 6189.32868373
14830 6736.00281193
16021 6736.00281193
16416 9904.92962978
17855 9904.92962978
18137 6846.7847722
18939 6846.7847722
19218 6107.72852606
20100 6107.72852606
20479 5450.30880923
21694 5450.30880923
21974 7679.53890407
22508 7679.53890407
22652 6373.12740342
23798 6373.12740342
23974 7131.37362294
25233 7131.37362294
25691 7597.50510256
26719 7597.50510256
27062 5819.30501594
27953 5819.30501594
28280 5550.03116735
29295 5550.03116735
29470 7798.69817271
30209 7798.69817271
30649 6337.85059345
31844 6337.85059345
32141 5442.8309945
33275 5442.8309945
33572 8067.73176539
34704 8067.73176539
35202 7039.14996541
36172 7039.14996541
36642 7062.44708644
38124 7062.44708644
38553 6884.35792215
39491 6884.35792215
39597 7166.50400078
40552 7166.50400078
40935 6027.81785183
42302 6027.81785183
42800 7391.74426341
43941 7391.74426341
44254 6841.2849609
45294 6841.2849609
45671 6823.54980229
46411 6823.54980229
46599 8663.6028406
47187 8663.6028406
47311 8087.29928844
48441 8087.29928844
48618 7980.68900976
50107 7980.68900976
50568 6670.8728248
51679 6670.8728248
51868 4533.79722648
53295 4533.79722648
53397 5233.20666968
54175 5233.20666968
54582 9537.94914771
55974 9537.94914771
56379 7003.25144862
57609 7003.25144862
57718 5577.78217075
59198 5577.78217075
59428 6936.80605404
60021 6936.80605404
60166 7307.90028985
60873 7307.90028985
61304 4796.46150977
62701 4796.46150977
62930 5210.65151184
64368 5210.65151184
64668 5662.66572832
65653 5662.66572832
66002 8573.07039592
67411 8573.07039592
67596 5535.6304797
68471 5535.6304797
68642 7695.47929272
69269 7695.47929272
69603 8302.93549329
70400 8302.93549329
70558 5275.97131037
71626 5275.97131037
71923 4909.87433437
73024 4909.87433437
73197 5764.49774492
73743 5764.49774492
74203 7681.287484
75660 7681.287484
76130 5596.80698143
77171 5596.80698143
77492 7558.1086458
78190 7558.1086458
78385 8934.27805611
79272 8934.27805611
79721 8126.66165535
81074 8126.66165535
81217 7970.60127504
81888 7970.60127504
82054 4924.60657306
83198 4924.60657306
83523 5887.44898334
84509 5887.44898334
84891 6940.95225907
85786 6940.95225907
86127 6674.98596443
87277 6674.98596443
87662 6312.57176398
88765 6312.57176398
89213 5035.9895487
90588 5035.9895487
90925 7334.3107332
91569 7334.3107332
91956 7364.44406664
92840 7364.44406664
92949 7652.29938646
93454 7652.29938646
93769 7058.60406859
94612 7058.60406859
94990 6826.60403091
96083 6826.60403091
96206 6463.57280611
96706 6463.57280611
97118 7985.15386324
98592 7985.15386324
98731 8660.2021001
99950 8660.2021001
100126 6629.76435478
100816 6629.76435478
101100 6845.39449794
102341 6845.39449794
102732 6818.43626863
103394 6818.43626863
103791 8665.63179103
105210 8665.63179103
105312 6885.32343622
106560 6885.32343622
106683 5748.36597858
108115 5748.36597858
108549 7000.74870671
109900 7000.74870671
110291 7287.73339274
111594 7287.73339274
111950 5033.19879931
112816 5033.19879931
112938 7080.09768975
113656 7080.09768975
114065 6159.43022596
114984 6159.43022596
115106 8556.61248489
116500 8556.61248489
116684 6149.2186843
117827 6149.2186843
118109 6131.8801846
118669 6131.8801846
119083 8751.81040497
119692 8751.81040497
119871 5914.8464597
120909 5914.8464597
121296 6435.1224649
122780 6435.1224649
123194 9575.70005002
124290 9575.70005002
124453 7202.10902107
125444 7202.10902107
125714 6468.25586471
127171 6468.25586471
127559 7109.89376712
128958 7109.89376712
129428 9358.24213488
130849 9358.24213488
131175 5461.25441429
132519 5461.25441429
132785 7844.48152253
133987 7844.48152253
134464 7353.076652
135626 7353.076652
136034 7652.99900707
136726 7652.99900707
137172 6620.89529465
137869 6620.89529465
138218 7989.80724685
138841 7989.80724685
138992 5967.14326253
139634 5967.14326253
139908 7857.64311951
140906 7857.64311951
141330 9745.79165201
142004 9745.79165201
142264 11022.574828
142901 11022.574828
143082 4358.85407828
143688 4358.85407828
144159 4087.97716566
145449 4087.97716566
145660 7640.76539628
146217 7640.76539628
146322 8787.8723905
147140 8787.8723905
147603 8447.85884438
148833 8447.85884438
149254 6598.98228598
150221 6598.98228598
150641 4407.51089334
151573 4407.51089334
151798 5352.71664413
152735 5352.71664413
153107 9049.97779197
154092 9049.97779197
154378 5244.73058631
155643 5244.73058631
155943 6873.28983478
156776 6873.28983478
157041 6408.02231689
158536 6408.02231689
158703 7632.81955066
159749 7632.81955066
160133 6574.75219527
160868 6574.75219527
161304 6630.26292797
162244 6630.26292797
162423 6910.88968546
163768 6910.88968546
164205 6018.17360567
164825 6018.17360567
164976 7158.29543367
165889 7158.29543367
166059 5699.63990721
166847 5699.63990721
167277 7727.94260645
168574 7727.94260645
168791 10169.1628726
170000 10169.1628726
170422 9904.00290845
171369 9904.00290845
171502 6935.76624751
172126 6935.76624751
172235 8266.22333019
173098 8266.22333019
173283 9392.87537069
173886 9392.87537069
174002 6368.47143548
175016 6368.47143548
175273 7178.41970521
176684 7178.41970521
176975 7760.75434555
177862 7760.75434555
178165 5891.35617085
178910 5891.35617085
179246 4530.88594375
179764 4530.88594375
180018 6815.50281173
181465 6815.50281173
181890 7598.39676106
183186 7598.39676106
183329 6550.72514734
184240 6550.72514734
184360 9054.47799264
185555 9054.47799264
186019 5117.46828904
187346 5117.46828904
187520 8661.38393585
188313 8661.38393585
188610 8609.6488216
189388 8609.6488216
189494 7168.56135656
190320 7168.56135656
190812 6741.48782384
191637 6741.48782384
191944 7998.51204715
193382 7998.51204715
193722 9046.09917067
194354 9046.09917067
194580 7973.84214634
195165 7973.84214634
195493 6920.43035404
196268 6920.43035404
196625 4756.74170946
198074 4756.74170946
198248 7792.06322788
198911 7792.06322788
199039 6255.8124217
199596 6255.8124217
199918 8037.28774776
200431 8037.28774776
200686 7433.22282627
201273 7433.22282627
201755 8980.07936531
202606 8980.07936531
202879 10371.1381565
203932 10371.1381565
204161 6506.83047155
205585 6506.83047155
205740 9566.58482025
206420 9566.58482025
206697 8602.59876693
208028 8602.59876693
208160 6077.8789741
209131 6077.8789741
209355 5421.56123251
210019 5421.56123251
210376 7597.67140435
211617 7597.67140435
211826 4489.20816884
212603 4489.20816884
213047 8043.07119158
214150 8043.07119158
214487 7143.76445064
215519 7143.76445064
215930 7399.1828584
217367 7399.1828584
217810 10525.5805173
219291 10525.5805173
219703 5949.20296075
220234 5949.20296075
220564 8346.44648988
221538 8346.44648988
221837 5416.79210505
222612 5416.79210505
223090 4935.61143654
224344 4935.61143654
224635 3998.03878978
226109 3998.03878978
226601 6186.42798639
227343 6186.42798639
227566 8510.61395265
228967 8510.61395265
229231 6457.23218616
230334 6457.23218616
230796 5698.99507317
231954 5698.99507317
232109 7078.77955216
233009 7078.77955216
233338 8181.32836273
234543 8181.32836273
235035 3778.20078289
236350 3778.20078289
236544 8207.28785434
237952 8207.28785434
238167 8526.19313302
238801 8526.19313302
239056 7135.02124306
240087 7135.02124306
240561 5684.07701711
241560 5684.07701711
241884 7897.87328769
242447 7897.87328769
242815 6943.18146811
244128 6943.18146811
244249 4758.15886438
244921 4758.15886438
245178 4550.13293454
245704 4550.13293454
246138 9044.83123917
247403 9044.83123917
247520 4317.64393854
248132 4317.64393854
248332 5756.66623102
248945 5756.66623102
249231 2917.11382099
250571 2917.11382099
251059 6105.93021807
252149 6105.93021807
252603 6166.76748315
253539 6166.76748315
253925 5829.3516488
254954 5829.3516488
255354 6267.12958042
255925 6267.12958042
256271 10257.0580228
257465 10257.0580228
257580 4693.88824199
258175 4693.88824199
258450 5932.05222916
259036 5932.05222916
259213 6898.6066227
260350 6898.6066227
260836 4048.57205796
261907 4048.57205796
262318 7576.29746745
263678 7576.29746745
263846 7734.81916074
265203 7734.81916074
265506 6145.86583796
266897 6145.86583796
267024 6824.93460994
267843 6824.93460994
268198 5420.80224117
268733 5420.80224117
268939 6226.59994292
269733 6226.59994292
270205 7349.64552019
271505 7349.64552019
271748 5183.97415009
272901 5183.97415009
273169 3627.88149371
273900 3627.88149371
274193 6774.47056543
275161 6774.47056543
275602 6128.55575329
276749 6128.55575329
276917 7569.59270625
277974 7569.59270625
278113 4457.65957596
279100 4457.65957596
279458 8105.08612892
280218 8105.08612892
280554 6482.90238677
281158 6482.90238677
281344 6075.70783692
282184 6075.70783692
282547 6834.32917649
283686 6834.32917649
284161 8667.93774457
285390 8667.93774457
285681 8492.85713386
287156 8492.85713386
