0 4158.60680508
1080 4158.60680508
1532 4444.42367226
2889 4444.42367226
3062 9027.1832455
3728 9027.1832455
4000 5679.16239046
4768 5679.16239046
5099 17440.521756
6211 17440.521756
6518 4794.28192111
7363 4794.28192111
7713 11484.4988457
8462 11484.4988457
8597 1421.76395856
9920 1421.76395856
10038 4031.35924158
10903 4031.35924158
11264 4657.25484909
11917 4657.25484909
12285 7189.76389376
12971 7189.76389376
13291 289.441115779
14511 289.441115779
14743 11488.9741058
15274 11488.9741058
15476 8419.48941082
16003 8419.48941082
16181 6857.32809941
17505 6857.32809941
17641 3422.28256616
18381 3422.28256616
18855 2601.53224894
19585 2601.53224894
20071 6335.35506826
21437 6335.35506826
21700 6769.68691217
22924 6769.68691217
23276 9254.51846127
23908 9254.51846127
24087 16031.1630348
25437 16031.1630348
25614 3368.69796281
26670 3368.69796281
26879 13886.1431487
28114 13886.1431487
28361 10651.9403052
29547 10651.9403052
29654 6587.61839667
30462 6587.61839667
30649 8518.59199561
31336 8518.59199561
31802 2684.14995329
33228 2684.14995329
33707 3797.22349169
34561 3797.22349169
35058 1104.20239202
36540 1104.20239202
36847 3304.46925507
38069 3304.46925507
38213 6804.10085524
39041 6804.10085524
39393 6666.27161775
40187 6666.27161775
40448 9763.23803008
41783 9763.23803008
42132 8713.10908484
42782 8713.10908484
43110 9524.63631304
43856 9524.63631304
44167 11976.272879
45647 11976.272879
46027 1807.52609183
47072 1807.52609183
47283 15364.3981742
48104 15364.3981742
48364 1678.05919632
49710 1678.05919632
49935 6791.03961808
51386 6791.03961808
51841 10850.8310769
52436 10850.8310769
52817 8037.28154629
53525 8037.28154629
53929 13140.0091058
54473 13140.0091058
54694 13507.3769927
56179 13507.3769927
56298 1533.34283908
57684 1533.34283908
58107 2845.79400954
58989 2845.79400954
59203 5800.39258445
60622 5800.39258445
61034 5917.18917525
62063 5917.18917525
62509 7936.05913387
63784 7936.05913387
63901 5865.90293833
64467 5865.90293833
64655 4976.70818958
65940 4976.70818958
66147 10643.2329891
67052 10643.2329891
67303 5115.89429399
68673 5115.89429399
69116 7394.91974113
69720 7394.91974113
69879 13147.7017656
70392 13147.7017656
70595 8948.29615938
71439 8948.29615938
71699 12025.3423778
73116 12025.3423778
73323 6545.89108424
74623 6545.89108424
75072 599.948878587
75843 599.948878587
76241 2279.75838615
77067 2279.75838615
77537 1178.35908724
78594 1178.35908724
78841 7090.76086645
79729 7090.76086645
80087 11061.7417626
81076 11061.7417626
81483 4638.61046628
82322 4638.61046628
82540 1536.086502
83776 1536.086502
84208 10311.6137158
85113 10311.6137158
85562 7906.41988402
86732 7906.41988402
86962 4739.58910752
87735 4739.58910752
87961 6828.33377919
89083 6828.33377919
89223 2527.37930273
89769 2527.37930273
90157 6180.31825832
91082 6180.31825832
91215 8792.87237908
91757 8792.87237908
91918 6495.06879114
92746 6495.06879114
93229 7322.84232766
94243 7322.84232766
94568 8507.65497557
95478 8507.65497557
95722 15277.7393808
96600 15277.7393808
96846 9468.75094792
97536 9468.75094792
97729 4096.31153136
98538 4096.31153136
99030 1308.44826905
100329 1308.44826905
100737 372.043671732
102127 372.043671732
102581 7504.71384219
103762 7504.71384219
104144 3474.87125819
105571 3474.87125819
106064 9341.8967658
107220 9341.8967658
107386 7516.81096965
108742 7516.81096965
109013 11929.0098908
110244 11929.0098908
110537 10677.0510039
111667 10677.0510039
112057 4425.57374946
113471 4425.57374946
113682 10604.8270443
114991 10604.8270443
115481 1471.83712473
116813 1471.83712473
117113 6141.78987849
118262 6141.78987849
118513 13677.08926
119464 13677.08926
119903 748.787566134
120543 748.787566134
120689 6462.79110485
121840 6462.79110485
121954 14142.6040475
122926 14142.6040475
123143 6343.05996845
123945 6343.05996845
124079 9969.25172265
125391 9969.25172265
125726 8218.43622704
127211 8218.43622704
127321 6308.99994966
128700 6308.99994966
128994 9268.01014358
129820 9268.01014358
129970 7536.08935319
130748 7536.08935319
130937 5422.23094319
132363 5422.23094319
132817 9136.67018459
134289 9136.67018459
134568 8569.36567505
135680 8569.36567505
135781 10380.2840903
136392 10380.2840903
136528 3076.67772006
137279 3076.67772006
137716 6282.76388472
139079 6282.76388472
139514 5564.00687697
140924 5564.00687697
141087 9101.25073172
142248 9101.25073172
142366 3077.08197619
142918 3077.08197619
143399 8027.27508036
144190 8027.27508036
144597 5995.71147903
145598 5995.71147903
145926 7900.36276252
146478 7900.36276252
146937 9659.15740069
147588 9659.15740069
147940 2767.49141714
148582 2767.49141714
148724 10060.6277572
149557 10060.6277572
150015 8851.46163472
151291 8851.46163472
151443 1921.46360211
152934 1921.46360211
153334 6646.84266693
154092 6646.84266693
154506 6893.71187034
155696 6893.71187034
156006 13189.9481405
156660 13189.9481405
156778 9383.53236354
157484 9383.53236354
157931 12310.5271828
159011 12310.5271828
159471 6172.42704603
160281 6172.42704603
160617 18309.1168277
161361 18309.1168277
161829 12024.5407124
163279 12024.5407124
163666 11570.9152221
165160 11570.9152221
165380 13153.2952443
166597 13153.2952443
166802 4892.96321831
167422 4892.96321831
167536 12401.3085959
168776 12401.3085959
169265 1800.9177244
170129 1800.9177244
170288 8310.55017052
171227 8310.55017052
171582 8311.91155286
172775 8311.91155286
172902 1984.53384541
173809 1984.53384541
173962 9330.33710842
174577 9330.33710842
174999 13130.3691932
175770 13130.3691932
175984 10931.0377769
177277 10931.0377769
177412 595.85471792
178523 595.85471792
178792 10040.0647664
179792 10040.0647664
180093 7025.85993129
181315 7025.85993129
181807 10766.6794885
183213 10766.6794885
183446 6472.83881982
184751 6472.83881982
184954 9317.99636274
186376 9317.99636274
186785 3061.88663615
187869 3061.88663615
188053 11171.8193985
188891 11171.8193985
189329 7999.77476313
190082 7999.77476313
190506 5674.04229863
191658 5674.04229863
192017 7233.78109178
192928 7233.78109178
193247 6281.08314952
193953 6281.08314952
194164 13171.9021391
195632 13171.9021391
195777 562.024802902
196521 562.024802902
196700 2803.51183756
197778 2803.51183756
197987 13270.9209028
198865 13270.9209028
199282 6012.89941634
200134 6012.89941634
200389 4348.04628433
201218 4348.04628433
201620 2921.59913986
202687 2921.59913986
202838 9035.33232507
203751 9035.33232507
203870 12596.0423644
204976 12596.0423644
205254 3361.93315884
206374 3361.93315884
206589 9475.5619601
208023 9475.5619601
208283 6268.16622614
209258 6268.16622614
209703 5224.18384983
210385 5224.18384983
210630 7565.2858195
211746 7565.2858195
212061 12189.7492621
212677 12189.7492621
213011 10687.1875834
214450 10687.1875834
214862 1893.2181194
215988 1893.2181194
216178 3284.12680408
217425 3284.12680408
217627 7717.88659746
218537 7717.88659746
218769 12739.623334
219330 12739.623334
219731 4687.46789665
221186 4687.46789665
221640 7942.79308459
222913 7942.79308459
223171 6364.27010996
223905 6364.27010996
224099 4796.31976852
225222 4796.31976852
225692 651.426945474
226209 651.426945474
226362 234.032314572
226862 234.032314572
227029 13136.6249444
228292 13136.6249444
228724 5519.07378183
229925 5519.07378183
230312 11273.8435291
231004 11273.8435291
231252 3016.53556107
231771 3016.53556107
232105 9363.35445853
232869 9363.35445853
233175 9412.18003339
234604 9412.18003339
235097 7462.5676433
236196 7462.5676433
