0 9282.70812412
984 9282.70812412
1161 9263.86654753
2373 9263.86654753
2722 16055.4264269
3845 16055.4264269
4109 7969.87270803
5064 7969.87270803
5437 6866.10962345
6112 6866.10962345
6515 4765.34620311
7909 4765.34620311
8348 11481.9044971
9748 11481.9044971
9905 10511.7003618
10847 10511.7003618
10958 10986.953117
12349 10986.953117
12658 4808.07361862
14130 4808.07361862
14484 13015.5849879
15049 13015.5849879
15393 11271.3847575
16131 11271.3847575
16477 18354.0554837
17955 18354.0554837
18056 8395.36352578
18741 8395.36352578
18862 3642.48973298
20120 3642.48973298
20249 7426.40811038
21149 7426.40811038
21595 4409.24031267
22572 4409.24031267
23043 6797.63836562
24120 6797.63836562
24372 12554.4569739
25172 12554.4569739
25577 8337.05237623
26984 8337.05237623
27194 13949.0756729
27894 13949.0756729
28203 6165.01239066
29373 6165.01239066
29836 6059.33524743
30832 6059.33524743
31091 14799.2623146
31865 14799.2623146
32137 9070.0502771
32900 9070.0502771
33282 11906.7163691
33858 11906.7163691
34262 11079.4827002
35466 11079.4827002
35940 3870.62979138
37094 3870.62979138
37493 3556.67154443
38258 3556.67154443
38527 5315.2253531
39140 5315.2253531
39351 8542.27090159
40739 8542.27090159
40878 12018.4192249
41734 12018.4192249
42054 15250.5127798
43489 15250.5127798
43659 12213.6337775
44612 12213.6337775
44909 7033.31042889
45841 7033.31042889
46315 12511.2143152
47565 12511.2143152
47846 6077.77030605
48607 6077.77030605
48774 8280.18451005
50043 8280.18451005
50450 3041.63509108
51337 3041.63509108
51577 9816.62613689
52645 9816.62613689
53036 8753.76225301
53631 8753.76225301
53857 8690.26280993
55056 8690.26280993
55376 5245.68042804
56745 5245.68042804
57000 2699.62008785
58174 2699.62008785
58462 6200.50220871
59900 6200.50220871
60070 3463.73111898
61177 3463.73111898
61602 15920.7779819
62409 15920.7779819
62685 696.361757319
63300 696.361757319
63533 5655.82891571
64140 5655.82891571
64318 9254.06850041
65353 9254.06850041
65616 10466.4089441
66234 10466.4089441
66430 5412.31679688
67634 5412.31679688
68077 7104.91451262
69308 7104.91451262
69614 8516.37685379
70685 8516.37685379
71052 12999.357487
72367 12999.357487
72577 5964.62535243
74055 5964.62535243
74359 932.740502484
75514 932.740502484
75717 4362.93120701
76886 4362.93120701
77289 8357.50365983
78754 8357.50365983
79150 14105.208879
79654 14105.208879
79820 4778.25009785
80794 4778.25009785
81204 6096.40444441
82244 6096.40444441
82422 7416.79767036
83162 7416.79767036
83643 8194.3381058
84218 8194.3381058
84388 15180.9276591
85369 15180.9276591
85859 7117.79352916
86598 7117.79352916
87094 6541.18526715
87797 6541.18526715
88248 1908.47210372
89148 1908.47210372
89608 20681.9696769
90720 20681.9696769
90919 12574.734631
92186 12574.734631
92608 10214.1144028
93221 10214.1144028
93324 13552.7802566
94026 13552.7802566
94463 7039.68821394
95942 7039.68821394
96332 5405.95743414
96921 5405.95743414
97067 11917.8402141
98346 11917.8402141
98836 7888.40445191
100282 7888.40445191
100547 4636.00579342
101354 4636.00579342
101656 12224.9620727
102479 12224.9620727
102934 21231.100267
103617 21231.100267
103962 8943.10671908
104677 8943.10671908
104790 12306.8544167
106156 12306.8544167
106553 11180.3923819
107728 11180.3923819
107882 7993.87927515
108827 7993.87927515
108969 8856.4954165
109942 8856.4954165
110396 5952.49146319
111289 5952.49146319
111716 5433.60988474
113108 5433.60988474
113304 1784.36250471
114531 1784.36250471
115004 4142.25952767
115884 4142.25952767
116226 8170.16318779
117085 8170.16318779
117433 7837.51719487
118027 7837.51719487
118334 12870.3201142
119570 12870.3201142
119962 3751.64114647
121333 3751.64114647
121689 17974.3141397
122637 17974.3141397
123051 2079.49928338
124310 2079.49928338
124795 14106.8274015
125421 14106.8274015
125886 3348.01142984
126851 3348.01142984
127081 10561.910129
128155 10561.910129
128554 14131.2443167
129424 14131.2443167
129666 18963.5493823
130576 18963.5493823
130803 16603.9128174
132092 16603.9128174
132387 6274.46340259
133183 6274.46340259
133348 14712.8567618
134586 14712.8567618
134828 4157.53586177
136277 4157.53586177
136439 10709.6542684
137591 10709.6542684
137917 5268.83206443
138840 5268.83206443
139307 3281.98444979
139954 3281.98444979
140444 2639.68793415
141494 2639.68793415
141744 10393.2259558
142573 10393.2259558
142848 7076.46833114
144078 7076.46833114
144344 10309.644805
145415 10309.644805
145857 8816.72975706
146986 8816.72975706
147391 13234.3465705
148197 13234.3465705
148618 8481.4474271
149932 8481.4474271
150127 4352.47682798
151608 4352.47682798
152073 15526.0884111
153389 15526.0884111
153591 1197.0448765
154810 1197.0448765
155073 5945.5266313
156183 5945.5266313
156469 13515.0977778
157204 13515.0977778
157583 15455.1672141
158220 15455.1672141
158511 4500.33133046
159780 4500.33133046
160055 4990.17880608
161158 4990.17880608
161392 14824.5224388
161895 14824.5224388
162016 9005.39458913
163469 9005.39458913
163818 1556.71513544
164789 1556.71513544
165283 6340.07034685
166620 6340.07034685
166958 14619.164867
167497 14619.164867
167853 6158.36905416
169267 6158.36905416
169583 9319.91971033
170777 9319.91971033
171040 13050.2696783
171874 13050.2696783
172188 11726.1940746
173154 11726.1940746
173427 6812.60746246
174879 6812.60746246
175217 15003.106106
175926 15003.106106
176064 9741.50345654
177329 9741.50345654
177581 11121.562094
178813 11121.562094
179237 9531.35387217
180080 9531.35387217
180423 3867.29852497
181781 3867.29852497
182199 13636.8383191
183561 13636.8383191
183811 2038.92097168
185208 2038.92097168
185596 1648.92035218
186293 1648.92035218
186767 15710.3472309
187569 15710.3472309
187901 13176.3588917
188594 13176.3588917
189070 4589.81175305
189911 4589.81175305
190013 11918.4814707
190926 11918.4814707
191279 9849.77482693
191838 9849.77482693
192003 9305.06909037
192967 9305.06909037
193457 18314.4421352
194259 18314.4421352
194478 3278.91355521
195089 3278.91355521
195361 7765.11441087
196175 7765.11441087
196566 1910.14347068
197256 1910.14347068
197414 13556.6800277
198546 13556.6800277
198953 10232.4490636
199778 10232.4490636
199986 5065.16531381
200886 5065.16531381
201141 14308.1720012
201862 14308.1720012
202008 13837.3802035
202639 13837.3802035
203001 6952.9173383
204419 6952.9173383
204828 12811.6958925
206103 12811.6958925
206566 12933.5771268
207550 12933.5771268
207734 1655.86663465
209053 1655.86663465
209413 8685.51175705
210187 8685.51175705
210352 11058.2849657
211125 11058.2849657
211558 3103.72380979
212581 3103.72380979
213016 10529.9385194
214000 10529.9385194
214163 10795.6116772
215077 10795.6116772
215523 2586.50447776
216705 2586.50447776
216888 15213.2936346
217434 15213.2936346
217743 16391.2252097
218703 16391.2252097
219172 234.448114682
219730 234.448114682
219946 7900.36081587
220461 7900.36081587
220605 4037.87433613
221172 4037.87433613
221460 11819.3941373
222663 11819.3941373
222867 4617.28205064
224230 4617.28205064
224674 10050.0189276
225738 10050.0189276
225983 8706.76141939
226769 8706.76141939
227033 8885.55486781
227959 8885.55486781
228354 12889.4975333
229251 12889.4975333
229452 16179.0293521
230555 16179.0293521
230669 9123.67524851
231813 9123.67524851
232264 11426.2661042
233233 11426.2661042
233432 6676.15484487
233961 6676.15484487
234233 176.061973418
235536 176.061973418
235764 10207.9250473
236783 10207.9250473
236892 10411.8832603
238190 10411.8832603
238472 7094.58493337
239109 7094.58493337
239339 3500.88575866
240531 3500.88575866
240781 8380.54396431
241863 8380.54396431
242306 4499.18029387
243587 4499.18029387
243751 11952.5384843
244414 11952.5384843
244818 14674.2626989
245520 14674.2626989
245844 5342.88095018
246908 5342.88095018
247114 9078.30926031
248586 9078.30926031
248817 2797.17084906
250251 2797.17084906
250488 9535.28004173
251500 9535.28004173
251616 8235.534654
253107 8235.534654
253436 10552.8157204
254424 10552.8157204
254833 4376.87106946
256130 4376.87106946
256435 12711.3845676
257430 12711.3845676
257698 439.442855252
259042 439.442855252
259252 12387.4194381
259804 12387.4194381
260127 12918.589732
261540 12918.589732
261672 12299.9075058
262800 12299.9075058
263151 13127.6162394
264508 13127.6162394
264660 3895.122385
265203 3895.122385
265524 5863.56985001
266551 5863.56985001
266741 8209.24838623
267815 8209.24838623
268077 2390.81493066
269219 2390.81493066
269504 12129.4020313
270143 12129.4020313
270334 2206.88493745
270849 2206.88493745
271166 11138.0053879
271738 11138.0053879
272155 7804.09874498
273154 7804.09874498
273466 3408.25144908
274353 3408.25144908
274645 1934.43716307
275191 1934.43716307
275353 5791.49032671
276395 5791.49032671
276721 5668.74988149
277685 5668.74988149
277803 11640.7287212
278583 11640.7287212
278717 6166.51860761
279296 6166.51860761
279511 739.760621433
280821 739.760621433
281044 7231.69731757
281755 7231.69731757
282217 2528.6256378
282946 2528.6256378
