0 9237.04360375
1111 9237.04360375
1381 10418.4040372
2277 10418.4040372
2567 11817.2307257
3238 11817.2307257
3513 2727.3100245
4325 2727.3100245
4809 2191.69553806
6101 2191.69553806
6507 1920.70762256
7280 1920.70762256
7440 3914.34033924
8712 3914.34033924
8968 11810.1424049
9952 11810.1424049
10155 14119.6301646
11419 14119.6301646
11551 3136.84003599
12374 3136.84003599
12619 11199.4141161
13899 11199.4141161
14173 8113.10817241
14848 8113.10817241
15266 6289.64550438
16745 6289.64550438
17160 9696.28723724
17897 9696.28723724
18089 5074.38431665
18866 5074.38431665
19322 8782.28985477
20653 8782.28985477
21074 13478.2593934
21773 13478.2593934
22271 8032.22217949
23014 8032.22217949
23285 10441.966186
24173 10441.966186
24418 15739.7309298
25443 15739.7309298
25769 13858.2586855
26754 13858.2586855
27086 16228.6413229
27810 16228.6413229
28249 6767.44197892
29108 6767.44197892
29373 15112.6938129
30147 15112.6938129
30509 4156.3018849
31776 4156.3018849
31936 15721.4346702
32557 15721.4346702
32996 11471.2743787
34042 11471.2743787
34393 10218.0863979
35324 10218.0863979
35732 4789.83797387
37142 4789.83797387
37329 12024.2788878
38103 12024.2788878
38231 6545.20989653
39216 6545.20989653
39467 9202.66816543
40518 9202.66816543
40983 19185.6431229
41853 19185.6431229
42154 5720.67479501
43577 5720.67479501
43710 15930.3637132
44942 15930.3637132
45057 6901.24803462
45827 6901.24803462
46233 10538.6255064
47724 10538.6255064
48082 5641.95770893
48658 5641.95770893
48771 14670.197219
49509 14670.197219
49618 9687.95444477
50872 9687.95444477
51022 9681.39915166
51528 9681.39915166
51989 18619.0455356
52514 18619.0455356
52955 4092.9945243
54357 4092.9945243
54476 12400.4551298
55342 12400.4551298
55834 4576.86964722
56556 4576.86964722
56863 14133.215918
57513 14133.215918
57842 15593.9674375
59221 15593.9674375
59342 12736.5102006
59889 12736.5102006
60183 6768.89811406
60917 6768.89811406
61178 13081.7004963
61902 13081.7004963
62324 11750.5400704
63505 11750.5400704
63615 10638.9182949
64475 10638.9182949
64775 12355.7192512
65313 12355.7192512
65529 8771.50039534
66328 8771.50039534
66491 5374.01296255
67175 5374.01296255
67577 10600.4429282
68757 10600.4429282
69045 4324.16638239
69907 4324.16638239
70045 3380.91182108
70796 3380.91182108
71129 5296.71506889
71738 5296.71506889
72045 2729.02150006
73223 2729.02150006
73643 1940.76422998
74994 1940.76422998
75338 8959.33384937
75861 8959.33384937
76185 147.62901007
77001 147.62901007
77370 14021.4071491
78232 14021.4071491
78529 11845.354129
79616 11845.354129
79911 5014.50349681
80925 5014.50349681
81221 9040.36199996
82125 9040.36199996
82401 16940.1535415
83076 16940.1535415
83451 5454.08914405
84714 5454.08914405
84957 8909.63936951
86187 8909.63936951
86325 5006.55195326
87715 5006.55195326
88034 10206.9658892
89253 10206.9658892
89418 7405.02415818
90141 7405.02415818
90443 9224.79597341
91008 9224.79597341
91317 6657.62743847
92019 6657.62743847
92168 11171.2825162
93464 11171.2825162
93835 1675.56776035
94419 1675.56776035
94657 2437.40606966
95709 2437.40606966
96090 15612.7801223
97295 15612.7801223
97756 6441.01081405
99190 6441.01081405
99621 6228.38609344
100655 6228.38609344
101139 7777.97752493
101837 7777.97752493
102297 12136.7697584
103036 12136.7697584
103342 14695.1293619
104772 14695.1293619
105016 14289.1511517
106136 14289.1511517
106479 1896.16596951
107062 1896.16596951
107195 1693.82136219
107909 1693.82136219
108383 7271.21668544
109406 7271.21668544
109810 10448.6802381
111101 10448.6802381
111502 7616.03046592
112346 7616.03046592
112499 8925.88556715
113946 8925.88556715
114426 7336.4209948
114932 7336.4209948
115196 12047.8433564
116541 12047.8433564
116709 12695.9308045
118126 12695.9308045
118481 8851.09029006
119385 8851.09029006
119500 9268.10155822
120312 9268.10155822
120616 8728.25057323
121593 8728.25057323
122006 12638.1369995
122667 12638.1369995
122844 10699.3299569
123837 10699.3299569
123985 8386.22913404
124655 8386.22913404
124929 4231.31849531
126400 4231.31849531
126848 15132.7730397
128237 15132.7730397
128606 1289.25482636
129606 1289.25482636
129825 13885.9068962
131203 13885.9068962
131651 7819.65020775
132362 7819.65020775
132538 314.403204861
133886 314.403204861
134291 11787.8287507
134801 11787.8287507
135299 7070.31918639
136798 7070.31918639
136933 8589.01669372
137553 8589.01669372
137713 14660.1814062
139098 14660.1814062
139433 9123.15387032
140449 9123.15387032
140777 13952.1744872
141807 13952.1744872
142060 2148.27680913
143285 2148.27680913
143661 12508.7897727
144730 12508.7897727
145123 693.926159639
145942 693.926159639
146129 6941.12112869
147371 6941.12112869
147554 9095.21004039
148392 9095.21004039
148575 15022.6880451
149825 15022.6880451
149989 18048.4508567
151233 18048.4508567
151600 1281.02518024
152249 1281.02518024
152492 5106.13193788
153306 5106.13193788
153785 11677.8593959
154758 11677.8593959
154924 8806.47908941
155716 8806.47908941
155959 10790.2924359
156908 10790.2924359
157091 14851.6948182
158237 14851.6948182
158512 1748.9934305
159692 1748.9934305
159961 1275.52830054
161203 1275.52830054
161488 7872.05763069
162350 7872.05763069
162815 6787.61525549
163952 6787.61525549
164365 7247.45041275
165124 7247.45041275
165383 7680.58132278
166413 7680.58132278
166698 11040.6240353
167662 11040.6240353
167960 15742.9797426
169164 15742.9797426
169491 20890.2044686
170175 20890.2044686
170635 4967.51617666
171516 4967.51617666
171720 1181.42624176
173171 1181.42624176
173307 16312.3949484
173847 16312.3949484
174136 14747.9529225
174918 14747.9529225
175289 19109.0565115
175828 19109.0565115
176207 1745.80287464
177022 1745.80287464
177132 9881.50068435
178341 9881.50068435
178776 6079.33875569
180062 6079.33875569
180188 10996.545682
181355 10996.545682
181729 15356.198456
182357 15356.198456
182466 2975.97657367
183902 2975.97657367
184345 4290.34909121
185707 4290.34909121
185963 484.975802216
186584 484.975802216
186870 7058.85215106
188108 7058.85215106
188213 3734.95751915
188765 3734.95751915
188933 17950.3114877
189453 17950.3114877
189686 8043.2635378
190726 8043.2635378
190988 2604.74098204
192470 2604.74098204
192742 3599.58172542
193295 3599.58172542
193542 11481.6597087
194968 11481.6597087
195401 1237.36180441
196760 1237.36180441
197076 7974.25935626
197900 7974.25935626
198373 14564.1542006
199574 14564.1542006
199739 3744.33140135
200721 3744.33140135
200866 3960.94208344
202190 3960.94208344
202301 4253.20468155
203496 4253.20468155
203782 18215.2746573
204519 18215.2746573
204989 12609.9271142
205798 12609.9271142
205964 17633.0771177
206977 17633.0771177
207082 3351.97531696
208245 3351.97531696
208661 11387.2220451
210038 11387.2220451
210408 11246.0332458
211681 11246.0332458
211934 8233.07581998
212850 8233.07581998
213010 13327.8938829
214394 13327.8938829
214679 13055.6389032
215183 13055.6389032
215370 10289.5555668
215933 10289.5555668
216366 7636.41933949
217088 7636.41933949
217391 6461.4790159
218339 6461.4790159
218772 7243.49429152
219513 7243.49429152
219650 4139.46300586
220558 4139.46300586
221021 9143.0975772
222229 9143.0975772
222539 5606.91418994
223092 5606.91418994
223429 4500.63704947
224376 4500.63704947
224588 14686.6889702
225362 14686.6889702
225602 10265.0380731
226825 10265.0380731
227169 14509.3870358
228021 14509.3870358
228266 2564.7765501
229381 2564.7765501
229541 6368.136784
230657 6368.136784
230879 18919.9120419
231618 18919.9120419
232072 16084.3488228
233065 16084.3488228
233308 16525.1944403
234571 16525.1944403
235055 13070.21475
236393 13070.21475
236524 6819.79755189
237712 6819.79755189
237911 11456.4892791
238841 11456.4892791
239091 7727.60951156
239979 7727.60951156
240385 5074.55997821
241731 5074.55997821
242071 9846.37856636
242780 9846.37856636
243218 12391.9179276
243955 12391.9179276
