0 8587.08336091
951 8587.08336091
1425 8673.35475675
2587 8673.35475675
2921 8554.63382779
3978 8554.63382779
4178 8404.9504151
5184 8404.9504151
5338 8661.47796786
6292 8661.47796786
6457 8522.75559699
7429 8522.75559699
7571 8310.09683199
8971 8310.09683199
9238 8570.69263143
10602 8570.69263143
10776 8770.55856716
11703 8770.55856716
12006 8595.95900113
12857 8595.95900113
13236 8364.90178148
13974 8364.90178148
14462 8553.69553131
15616 8553.69553131
15946 8342.89673271
16882 8342.89673271
17217 8467.92448986
18542 8467.92448986
18881 8553.1780617
20106 8553.1780617
20407 8425.49192171
21355 8425.49192171
21578 8508.01367729
22994 8508.01367729
23351 8457.94229636
24159 8457.94229636
24371 8455.43286644
25138 8455.43286644
25400 8511.40127157
26005 8511.40127157
26337 8612.34865202
27742 8612.34865202
28188 8604.02002383
29199 8604.02002383
29444 8432.29471179
30773 8432.29471179
30949 8407.49042395
31686 8407.49042395
31891 8683.63814913
33359 8683.63814913
33462 8840.02169533
34320 8840.02169533
34619 8422.87125102
35506 8422.87125102
35700 8440.27227587
37006 8440.27227587
37204 8390.05595222
38443 8390.05595222
38783 8552.81228535
40126 8552.81228535
40436 8506.87647063
41444 8506.87647063
41642 8789.37697292
42266 8789.37697292
42652 8329.08762603
43467 8329.08762603
43650 8599.65213819
44839 8599.65213819
45025 8618.96989746
46457 8618.96989746
46698 8581.15255887
47547 8581.15255887
47894 8430.71406633
49380 8430.71406633
49711 8626.37818571
50433 8626.37818571
50713 8579.98168533
51960 8579.98168533
52186 8406.28564839
52860 8406.28564839
53246 8525.44833774
54361 8525.44833774
54669 8431.80131324
55789 8431.80131324
56126 8591.98058481
57601 8591.98058481
57999 8534.56447266
59085 8534.56447266
59371 8610.84918857
60620 8610.84918857
60771 8612.38446163
61676 8612.38446163
61804 8520.03854616
63285 8520.03854616
63387 8566.06987419
64786 8566.06987419
65091 8552.04221421
65893 8552.04221421
66181 8693.44122282
67574 8693.44122282
67729 8672.2465727
68883 8672.2465727
69359 8566.37665682
70784 8566.37665682
70944 8571.91276031
71706 8571.91276031
71885 8570.68857665
73348 8570.68857665
73722 8452.36874755
74860 8452.36874755
75256 8521.94229686
76160 8521.94229686
76326 8379.92368113
77276 8379.92368113
77410 8578.90894923
78497 8578.90894923
78854 8632.28362443
80141 8632.28362443
80586 8310.68171646
81282 8310.68171646
81650 8530.6985452
82169 8530.6985452
82490 8814.82828068
83437 8814.82828068
83622 8309.41053246
84671 8309.41053246
84929 8557.61674556
85453 8557.61674556
85558 8605.24560052
86841 8605.24560052
87113 8542.65591392
88391 8542.65591392
88611 8463.76600026
90102 8463.76600026
90260 8426.41360903
91180 8426.41360903
91580 8920.4088769
92765 8920.4088769
93174 8519.86197475
93706 8519.86197475
94047 8483.91740961
95132 8483.91740961
95432 8251.71013333
96194 8251.71013333
96397 8758.71476898
96903 8758.71476898
97249 8400.44243144
98125 8400.44243144
98400 8688.44224099
99811 8688.44224099
100090 8568.19630586
101014 8568.19630586
101320 8565.19378109
102818 8565.19378109
103314 8443.09266769
104210 8443.09266769
104349 8689.93212773
105345 8689.93212773
105675 8965.56243134
107162 8965.56243134
107422 8535.55096396
108468 8535.55096396
108913 8676.06648222
109596 8676.06648222
109992 8534.53794947
110872 8534.53794947
111147 8518.38576123
112430 8518.38576123
112791 8710.58579527
113409 8710.58579527
113612 9000.19701318
114908 9000.19701318
115330 8633.27207655
116636 8633.27207655
116893 8241.23107001
118067 8241.23107001
118478 8477.50426897
119417 8477.50426897
119908 8822.33950352
120983 8822.33950352
121438 8171.87009258
122626 8171.87009258
122913 8643.05872286
124015 8643.05872286
124349 8598.25943252
125114 8598.25943252
125421 8234.13871339
125942 8234.13871339
126301 8756.19852222
126890 8756.19852222
127212 8362.2563328
128243 8362.2563328
128534 8580.59216905
130010 8580.59216905
130334 8550.31812435
131317 8550.31812435
131637 8465.7403423
132623 8465.7403423
133103 8525.64793596
133612 8525.64793596
133910 8489.62744527
135187 8489.62744527
135396 8546.74761581
136037 8546.74761581
136333 8805.94418242
137705 8805.94418242
138195 8534.90967876
139570 8534.90967876
140052 8480.90664639
141180 8480.90664639
141488 8219.87246811
142887 8219.87246811
143210 8446.50600016
144028 8446.50600016
144263 8600.75705458
144902 8600.75705458
145383 8270.52987762
146848 8270.52987762
147071 8613.9528579
148523 8613.9528579
149004 8483.63070759
149550 8483.63070759
149824 8661.14164786
150875 8661.14164786
150976 8460.15065831
151950 8460.15065831
152410 8511.50254038
152921 8511.50254038
153275 8318.39348099
153932 8318.39348099
154075 8919.30822423
155242 8919.30822423
155685 8598.83018069
156785 8598.83018069
157162 8600.69424317
158195 8600.69424317
158680 8953.32606695
159939 8953.32606695
160101 8697.26190036
161338 8697.26190036
161728 8629.4710131
162428 8629.4710131
162643 8645.85284511
164082 8645.85284511
164286 8636.31047955
165642 8636.31047955
165829 8393.42124627
167258 8393.42124627
167458 8515.23967885
168395 8515.23967885
168769 8487.76806154
170126 8487.76806154
170466 8511.44527038
170977 8511.44527038
171116 8363.54320117
172349 8363.54320117
172698 8378.04100054
173755 8378.04100054
174120 8605.73390422
175145 8605.73390422
175319 8401.5610145
175972 8401.5610145
176430 8381.76675191
177607 8381.76675191
178019 8568.63253972
179287 8568.63253972
179687 8301.0474941
180398 8301.0474941
180788 8615.75789398
181931 8615.75789398
182122 8220.30187747
182895 8220.30187747
183243 8764.31503156
184552 8764.31503156
184706 8460.19147119
185337 8460.19147119
185534 8755.87908374
186866 8755.87908374
186975 8438.0682419
188037 8438.0682419
188393 8622.6942019
189471 8622.6942019
189673 8415.27062693
190583 8415.27062693
191071 8545.66727411
192119 8545.66727411
192355 8578.20244012
193444 8578.20244012
193596 8595.6907771
194374 8595.6907771
194729 8248.84301247
195257 8248.84301247
195479 8514.07442574
196264 8514.07442574
196397 8487.02743537
197633 8487.02743537
198057 8626.18234383
198773 8626.18234383
199075 8654.86551818
199748 8654.86551818
199929 8575.00092768
201106 8575.00092768
201519 8383.33859363
202885 8383.33859363
203072 8794.80945849
204082 8794.80945849
204228 8734.95854689
205027 8734.95854689
205436 8448.70899484
206755 8448.70899484
207049 8380.19370969
207830 8380.19370969
207963 8720.99774178
209006 8720.99774178
209242 8522.82567761
209888 8522.82567761
210254 8618.6745522
211181 8618.6745522
211632 8602.98907766
212291 8602.98907766
212684 8610.29153192
213579 8610.29153192
213805 8628.33926435
214438 8628.33926435
214591 8767.17612839
215847 8767.17612839
216192 8402.2320702
217132 8402.2320702
217537 8727.87061011
218334 8727.87061011
218573 8841.86300719
219595 8841.86300719
219879 8680.9619675
221310 8680.9619675
221567 8527.50629893
222679 8527.50629893
222977 8614.93952431
223522 8614.93952431
