0 10422.4587755
1233 10422.4587755
1679 9209.5033817
2456 9209.5033817
2870 10971.1246917
3843 10971.1246917
4088 8507.4672969
5204 8507.4672969
5642 10187.7145719
6150 10187.7145719
6351 9665.17753192
7051 9665.17753192
7386 5362.48196801
8418 5362.48196801
8893 5167.93554586
9656 5167.93554586
9900 9502.66262831
10949 9502.66262831
11143 10500.073066
11743 10500.073066
11905 10577.3004615
12448 10577.3004615
12820 7221.37259268
14306 7221.37259268
14710 9945.25981806
15529 9945.25981806
15845 12137.8979224
16968 12137.8979224
17121 6180.75472454
17793 6180.75472454
18066 8479.08700097
19273 8479.08700097
19699 8582.33116097
20840 8582.33116097
20947 9721.33986288
22156 9721.33986288
22486 8665.52814205
23744 8665.52814205
24191 8968.40958524
25473 8968.40958524
25771 8193.44334834
26603 8193.44334834
26864 11561.4316978
27920 11561.4316978
28045 8874.23443058
29313 8874.23443058
29631 6744.39787035
30950 6744.39787035
31184 6464.59453713
32611 6464.59453713
32968 4186.38632018
34389 4186.38632018
34547 5687.26369675
35097 5687.26369675
35317 6904.34620569
36716 6904.34620569
36986 11831.48632
38243 11831.48632
38683 14086.479383
39900 14086.479383
40271 9591.18556557
41212 9591.18556557
41500 11367.4878842
42312 11367.4878842
42426 7504.05258751
43512 7504.05258751
43984 7008.21711015
44900 7008.21711015
45205 5153.10692554
46431 5153.10692554
46670 9454.1740179
47896 9454.1740179
48038 10448.0755064
49104 10448.0755064
49405 7353.49775772
50525 7353.49775772
50896 6531.74668322
52156 6531.74668322
52299 12540.3605395
53119 12540.3605395
53352 7850.69677368
54777 7850.69677368
54987 7279.13218648
55814 7279.13218648
56030 10964.4452985
56617 10964.4452985
57036 9130.94166282
58273 9130.94166282
58621 6589.87321334
59689 6589.87321334
60125 8995.72974295
60947 8995.72974295
61185 5074.28733434
61781 5074.28733434
62007 10593.0304253
63450 10593.0304253
63683 5862.13315594
64483 5862.13315594
64740 10308.7880949
65394 10308.7880949
65558 9282.45592755
66480 9282.45592755
66860 11199.1125338
68196 11199.1125338
68597 7525.34007914
69740 7525.34007914
69967 11269.0934749
71134 11269.0934749
71531 6112.36529924
72767 6112.36529924
73145 7668.33192986
74561 7668.33192986
74906 7093.4531107
75554 7093.4531107
75809 8678.17947313
77246 8678.17947313
77523 9690.92048734
78284 9690.92048734
78485 9776.01307566
79329 9776.01307566
79707 9897.22751793
80795 9897.22751793
81128 11679.151779
82482 11679.151779
82972 6986.75551423
83892 6986.75551423
84254 7376.56415395
85265 7376.56415395
85535 12149.6579001
86924 12149.6579001
87218 8765.52835114
88006 8765.52835114
88466 15250.0698438
89554 15250.0698438
89694 10792.0318325
90243 10792.0318325
90425 8475.98453442
91133 8475.98453442
91623 11424.4584169
92971 11424.4584169
93206 9409.44634613
93876 9409.44634613
94266 9067.41626661
94798 9067.41626661
95113 9120.8412663
96160 9120.8412663
96586 9711.49362514
97335 9711.49362514
97460 6821.1505264
98361 6821.1505264
98739 10873.1712931
100066 10873.1712931
100244 6321.74254961
101527 6321.74254961
101982 12927.7534361
103257 12927.7534361
103718 7073.12196492
104836 7073.12196492
105074 6255.25809519
105959 6255.25809519
106363 12841.8848753
107583 12841.8848753
107995 7569.28447244
108647 7569.28447244
109053 6808.86613881
110491 6808.86613881
110608 4687.21931127
111992 4687.21931127
112375 10990.5863627
113471 10990.5863627
113897 11620.1957452
115318 11620.1957452
115566 10851.0759149
116708 10851.0759149
117182 10963.2335691
118462 10963.2335691
118797 7358.41420735
119427 7358.41420735
119915 11006.2117645
120702 11006.2117645
121104 9270.67817875
122509 9270.67817875
122938 8678.13735864
123878 8678.13735864
124270 7034.87228159
125302 7034.87228159
125535 10021.3935992
127005 10021.3935992
127350 5139.16019344
128706 5139.16019344
128937 12364.0115463
130150 12364.0115463
130378 8484.72477285
131083 8484.72477285
131344 8154.12158095
131872 8154.12158095
132215 9002.72635098
133260 9002.72635098
133649 6200.68033743
134157 6200.68033743
134469 8241.40877709
135233 8241.40877709
135374 6202.05266361
136656 6202.05266361
136872 13250.8737744
138240 13250.8737744
138725 9472.78522537
139413 9472.78522537
139747 8972.01754914
140476 8972.01754914
140899 6959.65747305
141586 6959.65747305
141764 8835.4869867
142876 8835.4869867
143036 8385.47016083
144140 8385.47016083
144285 11202.418051
145668 11202.418051
145817 9283.61020468
147040 9283.61020468
147282 10294.6604498
148371 10294.6604498
148722 9195.57026334
149263 9195.57026334
149460 7844.37995935
150668 7844.37995935
151079 10152.0517852
152496 10152.0517852
152902 8803.5343033
153927 8803.5343033
154260 4202.15603606
154829 4202.15603606
155248 9918.63342365
156126 9918.63342365
156393 11964.9682428
157683 11964.9682428
158100 8991.31800785
158750 8991.31800785
158874 10428.5136998
159891 10428.5136998
160091 10319.7028804
161294 10319.7028804
161484 4929.83874776
162364 4929.83874776
162550 11079.6825767
163367 11079.6825767
163755 9273.51651449
164969 9273.51651449
165404 6763.11761451
166268 6763.11761451
166651 13544.4196241
167231 13544.4196241
167515 12606.4129084
168362 12606.4129084
168656 8899.70589043
169635 8899.70589043
169935 8356.20943841
171431 8356.20943841
171890 13496.8780515
172638 13496.8780515
172858 12049.1591722
174237 12049.1591722
174388 9543.06899577
174964 9543.06899577
175358 10013.1841962
175948 10013.1841962
176352 7223.2359554
176893 7223.2359554
177128 10229.7170571
178451 10229.7170571
178941 10865.760859
180152 10865.760859
180606 9208.68763797
181683 9208.68763797
182105 9001.34275854
182642 9001.34275854
182979 8171.73467324
183782 8171.73467324
184108 9001.16296599
184962 9001.16296599
185198 6782.52105535
186662 6782.52105535
186776 7431.0555407
187997 7431.0555407
188388 9871.79570765
189239 9871.79570765
189627 14223.8235572
191089 14223.8235572
191399 9612.43754664
191951 9612.43754664
192066 14802.8062019
193048 14802.8062019
193163 10119.7901534
193800 10119.7901534
194161 10186.0256885
195375 10186.0256885
195571 7337.76892699
196109 7337.76892699
196398 10848.6739701
196970 10848.6739701
197307 10425.9836906
198315 10425.9836906
198609 9023.12785569
199765 9023.12785569
200215 9958.25733108
200799 9958.25733108
201242 9467.47811384
201790 9467.47811384
202065 9595.91788564
202584 9595.91788564
202785 7004.45425946
203933 7004.45425946
204384 7213.90025374
205129 7213.90025374
205385 5670.08796999
206461 5670.08796999
206789 10832.5963787
207934 10832.5963787
208060 8913.02021808
209510 8913.02021808
209660 9058.39582896
211135 9058.39582896
