0 8648.53541489
973 8648.53541489
1356 3489.65614536
2709 3489.65614536
3053 5963.58095369
4230 5963.58095369
4651 10281.0384909
5574 10281.0384909
5759 8210.22948306
7063 8210.22948306
7451 13531.9705588
8896 13531.9705588
9375 9557.37551697
10609 9557.37551697
11067 8182.49209954
11614 8182.49209954
12053 12862.9155357
13150 12862.9155357
13350 3528.49117383
14236 3528.49117383
14427 5258.00537449
15809 5258.00537449
16105 9037.9068775
17384 9037.9068775
17765 14963.2858683
18516 14963.2858683
18662 9007.34408382
20118 9007.34408382
20540 10089.4436624
21203 10089.4436624
21672 11141.8091928
22768 11141.8091928
23137 5666.8466733
23805 5666.8466733
23945 12115.5175456
25395 12115.5175456
25678 11350.8497165
26213 11350.8497165
26460 10496.4542192
27097 10496.4542192
27268 12417.6606596
28470 12417.6606596
28954 9002.72127151
30439 9002.72127151
30754 9602.11532184
32175 9602.11532184
32356 15044.7162549
33572 15044.7162549
33915 6409.91796634
34977 6409.91796634
35158 7757.04305875
36552 7757.04305875
36958 9584.87109955
38356 9584.87109955
38727 10898.1023792
39718 10898.1023792
40081 8300.1877709
41112 8300.1877709
41600 11467.3125537
42562 11467.3125537
42926 7337.33166509
43485 7337.33166509
43752 1399.58833305
44838 1399.58833305
45186 8174.2268638
45914 8174.2268638
46303 7406.47465289
47529 7406.47465289
47839 12412.9883886
48543 12412.9883886
48653 7747.24572906
49381 7747.24572906
49811 8919.24673346
50836 8919.24673346
50969 9794.24419995
52236 9794.24419995
52499 5110.3962648
53263 5110.3962648
53545 11085.9601893
54516 11085.9601893
54641 5483.28668127
55676 5483.28668127
55968 7435.95040688
57425 7435.95040688
57897 6686.04538148
58558 6686.04538148
58897 4597.40135002
60037 4597.40135002
60291 10704.5350078
61366 10704.5350078
61630 10542.3032793
63059 10542.3032793
63500 6384.28844275
64917 6384.28844275
65358 10832.8194957
66016 10832.8194957
66409 6894.07054791
67342 6894.07054791
67523 11852.2607776
68367 11852.2607776
68680 6741.0790215
69547 6741.0790215
69676 5458.04784207
70435 5458.04784207
70671 10206.9953991
71175 10206.9953991
71344 8433.80878666
72304 8433.80878666
72499 6818.34203958
73305 6818.34203958
73495 6837.56619566
74325 6837.56619566
74711 10619.07997
75874 10619.07997
76100 9075.14114136
77143 9075.14114136
77391 3593.53359359
78837 3593.53359359
78979 7270.56671189
79822 7270.56671189
80209 7572.5860499
81348 7572.5860499
81761 9382.57438077
82547 9382.57438077
82703 4526.00173783
83290 4526.00173783
83670 4852.14542842
84246 4852.14542842
84408 8660.27683765
85107 8660.27683765
85566 6754.09355028
86812 6754.09355028
87114 11979.9816365
87655 11979.9816365
88097 9050.06753465
89429 9050.06753465
89774 13791.1568028
90395 13791.1568028
90864 5373.05463696
91810 5373.05463696
92162 7389.58908742
92770 7389.58908742
93074 10196.9952598
93957 10196.9952598
94351 14294.7280671
94967 14294.7280671
95465 6304.93321638
96744 6304.93321638
96969 2216.58234092
98339 2216.58234092
98827 9038.52263485
100235 9038.52263485
100461 7632.72525448
101303 7632.72525448
101473 2526.64588963
102330 2526.64588963
102487 11402.6539231
103963 11402.6539231
104351 6789.2997807
105786 6789.2997807
105986 6154.37837277
107026 6154.37837277
107422 6371.12079393
108157 6371.12079393
108427 4173.78452151
109345 4173.78452151
109564 9456.31575485
110562 9456.31575485
110708 3733.11796437
111424 3733.11796437
111882 6064.43127418
113027 6064.43127418
113248 12766.372729
114066 12766.372729
114351 9077.0509827
115280 9077.0509827
115518 8665.58028227
116439 8665.58028227
116568 5796.27991436
117640 5796.27991436
117986 10267.4252006
118769 10267.4252006
119000 10453.3613922
120263 10453.3613922
120501 9421.9745597
121905 9421.9745597
122071 5256.04354492
123171 5256.04354492
123663 17502.5644181
124481 17502.5644181
124942 12839.9586881
125448 12839.9586881
125569 9383.64378791
126098 9383.64378791
126354 10842.1524572
127074 10842.1524572
127473 8008.74008827
128602 8008.74008827
128706 7671.10254767
129901 7671.10254767
130359 10052.3018427
131242 10052.3018427
131473 5448.31397978
132819 5448.31397978
133239 11241.8252229
134067 11241.8252229
134251 8399.30974559
135169 8399.30974559
135516 6284.83194359
136189 6284.83194359
136473 8878.97534052
137904 8878.97534052
138108 8743.80677492
138788 8743.80677492
139077 12004.57506
140245 12004.57506
140370 8711.4190644
141854 8711.4190644
142302 12371.7840793
143766 12371.7840793
144247 9507.89529828
144747 9507.89529828
145122 11872.6258919
146421 11872.6258919
146850 3242.38261826
147986 3242.38261826
148328 10062.5658067
149107 10062.5658067
149391 11300.4699508
150223 11300.4699508
150382 8591.34446529
151825 8591.34446529
152066 10869.7228229
153229 10869.7228229
153638 3671.13936461
154699 3671.13936461
154799 8065.93856141
156131 8065.93856141
156361 8847.15638183
157391 8847.15638183
157533 4181.05925637
158269 4181.05925637
158539 11862.1564461
159405 11862.1564461
159564 6928.30978611
160432 6928.30978611
160715 9970.09574365
161895 9970.09574365
162170 12116.7431975
162800 12116.7431975
163036 12882.8726779
164008 12882.8726779
164153 12453.3060076
164663 12453.3060076
165025 14513.4560518
165925 14513.4560518
166099 9472.96794687
167442 9472.96794687
167552 7219.33072579
168675 7219.33072579
169110 9172.97769553
169946 9172.97769553
170076 11103.1750142
171097 11103.1750142
171384 12891.7906213
172049 12891.7906213
172181 8702.118368
173510 8702.118368
173980 11490.6411998
175383 11490.6411998
175549 11711.8123346
176229 11711.8123346
176727 13253.0632196
177509 13253.0632196
177849 6099.8104071
178366 6099.8104071
178614 6481.68635354
179979 6481.68635354
180359 8874.76659121
181170 8874.76659121
181387 6853.05139883
182136 6853.05139883
182372 5040.58376998
183297 5040.58376998
183602 11788.490343
184747 11788.490343
185152 10117.2998827
186325 10117.2998827
186474 11233.8279324
187761 11233.8279324
188133 15131.326409
189076 15131.326409
189310 9329.80400206
190726 9329.80400206
190998 3980.90066475
191937 3980.90066475
192146 7966.36663652
192910 7966.36663652
193091 5559.39017625
194016 5559.39017625
194150 3610.48499732
194653 3610.48499732
194928 8242.23606064
196089 8242.23606064
196441 8719.50447518
197338 8719.50447518
197514 1433.9567869
198603 1433.9567869
198946 10776.348374
199538 10776.348374
199722 4719.27874941
200857 4719.27874941
201344 12740.9579744
202256 12740.9579744
202581 6084.28882776
203220 6084.28882776
203610 7269.68098332
204601 7269.68098332
204954 12479.5963689
205803 12479.5963689
206048 10481.1975955
207120 10481.1975955
207392 8300.99296598
208591 8300.99296598
208900 5946.32434884
209573 5946.32434884
209962 10584.4956614
211377 10584.4956614
211522 8448.38014655
212937 8448.38014655
213038 8369.0455517
213915 8369.0455517
214330 7011.70336361
214931 7011.70336361
215370 11417.7605936
216833 11417.7605936
217320 15353.1136124
218023 15353.1136124
218426 8410.8985569
219474 8410.8985569
219601 12993.9435481
220378 12993.9435481
220867 5414.3051211
222128 5414.3051211
222520 5490.30772064
223773 5490.30772064
223933 11040.1454587
224619 11040.1454587
224868 9397.85855623
226186 9397.85855623
226560 5749.34033098
227224 5749.34033098
227662 6708.13568067
228290 6708.13568067
228428 12362.7965929
229683 12362.7965929
229820 6459.39417219
230766 6459.39417219
