0 4030.2911879
724 4030.2911879
1130 10820.7030871
2440 10820.7030871
2746 7872.87829058
3580 7872.87829058
3892 7221.51734046
5234 7221.51734046
5444 11727.8061832
6042 11727.8061832
6220 10661.5151068
7513 10661.5151068
7830 14600.8677029
9164 14600.8677029
9560 14550.3578627
10920 14550.3578627
11033 13469.0901722
12307 13469.0901722
12479 11367.8953296
13198 11367.8953296
13340 9722.44431086
14204 9722.44431086
14661 7436.68293572
15792 7436.68293572
16268 10059.7657033
17038 10059.7657033
17459 6619.11883711
18577 6619.11883711
18710 10796.0374152
19453 10796.0374152
19827 7621.19329696
21126 7621.19329696
21481 7466.09185373
22825 7466.09185373
22961 8469.94423137
23899 8469.94423137
24148 12132.963923
24934 12132.963923
25231 12203.5981961
26245 12203.5981961
26735 12248.4356438
27278 12248.4356438
27495 9521.15969261
28986 9521.15969261
29418 12730.8483127
30318 12730.8483127
30747 11471.1488104
31609 11471.1488104
31766 8935.38168173
32619 8935.38168173
32801 7837.96542924
33747 7837.96542924
34013 8562.39291298
34956 8562.39291298
35439 6292.73897987
36861 6292.73897987
37329 14456.2053136
38053 14456.2053136
38403 3937.35856898
39204 3937.35856898
39525 14358.3822088
41005 14358.3822088
41136 12983.2549465
42045 12983.2549465
42480 5117.31337254
43190 5117.31337254
43563 8665.35387706
44539 8665.35387706
44841 7091.51044568
45995 7091.51044568
46140 9483.91558668
47100 9483.91558668
47345 13400.2644193
48834 13400.2644193
49303 7975.10011962
50338 7975.10011962
50555 11669.7346662
51657 11669.7346662
52139 7046.94243355
52685 7046.94243355
52911 7604.09525046
54243 7604.09525046
54456 10019.9923284
55879 10019.9923284
56117 8167.24612551
56815 8167.24612551
57194 11635.3719856
58107 11635.3719856
58397 7096.38326689
59888 7096.38326689
60058 7725.66152554
61189 7725.66152554
61560 12979.8571444
62249 12979.8571444
62432 10357.5970734
63857 10357.5970734
64272 8320.17824636
65079 8320.17824636
65224 11873.9712836
66319 11873.9712836
66502 12943.9326606
67423 12943.9326606
67761 5174.31027447
68965 5174.31027447
69256 5549.38151769
69849 5549.38151769
70096 14426.0021051
71094 14426.0021051
71293 6633.66741842
72284 6633.66741842
72744 9900.98080538
73933 9900.98080538
74060 8259.13452846
75116 8259.13452846
75566 13059.6783486
76465 13059.6783486
76784 9743.99956221
77726 9743.99956221
77998 11064.5393903
78563 11064.5393903
78842 11904.5546232
79657 11904.5546232
79833 4924.27824082
81253 4924.27824082
81372 13806.7758822
82529 13806.7758822
82667 7232.07771531
83331 7232.07771531
83494 8765.35148061
84441 8765.35148061
84698 5083.29810288
85660 5083.29810288
85762 14067.2037659
86932 14067.2037659
87326 12644.5795896
88063 12644.5795896
88337 8437.67236641
89163 8437.67236641
89659 8445.75041991
90399 8445.75041991
90796 9221.56446175
91497 9221.56446175
91747 6947.15357917
92993 6947.15357917
93113 9727.84698366
93968 9727.84698366
94381 9358.97309454
95863 9358.97309454
96177 7240.41512368
97672 7240.41512368
97954 12448.3137752
99192 12448.3137752
99460 8420.88212675
99977 8420.88212675
100274 8885.75802319
100964 8885.75802319
101109 10046.5548094
101781 10046.5548094
102107 11203.2034735
103165 11203.2034735
103623 13598.0564462
104375 13598.0564462
104742 9272.4803331
105629 9272.4803331
106001 6977.7208235
106666 6977.7208235
106860 7161.86380861
107383 7161.86380861
107879 11188.5947682
109161 11188.5947682
109358 10697.3287643
110615 10697.3287643
111080 11538.5157454
111907 11538.5157454
112205 5657.22691665
112971 5657.22691665
113317 10206.5360048
114561 10206.5360048
114895 11498.8859245
116099 11498.8859245
116501 13524.8091403
117777 13524.8091403
117919 6738.22164549
118678 6738.22164549
119034 9000.19722013
119888 9000.19722013
120334 10094.5225826
121171 10094.5225826
121431 7029.45326602
122587 7029.45326602
122871 7416.11941822
123562 7416.11941822
123675 14055.4596579
124716 14055.4596579
124978 12863.2681152
125646 12863.2681152
125866 6905.85253357
126659 6905.85253357
127086 13043.5360038
128000 13043.5360038
128372 4234.38393238
129693 4234.38393238
129997 8081.77013063
130954 8081.77013063
131202 2214.29210871
131808 2214.29210871
132114 5501.11277012
133330 5501.11277012
133696 3194.82035678
134297 3194.82035678
134775 10112.2563653
135569 10112.2563653
135892 10896.0199157
136541 10896.0199157
136718 6512.0039989
137219 6512.0039989
137342 11254.6791828
138390 11254.6791828
138570 9944.87807934
139342 9944.87807934
139760 7755.45118483
140934 7755.45118483
141364 10335.0137449
142373 10335.0137449
142812 11164.875902
143790 11164.875902
143894 8216.43599166
145231 8216.43599166
145632 12406.7690883
146386 12406.7690883
146704 8990.18480068
147987 8990.18480068
148325 6709.77387513
149578 6709.77387513
150040 11072.3147998
150542 11072.3147998
150659 12771.0292956
151665 12771.0292956
152001 16759.0167086
153397 16759.0167086
153615 9250.41403674
154928 9250.41403674
155184 5792.76332056
155761 5792.76332056
155878 9592.75447557
156822 9592.75447557
157215 9845.42465647
158119 9845.42465647
158256 9137.07826326
159205 9137.07826326
159509 10526.3867711
160217 10526.3867711
160464 9562.89615143
161865 9562.89615143
162323 8966.82080593
162977 8966.82080593
163150 5948.73563281
163653 5948.73563281
163876 9665.33333559
164621 9665.33333559
164980 9577.72986812
166115 9577.72986812
166408 11833.6967331
167066 11833.6967331
167415 5017.21047873
168335 5017.21047873
168601 6713.93083297
170039 6713.93083297
170210 12502.3379898
171251 12502.3379898
171716 10533.470817
172512 10533.470817
172963 7511.28017025
174112 7511.28017025
174541 6383.59154834
175594 6383.59154834
175963 12442.8377391
177008 12442.8377391
177289 14063.6301091
178155 14063.6301091
178607 11941.8096532
180100 11941.8096532
180202 13363.0100899
181582 13363.0100899
181785 12089.9592472
182694 12089.9592472
183138 8192.77577363
183782 8192.77577363
184018 10475.2904355
185295 10475.2904355
185752 5591.75081248
186328 5591.75081248
186732 13432.2265265
187733 13432.2265265
187873 10132.6922487
188552 10132.6922487
188793 13442.2363056
189647 13442.2363056
190139 11895.5024839
191138 11895.5024839
191400 12315.8917042
191980 12315.8917042
192210 17514.3407227
193302 17514.3407227
193454 8810.11738298
194933 8810.11738298
195070 10878.9344452
196235 10878.9344452
196474 8912.22750964
197082 8912.22750964
197489 15938.7975689
198049 15938.7975689
198279 9059.90709734
198933 9059.90709734
199085 4982.3813223
199743 4982.3813223
200171 10429.6164065
201611 10429.6164065
201734 9122.00126963
202866 9122.00126963
203186 7099.38771681
203785 7099.38771681
204215 8111.18340653
204717 8111.18340653
205022 13809.6613107
206147 13809.6613107
206646 12287.7090427
207466 12287.7090427
207580 11257.0669969
208539 11257.0669969
208948 11530.2119993
209996 11530.2119993
210224 7255.29991586
211151 7255.29991586
211264 14224.6285268
212303 14224.6285268
212747 10754.1632888
213827 10754.1632888
214125 9953.10173454
215475 9953.10173454
215789 3395.36824916
216884 3395.36824916
217113 11639.7103093
217924 11639.7103093
218122 11196.6099711
219146 11196.6099711
219530 10407.4873512
220834 10407.4873512
221298 8161.73011135
222585 8161.73011135
222758 15319.0775307
223776 15319.0775307
223961 8253.32175618
225148 8253.32175618
225525 11940.929677
226930 11940.929677
227239 6258.18753266
227871 6258.18753266
228139 7963.43982949
228991 7963.43982949
229214 5046.56287325
230529 5046.56287325
230707 15010.3210797
232146 15010.3210797
232630 11214.2402555
233834 11214.2402555
233952 6064.68560884
235243 6064.68560884
235692 11100.9531143
236575 11100.9531143
236817 9911.44547226
237803 9911.44547226
238280 7709.44753836
239757 7709.44753836
240192 10435.7072496
241356 10435.7072496
241848 7144.05199689
243152 7144.05199689
243429 12590.4828945
244856 12590.4828945
245145 13390.4690781
245649 13390.4690781
245977 6158.46391385
246897 6158.46391385
247216 10530.7747572
248125 10530.7747572
248496 12774.3255177
249543 12774.3255177
249848 11426.3370509
250901 11426.3370509
251047 7709.7657679
252005 7709.7657679
252418 5329.05828535
253112 5329.05828535
253290 7438.41794825
254094 7438.41794825
254550 10096.5500665
255378 10096.5500665
255688 12186.673006
257046 12186.673006
257317 13471.6455114
258655 13471.6455114
259017 7425.75114028
260334 7425.75114028
260660 9405.3823681
261295 9405.3823681
261718 7026.86309893
262467 7026.86309893
262620 10870.667607
263257 10870.667607
263661 9471.57609426
264650 9471.57609426
265113 14252.0754655
266346 14252.0754655
266567 11228.4813983
267573 11228.4813983
267864 9027.31648299
268768 9027.31648299
269131 2696.82178279
270365 2696.82178279
270623 3136.8275122
271800 3136.8275122
