0 10031.8888485
605 10031.8888485
1010 8891.66443628
1535 8891.66443628
1729 10488.6735853
2909 10488.6735853
3184 10738.2286219
4581 10738.2286219
5051 10803.417138
6021 10803.417138
6135 10797.8451873
7251 10797.8451873
7379 10600.1391946
8222 10600.1391946
8564 9998.4243953
9860 9998.4243953
10025 11174.6048185
11062 11174.6048185
11257 10750.3988503
12009 10750.3988503
12485 9117.84734879
13685 9117.84734879
14050 11751.6707267
15466 11751.6707267
15626 10061.96628
16938 10061.96628
17246 10160.5073793
18461 10160.5073793
18944 10043.8995097
19857 10043.8995097
19966 8960.12767084
21361 8960.12767084
21620 10888.2668017
22482 10888.2668017
22780 10719.0777315
23648 10719.0777315
23972 10934.0938245
25431 10934.0938245
25568 10210.3739137
26766 10210.3739137
27147 9676.44688644
27879 9676.44688644
28159 9650.84767024
29374 9650.84767024
29556 10234.8223437
30732 10234.8223437
31133 9664.43201009
32068 9664.43201009
32345 10060.2837052
33706 10060.2837052
33809 12163.530982
35113 12163.530982
35567 10691.4298937
36235 10691.4298937
36445 9748.34926659
37718 9748.34926659
37832 10981.4243224
38497 10981.4243224
38690 9927.99181599
39719 9927.99181599
40213 9270.21865069
41120 9270.21865069
41261 11787.1526123
42419 11787.1526123
42765 9795.74387107
43345 9795.74387107
43502 9283.05264824
44257 9283.05264824
44458 9929.16761093
45588 9929.16761093
45722 9389.45888787
47025 9389.45888787
47491 9861.00338469
48352 9861.00338469
48497 10173.4900221
49318 10173.4900221
49723 9397.59114314
50577 9397.59114314
50677 11117.4954754
51858 11117.4954754
52190 10578.927552
52787 10578.927552
53206 11103.7732176
53826 11103.7732176
54173 9389.33043903
55268 9389.33043903
55414 10167.5476707
56160 10167.5476707
56401 10036.0943851
57376 10036.0943851
57714 9210.29006507
58414 9210.29006507
58525 9322.25139489
59588 9322.25139489
59879 9838.96704304
60505 9838.96704304
60897 10883.9767926
61908 10883.9767926
62393 10037.2855564
63361 10037.2855564
63510 9923.30498865
64609 9923.30498865
64764 10151.8252584
65871 10151.8252584
66027 10182.2453323
67342 10182.2453323
67809 10751.0194128
68827 10751.0194128
68981 10296.9167448
69818 10296.9167448
69956 11083.3858592
71401 11083.3858592
71789 10669.7465359
72368 10669.7465359
72740 11140.3411772
73672 11140.3411772
74099 9073.33927538
75326 9073.33927538
75759 11548.9162411
76370 11548.9162411
76856 10590.2051737
78195 10590.2051737
78418 10060.0380792
78929 10060.0380792
79262 10936.186212
80070 10936.186212
80420 10624.8862932
80926 10624.8862932
81079 10975.0413361
81598 10975.0413361
81864 9967.21433603
83174 9967.21433603
83594 11873.3415765
84139 11873.3415765
84518 10542.4606977
85051 10542.4606977
85470 10962.5570018
86969 10962.5570018
87258 10437.9143517
87891 10437.9143517
88264 9147.30495117
89562 9147.30495117
90043 10490.1235643
90646 10490.1235643
90786 10317.4706572
91877 10317.4706572
92101 10567.8202129
92679 10567.8202129
92902 11668.4663555
93486 11668.4663555
93731 10096.4534446
94609 10096.4534446
94803 9121.00782796
95405 9121.00782796
95561 11101.9938883
96406 11101.9938883
96572 10557.7309464
97680 10557.7309464
98085 9443.05633691
99548 9443.05633691
99757 11358.5269687
101091 11358.5269687
101316 11131.7218267
102644 11131.7218267
103134 9043.17882998
104621 9043.17882998
105083 11523.2038264
106370 11523.2038264
106609 11247.7447965
108017 11247.7447965
108394 10151.9124183
109780 10151.9124183
110034 10548.2789537
110560 10548.2789537
110729 9954.71728716
111545 9954.71728716
112042 9203.10302299
112640 9203.10302299
112853 9723.41302405
114189 9723.41302405
114595 10416.8057553
115323 10416.8057553
115572 9167.34773706
116473 9167.34773706
116722 10761.490308
117523 10761.490308
117786 10762.5210417
119126 10762.5210417
119246 10935.5988599
120615 10935.5988599
121114 9284.93842477
122334 9284.93842477
122491 10623.8363198
123016 10623.8363198
123226 10857.2116126
124134 10857.2116126
124377 10892.2061363
125868 10892.2061363
126112 11314.8953568
127425 11314.8953568
127637 10146.7581038
128559 10146.7581038
128795 9566.55028571
129944 9566.55028571
130095 10341.8735336
130719 10341.8735336
130933 9998.27340564
132358 9998.27340564
132797 11201.318037
133599 11201.318037
133914 10273.9162864
134512 10273.9162864
135008 10701.115597
136149 10701.115597
136388 10554.8153392
137233 10554.8153392
137573 9605.28224011
138857 9605.28224011
139219 11424.5866774
140046 11424.5866774
140319 11740.9175703
141601 11740.9175703
141709 10973.6275614
142846 10973.6275614
143077 10716.9150629
143696 10716.9150629
144071 9526.30173642
144802 9526.30173642
145215 10782.0028407
146392 10782.0028407
146860 10775.8974476
147568 10775.8974476
148046 10523.3849781
148608 10523.3849781
148986 10918.3819756
149803 10918.3819756
150074 9900.61361435
151377 9900.61361435
151852 10156.3153825
152464 10156.3153825
152845 10275.1299157
153493 10275.1299157
153846 12047.176193
155322 12047.176193
155540 9460.92031896
156965 9460.92031896
157411 9876.04901131
158335 9876.04901131
158489 9296.41589003
159980 9296.41589003
160426 10967.1940446
161854 10967.1940446
162232 9864.24174312
163178 9864.24174312
163467 10946.7253275
164867 10946.7253275
165145 9539.06296272
165867 9539.06296272
166186 9173.12692678
167105 9173.12692678
167435 9631.94204801
168388 9631.94204801
168788 10142.4942968
169691 10142.4942968
170123 8747.34476264
170918 8747.34476264
171019 10471.5404723
172066 10471.5404723
172275 10999.2307735
172950 10999.2307735
173099 10143.2520598
173939 10143.2520598
174379 11552.4458549
175197 11552.4458549
175534 10726.2209819
176196 10726.2209819
176572 9281.21512937
177524 9281.21512937
177990 11498.8395054
179403 11498.8395054
179758 10748.822114
180653 10748.822114
181098 8850.84985485
181775 8850.84985485
181876 11080.4821429
182994 11080.4821429
183211 11555.1686617
184243 11555.1686617
184735 11487.6365444
185683 11487.6365444
185891 9737.18878445
187380 9737.18878445
187586 10214.4176547
188684 10214.4176547
189029 10908.7720974
189893 10908.7720974
190186 11357.4600771
191079 11357.4600771
191237 8671.44522446
191786 8671.44522446
192228 9278.80072251
193093 9278.80072251
193227 9261.67973159
194341 9261.67973159
194713 10566.5933143
195442 10566.5933143
195839 10136.1720408
196668 10136.1720408
196781 9877.52960845
198042 9877.52960845
198490 10450.7759127
199326 10450.7759127
199449 9690.26011271
200537 9690.26011271
200646 10711.637577
201376 10711.637577
201820 11193.2390298
202834 11193.2390298
202941 9830.82417968
204040 9830.82417968
204201 10349.4066249
204749 10349.4066249
204989 10875.1246611
205990 10875.1246611
206218 10129.9110522
206812 10129.9110522
207280 9469.52540819
208486 9469.52540819
208740 10872.7909798
209887 10872.7909798
210284 10823.4096328
211331 10823.4096328
211473 10318.7320183
212136 10318.7320183
212627 9333.2093638
213890 9333.2093638
214172 10182.7656389
215594 10182.7656389
215734 9952.39813619
216798 9952.39813619
217054 10358.672376
218492 10358.672376
218616 9253.55357168
219849 9253.55357168
220077 10950.8762025
221346 10950.8762025
221834 11561.6537108
222989 11561.6537108
223245 10218.612951
224305 10218.612951
224696 10460.6646649
225456 10460.6646649
225659 9005.92304893
227153 9005.92304893
227652 9236.31117121
228975 9236.31117121
229107 11569.5411796
229894 11569.5411796
230126 9751.01477876
230920 9751.01477876
231284 10665.3211615
231850 10665.3211615
232163 10891.9855797
232792 10891.9855797
232965 10162.7364517
233865 10162.7364517
234232 8881.53530207
235081 8881.53530207
235436 10194.5046291
236833 10194.5046291
237130 10148.4086403
237916 10148.4086403
238126 10735.9064213
238978 10735.9064213
239222 10054.6217882
239794 10054.6217882
239923 11067.154853
240839 11067.154853
241136 9674.75511764
242291 9674.75511764
242781 9836.82886666
243964 9836.82886666
244420 10224.0412827
245344 10224.0412827
245498 10999.5656681
246131 10999.5656681
246272 10282.6327587
246993 10282.6327587
247154 10228.4214387
248489 10228.4214387
248601 11042.9196335
249837 11042.9196335
