0 14224.7916159
984 14224.7916159
1465 20004.8337699
2762 20004.8337699
3173 4260.04190687
4244 4260.04190687
4729 6878.45450671
6082 6878.45450671
6315 15247.2205245
7497 15247.2205245
7817 13291.5445167
8558 13291.5445167
9020 8430.90052975
10352 8430.90052975
10718 6845.35411441
11303 6845.35411441
11553 6146.20865865
12973 6146.20865865
13432 9501.38477587
14730 9501.38477587
15056 5572.46882652
15850 5572.46882652
16104 11114.6239286
17401 11114.6239286
17637 9435.69164832
18898 9435.69164832
19044 8588.59768265
19947 8588.59768265
20099 9999.9078322
21493 9999.9078322
21823 9791.038689
23315 9791.038689
23569 6107.47997754
24479 6107.47997754
24975 16164.8231543
26469 16164.8231543
26679 8681.66255213
27868 8681.66255213
27996 12391.3406052
28787 12391.3406052
29286 9715.72675487
30470 9715.72675487
30969 14089.5373515
31758 14089.5373515
32024 4402.34617881
32641 4402.34617881
32795 10610.2561615
33324 10610.2561615
33650 14697.0680726
34781 14697.0680726
34904 9185.8410179
36267 9185.8410179
36459 12843.038743
37378 12843.038743
37776 7932.18192045
38904 7932.18192045
39309 7367.44737659
40083 7367.44737659
40557 6728.50432501
41310 6728.50432501
41459 12364.3473747
42168 12364.3473747
42448 11493.7672382
43918 11493.7672382
44369 10381.1257465
45572 10381.1257465
46008 10799.0846323
46787 10799.0846323
47179 5977.27612075
47841 5977.27612075
48016 11656.5510323
49318 11656.5510323
49736 9647.25976762
50583 9647.25976762
51021 5187.17544046
51837 5187.17544046
52116 13640.9741505
52948 13640.9741505
53387 18470.9185073
54139 18470.9185073
54268 8163.95752547
54784 8163.95752547
54975 11466.0426826
55966 11466.0426826
56105 9178.56788856
57141 9178.56788856
57475 12667.9297787
58628 12667.9297787
58879 6177.81016115
60371 6177.81016115
60845 10592.1108503
62307 10592.1108503
62451 15090.3641509
63088 15090.3641509
63287 9714.68989803
64749 9714.68989803
65143 11305.4079097
66225 11305.4079097
66398 7132.31619307
67836 7132.31619307
67951 6707.67649688
68826 6707.67649688
69193 14540.7903292
70263 14540.7903292
70713 4976.12690317
71245 4976.12690317
71349 5833.05497771
72794 5833.05497771
73237 14992.4560561
74204 14992.4560561
74524 12204.7537184
75723 12204.7537184
76000 3639.3400958
76764 3639.3400958
76977 13408.3694224
77630 13408.3694224
78127 14098.2090284
79216 14098.2090284
79686 7302.20861286
80910 7302.20861286
81265 9903.33921549
82503 9903.33921549
82741 10215.5260451
84025 10215.5260451
84378 11682.2296383
85313 11682.2296383
85760 16885.7403675
86504 16885.7403675
86775 7241.40543924
87583 7241.40543924
87864 15186.4671614
89170 15186.4671614
89524 7542.9989242
90349 7542.9989242
90532 9836.98517262
91769 9836.98517262
92077 9026.76764602
92624 9026.76764602
93016 14430.481423
93682 14430.481423
93859 13407.6775897
94638 13407.6775897
94996 10594.8384659
96371 10594.8384659
96847 16219.1438735
97919 16219.1438735
98092 18187.7088664
99216 18187.7088664
99628 17237.6358787
100271 17237.6358787
100716 6451.70401095
102141 6451.70401095
102462 6198.76115361
103904 6198.76115361
104393 9231.64911188
105567 9231.64911188
105722 4236.96987576
107004 4236.96987576
107238 6242.12522748
107884 6242.12522748
108305 7880.21311934
109067 7880.21311934
109232 20349.6289978
110510 20349.6289978
110692 10153.451783
111408 10153.451783
111807 6191.11980566
112644 6191.11980566
113023 8136.22227316
113685 8136.22227316
114006 11952.8857307
115223 11952.8857307
115565 15529.7849518
116744 15529.7849518
116845 2493.68073182
118296 2493.68073182
118720 11373.0346356
120129 11373.0346356
120285 12481.1403635
121220 12481.1403635
121643 9391.17193973
122260 9391.17193973
122461 12501.6869495
123960 12501.6869495
124286 8313.64771548
124951 8313.64771548
125052 2975.40557152
125847 2975.40557152
126157 6911.41235915
127398 6911.41235915
127539 12943.2241158
128977 12943.2241158
129176 10576.2580201
129990 10576.2580201
130454 11480.9167168
131085 11480.9167168
131458 16907.5199622
132132 16907.5199622
132330 13129.542846
132913 13129.542846
133150 12178.9975329
134053 12178.9975329
134349 13683.0696068
135364 13683.0696068
135480 11017.5339526
136790 11017.5339526
137099 8768.98250288
138267 8768.98250288
138766 11788.0811297
139960 11788.0811297
140332 7203.5225665
141224 7203.5225665
141397 3230.59151496
142638 3230.59151496
142791 6376.2265751
143741 6376.2265751
143978 13066.0804959
144811 13066.0804959
145238 6519.49911937
146212 6519.49911937
146609 13384.8595299
147940 13384.8595299
148283 10384.2093497
149611 10384.2093497
149883 14161.7800526
150916 14161.7800526
151273 9329.70110548
152320 9329.70110548
152796 19387.3231576
153353 19387.3231576
153474 8566.24042525
154498 8566.24042525
154945 9322.72761061
156305 9322.72761061
156499 12344.4307826
157871 12344.4307826
158208 14063.2679044
159458 14063.2679044
159923 8616.97009247
161127 8616.97009247
161539 11498.1187431
162201 11498.1187431
162665 8929.65132672
163521 8929.65132672
163993 8844.007683
164553 8844.007683
164814 9410.4388262
165798 9410.4388262
166136 13025.2963177
167628 13025.2963177
168015 1406.62805378
169428 1406.62805378
169614 16455.595066
170520 16455.595066
170708 10971.3075653
171667 10971.3075653
171774 7343.00332322
172685 7343.00332322
173169 4665.47579383
174314 4665.47579383
174601 6174.5733263
175933 6174.5733263
176189 18443.2508102
176840 18443.2508102
177301 14230.5401081
178025 14230.5401081
178396 11873.8753516
179352 11873.8753516
179572 10824.4087218
181044 10824.4087218
181527 15639.8707493
182167 15639.8707493
182471 19205.2023656
183483 19205.2023656
183815 9127.32633612
184512 9127.32633612
184716 14435.5181594
185897 14435.5181594
186144 7532.46990538
187093 7532.46990538
187567 15402.0888342
188334 15402.0888342
188555 12325.4946269
189363 12325.4946269
189719 9038.22589978
191013 9038.22589978
191350 13530.1884271
191963 13530.1884271
192183 13813.3913803
192781 13813.3913803
193104 9782.73771861
194190 9782.73771861
194404 10138.0449663
195011 10138.0449663
195225 11860.2514461
196332 11860.2514461
196502 11323.1579812
197315 11323.1579812
197752 10643.2584982
199039 10643.2584982
199363 9188.65042907
200235 9188.65042907
200628 7897.00486272
201307 7897.00486272
201620 21144.4463758
203075 21144.4463758
203226 9355.10671154
204321 9355.10671154
204468 9126.53294672
205666 9126.53294672
205810 19171.0190816
207148 19171.0190816
207558 15355.7496227
208951 15355.7496227
209181 6965.00004323
210455 6965.00004323
210732 6790.40583598
211767 6790.40583598
211974 9000.19697462
212557 9000.19697462
212773 13700.1858681
214156 13700.1858681
214580 11163.3770928
215420 11163.3770928
215565 5509.39187278
216605 5509.39187278
216707 13395.8829305
217717 13395.8829305
217848 10981.8217856
218718 10981.8217856
218873 13342.9293584
220279 13342.9293584
220543 9528.75349927
222007 9528.75349927
222364 3375.04017711
222985 3375.04017711
223380 20901.2399379
224619 20901.2399379
224722 12017.9296367
225832 12017.9296367
226293 10594.9650266
226967 10594.9650266
227395 11032.2892804
228843 11032.2892804
229082 6426.86857171
229855 6426.86857171
230162 7126.99564637
230775 7126.99564637
231108 7687.03536322
232328 7687.03536322
232547 12230.2091371
233360 12230.2091371
233694 14619.9946945
234274 14619.9946945
234636 13191.9677343
235206 13191.9677343
235695 11169.4965448
236713 11169.4965448
237180 16320.5451469
238011 16320.5451469
238120 9528.14551625
239368 9528.14551625
239746 13977.2451928
240297 13977.2451928
240570 9933.06987282
241556 9933.06987282
242050 13417.7537203
242564 13417.7537203
242682 9955.83929756
243628 9955.83929756
243989 1995.57907397
244938 1995.57907397
245382 5338.9003032
246414 5338.9003032
246672 14753.2720997
247463 14753.2720997
247932 14091.8806846
249215 14091.8806846
249328 201.679837576
250541 201.679837576
250926 8044.80782397
251440 8044.80782397
251694 9037.33049475
253168 9037.33049475
253512 5680.619363
254859 5680.619363
255232 9466.33802314
255737 9466.33802314
255839 7838.84866344
256833 7838.84866344
257055 9745.62452997
257880 9745.62452997
258104 12737.2462612
259208 12737.2462612
259581 12977.8757626
260420 12977.8757626
260859 14730.5351552
262069 14730.5351552
262265 11088.0371743
262892 11088.0371743
263092 13060.4801837
263720 13060.4801837
263869 8117.89423499
265208 8117.89423499
265348 14761.6699654
266357 14761.6699654
266537 10590.8106236
268025 10590.8106236
268503 14257.5950359
269793 14257.5950359
270287 6422.90368108
271032 6422.90368108
271410 10213.9021362
272284 10213.9021362
272447 8229.05868484
273627 8229.05868484
273859 11997.6375172
275357 11997.6375172
275461 6071.24947948
276727 6071.24947948
276987 7105.28604291
278079 7105.28604291
278246 8854.89643811
278767 8854.89643811
278903 11250.3283411
280362 11250.3283411
280661 5411.38400317
281898 5411.38400317
282265 8860.7299135
282999 8860.7299135
283236 8398.61282727
284600 8398.61282727
284782 12020.6171317
285873 12020.6171317
286359 15732.6024591
286898 15732.6024591
287379 4232.36890552
288638 4232.36890552
289109 11753.2567764
290217 11753.2567764
290573 12461.4843282
291672 12461.4843282
292054 6425.3333682
292995 6425.3333682
293457 6102.871233
294264 6102.871233
