0 5398.97487478
920 5398.97487478
1290 18934.5731722
1845 18934.5731722
2230 8336.22021085
3446 8336.22021085
3729 13110.8713322
4972 13110.8713322
5398 16160.4917184
6177 16160.4917184
6634 9659.39184421
7932 9659.39184421
8090 966.10678259
9573 966.10678259
10018 12378.9291625
11132 12378.9291625
11478 11192.5627959
12217 11192.5627959
12369 14220.172146
13414 14220.172146
13671 14067.7846809
15138 14067.7846809
15293 2450.22962745
16549 2450.22962745
17009 8699.79134382
18505 8699.79134382
18729 9485.40625436
19879 9485.40625436
19988 17357.0909157
21245 17357.0909157
21422 13849.3774827
22098 13849.3774827
22393 14151.3101531
23832 14151.3101531
24027 10821.6865048
24913 10821.6865048
25146 12907.204971
25999 12907.204971
26443 10760.4066332
27468 10760.4066332
27872 12198.8976963
29245 12198.8976963
29575 11014.3613248
30538 11014.3613248
30924 5789.33251345
32292 5789.33251345
32407 628.912377468
33176 628.912377468
33482 4434.59065318
34420 4434.59065318
34765 11305.1348838
35432 11305.1348838
35609 6187.1215461
37098 6187.1215461
37554 8955.8683379
38250 8955.8683379
38485 22519.132148
39208 22519.132148
39546 5012.61521394
41038 5012.61521394
41348 13509.9513433
42638 13509.9513433
43077 13923.4676756
43744 13923.4676756
44017 15288.544813
45288 15288.544813
45734 6238.99554613
46234 6238.99554613
46396 13602.9264693
47150 13602.9264693
47566 13274.8895335
48124 13274.8895335
48517 15696.931328
49334 15696.931328
49820 20626.7242739
51002 20626.7242739
51488 13686.9231459
52269 13686.9231459
52389 5246.10455513
53324 5246.10455513
53597 9972.32106021
54879 9972.32106021
55230 6543.7393613
56643 6543.7393613
56807 2084.93433148
57726 2084.93433148
57872 8832.27747982
59026 8832.27747982
59393 11473.9345891
60549 11473.9345891
60806 12530.7551411
61883 12530.7551411
62059 15392.2317954
63393 15392.2317954
63587 11093.954222
64836 11093.954222
65261 9730.15701238
66568 9730.15701238
66926 7333.00268283
68143 7333.00268283
68609 3563.95265361
69897 3563.95265361
70134 12746.8512649
71492 12746.8512649
71737 6698.0657053
72764 6698.0657053
73105 12265.2181332
74511 12265.2181332
74614 18806.5256161
75723 18806.5256161
75943 1974.02169432
76666 1974.02169432
76811 3173.69061131
77343 3173.69061131
77764 13770.1160494
78923 13770.1160494
79080 15396.0966485
80439 15396.0966485
80751 12756.3150259
81749 12756.3150259
81899 1907.83680764
82974 1907.83680764
83336 1488.92787593
84664 1488.92787593
84864 4387.36506063
85645 4387.36506063
86086 22053.9973751
87318 22053.9973751
87725 7506.04150541
89199 7506.04150541
89601 742.946683643
90759 742.946683643
90930 17916.6879651
92230 17916.6879651
92470 10259.5530448
93667 10259.5530448
93896 3968.94927067
94839 3968.94927067
95222 7545.3540046
95912 7545.3540046
96270 16319.5298017
97541 16319.5298017
97936 10050.7644152
98793 10050.7644152
99052 19667.6169983
99925 19667.6169983
100266 15401.4782853
100818 15401.4782853
101103 6866.78737746
102596 6866.78737746
102748 7333.14896311
104158 7333.14896311
104366 10255.0581883
105701 10255.0581883
106134 11941.4822787
107105 11941.4822787
107377 14480.6699145
108076 14480.6699145
108464 5959.9865534
109291 5959.9865534
109656 14676.1361132
110591 14676.1361132
110731 9051.96412652
112118 9051.96412652
112221 11801.8410539
112885 11801.8410539
113314 19672.960337
114799 19672.960337
115189 12204.1000425
116289 12204.1000425
116432 1996.15156839
117645 1996.15156839
118102 5875.67832551
118805 5875.67832551
119288 12497.8597897
120146 12497.8597897
120447 5464.3127214
121428 5464.3127214
121622 14071.8179451
122810 14071.8179451
123084 15154.8811697
123900 15154.8811697
124273 16848.4476684
125094 16848.4476684
125513 8915.47045117
126738 8915.47045117
126897 3483.07187412
127990 3483.07187412
128153 12716.8289374
128848 12716.8289374
129106 7677.44543953
129826 7677.44543953
129970 4688.20706344
130831 4688.20706344
131089 9314.84055858
131632 9314.84055858
132019 9818.06031261
133380 9818.06031261
133864 14874.112366
134655 14874.112366
135076 17012.2181267
135941 17012.2181267
136113 16541.9175856
136985 16541.9175856
137356 28042.8961072
138416 28042.8961072
138648 19959.4482764
139793 19959.4482764
139972 9560.1672709
141258 9560.1672709
141653 14253.1630312
142688 14253.1630312
143070 8567.571974
143692 8567.571974
143801 14831.0591781
145296 14831.0591781
145508 23169.4284882
146503 23169.4284882
146852 8763.16069453
148017 8763.16069453
148476 6822.76222691
149089 6822.76222691
149511 5504.71932125
150712 5504.71932125
151112 17600.3156906
152110 17600.3156906
152245 16681.68453
153395 16681.68453
153598 10380.978927
154831 10380.978927
155116 16042.8256993
156349 16042.8256993
156701 8812.01535024
157668 8812.01535024
157820 9991.49297447
158872 9991.49297447
159243 15557.1029853
160076 15557.1029853
160393 25978.3081034
161254 25978.3081034
161522 3461.87657362
162204 3461.87657362
162320 8876.06539174
162915 8876.06539174
163261 3447.25949058
164075 3447.25949058
164303 16375.143803
164899 16375.143803
165313 6351.82023922
166452 6351.82023922
166619 10682.7547979
167918 10682.7547979
168319 2876.31563281
169597 2876.31563281
169998 11358.138235
171230 11358.138235
171488 17916.5468543
172601 17916.5468543
172724 8394.16657433
173928 8394.16657433
174228 4219.42781973
175166 4219.42781973
175331 13375.3787201
176019 13375.3787201
176166 8005.59271242
176728 8005.59271242
176871 6666.69342947
177545 6666.69342947
177939 7658.81146114
179225 7658.81146114
179329 2319.62454579
180812 2319.62454579
181260 7213.51810452
182454 7213.51810452
182635 9734.32416843
183167 9734.32416843
183593 16292.6593156
185034 16292.6593156
185313 12820.4618515
186758 12820.4618515
187175 2017.91513475
188120 2017.91513475
188328 10511.8792283
189282 10511.8792283
189427 13031.4550269
190913 13031.4550269
191126 15559.3650091
192567 15559.3650091
192683 15058.9677871
193336 15058.9677871
193585 12146.2437947
194498 12146.2437947
194683 13148.8890269
195287 13148.8890269
195733 2999.79110121
197213 2999.79110121
197319 12751.1310876
198377 12751.1310876
198721 17301.8775116
200031 17301.8775116
200370 19559.2269902
201739 19559.2269902
202185 1190.17647206
203368 1190.17647206
203550 2728.18889197
204463 2728.18889197
204607 14302.3061836
205405 14302.3061836
205709 19967.083406
206796 19967.083406
207188 11284.2177654
207918 11284.2177654
208066 24168.3428971
209261 24168.3428971
209386 13028.1178706
210486 13028.1178706
210649 1965.99893664
211371 1965.99893664
211587 567.101612071
212399 567.101612071
212641 3915.03872993
213336 3915.03872993
213506 12707.2294608
214809 12707.2294608
215181 9130.61024055
216608 9130.61024055
216729 14224.2234422
218157 14224.2234422
218615 13758.598958
219444 13758.598958
219820 14920.3061805
220766 14920.3061805
220879 11905.9003315
221500 11905.9003315
221931 14005.3769162
223226 14005.3769162
223374 7480.75545572
224396 7480.75545572
224807 15263.5551553
225474 15263.5551553
225743 4319.75079819
226698 4319.75079819
227143 6009.35743455
228504 6009.35743455
228636 3870.75436775
229546 3870.75436775
229671 18377.6861217
230831 18377.6861217
230941 13475.7894808
231866 13475.7894808
232342 1282.51714796
232957 1282.51714796
233240 11746.2222695
233802 11746.2222695
234234 6310.63034036
235130 6310.63034036
235383 13091.6627093
236384 13091.6627093
236861 2020.58103032
237925 2020.58103032
238258 8327.00493361
239484 8327.00493361
239641 15771.5704086
240807 15771.5704086
240908 14830.8383264
241629 14830.8383264
241808 11091.1214225
242698 11091.1214225
243018 12624.791153
243645 12624.791153
243917 11786.8266497
244688 11786.8266497
244839 9621.25805348
245875 9621.25805348
246349 11268.7066026
247264 11268.7066026
247712 4716.1497285
248696 4716.1497285
248836 13738.9919305
249561 13738.9919305
249993 17460.1212794
250704 17460.1212794
250956 19875.425682
252285 19875.425682
252621 8004.54993123
253457 8004.54993123
253786 925.981395661
255145 925.981395661
255450 11580.9015659
256403 11580.9015659
256518 211.807046411
257914 211.807046411
258235 4846.39143987
259646 4846.39143987
259802 15158.7920528
260931 15158.7920528
