0 3307.27128646
541 3307.27128646
895 2266.00054283
1993 2266.00054283
2136 2740.80199814
3422 2740.80199814
3775 1465.66339357
5170 1465.66339357
5327 216.218871006
6232 216.218871006
6542 2395.0930082
7883 2395.0930082
8342 665.106559864
9149 665.106559864
9540 1080.13927052
10325 1080.13927052
10798 683.088321159
11551 683.088321159
11948 1256.59597012
12993 1256.59597012
13127 785.915960742
14215 785.915960742
14581 2650.00078378
15409 2650.00078378
15550 1647.4226202
16752 1647.4226202
17112 2568.39288398
17702 2568.39288398
18070 1933.28052608
19385 1933.28052608
19832 3230.42169488
20413 3230.42169488
20631 2043.58305793
21967 2043.58305793
22069 575.138101694
23320 575.138101694
23579 2162.83386352
24977 2162.83386352
25161 1434.37240833
25674 1434.37240833
25888 1486.61839904
27307 1486.61839904
27535 1418.74660305
28593 1418.74660305
29033 1679.46640109
30245 1679.46640109
30631 2931.80733667
31158 2931.80733667
31265 581.091434023
31954 581.091434023
32379 1354.08888485
33207 1354.08888485
33455 868.478654466
33973 868.478654466
34467 893.891932172
35934 893.891932172
36317 1731.14014192
37654 1731.14014192
37865 2057.78406225
38371 2057.78406225
38687 1864.95369285
39192 1864.95369285
39390 1399.86546438
40200 1399.86546438
40666 1532.9225896
41494 1532.9225896
41772 1051.65967647
42563 1051.65967647
42745 2001.38038462
43878 2001.38038462
44067 2301.76362672
45256 2301.76362672
45592 1221.15261649
46522 1221.15261649
46938 918.062378764
48339 918.062378764
48609 1850.13294415
49839 1850.13294415
50036 1044.91772301
50979 1044.91772301
51374 547.614273308
51983 547.614273308
52093 882.235592834
53144 882.235592834
53482 1638.97860998
54880 1638.97860998
54983 227.43718912
55919 227.43718912
56344 472.548549078
57605 472.548549078
58009 2277.92317398
59372 2277.92317398
59642 1434.23491162
60569 1434.23491162
60884 1119.77405655
61569 1119.77405655
61709 1886.04811542
62690 1886.04811542
62873 1828.51321756
64261 1828.51321756
64520 1326.70724479
65504 1326.70724479
65657 828.020909167
67120 828.020909167
67256 1454.09338856
68493 1454.09338856
68956 1330.3208012
70160 1330.3208012
70648 1276.40913901
71597 1276.40913901
71733 962.349338789
72280 962.349338789
72435 1633.38801923
73111 1633.38801923
73234 2954.85634548
74154 2954.85634548
74487 1189.2986393
75622 1189.2986393
75988 1982.65140439
76731 1982.65140439
77210 1308.30168048
78370 1308.30168048
78503 1563.11196681
79194 1563.11196681
79659 1240.78223607
81000 1240.78223607
81398 1423.4531761
82414 1423.4531761
82813 758.475678584
84207 758.475678584
84444 1.05525964989
84950 1.05525964989
85363 1111.12528958
86082 1111.12528958
86250 1108.96893691
87244 1108.96893691
87677 1039.06101512
88232 1039.06101512
88603 608.193652232
89429 608.193652232
89556 1229.52794089
90436 1229.52794089
90580 2295.7633646
91112 2295.7633646
91589 2342.44680615
92534 2342.44680615
92831 2355.39334218
93623 2355.39334218
94008 2287.67060815
95358 2287.67060815
95458 2748.93589836
96020 2748.93589836
96392 435.94295057
97457 435.94295057
97762 1609.96946376
98293 1609.96946376
98425 1886.64383332
99517 1886.64383332
99880 1094.35312835
100714 1094.35312835
100977 1771.60725615
101841 1771.60725615
102216 1436.44448758
103174 1436.44448758
103626 2255.6653826
104720 2255.6653826
104849 1932.16216431
105629 1932.16216431
106077 1868.63282852
107344 1868.63282852
107779 480.238904427
108295 480.238904427
108460 1438.30873769
109166 1438.30873769
109521 2838.58898793
110951 2838.58898793
111155 2292.03343414
112390 2292.03343414
112678 1355.80252722
113585 1355.80252722
113950 176.118247774
114835 176.118247774
115113 1655.543249
115797 1655.543249
116254 1320.24277331
117630 1320.24277331
118056 1473.0269752
119555 1473.0269752
119793 1082.59288405
121158 1082.59288405
121599 887.387754948
122950 887.387754948
123367 349.047102032
124772 349.047102032
125077 1947.51527355
126287 1947.51527355
126465 1080.35317133
127811 1080.35317133
128079 1324.64694008
128731 1324.64694008
128911 1408.99194583
130105 1408.99194583
130588 1948.46656319
131437 1948.46656319
131852 2377.56323798
132831 2377.56323798
133191 425.839855663
133801 425.839855663
134141 1545.39593381
135587 1545.39593381
135769 2362.8147868
136425 2362.8147868
136686 1585.5531446
137606 1585.5531446
137863 243.207863803
139346 243.207863803
139514 1017.75588396
140395 1017.75588396
140894 1319.33193065
141420 1319.33193065
141853 2424.49888705
143145 2424.49888705
143377 1307.72266759
144405 1307.72266759
144881 2722.90309446
145451 2722.90309446
145554 729.950692708
147005 729.950692708
147295 1678.79797763
148090 1678.79797763
148339 387.793676647
148862 387.793676647
149063 103.124609808
149856 103.124609808
150237 1756.41730729
150921 1756.41730729
151133 1198.93892619
152054 1198.93892619
152237 1604.32053773
153580 1604.32053773
153757 1054.23963728
154302 1054.23963728
154668 216.377979887
156035 216.377979887
156174 1287.52736457
157565 1287.52736457
157920 1743.72725126
158572 1743.72725126
158838 2814.72118913
159848 2814.72118913
160135 81.8167915757
161427 81.8167915757
161608 817.799452614
162357 817.799452614
162622 635.813937934
163160 635.813937934
163353 382.131291779
163993 382.131291779
164338 1629.84689456
165515 1629.84689456
166002 516.603550075
166602 516.603550075
166877 2564.76478652
167718 2564.76478652
168139 1482.84287736
168773 1482.84287736
168903 1628.73528144
170388 1628.73528144
170746 1505.25124555
172100 1505.25124555
172483 1322.37985523
173319 1322.37985523
173799 993.221414336
175069 993.221414336
175342 1883.44832037
176242 1883.44832037
176738 250.570755456
177283 250.570755456
177424 1611.40111873
178608 1611.40111873
178954 2244.35624126
180421 2244.35624126
180553 1634.76738587
181511 1634.76738587
181827 2260.29912658
182735 2260.29912658
182847 1072.91556625
183468 1072.91556625
183768 2222.32196323
184563 2222.32196323
184944 480.253651858
185938 480.253651858
186112 2879.96279467
186662 2879.96279467
186979 1445.6547753
188195 1445.6547753
188655 1510.41219078
189717 1510.41219078
189863 1931.23372108
190531 1931.23372108
190934 690.892444317
191833 690.892444317
192118 77.8716807636
193236 77.8716807636
193464 256.038706744
194077 256.038706744
194413 3295.12155898
195600 3295.12155898
195872 1421.86260245
196639 1421.86260245
197102 2598.48291509
198135 2598.48291509
198408 399.126292278
199784 399.126292278
200013 368.050942395
201226 368.050942395
201678 919.350148678
202797 919.350148678
203093 1163.09701206
204078 1163.09701206
204442 1438.77762009
205497 1438.77762009
205905 1410.45000863
206840 1410.45000863
207232 1004.12876496
208401 1004.12876496
208795 1644.51842259
209892 1644.51842259
210357 2248.33615233
211392 2248.33615233
211766 493.439292366
212957 493.439292366
213418 3079.31668374
214261 3079.31668374
214634 1424.18113794
215990 1424.18113794
216393 1230.09815197
217121 1230.09815197
217289 1478.29898209
218787 1478.29898209
219126 888.22131419
219660 888.22131419
220065 1636.49308044
220933 1636.49308044
221308 613.1545393
222037 613.1545393
222390 1636.78862898
222945 1636.78862898
223342 1347.19800273
224748 1347.19800273
224973 3497.15757644
226187 3497.15757644
226683 1805.82228609
227800 1805.82228609
227925 151.149925481
229138 151.149925481
229247 595.050746718
230122 595.050746718
230245 1520.61046739
230759 1520.61046739
230994 2366.12538659
231850 2366.12538659
232148 106.836125147
232764 106.836125147
233235 1717.83908254
234684 1717.83908254
235084 1484.50406775
235878 1484.50406775
236312 1576.62849354
237366 1576.62849354
237613 502.879136467
238497 502.879136467
238864 1251.00018366
239579 1251.00018366
240027 1317.92729787
241410 1317.92729787
241577 804.937822201
242535 804.937822201
242684 859.769277752
243895 859.769277752
244303 2445.64757385
245675 2445.64757385
246168 1102.93606103
247556 1102.93606103
247801 1092.17052785
248762 1092.17052785
248944 2421.80348182
250279 2421.80348182
250411 1918.98116746
251627 1918.98116746
252025 1500.05403813
253266 1500.05403813
253732 1602.67731714
254576 1602.67731714
254881 1516.67165233
256271 1516.67165233
256638 911.108442968
257716 911.108442968
257944 2213.08446713
258745 2213.08446713
259007 1594.9500085
259604 1594.9500085
260102 1250.54109695
260805 1250.54109695
260983 1563.77122016
262138 1563.77122016
262244 1174.50701661
263488 1174.50701661
263972 1487.63680959
265456 1487.63680959
265663 2188.12092465
266220 2188.12092465
266433 1388.33051957
267027 1388.33051957
267485 3680.9286104
268226 3680.9286104
268607 2097.00325408
269948 2097.00325408
270420 1328.42133103
271003 1328.42133103
271150 1358.02505278
271660 1358.02505278
272080 2267.10194353
272879 2267.10194353
273222 774.890471462
274172 774.890471462
274575 855.424116056
275101 855.424116056
275302 150.349371504
276357 150.349371504
276668 2093.54602289
277644 2093.54602289
