0 20986.95787
1205 20986.95787
1563 15167.8852511
2089 15167.8852511
2246 13467.7494286
3031 13467.7494286
3502 3434.5291931
4031 3434.5291931
4490 5036.93382049
5664 5036.93382049
6050 17871.8953168
6821 17871.8953168
7115 1147.23511988
7889 1147.23511988
8010 9909.57685888
8690 9909.57685888
9116 10959.7084526
9746 10959.7084526
10069 16142.5648314
11415 16142.5648314
11670 15061.0300992
12378 15061.0300992
12553 13470.5595312
13148 13470.5595312
13574 12700.4663921
14101 12700.4663921
14323 21266.9541835
15409 21266.9541835
15694 3706.12999797
16501 3706.12999797
16742 11961.5819042
18041 11961.5819042
18397 16083.5858701
19335 16083.5858701
19562 8021.08223005
20182 8021.08223005
20603 11823.2047925
21925 11823.2047925
22063 9188.96880316
22958 9188.96880316
23255 16295.934786
24500 16295.934786
24993 9999.09449254
25848 9999.09449254
26147 16350.9026501
27056 16350.9026501
27424 7171.74094679
28059 7171.74094679
28522 17155.1675025
29277 17155.1675025
29588 16143.6239444
30931 16143.6239444
31272 10648.0956742
32390 10648.0956742
32829 9045.99841966
33913 9045.99841966
34233 21808.8748252
35458 21808.8748252
35576 17794.1661063
36963 17794.1661063
37457 9595.091898
38658 9595.091898
39092 14661.1222288
39672 14661.1222288
39821 520.542198353
40952 520.542198353
41187 8875.25653373
41752 8875.25653373
41900 10018.5505303
42976 10018.5505303
43316 12565.6560904
43834 12565.6560904
43992 17315.7992727
45324 17315.7992727
45545 9913.704133
46962 9913.704133
47307 4742.30913759
48725 4742.30913759
49150 9268.40919042
50004 9268.40919042
50367 7416.07566542
51027 7416.07566542
51336 3201.50253436
51908 3201.50253436
52232 17765.3949526
52937 17765.3949526
53054 5191.54208003
53793 5191.54208003
53908 17736.5565303
55406 17736.5565303
55684 12338.1858732
56644 12338.1858732
56895 12382.4305096
58014 12382.4305096
58275 9854.86947956
59668 9854.86947956
60000 11989.7299906
60748 11989.7299906
61139 12740.3800109
61728 12740.3800109
62196 15880.2577389
62711 15880.2577389
62811 3496.60958646
63685 3496.60958646
63905 6801.13406229
65100 6801.13406229
65204 12827.0135055
66058 12827.0135055
66448 9849.22272359
67786 9849.22272359
67919 13056.9505799
68691 13056.9505799
69077 10960.8139281
70230 10960.8139281
70624 11706.483417
71873 11706.483417
72196 16101.2577377
72750 16101.2577377
73025 19201.1394658
74053 19201.1394658
74520 8125.4642672
75439 8125.4642672
75737 12802.8201331
76844 12802.8201331
77066 21551.2994222
78139 21551.2994222
78395 7262.14140478
79652 7262.14140478
80119 13818.7733257
81244 13818.7733257
81542 10891.6810324
82778 10891.6810324
83170 7406.9493817
84447 7406.9493817
84806 3413.72142471
85506 3413.72142471
85946 1267.80119599
86653 1267.80119599
86924 7438.91088667
88097 7438.91088667
88489 16882.1754287
89792 16882.1754287
90212 14077.5539739
91107 14077.5539739
91503 8975.50732451
92541 8975.50732451
92968 14595.7624525
93671 14595.7624525
94082 12174.6519408
94746 12174.6519408
95001 9829.55604534
96054 9829.55604534
96404 10892.9644166
97783 10892.9644166
97968 8551.78629558
98619 8551.78629558
99041 8187.52841283
100202 8187.52841283
100376 8901.79211297
101356 8901.79211297
101732 17121.292776
103206 17121.292776
103517 9323.12882868
104990 9323.12882868
105195 6212.68292244
106619 6212.68292244
106818 6833.36387534
108143 6833.36387534
108553 22495.8432602
109681 22495.8432602
109800 7259.99355958
110494 7259.99355958
110636 9806.03635518
111412 9806.03635518
111892 2327.19581078
112845 2327.19581078
113113 4751.2443482
113953 4751.2443482
114310 9201.68249225
115307 9201.68249225
115785 10857.9875172
116887 10857.9875172
117074 7415.6246598
117807 7415.6246598
118232 15979.2987872
119372 15979.2987872
119477 8981.9756517
119989 8981.9756517
120171 18065.3424364
121018 18065.3424364
121510 11072.7184934
122098 11072.7184934
122415 12234.6869313
123436 12234.6869313
123813 9053.39944089
124375 9053.39944089
124572 16516.1792266
125401 16516.1792266
125679 17982.6565655
126614 17982.6565655
126993 10910.5173272
127950 10910.5173272
128234 11672.5799226
129225 11672.5799226
129686 12427.1997399
130596 12427.1997399
130925 12229.999737
132366 12229.999737
132697 6720.61239077
133530 6720.61239077
133804 7012.29760531
135028 7012.29760531
135348 15207.3479987
136542 15207.3479987
136659 20585.7636434
138101 20585.7636434
138395 13057.7446801
139709 13057.7446801
139968 7973.11748434
140707 7973.11748434
141133 13676.4932981
142567 13676.4932981
143059 5549.35002681
144258 5549.35002681
144450 7149.6139256
145723 7149.6139256
146071 11407.182729
147439 11407.182729
147691 6451.75376619
148251 6451.75376619
148371 3873.68342913
148923 3873.68342913
149173 8317.89816061
150016 8317.89816061
150196 14137.9442578
151446 14137.9442578
151676 6385.81927557
152994 6385.81927557
153318 12419.4385047
154237 12419.4385047
154645 2351.26387925
155345 2351.26387925
155840 7499.35103483
157199 7499.35103483
157542 10817.0965849
158513 10817.0965849
158811 6036.62167584
159690 6036.62167584
159950 3302.89926395
160756 3302.89926395
160912 8435.05635072
161925 8435.05635072
162296 14926.0153988
163534 14926.0153988
163678 11232.4521529
164373 11232.4521529
164552 21825.4825303
165407 21825.4825303
165541 15414.9961344
166130 15414.9961344
166306 13006.9861802
167748 13006.9861802
168090 3825.4964533
168701 3825.4964533
168997 24537.4930104
170383 24537.4930104
170639 5636.76046285
171420 5636.76046285
171720 9254.17916779
172402 9254.17916779
172724 19944.6131004
173380 19944.6131004
173571 12937.2104945
174991 12937.2104945
175240 19170.3713754
175747 19170.3713754
175980 12069.9912295
176697 12069.9912295
177162 19983.7685853
178443 19983.7685853
178767 15032.718283
180164 15032.718283
180300 19457.9401806
181610 19457.9401806
181787 16831.3704931
182452 16831.3704931
182849 12752.8753249
183926 12752.8753249
184255 7976.3974388
184985 7976.3974388
185392 9466.41994354
186163 9466.41994354
186550 10377.2062304
187727 10377.2062304
188160 7727.72972152
189172 7727.72972152
189593 8227.39168761
191014 8227.39168761
191457 9023.10715656
192608 9023.10715656
192928 11168.5103914
193850 11168.5103914
194032 12967.0540599
194615 12967.0540599
194919 10760.6010612
195779 10760.6010612
196016 13483.6490997
196780 13483.6490997
197254 10354.2504239
198625 10354.2504239
199057 8898.87007414
200358 8898.87007414
200463 809.841119387
200992 809.841119387
201149 14740.5328126
201996 14740.5328126
202428 8404.16478703
203149 8404.16478703
203402 7052.77347554
204796 7052.77347554
204995 13488.7042648
206117 13488.7042648
206220 11221.5673704
207289 11221.5673704
207558 15235.800431
208593 15235.800431
208974 15175.1186073
210001 15175.1186073
210426 9418.13912753
211276 9418.13912753
211663 11700.551969
212807 11700.551969
213290 13832.6752227
214451 13832.6752227
214873 12000.3355065
215958 12000.3355065
216226 17563.7485951
217515 17563.7485951
217664 10241.1640133
218655 10241.1640133
218835 19294.0939851
220059 19294.0939851
220460 1853.64552176
221037 1853.64552176
221298 10641.276989
222542 10641.276989
223020 7538.63394948
224490 7538.63394948
224761 17274.6603427
225661 17274.6603427
226032 15938.0324798
226597 15938.0324798
226967 13627.7455991
228366 13627.7455991
228776 15990.0366099
229408 15990.0366099
229515 6283.94558954
230279 6283.94558954
230390 14141.470583
231473 14141.470583
231753 8942.83337971
232597 8942.83337971
232952 8053.62041719
233550 8053.62041719
233700 7767.15948792
234519 7767.15948792
235005 10198.3695431
236279 10198.3695431
236744 18269.2417214
237463 18269.2417214
237933 11448.6985239
239179 11448.6985239
239493 10954.209461
240528 10954.209461
240937 19068.5724031
241969 19068.5724031
242356 5651.2576011
243195 5651.2576011
243622 16907.5131603
245057 16907.5131603
