0 13874.9089283
1420 13874.9089283
1766 15983.4044994
2936 15983.4044994
3159 12983.0867776
4221 12983.0867776
4578 10052.079548
5786 10052.079548
6160 25718.303198
6711 25718.303198
6902 4240.09168973
8251 4240.09168973
8424 7897.17447107
9449 7897.17447107
9828 17385.7508039
10615 17385.7508039
10791 6624.15657535
11658 6624.15657535
12134 11246.7122629
13395 11246.7122629
13824 2726.20960287
14541 2726.20960287
14947 7689.38123308
16045 7689.38123308
16219 16816.9929774
17659 16816.9929774
17999 2979.99037586
19455 2979.99037586
19585 1088.36984819
20983 1088.36984819
21224 4765.5542802
22399 4765.5542802
22674 13169.8288839
23797 13169.8288839
24192 8303.28395335
25536 8303.28395335
25788 8233.54283206
27210 8233.54283206
27321 12160.2483604
28611 12160.2483604
28808 19601.3599635
29311 19601.3599635
29532 11050.4746689
30453 11050.4746689
30782 2157.50729908
32017 2157.50729908
32164 9750.88955617
32920 9750.88955617
33218 6311.22828878
33998 6311.22828878
34463 22194.0039584
35799 22194.0039584
36132 14922.717789
37400 14922.717789
37608 9908.09674317
38585 9908.09674317
38920 15028.3490378
39805 15028.3490378
40093 5356.80582388
41168 5356.80582388
41526 5840.98009524
42866 5840.98009524
43163 14498.9864349
44632 14498.9864349
45021 6314.11237761
45613 6314.11237761
46008 17650.9434639
47456 17650.9434639
47664 16857.9062975
48597 16857.9062975
48919 10980.0646041
50350 10980.0646041
50492 4999.62329181
51922 4999.62329181
52335 20671.4699973
53648 20671.4699973
53885 7665.04007386
55225 7665.04007386
55697 13136.6743399
56888 13136.6743399
57121 9218.87795783
57853 9218.87795783
57982 9468.62481305
58524 9468.62481305
58916 14707.4046457
59692 14707.4046457
59912 5142.37814036
61142 5142.37814036
61297 10620.4219771
62598 10620.4219771
62969 18756.9656483
63825 18756.9656483
64033 4988.09741085
65382 4988.09741085
65622 7229.96392481
66722 7229.96392481
66839 6120.17787813
68262 6120.17787813
68649 9280.83520281
69581 9280.83520281
69909 6152.81453274
70657 6152.81453274
71083 6700.48312409
71607 6700.48312409
71805 3977.42415873
73004 3977.42415873
73418 6293.80463677
74877 6293.80463677
75014 5135.40982284
76345 5135.40982284
76674 8310.42919361
77484 8310.42919361
77714 14835.2688082
78506 14835.2688082
78856 12047.3796954
80001 12047.3796954
80337 14736.1423871
81550 14736.1423871
81751 12898.6613012
82370 12898.6613012
82793 8849.57809261
83670 8849.57809261
83894 9196.29097594
84843 9196.29097594
85285 9962.13468696
86649 9962.13468696
86883 12069.2686092
87560 12069.2686092
87826 17570.2035582
88575 17570.2035582
88721 2372.01270878
90203 2372.01270878
90642 3653.83830449
91160 3653.83830449
91569 19865.2518902
92407 19865.2518902
92820 4883.00829822
94060 4883.00829822
94433 10256.0739062
95388 10256.0739062
95678 14726.4445632
96951 14726.4445632
97140 6805.16206569
98594 6805.16206569
99085 9307.80746557
100227 9307.80746557
100466 6276.45535769
101444 6276.45535769
101792 11412.7240432
102888 11412.7240432
103269 11941.8973073
103984 11941.8973073
104088 5896.12932101
104920 5896.12932101
105348 9193.93701153
106692 9193.93701153
107016 21153.6995129
107840 21153.6995129
108274 11613.2164401
109052 11613.2164401
109422 10522.6056876
110520 10522.6056876
110751 19557.0350608
111596 19557.0350608
111881 5797.97445896
112896 5797.97445896
113057 6093.79963263
113738 6093.79963263
114103 7796.90562223
114802 7796.90562223
115260 13536.8058271
116144 13536.8058271
116277 10397.7721205
117355 10397.7721205
117568 15795.5708972
118339 15795.5708972
118570 8590.1148181
119080 8590.1148181
119460 11391.3775187
120034 11391.3775187
120406 17237.1974755
121132 17237.1974755
121260 13196.1897668
122721 13196.1897668
122840 7720.72839307
124275 7720.72839307
124647 7170.8773563
125793 7170.8773563
126228 13558.0559594
127002 13558.0559594
127375 9802.00087404
128778 9802.00087404
129020 4124.01242222
130114 4124.01242222
130224 4001.0395062
131160 4001.0395062
131571 16477.9197092
132643 16477.9197092
132757 15798.8039312
134122 15798.8039312
134364 4147.1817641
135232 4147.1817641
135546 7681.27713189
136828 7681.27713189
137201 9172.5981079
138266 9172.5981079
138691 15302.9170046
139931 15302.9170046
140370 17236.1433478
140889 17236.1433478
141161 8146.04024839
142109 8146.04024839
142343 16641.5560236
143304 16641.5560236
143417 3076.36088009
144907 3076.36088009
145033 7024.48301374
146390 7024.48301374
146876 13376.5816314
147870 13376.5816314
148118 12243.7267695
148705 12243.7267695
148891 2471.09446698
150047 2471.09446698
150393 11732.2909977
151560 11732.2909977
151712 10424.9348992
152246 10424.9348992
152471 9711.4008508
153394 9711.4008508
153558 8810.08682016
154469 8810.08682016
154905 10135.0395495
156320 10135.0395495
156571 15978.0605038
157512 15978.0605038
157906 4165.79416899
158958 4165.79416899
159427 8997.08958914
160877 8997.08958914
161251 6971.54360943
162301 6971.54360943
162471 20350.0926841
163180 20350.0926841
163541 8709.13171816
164479 8709.13171816
164976 5505.55817737
165874 5505.55817737
166319 3439.39853669
167719 3439.39853669
167922 18703.3604489
168559 18703.3604489
168852 12059.759409
169873 12059.759409
170259 1390.96732042
171387 1390.96732042
171882 14690.6246951
173167 14690.6246951
173465 8648.56137982
174741 8648.56137982
175173 5369.49060629
175681 5369.49060629
175816 15781.0025258
177266 15781.0025258
177658 16384.4633643
178519 16384.4633643
178718 7113.3978609
180166 7113.3978609
180575 11963.914513
181397 11963.914513
181801 22993.2259499
182726 22993.2259499
183031 13411.8529344
183600 13411.8529344
184080 16835.9902033
185065 16835.9902033
185364 15037.3417188
186383 15037.3417188
186613 16495.9603567
187989 16495.9603567
188367 14126.8927791
189403 14126.8927791
189825 8799.27446143
191010 8799.27446143
191396 11071.3665103
192068 11071.3665103
192308 12519.9691597
192909 12519.9691597
193201 15474.2003153
193876 15474.2003153
194129 16334.2215453
194790 16334.2215453
195061 8338.76738946
196258 8338.76738946
196698 12106.5286822
197555 12106.5286822
197891 6387.34241911
199314 6387.34241911
199794 14290.050703
201167 14290.050703
201431 7240.9313544
202018 7240.9313544
202243 18617.8093737
203527 18617.8093737
203984 8524.80282574
205001 8524.80282574
205211 2859.64330452
206539 2859.64330452
207035 8334.46374039
207839 8334.46374039
207939 13250.4134161
209242 13250.4134161
209465 12658.4947088
210297 12658.4947088
210541 11162.2272014
211551 11162.2272014
211861 4319.26647421
212780 4319.26647421
213213 8874.30366996
214670 8874.30366996
214828 3104.0769873
215587 3104.0769873
215902 6302.22544041
216536 6302.22544041
216688 13642.1818739
217662 13642.1818739
217976 10397.976018
218688 10397.976018
218828 17767.9466463
219886 17767.9466463
220295 10647.1628353
221531 10647.1628353
221761 10343.4502195
222614 10343.4502195
222964 10735.7316832
223822 10735.7316832
224100 20546.0212196
225076 20546.0212196
225512 6674.1414887
226797 6674.1414887
226950 15175.3675704
227980 15175.3675704
228106 7861.03959084
229585 7861.03959084
229787 3064.73343666
230824 3064.73343666
231190 10016.984703
232438 10016.984703
232930 6802.00078974
234292 6802.00078974
234420 17782.1616519
235683 17782.1616519
236075 20055.0674848
236973 20055.0674848
237195 7257.14828138
238018 7257.14828138
238160 12195.2967485
239471 12195.2967485
239687 14082.2708978
240416 14082.2708978
240701 3589.25151894
241722 3589.25151894
242159 5675.29812254
243018 5675.29812254
243269 11977.2868436
244028 11977.2868436
244392 4528.802829
245530 4528.802829
245652 1782.64160892
246209 1782.64160892
246517 17116.9535092
247395 17116.9535092
247784 786.856725076
248560 786.856725076
248808 5220.80507756
250283 5220.80507756
250491 12213.3815152
251034 12213.3815152
251232 15845.2341961
252162 15845.2341961
252653 7843.47497729
254071 7843.47497729
254418 10129.4592571
255672 10129.4592571
256063 11281.1241284
257248 11281.1241284
257689 8113.01189575
259044 8113.01189575
259243 14365.9441288
260202 14365.9441288
260604 10465.2337324
261556 10465.2337324
261864 11101.8118217
262890 11101.8118217
263044 12001.9251643
264072 12001.9251643
264488 11060.5833042
265645 11060.5833042
265807 9510.62024061
266622 9510.62024061
267053 2080.79080458
267872 2080.79080458
268010 17543.1345501
269374 17543.1345501
269538 16017.3953379
270976 16017.3953379
271341 15692.2378622
272823 15692.2378622
273314 12526.2583907
273824 12526.2583907
273946 17915.326281
274720 17915.326281
274965 10282.0886336
276369 10282.0886336
276760 7174.67031925
277992 7174.67031925
