0 11928.3905016
526 11928.3905016
795 10967.0373946
1507 10967.0373946
1964 12266.1396411
3439 12266.1396411
3929 11858.2789598
4852 11858.2789598
5221 13377.8647066
6355 13377.8647066
6608 10181.8448223
8074 10181.8448223
8340 11500.5835555
9636 11500.5835555
9950 8770.51254618
10593 8770.51254618
10807 12154.574557
11934 12154.574557
12091 10774.8748951
13019 10774.8748951
13451 9727.64720153
14889 9727.64720153
15220 12541.2143478
15750 12541.2143478
16096 11143.8522167
17565 11143.8522167
18046 9274.36780984
19442 9274.36780984
19742 11114.5829133
20361 11114.5829133
20587 11817.6451554
21626 11817.6451554
21813 11836.7050035
22777 11836.7050035
22960 8124.34326525
23783 8124.34326525
24120 9871.40804204
24813 9871.40804204
24994 10227.9717311
25575 10227.9717311
25874 12960.8481407
27263 12960.8481407
27645 13212.702305
28287 13212.702305
28673 11695.7680353
30164 11695.7680353
30416 9848.14941764
31580 9848.14941764
31725 10992.1188407
32943 10992.1188407
33195 10243.3409733
33806 10243.3409733
33957 12251.9208956
35282 12251.9208956
35624 12292.1050505
36778 12292.1050505
37041 10940.3805589
37677 10940.3805589
37817 10404.7517884
38900 10404.7517884
39193 11503.3890691
40599 11503.3890691
40867 9412.71365905
42045 9412.71365905
42352 9289.95551182
43554 9289.95551182
43931 11476.0347197
44448 11476.0347197
44857 13444.917959
45792 13444.917959
46144 9736.37987194
47186 9736.37987194
47318 9304.151899
48306 9304.151899
48616 11865.3549842
49314 11865.3549842
49446 12561.8201651
50702 12561.8201651
50922 12383.1302858
51514 12383.1302858
51727 8783.34224115
52712 8783.34224115
53134 11047.5132076
54238 11047.5132076
54504 8161.20405085
55584 8161.20405085
56014 13352.8754139
57299 13352.8754139
57761 13105.4938776
59163 13105.4938776
59632 10045.077552
60804 10045.077552
61092 12006.6152185
62003 12006.6152185
62170 12480.0996208
63580 12480.0996208
63918 15420.7762294
65040 15420.7762294
65150 12030.0319186
66042 12030.0319186
66177 10387.5144715
66815 10387.5144715
67118 8612.74691181
68331 8612.74691181
68455 11407.6459226
69544 11407.6459226
69871 9936.92141081
70570 9936.92141081
70748 11854.5681685
71306 11854.5681685
71530 9841.00493809
72917 9841.00493809
73285 9746.33602594
73844 9746.33602594
73990 10711.4873639
74890 10711.4873639
75376 11399.4846466
76113 11399.4846466
76422 12255.8462372
77732 12255.8462372
77984 12281.111167
78613 12281.111167
78912 10004.0988585
79743 10004.0988585
80029 8934.91172526
81323 8934.91172526
81739 10788.6176931
82503 10788.6176931
82833 12012.9634748
83802 12012.9634748
84136 9683.28068511
85210 9683.28068511
85486 11168.8885084
86593 11168.8885084
86827 10248.1881646
88118 10248.1881646
88387 11020.4162826
89593 11020.4162826
89830 13792.6427046
91031 13792.6427046
91367 9146.4742558
92441 9146.4742558
92868 11964.36826
93690 11964.36826
94034 9905.40170203
95402 9905.40170203
95687 10927.1526631
96935 10927.1526631
97312 14121.08059
98061 14121.08059
98520 9834.35016902
99899 9834.35016902
100395 9577.11327276
101110 9577.11327276
101326 12973.1050915
102578 12973.1050915
102844 12614.0788846
103681 12614.0788846
104055 10126.5958989
105196 10126.5958989
105581 11692.5072491
106429 11692.5072491
106914 12282.8747157
107994 12282.8747157
108374 12421.890656
109240 12421.890656
109602 7881.39965207
110305 7881.39965207
110713 11492.5530285
111701 11492.5530285
111978 10740.7654733
112487 10740.7654733
112877 12316.1531444
114136 12316.1531444
114488 9843.87475949
115031 9843.87475949
115156 10949.4505904
116306 10949.4505904
116623 7742.00636952
117757 7742.00636952
118209 10903.9878332
119059 10903.9878332
119292 11120.3146026
119910 11120.3146026
120173 9977.22292921
121104 9977.22292921
121542 11487.0467547
122863 11487.0467547
123262 10391.6618386
124393 10391.6618386
124692 13182.5540734
125713 13182.5540734
126016 10429.287595
126835 10429.287595
127257 11312.8262729
128704 11312.8262729
128859 11617.3237294
130201 11617.3237294
130363 9628.4755069
130987 9628.4755069
131205 12073.5262774
132339 12073.5262774
132548 8004.75541018
133193 8004.75541018
133515 9680.80785671
134202 9680.80785671
134677 11047.2416129
135279 11047.2416129
135645 9456.011393
137067 9456.011393
137400 11484.0937885
138574 11484.0937885
138978 13943.79512
139889 13943.79512
140204 11983.6181476
141544 11983.6181476
142038 13829.5888332
142844 13829.5888332
143036 8947.11037054
144428 8947.11037054
144623 10413.7838455
146059 10413.7838455
146170 11557.5487386
146892 11557.5487386
147264 12211.4130134
148086 12211.4130134
148584 11516.1138094
149664 11516.1138094
149913 10444.3351112
151113 10444.3351112
151247 10988.3397267
151781 10988.3397267
152089 9611.58118569
152869 9611.58118569
153186 12702.8303189
153797 12702.8303189
153905 12700.1188121
155041 12700.1188121
155481 9704.5999226
156079 9704.5999226
156229 10009.4057957
157532 10009.4057957
157990 13328.8026811
158656 13328.8026811
159123 10817.2748387
159802 10817.2748387
160241 10408.4122811
161001 10408.4122811
161179 12483.9521761
162347 12483.9521761
162581 10965.7481724
163431 10965.7481724
163820 11501.8491823
164457 11501.8491823
164647 12331.1669176
165671 12331.1669176
165821 11352.0363507
167286 11352.0363507
167387 10634.6744178
168076 10634.6744178
168324 13717.0486476
169022 13717.0486476
169468 10509.5504624
170189 10509.5504624
170580 10385.7029476
171972 10385.7029476
172148 11529.5454224
172806 11529.5454224
173081 12092.5465747
173837 12092.5465747
173937 10780.8806177
174747 10780.8806177
175081 11884.9900363
176178 11884.9900363
176524 8779.47057407
178013 8779.47057407
178461 10339.5884077
179160 10339.5884077
179526 11782.6033428
180545 11782.6033428
180795 9580.80627138
182056 9580.80627138
182452 10139.6664808
183253 10139.6664808
183681 12920.4739967
184275 12920.4739967
184657 8820.44722106
185229 8820.44722106
185439 10908.5815835
186702 10908.5815835
187030 12305.5715322
187736 12305.5715322
187983 10920.7152257
189000 10920.7152257
189381 12833.8367923
190625 12833.8367923
190798 9557.62643707
191339 9557.62643707
191707 10706.8843653
192555 10706.8843653
192844 12064.5100917
193408 12064.5100917
193815 11710.8302268
194626 11710.8302268
194906 10607.5468771
196181 10607.5468771
196351 11312.331938
197741 11312.331938
198240 10386.9041264
198864 10386.9041264
199002 11269.0079527
199752 11269.0079527
200001 12062.2051618
200917 12062.2051618
201215 10465.5145008
202041 10465.5145008
202273 10348.6549673
202930 10348.6549673
203361 9597.3416566
204450 9597.3416566
204662 11755.3377581
205440 11755.3377581
205604 13851.844128
206399 13851.844128
206811 12840.0637486
207406 12840.0637486
207898 12201.4400305
208821 12201.4400305
209310 10210.8220792
210342 10210.8220792
210829 11251.8230831
211389 11251.8230831
211698 10231.7556212
212377 10231.7556212
212805 12929.87351
213591 12929.87351
213943 13659.411233
214462 13659.411233
214850 7219.33045831
215541 7219.33045831
215906 11213.9563953
217251 11213.9563953
217647 12380.9274971
218370 12380.9274971
218702 10197.7104876
220101 10197.7104876
220435 10878.2520478
221386 10878.2520478
221783 14309.0471346
222990 14309.0471346
223166 12053.1296401
223908 12053.1296401
224250 10463.8880397
225064 10463.8880397
225446 11366.230178
226806 11366.230178
227080 7905.73989958
228186 7905.73989958
228643 12067.466908
229828 12067.466908
230074 8998.33811456
230967 8998.33811456
231329 11313.8917685
232573 11313.8917685
232822 12395.4682468
233405 12395.4682468
233697 12139.0345875
234610 12139.0345875
234764 9271.9407886
235682 9271.9407886
236126 8548.02067413
237548 8548.02067413
237767 9721.29425805
238284 9721.29425805
238563 12225.1696809
239288 12225.1696809
239493 11493.9345779
240644 11493.9345779
241008 13803.9715798
241776 13803.9715798
242102 11463.5320938
243532 11463.5320938
243855 12367.230175
244601 12367.230175
244966 10307.6770546
246157 10307.6770546
246492 12112.0399812
247495 12112.0399812
247694 9971.91687239
248997 9971.91687239
249128 12070.7765269
249644 12070.7765269
249970 12393.3283967
251045 12393.3283967
251306 11606.6547517
252124 11606.6547517
252314 12598.1287671
252880 12598.1287671
253063 10921.6738865
254286 10921.6738865
254742 10012.7014211
255433 10012.7014211
255667 9935.65152419
256714 9935.65152419
257059 10337.3325774
258465 10337.3325774
258937 11895.1712778
260005 11895.1712778
260443 12934.0047148
261204 12934.0047148
261335 11104.2762423
262463 11104.2762423
262874 11170.1042117
263547 11170.1042117
263851 12450.062492
265217 12450.062492
265701 11458.2402646
266404 11458.2402646
266837 10717.029202
267615 10717.029202
267888 9821.84053628
268488 9821.84053628
268749 11854.0240765
269528 11854.0240765
269842 9236.15825356
271002 9236.15825356
271118 10513.9200402
271777 10513.9200402
272118 10586.2273512
272934 10586.2273512
273375 10687.8625662
274590 10687.8625662
275080 9854.42365292
276088 9854.42365292
276268 11458.5485406
277151 11458.5485406
277412 10284.6363945
278241 10284.6363945
278610 9126.39892582
279606 9126.39892582
280067 10150.5684354
281212 10150.5684354
281433 11751.3095832
282534 11751.3095832
282879 10723.684314
284308 10723.684314
