0 12721.9977764
1306 12721.9977764
1642 12718.9081224
2802 12718.9081224
3274 12727.1712026
4773 12727.1712026
4954 12734.1055841
6078 12734.1055841
6258 12727.408704
7091 12727.408704
7534 12722.8157211
8690 12722.8157211
8999 12723.2341498
10145 12723.2341498
10379 12728.3067998
10892 12728.3067998
11179 12724.8029233
12182 12724.8029233
12527 12731.4280559
13037 12731.4280559
13506 12720.8056343
14035 12720.8056343
14138 12724.6915664
14921 12724.6915664
15029 12725.7977143
16403 12725.7977143
16684 12724.0636754
17272 12724.0636754
17620 12719.6022763
18530 12719.6022763
18684 12728.3863372
20121 12728.3863372
20382 12718.2050359
21860 12718.2050359
22349 12725.8873385
23096 12725.8873385
23289 12724.1103399
24661 12724.1103399
24878 12729.1381763
25780 12729.1381763
26154 12723.72966
27075 12723.72966
27333 12726.9052571
28495 12726.9052571
28678 12723.6566672
30120 12723.6566672
30318 12726.1699082
31772 12726.1699082
32229 12723.0779501
33500 12723.0779501
33702 12725.0490368
35055 12725.0490368
35341 12725.0621855
36374 12725.0621855
36625 12722.190083
37635 12722.190083
37841 12718.013009
38468 12718.013009
38846 12723.6242876
39616 12723.6242876
39755 12729.3668988
40960 12729.3668988
41185 12731.5986761
41935 12731.5986761
42269 12726.8804602
42893 12726.8804602
43212 12723.7286778
44405 12723.7286778
44539 12723.7273716
45746 12723.7273716
45965 12724.9727061
46661 12724.9727061
46846 12721.4993874
47575 12721.4993874
47727 12726.2054245
49030 12726.2054245
49181 12730.0594358
49854 12730.0594358
50133 12724.1238337
50793 12724.1238337
51291 12724.0566748
52710 12724.0566748
53069 12730.7048046
54467 12730.7048046
54854 12725.7294303
56261 12725.7294303
56710 12726.1265558
58191 12726.1265558
58562 12725.0749142
59815 12725.0749142
59974 12719.5853055
61050 12719.5853055
61281 12726.6431502
62281 12726.6431502
62572 12726.4033463
63400 12726.4033463
63570 12723.3548463
65006 12723.3548463
65210 12730.4723832
66216 12730.4723832
66462 12724.3314258
67389 12724.3314258
67836 12725.6665556
69122 12725.6665556
69463 12729.3402245
70161 12729.3402245
70331 12717.5896541
70844 12717.5896541
71224 12721.7738561
71983 12721.7738561
72278 12729.5813743
73362 12729.5813743
73571 12723.4583015
75019 12723.4583015
75451 12724.5662985
75999 12724.5662985
76208 12727.0414532
77551 12727.0414532
78036 12729.0682045
78715 12729.0682045
79075 12721.869218
79773 12721.869218
80202 12724.7549117
81469 12724.7549117
81946 12729.501838
82865 12729.501838
83143 12727.3331265
84148 12727.3331265
84340 12721.7915927
85146 12721.7915927
85259 12723.4363671
86592 12723.4363671
86739 12722.591399
87974 12722.591399
88264 12723.812606
89495 12723.812606
89860 12717.1651589
90391 12717.1651589
90713 12728.9556394
91235 12728.9556394
91410 12728.3446027
92471 12728.3446027
92935 12724.3171817
94008 12724.3171817
94442 12729.7980027
94985 12729.7980027
95196 12725.0251248
95867 12725.0251248
96152 12728.2280918
97122 12728.2280918
97298 12724.3720164
98757 12724.3720164
99145 12724.7305558
100379 12724.7305558
100717 12722.956033
102185 12722.956033
102634 12729.2287033
103873 12729.2287033
104005 12728.238706
105092 12728.238706
105305 12719.3924342
106292 12719.3924342
106590 12724.7762331
108062 12724.7762331
108203 12728.4829242
109164 12728.4829242
109430 12724.3742931
110824 12724.3742931
111154 12725.6448622
112613 12725.6448622
112944 12723.3552687
113471 12723.3552687
113786 12719.6919204
115193 12719.6919204
115355 12730.8968512
116527 12730.8968512
116830 12722.6351451
117539 12722.6351451
117744 12721.1938928
118826 12721.1938928
119239 12724.1093506
119964 12724.1093506
120330 12720.2517174
121452 12720.2517174
121875 12719.6069064
123014 12719.6069064
123419 12718.4280761
124119 12718.4280761
124421 12728.6885693
125687 12728.6885693
125932 12726.0409876
127263 12726.0409876
127417 12723.7993566
128891 12723.7993566
129034 12729.1119906
129957 12729.1119906
130214 12725.6806284
130848 12725.6806284
131101 12727.4237909
132466 12727.4237909
132867 12722.7297673
134359 12722.7297673
134836 12717.9025315
135379 12717.9025315
135798 12727.0620507
136515 12727.0620507
136793 12726.0970762
138276 12726.0970762
138667 12732.3473957
139970 12732.3473957
140422 12722.8448166
141841 12722.8448166
142172 12733.2827015
142721 12733.2827015
143109 12722.6298209
144556 12722.6298209
144923 12719.1009277
145546 12719.1009277
145714 12728.7601388
147198 12728.7601388
147643 12726.3347986
148202 12726.3347986
148338 12723.0220056
149313 12723.0220056
149713 12723.3737208
150897 12723.3737208
151356 12726.541032
152724 12726.541032
152857 12722.9175282
153427 12722.9175282
153640 12725.4043039
155074 12725.4043039
155513 12726.2397109
156099 12726.2397109
156305 12724.1734011
157709 12724.1734011
157869 12720.9878648
158855 12720.9878648
159161 12722.9705366
159766 12722.9705366
160093 12727.4067431
161278 12727.4067431
161608 12728.8626517
163103 12728.8626517
163401 12724.8321987
164834 12724.8321987
165247 12723.1554792
166562 12723.1554792
166767 12715.9011146
167586 12715.9011146
167965 12727.9789405
169461 12727.9789405
169715 12724.4310881
170355 12724.4310881
170663 12725.5220834
171593 12725.5220834
172064 12726.8183168
172651 12726.8183168
172828 12721.9337899
173781 12721.9337899
174003 12732.6695844
175389 12732.6695844
175722 12720.6200679
176948 12720.6200679
177250 12724.3702085
178599 12724.3702085
178881 12725.6480368
180255 12725.6480368
180640 12730.5247852
181160 12730.5247852
181629 12722.1842224
182732 12722.1842224
182850 12728.3056789
183699 12728.3056789
184164 12727.7468658
184733 12727.7468658
184953 12731.5059917
185641 12731.5059917
185914 12719.2940639
186788 12719.2940639
186966 12729.2454123
188238 12729.2454123
188668 12727.5974073
190071 12727.5974073
190171 12726.848405
190760 12726.848405
191171 12723.9636364
192045 12723.9636364
192434 12717.6346784
193156 12717.6346784
193355 12729.4385952
194302 12729.4385952
194555 12723.7775481
195508 12723.7775481
195880 12725.6991088
196535 12725.6991088
196892 12722.2704366
198386 12722.2704366
198789 12717.7051695
199406 12717.7051695
199757 12722.7794012
200485 12722.7794012
200663 12719.7799334
201997 12719.7799334
202280 12724.5338908
202892 12724.5338908
203150 12723.3153167
204636 12723.3153167
205100 12729.4379793
205626 12729.4379793
205795 12723.2575974
206426 12723.2575974
206682 12720.3049555
207569 12720.3049555
207965 12733.7783513
209310 12733.7783513
209780 12725.4905946
211166 12725.4905946
211355 12730.7264199
212368 12730.7264199
212547 12721.2880096
213081 12721.2880096
213310 12720.9688856
214705 12720.9688856
215152 12726.400263
215787 12726.400263
216258 12724.8160201
217680 12724.8160201
217887 12716.7278994
218693 12716.7278994
218905 12722.3609983
220301 12722.3609983
220565 12725.1700073
222021 12725.1700073
222442 12720.6765805
223541 12720.6765805
223933 12727.5165449
225000 12727.5165449
225486 12726.1972189
226360 12726.1972189
226527 12726.6577369
227942 12726.6577369
228398 12728.7689961
229645 12728.7689961
230085 12725.6212448
231527 12725.6212448
231844 12720.337772
232909 12720.337772
233215 12723.3688345
234197 12723.3688345
234613 12722.686501
235587 12722.686501
235932 12722.3762557
236783 12722.3762557
237269 12722.8469778
238735 12722.8469778
239086 12727.0537687
239590 12727.0537687
239972 12721.4070897
241129 12721.4070897
241514 12726.5962147
242933 12726.5962147
243131 12722.4769931
243779 12722.4769931
243987 12722.7750318
245402 12722.7750318
245864 12730.618153
246973 12730.618153
247258 12729.9829466
248413 12729.9829466
248592 12732.8298872
249594 12732.8298872
249869 12722.5775023
250474 12722.5775023
250587 12726.8809464
251659 12726.8809464
252080 12720.8429197
253409 12720.8429197
253694 12721.2842955
254210 12721.2842955
254533 12732.832175
255645 12732.832175
255886 12719.0336587
256633 12719.0336587
256961 12726.3581703
257593 12726.3581703
257732 12724.7529224
258733 12724.7529224
259054 12717.7409989
260109 12717.7409989
260576 12729.5353324
261549 12729.5353324
261731 12730.2847357
262577 12730.2847357
262786 12724.4349855
264107 12724.4349855
264443 12720.8489424
265805 12720.8489424
266256 12718.193918
266885 12718.193918
267025 12729.2521049
268032 12729.2521049
268163 12720.1808036
269540 12720.1808036
269655 12724.2487733
270256 12724.2487733
270556 12719.056284
271509 12719.056284
271805 12721.779796
272716 12721.779796
