0 4431.91247061
1175 4431.91247061
1521 9059.48885717
2293 9059.48885717
2698 9768.92326435
4045 9768.92326435
4505 7524.14409081
5281 7524.14409081
5468 11198.2313648
6593 11198.2313648
6788 13356.3829621
7534 13356.3829621
7757 15520.9480766
8260 15520.9480766
8729 14983.2092121
9988 14983.2092121
10185 11436.9283261
11336 11436.9283261
11762 10570.164301
12907 10570.164301
13332 14089.1258498
13893 14089.1258498
14248 1696.08136669
15662 1696.08136669
15919 9404.32469963
16429 9404.32469963
16647 18614.8651328
17413 18614.8651328
17646 14468.0502182
18876 14468.0502182
19129 8492.31370867
20392 8492.31370867
20877 5335.42142573
21597 5335.42142573
22031 13131.239898
22746 13131.239898
23090 8701.72040047
24144 8701.72040047
24640 13543.991652
25262 13543.991652
25494 9377.9735051
26601 9377.9735051
26791 13841.8478798
27757 13841.8478798
28093 15033.5499073
29126 15033.5499073
29305 5168.13292833
30118 5168.13292833
30495 17497.736701
31521 17497.736701
31843 12507.2392204
32692 12507.2392204
33160 2515.83668121
34021 2515.83668121
34243 15753.1811162
35660 15753.1811162
36035 10413.2213158
36904 10413.2213158
37261 4655.5640754
37785 4655.5640754
37918 10272.2745081
38790 10272.2745081
39178 14197.3255198
40558 14197.3255198
40911 19621.974824
41702 19621.974824
42107 11951.2652104
43569 11951.2652104
43842 17604.9653595
44688 17604.9653595
44878 18743.970394
46227 18743.970394
46561 15949.1839385
47571 15949.1839385
47890 16324.0942273
49123 16324.0942273
49439 5339.34215762
50926 5339.34215762
51351 7446.16666303
52200 7446.16666303
52599 9233.98186025
53682 9233.98186025
53794 20491.3879358
54442 20491.3879358
54621 16679.1506787
55518 16679.1506787
55832 25050.2525715
56515 25050.2525715
56877 12855.2687001
57772 12855.2687001
57975 7557.42471673
59178 7557.42471673
59310 10068.5825486
60113 10068.5825486
60226 13481.7298107
61532 13481.7298107
61894 8428.65297798
63093 8428.65297798
63360 13658.5268272
63865 13658.5268272
64147 8357.27433697
64656 8357.27433697
65074 8771.64420598
66068 8771.64420598
66356 10693.1723229
67529 10693.1723229
67872 14197.7023229
69350 14197.7023229
69455 20524.6266279
70737 20524.6266279
71094 13324.6434656
72458 13324.6434656
72844 10172.1376426
73693 10172.1376426
74093 9895.01615005
74821 9895.01615005
75032 6980.61806212
75844 6980.61806212
76176 18905.7710418
77143 18905.7710418
77567 8578.72951351
78630 8578.72951351
79110 22023.6137522
79743 22023.6137522
80103 11252.607162
81231 11252.607162
81521 11886.8959571
82727 11886.8959571
83094 22925.4045741
84413 22925.4045741
84557 12064.807552
85791 12064.807552
86257 11315.7284804
87041 11315.7284804
87153 7955.58115006
87882 7955.58115006
88298 16586.4077475
88945 16586.4077475
89113 19168.9414509
89652 19168.9414509
90135 12535.2328345
91362 12535.2328345
91606 14357.8224902
92809 14357.8224902
93158 5206.10840114
94125 5206.10840114
94296 17569.7216026
95676 17569.7216026
95862 14956.1080411
96610 14956.1080411
96798 17334.4111912
97457 17334.4111912
97933 17218.746368
99388 17218.746368
99511 13775.1980465
100356 13775.1980465
100611 8225.07452076
101692 8225.07452076
102182 20458.8327153
103545 20458.8327153
104027 20315.3555058
105209 20315.3555058
105317 13819.9505806
106518 13819.9505806
106729 13110.1397961
108143 13110.1397961
108552 20360.4544314
109196 20360.4544314
109303 10928.477491
110625 10928.477491
111044 19206.4598851
111842 19206.4598851
112247 15030.6944009
113063 15030.6944009
113450 10995.5209374
114819 10995.5209374
115222 20642.5659034
116592 20642.5659034
116918 9942.87329223
118154 9942.87329223
118404 20441.8911236
119571 20441.8911236
119684 22091.1681634
121059 22091.1681634
121234 11638.0743368
122237 11638.0743368
122493 17103.5260898
123171 17103.5260898
123486 11290.6072642
124383 11290.6072642
124588 24870.686053
125363 24870.686053
125827 12437.4470854
126438 12437.4470854
126892 8586.4393627
127747 8586.4393627
128188 22003.958574
129396 22003.958574
129568 14345.4866912
130454 14345.4866912
130608 5932.43237548
132045 5932.43237548
132419 16491.1113556
132956 16491.1113556
133387 20834.2594913
134308 20834.2594913
134515 20222.8549834
135037 20222.8549834
135340 12842.8308777
135840 12842.8308777
136052 11750.2598565
136799 11750.2598565
137266 10700.6249042
137766 10700.6249042
138176 14540.0941343
139255 14540.0941343
139657 4398.54142817
140404 4398.54142817
140579 19174.4387415
141459 19174.4387415
141851 11322.2114308
142840 11322.2114308
143276 15271.674606
143927 15271.674606
144045 12654.3221371
144796 12654.3221371
144922 8154.12642165
146041 8154.12642165
146337 7177.74325222
147168 7177.74325222
147576 6745.76227605
148151 6745.76227605
148328 10483.7720475
148928 10483.7720475
149278 15189.9846282
150415 15189.9846282
150735 12181.2556889
152037 12181.2556889
152265 17337.522558
153163 17337.522558
153592 4559.34086388
154404 4559.34086388
154642 11340.8686437
156094 11340.8686437
156396 25095.4846073
157251 25095.4846073
157711 7541.19681656
159150 7541.19681656
159545 12046.988995
160548 12046.988995
160983 13126.0337374
162380 13126.0337374
162717 19384.2650288
163754 19384.2650288
164166 22100.5437786
164901 22100.5437786
165179 22439.885356
166279 22439.885356
166696 20608.2368716
167355 20608.2368716
167622 13537.1193401
168509 13537.1193401
168994 9924.64641365
170093 9924.64641365
170436 9712.3811374
171542 9712.3811374
171892 7117.07489012
172607 7117.07489012
172800 8245.44082263
173417 8245.44082263
173912 5821.64647424
175214 5821.64647424
175632 13931.8520138
176937 13931.8520138
177386 18194.3934153
178185 18194.3934153
178448 5862.08921616
179637 5862.08921616
180074 8997.42231819
180692 8997.42231819
181070 15827.982471
181812 15827.982471
182009 18118.5383564
183314 18118.5383564
183650 19422.2096959
184339 19422.2096959
184678 14779.517251
185813 14779.517251
185933 12424.6261727
187159 12424.6261727
187586 17502.1723012
189060 17502.1723012
189161 16710.3166726
190183 16710.3166726
190432 11163.6905469
191909 11163.6905469
192208 20794.1429078
193380 20794.1429078
193656 13857.6508979
195090 13857.6508979
195584 13949.7121332
196903 13949.7121332
197391 14862.6438607
198846 14862.6438607
199260 15050.3881125
199901 15050.3881125
200233 6140.28586166
200941 6140.28586166
201046 13545.040626
202040 13545.040626
202342 17552.1004111
203380 17552.1004111
203826 15167.72404
204446 15167.72404
204728 8915.96607291
205244 8915.96607291
205698 10325.3874675
207153 10325.3874675
207312 10246.5635878
208413 10246.5635878
208800 9973.97299487
210101 9973.97299487
210495 8979.10566614
211664 8979.10566614
211978 22442.9328826
213118 22442.9328826
213416 7145.79137185
213940 7145.79137185
214150 24684.2953979
215562 24684.2953979
215975 13467.7077666
216806 13467.7077666
217028 7341.24808147
218276 7341.24808147
218730 12734.0280135
220022 12734.0280135
220140 16318.3947133
221049 16318.3947133
221478 15424.7261986
222560 15424.7261986
222986 524.85902198
223629 524.85902198
224077 18153.9622566
224721 18153.9622566
224837 4375.84812576
226184 4375.84812576
226497 16508.9368198
227249 16508.9368198
227536 16281.5765677
228296 16281.5765677
228559 12937.5587486
229211 12937.5587486
229556 17195.8175956
230697 17195.8175956
230872 10902.1412001
231528 10902.1412001
231817 21233.5249901
232730 21233.5249901
233132 12474.5440821
233985 12474.5440821
234403 11558.3739575
234988 11558.3739575
235122 17607.3989112
235901 17607.3989112
236393 6003.83074668
237287 6003.83074668
237770 8755.29724444
238606 8755.29724444
238772 14575.9683397
239411 14575.9683397
239797 23641.4962244
240907 23641.4962244
241239 17874.9024011
242738 17874.9024011
243129 15124.7322858
244560 15124.7322858
244840 2183.91999216
246254 2183.91999216
246588 15458.0282695
247346 15458.0282695
247788 9625.37128716
248309 9625.37128716
248583 14738.3892921
249965 14738.3892921
250304 1832.70762059
251344 1832.70762059
251694 9429.84272189
252370 9429.84272189
252641 14298.3873755
253436 14298.3873755
253922 11630.2816839
254786 11630.2816839
255117 68.0469065815
255796 68.0469065815
255962 11318.4214049
256483 11318.4214049
256632 13367.5408281
257362 13367.5408281
257721 14602.6928734
258281 14602.6928734
258406 11641.2570809
259209 11641.2570809
259337 10006.9693472
260418 10006.9693472
260568 1167.08378306
261913 1167.08378306
262143 8637.32357302
263599 8637.32357302
264095 11657.5051229
265454 11657.5051229
265747 6838.83072798
266865 6838.83072798
267326 13565.8129887
268370 13565.8129887
268504 12107.4481538
269544 12107.4481538
270038 11516.7145726
270663 11516.7145726
270989 13332.2069782
271655 13332.2069782
271897 12544.4614248
272838 12544.4614248
273058 26344.222202
273587 26344.222202
273781 10987.3869825
274402 10987.3869825
274634 4767.42079144
275427 4767.42079144
275553 10101.653457
276802 10101.653457
277151 11513.8906744
278570 11513.8906744
278918 15699.366097
279972 15699.366097
280394 14548.4774572
281438 14548.4774572
281648 13873.7658785
283087 13873.7658785
283575 13487.498502
284660 13487.498502
284860 17840.0552325
285752 17840.0552325
286015 18809.8671233
287375 18809.8671233
287579 18259.4235148
288662 18259.4235148
289107 11686.4319547
290438 11686.4319547
290842 18290.4456816
292108 18290.4456816
292341 13238.62109
292993 13238.62109
293332 8545.52100181
294305 8545.52100181
