0 13006.5137791
815 13006.5137791
1072 13016.3249693
1850 13016.3249693
2155 13011.9398709
2983 13011.9398709
3146 13015.6317509
4573 13015.6317509
4742 13008.8588037
6014 13008.8588037
6471 13009.0607346
7169 13009.0607346
7376 13009.0024112
8793 13009.0024112
9249 13018.1666376
10748 13018.1666376
10873 13010.1175192
11567 13010.1175192
11933 13008.6670867
12747 13008.6670867
12968 13007.5746275
13847 13007.5746275
14228 13011.9927579
14833 13011.9927579
14953 13019.6013553
15698 13019.6013553
15955 13013.0419735
17426 13013.0419735
17793 13011.5040157
18489 13011.5040157
18807 13011.9118313
19531 13011.9118313
19898 13015.1630861
21297 13015.1630861
21739 13018.3409827
22707 13018.3409827
23047 13016.034278
24431 13016.034278
24795 13013.2074923
25997 13013.2074923
26402 13012.7445372
27728 13012.7445372
27866 13011.1452423
29126 13011.1452423
29484 13019.3765031
30025 13019.3765031
30494 13009.150753
31875 13009.150753
32155 13023.0907715
33132 13023.0907715
33382 13011.1315004
34724 13011.1315004
34942 13015.8083984
35981 13015.8083984
36364 13013.2821083
37179 13013.2821083
37585 13008.7259052
38496 13008.7259052
38934 13011.0420889
40177 13011.0420889
40549 13019.4155218
41725 13019.4155218
42016 13009.0956293
43454 13009.0956293
43901 13012.9244388
45081 13012.9244388
45275 13007.9075737
46312 13007.9075737
46553 13009.4649142
47770 13009.4649142
48152 13017.9030809
49148 13017.9030809
49352 13012.3510692
50548 13012.3510692
50831 13016.2575856
52036 13016.2575856
52204 13009.3173351
52705 13009.3173351
53134 13013.5831854
53743 13013.5831854
54011 13013.0389618
55327 13013.0389618
55727 13011.4259914
56526 13011.4259914
56885 13009.7875781
57425 13009.7875781
57678 13011.6892973
58203 13011.6892973
58434 13015.5399181
58953 13015.5399181
59086 13015.5585722
59767 13015.5585722
59907 13013.2802163
60677 13013.2802163
60923 13007.3483717
62173 13007.3483717
62412 13004.6531574
63570 13004.6531574
63931 13014.6668884
64706 13014.6668884
65181 13015.2345006
65901 13015.2345006
66324 13013.6419662
67191 13013.6419662
67439 13019.586257
68423 13019.586257
68786 13014.8091439
70045 13014.8091439
70409 13012.9802919
71315 13012.9802919
71559 13014.5939575
72975 13014.5939575
73455 13017.5854353
74694 13017.5854353
74951 13008.6006782
75832 13008.6006782
75949 13007.8369032
76803 13007.8369032
77112 13019.2848746
78179 13019.2848746
78335 13009.8632605
79024 13009.8632605
79502 13011.0769817
80013 13011.0769817
80320 13012.7386203
81054 13012.7386203
81156 13013.0391044
81743 13013.0391044
82082 13008.7306949
83089 13008.7306949
83206 13018.4567586
84050 13018.4567586
84392 13013.0756716
85846 13013.0756716
86250 13018.7641155
87101 13018.7641155
87305 13009.9011201
88658 13009.9011201
89095 13009.2667182
90186 13009.2667182
90342 13015.3141116
91335 13015.3141116
91446 13011.0534319
92037 13011.0534319
92233 13013.9937777
93121 13013.9937777
93323 13016.1146218
93867 13016.1146218
94163 13013.6444699
95407 13013.6444699
95802 13013.1834461
96645 13013.1834461
96901 13013.0600272
98395 13013.0600272
98806 13014.7400022
99662 13014.7400022
99910 13013.4861341
100464 13013.4861341
100701 13010.1415028
101998 13010.1415028
102266 13008.3346776
102887 13008.3346776
103096 13018.1328636
104052 13018.1328636
104442 13009.9269
105189 13009.9269
105364 13012.1713189
105902 13012.1713189
106092 13017.0917066
107354 13017.0917066
107546 13023.0018853
108299 13023.0018853
108786 13014.3888536
109708 13014.3888536
110034 13009.0371866
110554 13009.0371866
110952 13009.6591997
112180 13009.6591997
112346 13012.991262
113820 13012.991262
114060 13015.2491211
115410 13015.2491211
115573 13009.2237328
116497 13009.2237328
116822 13016.7661863
118211 13016.7661863
118547 13012.143294
119322 13012.143294
119713 13017.0743741
120536 13017.0743741
120934 13017.6332065
122171 13017.6332065
122405 13013.0035882
123228 13013.0035882
123468 13015.7053395
124907 13015.7053395
125177 13008.9197819
126395 13008.9197819
126761 13021.1693367
127561 13021.1693367
127719 13015.4426633
128903 13015.4426633
129155 13006.0996686
130341 13006.0996686
130695 13015.3413065
132109 13015.3413065
132531 13013.1286277
133064 13013.1286277
133174 13012.5459778
134376 13012.5459778
134781 13011.70808
135736 13011.70808
136025 13007.9141349
137381 13007.9141349
137649 13004.0012306
138580 13004.0012306
138981 13018.8563756
140408 13018.8563756
140742 13021.0261327
141794 13021.0261327
141989 13013.8036842
143089 13013.8036842
143512 13007.3645438
144603 13007.3645438
144745 13012.8292285
146163 13012.8292285
146458 13013.9707857
147314 13013.9707857
147730 13009.5429912
148521 13009.5429912
148696 13016.944169
149689 13016.944169
150185 13016.4627459
151564 13016.4627459
151902 13008.3558833
152753 13008.3558833
153035 13020.570776
154534 13020.570776
154883 13014.8171547
155944 13014.8171547
156154 13013.7977261
157586 13013.7977261
157907 13013.6437852
159404 13013.6437852
159796 13015.2755717
160838 13015.2755717
161131 13016.7807334
161917 13016.7807334
162116 13014.7069683
162649 13014.7069683
163066 13011.5098829
163777 13011.5098829
163979 13008.1165488
164727 13008.1165488
165158 13020.2330783
165701 13020.2330783
166113 13010.2617612
167013 13010.2617612
167170 13014.0742301
168035 13014.0742301
168253 13009.5541617
169239 13009.5541617
169704 13011.1698931
170871 13011.1698931
171223 13014.3278021
171935 13014.3278021
172106 13010.4328225
172933 13010.4328225
173070 13010.9904858
173808 13010.9904858
174016 13007.1838355
174983 13007.1838355
175330 13013.1914221
175967 13013.1914221
176389 13010.6451692
176918 13010.6451692
177059 13010.7676693
177889 13010.7676693
178373 13012.7077129
179278 13012.7077129
179465 13012.633567
180160 13012.633567
180643 13012.2815119
181637 13012.2815119
181817 13013.0987768
182633 13013.0987768
183107 13007.6509922
184460 13007.6509922
184791 13013.2079295
185868 13013.2079295
186210 13010.6591573
186753 13010.6591573
187126 13011.9049348
187852 13011.9049348
188301 13017.9279521
189182 13017.9279521
189456 13012.6830348
190095 13012.6830348
190422 13003.7451078
191484 13003.7451078
191694 13014.2881641
192509 13014.2881641
192860 13015.9600508
194291 13015.9600508
194734 13007.3585852
195999 13007.3585852
196380 13016.3638724
197234 13016.3638724
197699 13008.3924416
199112 13008.3924416
199258 13013.6828035
200496 13013.6828035
200742 13015.7063045
201584 13015.7063045
201877 13012.7503474
202576 13012.7503474
202738 13004.5305603
203763 13004.5305603
204140 13015.6798708
205343 13015.6798708
205744 13013.1797691
206639 13013.1797691
206954 13012.7381401
208141 13012.7381401
208422 13007.8143597
209313 13007.8143597
209588 13007.7260658
210835 13007.7260658
211022 13007.8456938
212026 13007.8456938
212131 13016.1447346
213352 13016.1447346
213608 13023.6216481
214647 13023.6216481
214862 13015.3327965
215432 13015.3327965
215915 13012.4721259
216931 13012.4721259
217200 13011.479202
218090 13011.479202
218495 13015.2426713
219163 13015.2426713
219332 13011.012763
220662 13011.012763
221007 13011.240927
222366 13011.240927
222512 13016.4213437
223048 13016.4213437
223469 13013.9622081
223969 13013.9622081
224440 13014.919235
225609 13014.919235
225882 13013.4311603
227358 13013.4311603
227493 13019.1247149
228487 13019.1247149
228902 13014.6631796
229978 13014.6631796
230141 13012.8911765
230726 13012.8911765
230859 13008.764531
231460 13008.764531
231817 13017.4269188
233189 13017.4269188
233652 13014.2111376
234563 13014.2111376
234814 13009.4609134
235832 13009.4609134
236047 13015.2224449
237181 13015.2224449
237400 13007.7320183
238125 13007.7320183
238329 13010.2474243
238871 13010.2474243
239255 13015.9783927
239837 13015.9783927
240172 13013.4707031
241552 13013.4707031
241725 13008.9442971
242544 13008.9442971
243016 13013.7812331
244337 13013.7812331
244557 13016.8924816
245950 13016.8924816
246240 13017.4740033
246824 13017.4740033
246946 13009.3882988
247550 13009.3882988
247966 13011.3291857
248486 13011.3291857
248731 13019.3258855
249960 13019.3258855
250079 13014.2489644
251092 13014.2489644
251236 13009.7174793
251989 13009.7174793
252486 13016.7241072
253196 13016.7241072
253300 13016.162161
253915 13016.162161
254156 13024.3722634
255125 13024.3722634
255540 13016.5890199
256602 13016.5890199
257016 13014.4203854
257906 13014.4203854
258338 13011.0201663
259246 13011.0201663
259503 13019.7191779
260238 13019.7191779
260494 13015.0401546
261455 13015.0401546
261889 13012.7044226
262799 13012.7044226
262961 13011.2111574
264121 13011.2111574
264426 13009.293491
265925 13009.293491
266097 13013.3998807
267563 13013.3998807
267735 13019.412209
268722 13019.412209
269112 13015.5356693
269991 13015.5356693
270162 13014.694617
271240 13014.694617
271344 13010.8039596
272615 13010.8039596
273076 13009.0649915
273981 13009.0649915
274327 13011.5213375
274955 13011.5213375
275072 13021.4100275
276386 13021.4100275
276603 13008.3247451
277875 13008.3247451
278302 13006.499027
279214 13006.499027
279552 13015.8514412
280086 13015.8514412
280579 13017.6952818
281890 13017.6952818
282374 13012.5433208
282951 13012.5433208
283375 13012.1707893
284612 13012.1707893
