0 -218.367346939
1 -116.641666667
2 -72.5
3 -72.5
4 -72.5
5 -72.5
6 -72.5
7 -72.5
8 -72.5
9 -65.2449541284
10 -50.0
11 -49.7608695652
12 -42.0289855072
13 -42.0289855072
14 -40.8163265306
15 -29.5253216089
16 -20.4081632653
17 -14.55
18 -9.13876811594
19 -2.56886227545
20 0.0
21 0.0
22 0.0
23 0.0
24 0.0
25 0.0
26 0.0
27 0.0
28 0.0
29 0.0
30 0.0
31 0.0
32 0.0
33 0.0
34 0.0
35 0.0
36 0.0
37 0.0
38 0.0
39 0.0
40 0.0
41 0.0
42 0.0
43 0.0
44 0.0
45 0.0
46 0.0
47 0.0
48 0.0
49 0.0
50 0.0
51 0.0
52 0.0
53 0.0
54 0.0
55 0.0
56 0.0
57 1.85679304897
58 7.17788844622
59 8.6164021164
60 11.0824504836
61 15.4461777048
62 17.9578592814
63 18.3673469388
64 18.5087853323
65 19.7322125275
66 22.4719101124
67 22.4719101124
68 22.498816568
69 24.4770901363
70 25.1071428571
71 25.9585552435
72 28.8530020704
73 29.5743553235
74 29.5918367347
75 29.5918367347
76 29.694235589
77 30.2912051248
78 31.4657718121
79 33.3333333333
80 34.2364829198
81 35.5098875796
82 37.5225967987
83 39.0516666667
84 41.4751450347
85 41.7988533206
86 42.0289855072
87 42.5591924399
88 43.5661100804
89 45.6692913386
90 45.6818014571
91 47.4116064931
92 48.3053701016
93 52.5186317442
94 54.8650931302
95 55.0728875151
96 55.7692307692
97 58.9438249527
98 59.6897959184
99 62.2820048309
100 71.0144927536
