0 2775.77804584
1 2775.77804584
2 2775.77804584
3 2775.77804584
4 2775.77804584
5 2775.77804584
6 2775.77804584
7 2775.77804584
8 2786.19026411
9 2796.60248239
10 2796.60248239
11 2796.60248239
12 2245.36416185
13 7007.75780511
14 7007.75780511
15 6526.36762436
16 6044.97744361
17 6044.97744361
18 5072.97205346
19 5072.97205346
20 5533.74906902
21 5994.52608457
22 5994.52608457
23 5994.52608457
24 5994.52608457
25 5994.52608457
26 5994.52608457
27 5994.52608457
28 5506.02083605
29 5017.51558753
30 4839.23606622
31 4660.95654492
32 4660.95654492
33 4660.95654492
34 4660.95654492
35 4660.95654492
36 4660.95654492
37 4660.95654492
38 4571.93018617
39 4482.90382742
40 4482.90382742
41 4482.90382742
42 4482.90382742
43 4482.90382742
44 4482.90382742
45 4482.90382742
46 5428.32863393
47 5428.32863393
48 5428.32863393
49 5428.32863393
50 5428.32863393
51 5428.32863393
52 5428.32863393
53 5428.32863393
54 6946.60060206
55 8464.87257019
56 8464.87257019
57 8464.87257019
58 8464.87257019
59 8289.67373272
60 8289.67373272
61 8289.67373272
62 8289.67373272
63 8289.67373272
64 7617.50435866
65 7617.50435866
66 7130.1407851
67 7130.1407851
68 7130.1407851
69 7130.1407851
70 7130.1407851
71 7130.1407851
72 7130.1407851
73 7130.1407851
74 9405.99489796
75 9405.99489796
76 9405.99489796
77 9405.99489796
78 9405.99489796
79 9405.99489796
80 9405.99489796
81 4224.32252727
82 4224.32252727
83 4224.32252727
84 4224.32252727
85 4224.32252727
86 4224.32252727
87 4224.32252727
88 4224.32252727
89 4224.32252727
90 4224.32252727
91 4224.32252727
92 4224.32252727
93 4224.32252727
94 4706.79215686
95 4706.79215686
96 3714.91644716
97 3714.91644716
98 3714.91644716
99 3714.91644716
100 3714.91644716
101 3714.91644716
102 3714.91644716
103 3714.91644716
104 3714.91644716
105 3714.91644716
106 3865.28489318
107 3865.28489318
108 3865.28489318
109 3865.28489318
110 3865.28489318
111 3865.28489318
112 3865.28489318
113 3865.28489318
114 3865.28489318
115 3903.43976069
116 3941.5946282
117 3941.5946282
118 3941.5946282
119 3941.5946282
120 3941.5946282
121 3941.5946282
122 3941.5946282
123 3941.5946282
124 3969.27079694
125 3969.27079694
126 3969.27079694
127 3969.27079694
128 3969.27079694
129 3969.27079694
130 3969.27079694
131 3969.27079694
132 4459.18807629
133 4459.18807629
134 4459.18807629
135 4459.18807629
136 4459.18807629
137 4459.18807629
138 4459.18807629
139 4459.18807629
140 8720.3318236
141 8720.3318236
142 8720.3318236
143 8720.3318236
144 6291.85001222
145 3863.36820084
146 3863.36820084
147 4350.09326425
148 4350.09326425
149 4350.09326425
150 4350.09326425
151 4350.09326425
152 4350.09326425
153 4350.09326425
154 4350.09326425
155 4350.09326425
156 4350.09326425
157 4494.44648622
158 4494.44648622
159 4494.44648622
160 4494.44648622
161 4494.44648622
162 4494.44648622
163 4494.44648622
164 4494.44648622
165 3825.54668321
166 3156.6468802
167 3156.6468802
168 3156.6468802
169 3156.6468802
170 3156.6468802
171 3156.6468802
172 3156.6468802
173 3156.6468802
174 3156.6468802
175 3156.6468802
176 1557.208981
177 3203.55071477
178 3203.55071477
179 3203.55071477
180 3203.55071477
181 3203.55071477
182 3599.55544226
183 3599.55544226
184 3599.55544226
185 3599.55544226
186 1319.51649591
187 1319.51649591
188 1319.51649591
189 1319.51649591
190 1319.51649591
191 1319.51649591
192 1319.51649591
193 1319.51649591
194 1319.51649591
195 1319.51649591
196 1319.51649591
197 2117.08232408
198 2117.08232408
199 2117.08232408
200 2117.08232408
201 2117.08232408
202 2117.08232408
203 2117.08232408
204 3222.9752809
205 3222.9752809
206 3222.9752809
207 3803.22891067
208 4383.48254043
209 4383.48254043
210 4383.48254043
211 4383.48254043
212 3250.76740217
213 2118.05226391
214 2118.05226391
215 2118.05226391
216 2118.05226391
217 2118.05226391
218 2118.05226391
219 2118.05226391
220 2118.05226391
221 2118.05226391
222 2118.05226391
223 2118.05226391
224 2118.05226391
225 2118.05226391
226 2118.05226391
227 2118.05226391
228 2180.20422975
229 2242.35619559
230 2242.35619559
231 2242.35619559
232 2242.35619559
233 2242.35619559
234 2242.35619559
235 2242.35619559
236 2242.35619559
237 2242.35619559
238 2242.35619559
239 2242.35619559
240 2242.35619559
241 3438.58749153
242 3438.58749153
243 3438.58749153
244 3438.58749153
245 3438.58749153
246 1417.07255651
247 1417.07255651
248 1417.07255651
249 1417.07255651
250 1417.07255651
251 1417.07255651
252 1417.07255651
253 1417.07255651
254 1417.07255651
255 1417.07255651
256 1235.26744731
257 1235.26744731
258 1235.26744731
259 5848.08207604
260 5696.81615764
261 5545.55023923
262 5144.81589812
263 4744.081557
264 4744.081557
265 5499.72626932
266 5499.72626932
267 2962.78200692
268 2962.78200692
269 2869.28002638
270 2869.28002638
271 2869.28002638
272 2869.28002638
273 2775.77804584
274 2775.77804584
275 2775.77804584
276 2786.19026411
277 2796.60248239
278 2796.60248239
279 2796.60248239
280 2245.36416185
281 7007.75780511
282 7007.75780511
283 7007.75780511
284 6044.97744361
285 6044.97744361
286 5072.97205346
287 5072.97205346
288 5533.74906902
289 5994.52608457
290 5994.52608457
291 5994.52608457
292 5994.52608457
293 5994.52608457
294 5994.52608457
295 5994.52608457
296 5506.02083605
297 5017.51558753
298 4839.23606622
299 4660.95654492
300 4660.95654492
301 4660.95654492
302 4660.95654492
303 4660.95654492
304 4660.95654492
305 4660.95654492
306 4571.93018617
307 4482.90382742
308 4482.90382742
309 4482.90382742
310 4482.90382742
311 4482.90382742
312 4482.90382742
313 4482.90382742
314 5428.32863393
315 5428.32863393
316 5428.32863393
317 5428.32863393
318 5428.32863393
319 5428.32863393
320 5428.32863393
321 5428.32863393
322 6946.60060206
323 8464.87257019
324 8464.87257019
325 8464.87257019
326 8464.87257019
327 8289.67373272
328 8289.67373272
329 8289.67373272
330 8289.67373272
331 8289.67373272
332 7617.50435866
333 7617.50435866
334 7130.1407851
335 7130.1407851
336 7130.1407851
337 7130.1407851
338 7130.1407851
339 7130.1407851
340 7130.1407851
341 7130.1407851
342 9405.99489796
343 9405.99489796
344 9405.99489796
345 9405.99489796
346 9405.99489796
347 9405.99489796
348 9405.99489796
349 4224.32252727
350 4224.32252727
351 4224.32252727
352 4224.32252727
353 4224.32252727
354 4224.32252727
355 4224.32252727
356 4224.32252727
357 4224.32252727
358 4224.32252727
359 4224.32252727
360 4224.32252727
361 4224.32252727
362 4465.55734206
363 4706.79215686
364 3714.91644716
365 3714.91644716
366 3714.91644716
367 3714.91644716
368 3714.91644716
369 3714.91644716
370 3714.91644716
371 3714.91644716
372 3714.91644716
373 3714.91644716
374 3865.28489318
375 3865.28489318
376 3865.28489318
377 3865.28489318
378 3865.28489318
379 3865.28489318
380 3865.28489318
381 3865.28489318
382 3865.28489318
383 3903.43976069
384 3941.5946282
385 3941.5946282
386 3941.5946282
387 3941.5946282
388 3941.5946282
389 3941.5946282
390 3941.5946282
391 3941.5946282
392 3969.27079694
393 3969.27079694
394 3969.27079694
395 3969.27079694
396 3969.27079694
397 3969.27079694
398 3969.27079694
399 3969.27079694
400 4459.18807629
401 4459.18807629
402 4459.18807629
403 4459.18807629
404 4459.18807629
405 4459.18807629
406 4459.18807629
407 4459.18807629
408 8720.3318236
409 8720.3318236
410 8720.3318236
411 8720.3318236
412 6291.85001222
413 3863.36820084
414 3863.36820084
415 4350.09326425
416 4350.09326425
417 4350.09326425
418 4350.09326425
419 4350.09326425
420 4350.09326425
421 4350.09326425
422 4350.09326425
423 4350.09326425
424 4350.09326425
425 4494.44648622
426 4494.44648622
427 4494.44648622
428 4494.44648622
429 4494.44648622
430 4494.44648622
431 4494.44648622
432 4494.44648622
433 3825.54668321
434 3156.6468802
435 3156.6468802
436 3156.6468802
437 3156.6468802
438 3156.6468802
439 3156.6468802
440 3156.6468802
441 3156.6468802
442 3156.6468802
443 3156.6468802
444 1557.208981
445 3203.55071477
446 3203.55071477
447 3203.55071477
448 3203.55071477
449 3203.55071477
450 3599.55544226
451 3599.55544226
452 3599.55544226
453 3599.55544226
454 1319.51649591
455 1319.51649591
456 1319.51649591
457 1319.51649591
458 1319.51649591
459 1319.51649591
460 1319.51649591
461 1319.51649591
462 1319.51649591
463 1319.51649591
464 1319.51649591
465 2117.08232408
466 2117.08232408
467 2117.08232408
468 2117.08232408
469 2117.08232408
470 2117.08232408
471 2117.08232408
472 3222.9752809
473 3222.9752809
474 3222.9752809
475 3803.22891067
476 4383.48254043
477 4383.48254043
478 4383.48254043
479 4383.48254043
480 3250.76740217
481 2118.05226391
482 2118.05226391
483 2118.05226391
484 2118.05226391
485 2118.05226391
486 2118.05226391
487 2118.05226391
488 2118.05226391
489 2118.05226391
490 2118.05226391
491 2118.05226391
492 2118.05226391
493 2118.05226391
494 2118.05226391
495 2118.05226391
496 2180.20422975
497 2242.35619559
498 2242.35619559
499 2242.35619559
500 2242.35619559
501 2242.35619559
502 2242.35619559
503 2242.35619559
504 2242.35619559
505 2242.35619559
506 2242.35619559
507 2242.35619559
508 2242.35619559
509 3438.58749153
510 3438.58749153
511 3438.58749153
512 3438.58749153
513 3438.58749153
514 1417.07255651
515 1417.07255651
516 1417.07255651
517 1417.07255651
518 1417.07255651
519 1417.07255651
520 1417.07255651
521 1417.07255651
522 1417.07255651
523 1417.07255651
524 1235.26744731
525 1235.26744731
526 1235.26744731
527 5848.08207604
528 5696.81615764
529 5545.55023923
530 5144.81589812
531 4744.081557
532 4744.081557
533 5499.72626932
534 5499.72626932
535 2962.78200692
536 2962.78200692
