0 2709.10379747
1 2709.10379747
2 2709.10379747
3 2709.10379747
4 5110.7352381
5 4037.70954357
6 3292.18604651
7 2499.54111675
8 4628.50704225
9 3325.82641509
10 1464.70959903
11 1464.70959903
12 1127.06078268
13 1127.06078268
14 2216.14134276
15 2216.14134276
16 2698.09375
17 1374.78762006
18 1374.78762006
19 2086.15482841
20 4112.28828829
21 3043.93787336
22 4381.25128205
23 4685.44417278
24 4685.44417278
25 4685.44417278
26 4685.44417278
27 4685.44417278
28 5076.8610687
29 5076.8610687
30 5076.8610687
31 5076.8610687
32 5076.8610687
33 4283.18042813
34 4283.18042813
35 4283.18042813
36 4283.18042813
37 4283.18042813
38 4038.52385514
39 4038.52385514
40 4038.52385514
41 4038.52385514
42 4038.52385514
43 4038.52385514
44 3925.07317073
45 3925.07317073
46 3925.07317073
47 3925.07317073
48 3925.07317073
49 3925.07317073
50 3925.07317073
51 3925.07317073
52 3349.77777778
53 3349.77777778
54 3349.77777778
55 3349.77777778
56 3349.77777778
57 3349.77777778
58 3734.4462265
59 4119.11467522
60 4119.11467522
61 4119.11467522
62 4119.11467522
63 4119.11467522
64 3803.88357234
65 3803.88357234
66 3803.88357234
67 3803.88357234
68 3803.88357234
69 3803.88357234
70 3803.88357234
71 5019.78047455
72 5019.78047455
73 5019.78047455
74 5019.78047455
75 5019.78047455
76 3817.37744767
77 3817.37744767
78 3817.37744767
79 3817.37744767
80 3817.37744767
81 3817.37744767
82 3817.37744767
83 3817.37744767
84 3891.10526316
85 3891.10526316
86 3891.10526316
87 3891.10526316
88 3891.10526316
89 3891.10526316
90 3891.10526316
91 3186.94072495
92 3186.94072495
93 3186.94072495
94 3186.94072495
95 3186.94072495
96 3186.94072495
97 3186.94072495
98 4110.15962572
99 5033.37852649
100 5033.37852649
101 5033.37852649
102 5033.37852649
103 3705.39471243
104 2377.41089838
105 2377.41089838
106 2377.41089838
107 2377.41089838
108 2377.41089838
109 2377.41089838
110 2377.41089838
111 2377.41089838
112 2377.41089838
113 2377.41089838
114 3789.17870022
115 5200.94650206
116 5200.94650206
117 5200.94650206
118 5200.94650206
119 7748.81578947
120 7748.81578947
121 7559.97534669
122 7559.97534669
123 7559.97534669
124 4952.65535303
125 4952.65535303
126 4952.65535303
127 4952.65535303
128 4952.65535303
129 3379.62698245
130 3379.62698245
131 3379.62698245
132 3379.62698245
133 3379.62698245
134 3379.62698245
135 3379.62698245
136 3379.62698245
137 3379.62698245
138 3379.62698245
139 3440.87488856
140 3440.87488856
141 3440.87488856
142 3440.87488856
143 3440.87488856
144 3440.87488856
145 3440.87488856
146 5078.12222655
147 5078.12222655
148 5078.12222655
149 8010.80743851
150 8010.80743851
151 5147.18446602
152 5147.18446602
153 5147.18446602
154 5147.18446602
155 1917.3816333
156 1917.3816333
157 1917.3816333
158 1917.3816333
159 5836.30032427
160 5836.30032427
161 5836.30032427
162 5836.30032427
163 3593.90879779
164 3593.90879779
165 3593.90879779
166 3593.90879779
167 3593.90879779
168 3593.90879779
169 3593.90879779
170 3593.90879779
171 3593.90879779
172 6811.0367708
173 6811.0367708
174 6811.0367708
175 6498.63073245
176 6186.2246941
177 6186.2246941
178 6186.2246941
179 7692.63589707
180 9199.04710004
181 9199.04710004
182 7554.20174927
183 7554.20174927
184 7554.20174927
185 7554.20174927
186 7516.84144207
187 7516.84144207
188 7516.84144207
189 6208.56512141
190 6208.56512141
191 6208.56512141
192 3291.1244906
193 3291.1244906
194 3291.1244906
195 3291.1244906
196 3291.1244906
197 3291.1244906
198 3291.1244906
199 3291.1244906
200 933.415541401
201 933.415541401
202 933.415541401
203 933.415541401
204 3522.9674543
205 3522.9674543
206 3522.9674543
207 3522.9674543
208 6354.08745934
209 6354.08745934
210 6354.08745934
211 5420.30857143
212 5420.30857143
213 5420.30857143
214 5234.22907223
215 5234.22907223
216 5234.22907223
217 5302.75089975
218 5371.27272727
219 9223.62594268
220 9223.62594268
221 6102.00378072
222 6102.00378072
223 6102.00378072
224 6102.00378072
225 4974.43531409
226 4974.43531409
227 4974.43531409
228 4974.43531409
229 4974.43531409
230 4974.43531409
231 5728.75517992
232 6483.07504576
233 6483.07504576
234 6483.07504576
235 4230.54618313
236 4230.54618313
237 4230.54618313
238 4230.54618313
239 4230.54618313
240 4074.87817078
241 4074.87817078
242 4074.87817078
243 4074.87817078
244 4074.87817078
245 4074.87817078
246 5898.92574159
247 5898.92574159
248 5898.92574159
249 5898.92574159
250 5898.92574159
251 5777.04672897
252 4243.07526322
253 4243.07526322
254 2709.10379747
255 2709.10379747
256 4037.70954357
257 4013.16086235
258 3292.18604651
259 2499.54111675
260 3977.16672867
261 3325.82641509
262 1464.70959903
263 1127.06078268
264 1127.06078268
265 1127.06078268
266 2216.14134276
267 2698.09375
268 1374.78762006
269 1374.78762006
270 2086.15482841
271 2086.15482841
272 3043.93787336
273 3712.59457771
274 4685.44417278
275 4685.44417278
276 4685.44417278
277 4685.44417278
278 4685.44417278
279 5076.8610687
280 5076.8610687
281 5076.8610687
282 5076.8610687
283 5076.8610687
284 5076.8610687
285 4283.18042813
286 4283.18042813
287 4283.18042813
288 4283.18042813
289 4283.18042813
290 4038.52385514
291 4038.52385514
292 4038.52385514
293 4038.52385514
294 4038.52385514
295 3925.07317073
296 3925.07317073
297 3925.07317073
298 3925.07317073
299 3925.07317073
300 3925.07317073
301 3925.07317073
302 3925.07317073
303 3349.77777778
304 3349.77777778
305 3349.77777778
306 3349.77777778
307 3349.77777778
308 3349.77777778
309 3349.77777778
310 4119.11467522
311 4119.11467522
312 4119.11467522
313 4119.11467522
314 4119.11467522
315 3803.88357234
316 3803.88357234
317 3803.88357234
318 3803.88357234
319 3803.88357234
320 3803.88357234
321 3803.88357234
322 5019.78047455
323 5019.78047455
324 5019.78047455
325 5019.78047455
326 5019.78047455
327 5019.78047455
328 3817.37744767
329 3817.37744767
330 3817.37744767
331 3817.37744767
332 3817.37744767
333 3817.37744767
334 3817.37744767
335 3891.10526316
336 3891.10526316
337 3891.10526316
338 3891.10526316
339 3891.10526316
340 3891.10526316
341 3891.10526316
342 3891.10526316
343 3186.94072495
344 3186.94072495
345 3186.94072495
346 3186.94072495
347 3186.94072495
348 3186.94072495
349 3186.94072495
350 5033.37852649
351 5033.37852649
352 5033.37852649
353 5033.37852649
354 5033.37852649
355 2377.41089838
356 2377.41089838
357 2377.41089838
358 2377.41089838
359 2377.41089838
360 2377.41089838
361 2377.41089838
362 2377.41089838
363 2377.41089838
364 2377.41089838
365 2377.41089838
366 5200.94650206
367 5200.94650206
368 5200.94650206
369 5200.94650206
370 6474.88114576
371 7748.81578947
372 7748.81578947
373 7559.97534669
374 7559.97534669
375 7559.97534669
376 4952.65535303
377 4952.65535303
378 4952.65535303
379 4952.65535303
380 4952.65535303
381 3379.62698245
382 3379.62698245
383 3379.62698245
384 3379.62698245
385 3379.62698245
386 3379.62698245
387 3379.62698245
388 3379.62698245
389 3379.62698245
390 3410.2509355
391 3440.87488856
392 3440.87488856
393 3440.87488856
394 3440.87488856
395 3440.87488856
396 3440.87488856
397 4259.49855755
398 5078.12222655
399 5078.12222655
400 6544.46483253
401 8010.80743851
402 5147.18446602
403 5147.18446602
404 5147.18446602
405 5147.18446602
406 3532.28304966
407 1917.3816333
408 1917.3816333
409 1917.3816333
410 5836.30032427
411 5836.30032427
412 5836.30032427
413 5836.30032427
414 3593.90879779
415 3593.90879779
416 3593.90879779
417 3593.90879779
418 3593.90879779
419 3593.90879779
420 3593.90879779
421 3593.90879779
422 3593.90879779
423 6811.0367708
424 6811.0367708
425 6811.0367708
426 6811.0367708
427 6186.2246941
428 6186.2246941
429 6186.2246941
430 6186.2246941
431 9199.04710004
432 9199.04710004
433 9199.04710004
434 7554.20174927
435 7554.20174927
436 7554.20174927
437 7516.84144207
438 7516.84144207
439 7516.84144207
440 6208.56512141
441 6208.56512141
442 6208.56512141
443 6208.56512141
444 3291.1244906
445 3291.1244906
446 3291.1244906
447 3291.1244906
448 3291.1244906
449 3291.1244906
450 3291.1244906
451 933.415541401
452 933.415541401
453 933.415541401
454 933.415541401
455 3522.9674543
456 3522.9674543
457 3522.9674543
458 3522.9674543
459 3522.9674543
460 6354.08745934
461 6354.08745934
462 6354.08745934
463 5420.30857143
464 5420.30857143
465 5420.30857143
466 5234.22907223
467 5234.22907223
468 5234.22907223
469 5371.27272727
470 9223.62594268
471 9223.62594268
472 7662.8148617
473 6102.00378072
474 6102.00378072
475 6102.00378072
476 6102.00378072
477 4974.43531409
478 4974.43531409
479 4974.43531409
480 4974.43531409
481 4974.43531409
482 4974.43531409
483 6483.07504576
484 6483.07504576
485 6483.07504576
486 4230.54618313
487 4230.54618313
488 4230.54618313
489 4230.54618313
490 4230.54618313
491 4152.71217695
492 4074.87817078
493 4074.87817078
494 4074.87817078
495 4074.87817078
496 4074.87817078
497 5898.92574159
498 5898.92574159
499 5898.92574159
500 5898.92574159
501 5898.92574159
502 5837.98623528
503 5777.04672897
