0 2825.25874126
1 2825.25874126
2 2825.25874126
3 2825.25874126
4 2825.25874126
5 2825.25874126
6 2825.25874126
7 2825.25874126
8 2825.25874126
9 2679.26763031
10 2679.26763031
11 1686.09686003
12 1686.09686003
13 1686.09686003
14 1686.09686003
15 1686.09686003
16 4673.80427738
17 4673.80427738
18 5413.90239868
19 3587.83669251
20 3587.83669251
21 3473.3077345
22 3473.3077345
23 3473.3077345
24 5050.6192401
25 5358.0
26 5358.0
27 4842.78223185
28 6261.45994065
29 4970.05524862
30 4970.05524862
31 5964.29640947
32 5964.29640947
33 5331.93010728
34 5331.93010728
35 5331.93010728
36 5331.93010728
37 4699.5638051
38 4699.5638051
39 5462.49746193
40 5462.49746193
41 5462.49746193
42 3410.42811502
43 3410.42811502
44 3410.42811502
45 3410.42811502
46 5320.12795126
47 5320.12795126
48 5320.12795126
49 3766.92537313
50 3766.92537313
51 3766.92537313
52 3766.92537313
53 5055.02315789
54 5055.02315789
55 5164.87272727
56 5164.87272727
57 5164.87272727
58 9512.52992817
59 9512.52992817
60 3988.53972257
61 3988.53972257
62 3988.53972257
63 3988.53972257
64 5242.86491387
65 5242.86491387
66 5866.83166515
67 5866.83166515
68 5866.83166515
69 6869.18406889
70 6869.18406889
71 6774.22092457
72 6774.22092457
73 6774.22092457
74 2565.25182224
75 2565.25182224
76 2565.25182224
77 2565.25182224
78 6674.47236181
79 6674.47236181
80 4981.49273557
81 4981.49273557
82 4981.49273557
83 5058.42003066
84 5058.42003066
85 5058.42003066
86 4824.1826985
87 4824.1826985
88 4824.1826985
89 4589.94536635
90 4589.94536635
91 4589.94536635
92 4589.94536635
93 4589.94536635
94 4589.94536635
95 4844.52221092
96 4844.52221092
97 4844.52221092
98 4640.40824338
99 4640.40824338
100 4640.40824338
101 5119.5
102 5119.5
103 5119.5
104 5119.5
105 5146.9186677
106 5146.9186677
107 5146.9186677
108 3186.28987486
109 3186.28987486
110 3186.28987486
111 3186.28987486
112 3186.28987486
113 2926.32520069
114 2926.32520069
115 2926.32520069
116 2926.32520069
117 2926.32520069
118 2926.32520069
119 6498.34930448
120 6498.34930448
121 6498.34930448
122 5910.02519832
123 5910.02519832
124 5910.02519832
125 4182.49659202
126 4182.49659202
127 4182.49659202
128 4182.49659202
129 4182.49659202
130 6924.47301195
131 6924.47301195
132 6924.47301195
133 6788.83463203
134 6788.83463203
135 8225.98721461
136 8225.98721461
137 8225.98721461
138 2968.34704562
139 2968.34704562
140 2968.34704562
141 2968.34704562
142 2968.34704562
143 2968.34704562
144 2357.58975699
145 2357.58975699
146 2357.58975699
147 2357.58975699
148 5462.69783855
149 5462.69783855
150 5462.69783855
151 4198.01570813
152 4198.01570813
153 4198.01570813
154 4198.01570813
155 3658.08500401
156 3658.08500401
157 3658.08500401
158 3658.08500401
159 3658.08500401
160 3658.08500401
161 4295.20058637
162 4295.20058637
163 4295.20058637
164 4295.20058637
165 6551.49271367
166 6551.49271367
167 6551.49271367
168 4294.24757129
169 4294.24757129
170 4294.24757129
171 4294.24757129
172 3452.64546525
173 3452.64546525
174 3452.64546525
175 3452.64546525
176 3452.64546525
177 5863.79689704
178 5863.79689704
179 5863.79689704
180 3235.6736072
181 3235.6736072
182 3235.6736072
183 3235.6736072
184 3235.6736072
185 3235.6736072
186 2834.71147384
187 2834.71147384
188 2834.71147384
189 2834.71147384
190 2834.71147384
191 4766.1797197
192 4766.1797197
193 4766.1797197
194 4766.1797197
195 3333.10358032
196 3333.10358032
197 3333.10358032
198 3333.10358032
199 3333.10358032
200 3333.10358032
201 3359.56510996
202 3359.56510996
203 3359.56510996
204 3359.56510996
205 2938.86706084
206 2938.86706084
207 2938.86706084
208 2938.86706084
209 2938.86706084
210 2938.86706084
211 2811.1211499
212 2811.1211499
213 2811.1211499
214 2811.1211499
215 3814.56260014
216 3814.56260014
217 3814.56260014
218 3814.56260014
219 3814.56260014
220 4548.07876835
221 4548.07876835
222 4548.07876835
223 3347.01433811
224 3347.01433811
225 3347.01433811
226 4684.23529412
227 4684.23529412
228 2707.74882165
229 2707.74882165
230 2707.74882165
231 2707.74882165
232 2707.74882165
233 2707.74882165
234 2707.74882165
235 3435.16321146
236 3435.16321146
237 3435.16321146
238 3435.16321146
239 3435.16321146
240 3435.16321146
241 6771.78181818
242 6771.78181818
243 6771.78181818
244 6144.0
245 6144.0
246 6144.0
247 1765.99650824
248 1765.99650824
249 1765.99650824
250 1765.99650824
251 1765.99650824
252 1765.99650824
253 1765.99650824
254 1765.99650824
255 1765.99650824
256 1765.99650824
257 1765.99650824
258 2514.52890529
259 2514.52890529
260 2514.52890529
261 2514.52890529
262 2514.52890529
263 2514.52890529
264 2514.52890529
265 2014.35733333
266 2419.80803729
267 2419.80803729
268 2419.80803729
269 2419.80803729
270 2419.80803729
271 2419.80803729
272 2825.25874126
273 2825.25874126
274 2825.25874126
275 2679.26763031
276 2679.26763031
277 1686.09686003
278 1686.09686003
279 1686.09686003
280 1686.09686003
281 1686.09686003
282 4673.80427738
283 5413.90239868
284 5413.90239868
285 3587.83669251
286 3587.83669251
287 3473.3077345
288 3473.3077345
289 3473.3077345
290 5050.6192401
291 5358.0
292 5358.0
293 4842.78223185
294 6261.45994065
295 4970.05524862
296 4970.05524862
297 5964.29640947
298 5964.29640947
299 5331.93010728
300 5331.93010728
301 5331.93010728
302 5331.93010728
303 4699.5638051
304 4699.5638051
305 5462.49746193
306 5462.49746193
307 5462.49746193
308 3410.42811502
309 3410.42811502
310 3410.42811502
311 3410.42811502
312 5320.12795126
313 5320.12795126
314 5320.12795126
315 3766.92537313
316 3766.92537313
317 3766.92537313
318 3766.92537313
319 5055.02315789
320 5055.02315789
321 5164.87272727
322 5164.87272727
323 5164.87272727
324 9512.52992817
325 9512.52992817
326 3988.53972257
327 3988.53972257
328 3988.53972257
329 3988.53972257
330 5242.86491387
331 5242.86491387
332 5866.83166515
333 5866.83166515
334 5866.83166515
335 6869.18406889
336 6869.18406889
337 6774.22092457
338 6774.22092457
339 6774.22092457
340 2565.25182224
341 2565.25182224
342 2565.25182224
343 2565.25182224
344 6674.47236181
345 6674.47236181
346 4981.49273557
347 4981.49273557
348 4981.49273557
349 5058.42003066
350 5058.42003066
351 5058.42003066
352 4824.1826985
353 4824.1826985
354 4824.1826985
355 4589.94536635
356 4589.94536635
357 4589.94536635
358 4589.94536635
359 4589.94536635
360 4589.94536635
361 4844.52221092
362 4844.52221092
363 4844.52221092
364 4640.40824338
365 4640.40824338
366 4640.40824338
367 5119.5
368 5119.5
369 5119.5
370 5119.5
371 5146.9186677
372 5146.9186677
373 5146.9186677
374 3186.28987486
375 3186.28987486
376 3186.28987486
377 3186.28987486
378 3186.28987486
379 2926.32520069
380 2926.32520069
381 2926.32520069
382 2926.32520069
383 2926.32520069
384 2926.32520069
385 6498.34930448
386 6498.34930448
387 6498.34930448
388 5910.02519832
389 5910.02519832
390 5910.02519832
391 4182.49659202
392 4182.49659202
393 4182.49659202
394 4182.49659202
395 4182.49659202
396 6924.47301195
397 6924.47301195
398 6924.47301195
399 6788.83463203
400 6788.83463203
401 8225.98721461
402 8225.98721461
403 8225.98721461
404 2968.34704562
405 2968.34704562
406 2968.34704562
407 2968.34704562
408 2968.34704562
409 2968.34704562
410 2357.58975699
411 2357.58975699
412 2357.58975699
413 2357.58975699
414 5462.69783855
415 5462.69783855
416 5462.69783855
417 4198.01570813
418 4198.01570813
419 4198.01570813
420 4198.01570813
421 3658.08500401
422 3658.08500401
423 3658.08500401
424 3658.08500401
425 3658.08500401
426 3658.08500401
427 4295.20058637
428 4295.20058637
429 4295.20058637
430 4295.20058637
431 6551.49271367
432 6551.49271367
433 6551.49271367
434 4294.24757129
435 4294.24757129
436 4294.24757129
437 4294.24757129
438 3452.64546525
439 3452.64546525
440 3452.64546525
441 3452.64546525
442 3452.64546525
443 5863.79689704
444 5863.79689704
445 5863.79689704
446 3235.6736072
447 3235.6736072
448 3235.6736072
449 3235.6736072
450 3235.6736072
451 3235.6736072
452 2834.71147384
453 2834.71147384
454 2834.71147384
455 2834.71147384
456 2834.71147384
457 4766.1797197
458 4766.1797197
459 4766.1797197
460 4766.1797197
461 3333.10358032
462 3333.10358032
463 3333.10358032
464 3333.10358032
465 3333.10358032
466 3333.10358032
467 3359.56510996
468 3359.56510996
469 3359.56510996
470 3359.56510996
471 2938.86706084
472 2938.86706084
473 2938.86706084
474 2938.86706084
475 2938.86706084
476 2938.86706084
477 2811.1211499
478 2811.1211499
479 2811.1211499
480 2811.1211499
481 3814.56260014
482 3814.56260014
483 3814.56260014
484 3814.56260014
485 4548.07876835
486 4548.07876835
487 4548.07876835
488 4548.07876835
489 3347.01433811
490 3347.01433811
491 3347.01433811
492 4684.23529412
493 4684.23529412
494 2707.74882165
495 2707.74882165
496 2707.74882165
497 2707.74882165
498 2707.74882165
499 2707.74882165
500 2707.74882165
501 3435.16321146
502 3435.16321146
503 3435.16321146
504 3435.16321146
505 3435.16321146
506 3435.16321146
507 6771.78181818
508 6771.78181818
509 6771.78181818
510 6144.0
511 6144.0
512 6144.0
513 1765.99650824
514 1765.99650824
515 1765.99650824
516 1765.99650824
517 1765.99650824
518 1765.99650824
519 1765.99650824
520 1765.99650824
521 1765.99650824
522 1765.99650824
523 1765.99650824
524 2514.52890529
525 2514.52890529
526 2514.52890529
527 2514.52890529
528 2514.52890529
529 2514.52890529
530 2514.52890529
531 2014.35733333
