0 2344.94623656
1 2344.94623656
2 2344.94623656
3 2344.94623656
4 2344.94623656
5 2344.94623656
6 2344.94623656
7 5254.53426573
8 5254.53426573
9 5254.53426573
10 6898.70880361
11 2256.48051118
12 2256.48051118
13 3538.21240956
14 4819.94430794
15 4819.94430794
16 4819.94430794
17 4576.71394422
18 4576.71394422
19 5137.95210946
20 4895.43083004
21 4895.43083004
22 2138.47877145
23 2138.47877145
24 2204.16542948
25 2204.16542948
26 2204.16542948
27 2290.48813917
28 2290.48813917
29 1965.87928994
30 1965.87928994
31 1965.87928994
32 1965.87928994
33 1988.92703863
34 1988.92703863
35 1988.92703863
36 1988.92703863
37 1988.92703863
38 2118.14980289
39 2118.14980289
40 2118.14980289
41 2059.1456736
42 2059.1456736
43 2059.1456736
44 2059.1456736
45 2059.1456736
46 1968.26829268
47 1968.26829268
48 1968.26829268
49 1968.26829268
50 1767.47445255
51 1767.47445255
52 1767.47445255
53 1767.47445255
54 1767.47445255
55 1767.47445255
56 2112.30306407
57 2112.30306407
58 2112.30306407
59 2112.30306407
60 2097.49674364
61 2097.49674364
62 2097.49674364
63 2057.15828221
64 2057.15828221
65 2057.15828221
66 2057.15828221
67 1990.58823529
68 1990.58823529
69 1990.58823529
70 1990.58823529
71 2065.62571757
72 2065.62571757
73 2065.62571757
74 2065.62571757
75 2132.14732453
76 2132.14732453
77 2132.14732453
78 1854.96846531
79 1854.96846531
80 1854.96846531
81 1854.96846531
82 1854.96846531
83 1854.96846531
84 2108.24499697
85 2108.24499697
86 2108.24499697
87 2108.24499697
88 2092.55696203
89 2092.55696203
90 2092.55696203
91 2092.55696203
92 1918.95137421
93 1918.95137421
94 1918.95137421
95 1918.95137421
96 1918.95137421
97 2063.5852394
98 2063.5852394
99 2063.5852394
100 1599.2523058
101 1599.2523058
102 1599.2523058
103 1599.2523058
104 1599.2523058
105 1599.2523058
106 2081.06891363
107 2081.06891363
108 2081.06891363
109 2081.06891363
110 2069.41668992
111 2069.41668992
112 2069.41668992
113 2069.41668992
114 2061.82159624
115 2061.82159624
116 2061.82159624
117 2061.82159624
118 1978.84585791
119 1978.84585791
120 1978.84585791
121 1978.84585791
122 2132.99460755
123 2132.99460755
124 2132.99460755
125 2132.99460755
126 2100.45078459
127 2100.45078459
128 2100.45078459
129 2100.45078459
130 2166.56075569
131 2166.56075569
132 2166.56075569
133 2145.24724784
134 2145.24724784
135 2145.24724784
136 2145.24724784
137 2152.01508485
138 2152.01508485
139 2152.01508485
140 2152.01508485
141 2095.57872112
142 2095.57872112
143 2095.57872112
144 2095.57872112
145 2170.64875756
146 2170.64875756
147 2170.64875756
148 2170.64875756
149 1935.12164691
150 1935.12164691
151 1935.12164691
152 1935.12164691
153 1860.90832158
154 1860.90832158
155 1860.90832158
156 2106.97314715
157 2106.97314715
158 2106.97314715
159 2106.97314715
160 2106.97314715
161 2017.9167142
162 2017.9167142
163 2017.9167142
164 2075.61786454
165 2075.61786454
166 2075.61786454
167 2075.61786454
168 2035.5006598
169 2035.5006598
170 2035.5006598
171 2035.5006598
172 2123.26826417
173 2123.26826417
174 2123.26826417
175 2123.26826417
176 1839.55697551
177 1839.55697551
178 1839.55697551
179 1839.55697551
180 1839.55697551
181 2161.11244635
182 2161.11244635
183 1557.30521383
184 1557.30521383
185 1557.30521383
186 1557.30521383
187 1557.30521383
188 2271.22535211
189 2271.22535211
190 2101.14670256
191 2101.14670256
192 2101.14670256
193 2101.14670256
194 2101.14670256
195 2101.09675631
196 2101.09675631
197 2101.09675631
198 2101.09675631
199 2084.16045845
200 2084.16045845
201 2084.16045845
202 2084.16045845
203 2419.73713381
204 2419.73713381
205 3086.50549451
206 2448.5943304
207 2448.5943304
208 2448.5943304
209 2448.5943304
210 2448.5943304
211 2344.94623656
212 3799.74025115
213 5254.53426573
214 5254.53426573
215 6898.70880361
216 2256.48051118
217 2256.48051118
218 3538.21240956
219 3538.21240956
220 4819.94430794
221 4819.94430794
222 4576.71394422
223 4576.71394422
224 5137.95210946
225 5137.95210946
226 4895.43083004
227 2138.47877145
228 2138.47877145
229 2138.47877145
230 2204.16542948
231 2204.16542948
232 2290.48813917
233 2290.48813917
234 2290.48813917
235 1965.87928994
236 1965.87928994
237 1965.87928994
238 1965.87928994
239 1988.92703863
240 1988.92703863
241 1988.92703863
242 1988.92703863
243 2118.14980289
244 2118.14980289
245 2118.14980289
246 2118.14980289
247 2059.1456736
248 2059.1456736
249 2059.1456736
250 2059.1456736
251 1968.26829268
252 1968.26829268
253 1968.26829268
254 1968.26829268
255 1968.26829268
256 1767.47445255
257 1767.47445255
258 1767.47445255
259 1767.47445255
260 1767.47445255
261 2112.30306407
262 2112.30306407
263 2112.30306407
264 2112.30306407
265 2097.49674364
266 2097.49674364
267 2097.49674364
268 2097.49674364
269 2057.15828221
270 2057.15828221
271 2057.15828221
272 2057.15828221
273 1990.58823529
274 1990.58823529
275 1990.58823529
276 1990.58823529
277 2065.62571757
278 2065.62571757
279 2065.62571757
280 2132.14732453
281 2132.14732453
282 2132.14732453
283 2132.14732453
284 1854.96846531
285 1854.96846531
286 1854.96846531
287 1854.96846531
288 1854.96846531
289 2108.24499697
290 2108.24499697
291 2108.24499697
292 2108.24499697
293 2092.55696203
294 2092.55696203
295 2092.55696203
296 2092.55696203
297 2092.55696203
298 1918.95137421
299 1918.95137421
300 1918.95137421
301 1918.95137421
302 2063.5852394
303 2063.5852394
304 2063.5852394
305 2063.5852394
306 1599.2523058
307 1599.2523058
308 1599.2523058
309 1599.2523058
310 1599.2523058
311 1599.2523058
312 2081.06891363
313 2081.06891363
314 2081.06891363
315 2081.06891363
316 2069.41668992
317 2069.41668992
318 2069.41668992
319 2069.41668992
320 2061.82159624
321 2061.82159624
322 2061.82159624
323 1978.84585791
324 1978.84585791
325 1978.84585791
326 1978.84585791
327 1978.84585791
328 2132.99460755
329 2132.99460755
330 2132.99460755
331 2132.99460755
332 2100.45078459
333 2100.45078459
334 2100.45078459
335 2100.45078459
336 2166.56075569
337 2166.56075569
338 2166.56075569
339 2145.24724784
340 2145.24724784
341 2145.24724784
342 2145.24724784
343 2152.01508485
344 2152.01508485
345 2152.01508485
346 2152.01508485
347 2095.57872112
348 2095.57872112
349 2095.57872112
350 2095.57872112
351 2170.64875756
352 2170.64875756
353 2170.64875756
354 2170.64875756
355 1935.12164691
356 1935.12164691
357 1935.12164691
358 1860.90832158
359 1860.90832158
360 1860.90832158
361 1860.90832158
362 2106.97314715
363 2106.97314715
364 2106.97314715
365 2106.97314715
366 2017.9167142
367 2017.9167142
368 2017.9167142
369 2017.9167142
370 2075.61786454
371 2075.61786454
372 2075.61786454
373 2075.61786454
374 2035.5006598
375 2035.5006598
376 2035.5006598
377 2035.5006598
378 2123.26826417
379 2123.26826417
380 2123.26826417
381 2123.26826417
382 1839.55697551
383 1839.55697551
384 1839.55697551
385 1839.55697551
386 2161.11244635
387 2161.11244635
388 2161.11244635
389 1557.30521383
390 1557.30521383
391 1557.30521383
392 1557.30521383
393 2271.22535211
394 2271.22535211
395 2271.22535211
396 2101.14670256
397 2101.14670256
398 2101.14670256
399 2101.14670256
400 2101.09675631
401 2101.09675631
402 2101.09675631
403 2101.09675631
404 2101.09675631
405 2084.16045845
406 2084.16045845
407 2084.16045845
408 2084.16045845
409 2419.73713381
410 3086.50549451
411 2552.24242424
