0 377.751164338
1 377.751164338
2 377.751164338
3 377.751164338
4 377.751164338
5 377.751164338
6 377.751164338
7 377.751164338
8 377.751164338
9 377.751164338
10 377.751164338
11 377.751164338
12 377.751164338
13 377.751164338
14 835.898699521
15 835.898699521
16 303.201596806
17 303.201596806
18 303.201596806
19 303.201596806
20 908.713643178
21 908.713643178
22 420.400597907
23 420.400597907
24 420.400597907
25 613.87755102
26 613.87755102
27 515.404255319
28 515.404255319
29 510.439239594
30 510.439239594
31 510.439239594
32 505.474223868
33 505.474223868
34 505.474223868
35 505.474223868
36 469.426329555
37 469.426329555
38 469.426329555
39 469.426329555
40 455.556675063
41 455.556675063
42 455.556675063
43 455.556675063
44 427.206225681
45 427.206225681
46 427.206225681
47 427.206225681
48 594.89070632
49 594.89070632
50 594.89070632
51 498.862950416
52 498.862950416
53 498.862950416
54 498.862950416
55 499.994659546
56 499.994659546
57 499.994659546
58 499.994659546
59 499.994659546
60 362.28356525
61 362.28356525
62 362.28356525
63 362.28356525
64 362.28356525
65 362.28356525
66 349.528934759
67 349.528934759
68 349.528934759
69 349.528934759
70 349.528934759
71 349.528934759
72 385.58507772
73 385.58507772
74 385.58507772
75 385.58507772
76 385.58507772
77 385.58507772
78 370.122864413
79 370.122864413
80 370.122864413
81 370.122864413
82 370.122864413
83 402.845521419
84 402.845521419
85 402.845521419
86 402.845521419
87 402.845521419
88 523.874548987
89 523.874548987
90 523.874548987
91 523.874548987
92 523.874548987
93 858.447488584
94 858.447488584
95 451.130434783
96 451.130434783
97 451.130434783
98 451.130434783
99 451.130434783
100 865.455163621
101 865.455163621
102 865.455163621
103 518.436681223
104 518.436681223
105 518.436681223
106 518.436681223
107 871.338399642
108 871.338399642
109 871.338399642
110 557.068876822
111 557.068876822
112 557.068876822
113 557.068876822
114 496.077295554
115 496.077295554
116 496.077295554
117 496.077295554
118 496.077295554
119 496.077295554
120 496.077295554
121 496.077295554
122 496.077295554
123 496.077295554
124 496.077295554
125 496.077295554
126 496.077295554
127 496.077295554
128 435.085714286
129 435.085714286
130 435.085714286
131 435.085714286
132 435.085714286
133 474.023346304
134 474.023346304
135 474.023346304
136 474.023346304
137 390.211259501
138 390.211259501
139 390.211259501
140 390.211259501
141 390.211259501
142 390.211259501
143 390.211259501
144 390.211259501
145 390.211259501
146 306.399172699
147 306.399172699
148 306.399172699
149 306.399172699
150 807.125864454
151 807.125864454
152 807.120418848
153 807.120418848
154 607.95173454
155 607.95173454
156 853.528604119
157 552.8
158 552.8
159 552.8
160 893.559968229
161 893.559968229
162 587.553530752
163 587.553530752
164 587.553530752
165 601.03272722
166 614.511923688
167 614.511923688
168 614.511923688
169 673.102889002
170 673.102889002
171 783.106514995
172 783.106514995
173 778.702495202
174 778.702495202
175 778.702495202
176 866.943005181
177 866.943005181
178 852.353282841
179 852.353282841
180 852.353282841
181 837.763560501
182 837.763560501
183 837.763560501
184 837.763560501
185 569.171001955
186 569.171001955
187 569.171001955
188 569.171001955
189 569.171001955
190 569.171001955
191 569.171001955
192 569.171001955
193 569.171001955
194 569.171001955
195 569.171001955
196 569.171001955
197 569.171001955
198 300.578443408
199 300.578443408
200 300.578443408
201 300.578443408
202 300.578443408
203 300.578443408
204 300.578443408
205 818.659279778
206 818.659279778
207 533.912706111
208 533.912706111
209 533.912706111
210 669.457853244
211 669.457853244
212 669.457853244
213 753.495029821
214 753.495029821
215 860.793225124
216 860.793225124
217 891.176119403
218 891.176119403
219 858.381192749
220 858.381192749
221 825.586266094
222 825.586266094
223 825.586266094
224 825.586266094
225 837.222121487
226 837.222121487
227 837.222121487
228 815.899539556
229 815.899539556
230 815.899539556
231 864.191613537
232 864.191613537
233 864.191613537
234 912.483687519
235 912.483687519
236 912.483687519
237 912.483687519
238 804.037460978
239 804.037460978
240 804.037460978
241 804.037460978
242 809.215268761
243 809.215268761
244 809.215268761
245 809.215268761
246 823.425796006
247 823.425796006
248 823.425796006
249 823.425796006
250 833.797951841
251 833.797951841
252 833.797951841
253 833.797951841
254 833.797951841
255 840.17699115
256 840.17699115
257 840.17699115
258 840.17699115
259 756.637204522
260 756.637204522
261 756.637204522
262 756.637204522
263 756.637204522
264 883.994254525
265 883.994254525
266 883.994254525
267 883.994254525
268 835.279338843
269 835.279338843
270 835.279338843
271 835.279338843
272 591.705551775
273 591.705551775
274 591.705551775
275 591.705551775
276 591.705551775
277 591.705551775
278 591.705551775
279 348.131764706
280 348.131764706
281 348.131764706
282 348.131764706
283 348.131764706
284 348.131764706
285 340.633134413
286 340.633134413
287 340.633134413
288 340.633134413
289 340.633134413
290 295.369602342
291 295.369602342
292 295.369602342
293 295.369602342
294 310.60030785
295 310.60030785
296 310.60030785
297 310.60030785
298 270.457615746
299 270.457615746
300 270.457615746
301 270.457615746
302 270.457615746
303 343.047673423
304 343.047673423
305 343.047673423
306 343.047673423
307 193.026737968
308 193.026737968
309 193.026737968
310 193.026737968
311 193.026737968
312 193.026737968
313 204.691954981
314 204.691954981
315 204.691954981
316 204.691954981
317 204.691954981
318 213.823028508
319 213.823028508
320 213.823028508
321 213.823028508
322 295.787096423
323 295.787096423
324 295.787096423
325 295.787096423
326 295.787096423
327 295.787096423
328 295.787096423
329 295.787096423
330 295.787096423
331 295.787096423
332 377.751164338
333 377.751164338
334 377.751164338
335 377.751164338
336 835.898699521
337 303.201596806
338 303.201596806
339 303.201596806
340 303.201596806
341 908.713643178
342 908.713643178
343 420.400597907
344 420.400597907
345 420.400597907
346 613.87755102
347 613.87755102
348 515.404255319
349 515.404255319
350 510.439239594
351 510.439239594
352 510.439239594
353 505.474223868
354 505.474223868
355 505.474223868
356 505.474223868
357 469.426329555
358 469.426329555
359 469.426329555
360 469.426329555
361 455.556675063
362 455.556675063
363 455.556675063
364 455.556675063
365 427.206225681
366 427.206225681
367 427.206225681
368 427.206225681
369 594.89070632
370 594.89070632
371 594.89070632
372 594.89070632
373 498.862950416
374 498.862950416
375 498.862950416
376 498.862950416
377 499.994659546
378 499.994659546
379 499.994659546
380 499.994659546
381 362.28356525
382 362.28356525
383 362.28356525
384 362.28356525
385 362.28356525
386 362.28356525
387 349.528934759
388 349.528934759
389 349.528934759
390 349.528934759
391 349.528934759
392 349.528934759
393 385.58507772
394 385.58507772
395 385.58507772
396 385.58507772
397 385.58507772
398 385.58507772
399 370.122864413
400 370.122864413
401 370.122864413
402 370.122864413
403 370.122864413
404 402.845521419
405 402.845521419
406 402.845521419
407 402.845521419
408 402.845521419
409 523.874548987
410 523.874548987
411 523.874548987
412 523.874548987
413 523.874548987
414 858.447488584
415 858.447488584
416 451.130434783
417 451.130434783
418 451.130434783
419 451.130434783
420 451.130434783
421 865.455163621
422 865.455163621
423 865.455163621
424 518.436681223
425 518.436681223
426 518.436681223
427 518.436681223
428 871.338399642
429 871.338399642
430 871.338399642
431 557.068876822
432 557.068876822
433 557.068876822
434 557.068876822
435 496.077295554
436 496.077295554
437 496.077295554
438 496.077295554
439 496.077295554
440 496.077295554
441 496.077295554
442 496.077295554
443 496.077295554
444 496.077295554
445 496.077295554
446 496.077295554
447 496.077295554
448 496.077295554
449 435.085714286
450 435.085714286
451 435.085714286
452 435.085714286
453 435.085714286
454 474.023346304
455 474.023346304
456 474.023346304
457 474.023346304
458 390.211259501
459 390.211259501
460 390.211259501
461 390.211259501
462 390.211259501
463 390.211259501
464 390.211259501
465 390.211259501
466 390.211259501
467 306.399172699
468 306.399172699
469 306.399172699
470 306.399172699
471 807.125864454
472 807.125864454
473 807.120418848
474 807.120418848
475 607.95173454
476 607.95173454
477 853.528604119
478 552.8
479 552.8
480 552.8
481 893.559968229
482 893.559968229
483 587.553530752
484 587.553530752
485 587.553530752
486 601.03272722
487 614.511923688
488 614.511923688
489 614.511923688
490 673.102889002
491 673.102889002
492 783.106514995
493 783.106514995
494 778.702495202
495 778.702495202
496 778.702495202
497 866.943005181
498 866.943005181
499 852.353282841
500 852.353282841
501 852.353282841
502 837.763560501
503 837.763560501
504 837.763560501
505 837.763560501
506 569.171001955
507 569.171001955
508 569.171001955
509 569.171001955
510 569.171001955
511 569.171001955
512 569.171001955
513 569.171001955
514 569.171001955
515 569.171001955
516 569.171001955
517 569.171001955
518 569.171001955
519 300.578443408
520 300.578443408
521 300.578443408
522 300.578443408
523 300.578443408
524 300.578443408
525 300.578443408
526 818.659279778
527 818.659279778
528 533.912706111
529 533.912706111
530 533.912706111
531 669.457853244
532 669.457853244
533 669.457853244
534 753.495029821
535 753.495029821
536 860.793225124
537 860.793225124
538 891.176119403
539 891.176119403
540 858.381192749
541 858.381192749
542 825.586266094
543 825.586266094
544 825.586266094
545 825.586266094
546 837.222121487
547 837.222121487
548 837.222121487
549 815.899539556
550 815.899539556
551 815.899539556
552 864.191613537
553 864.191613537
554 864.191613537
555 912.483687519
556 912.483687519
557 912.483687519
558 912.483687519
559 804.037460978
560 804.037460978
561 804.037460978
562 804.037460978
563 809.215268761
564 809.215268761
565 809.215268761
566 809.215268761
567 823.425796006
568 823.425796006
569 823.425796006
570 823.425796006
571 833.797951841
572 833.797951841
573 833.797951841
574 833.797951841
575 833.797951841
576 840.17699115
577 840.17699115
578 840.17699115
579 840.17699115
580 756.637204522
581 756.637204522
582 756.637204522
583 756.637204522
584 756.637204522
585 883.994254525
586 883.994254525
587 883.994254525
588 883.994254525
589 835.279338843
590 835.279338843
591 835.279338843
592 835.279338843
593 591.705551775
594 591.705551775
595 591.705551775
596 591.705551775
597 591.705551775
598 591.705551775
599 591.705551775
600 348.131764706
601 348.131764706
602 348.131764706
603 348.131764706
604 348.131764706
605 348.131764706
606 340.633134413
607 340.633134413
608 340.633134413
609 340.633134413
610 340.633134413
611 295.369602342
612 295.369602342
613 295.369602342
614 295.369602342
615 310.60030785
616 310.60030785
617 310.60030785
618 310.60030785
619 270.457615746
620 270.457615746
621 270.457615746
622 270.457615746
623 270.457615746
624 343.047673423
625 343.047673423
626 343.047673423
627 343.047673423
628 193.026737968
629 193.026737968
630 193.026737968
631 193.026737968
632 193.026737968
633 193.026737968
634 204.691954981
635 204.691954981
636 204.691954981
637 204.691954981
638 204.691954981
639 213.823028508
640 213.823028508
641 213.823028508
642 213.823028508
