0 -277.419354839
1 -242.462365591
2 -204.466236559
3 -158.223225806
4 -126.55
5 -112.792253521
6 -104.328421053
7 -100.0
8 -85.0221780867
9 -80.3756613757
10 -68.4033613445
11 -65.6109175822
12 -59.8668432671
13 -55.9497674419
14 -52.5664677157
15 -50.2319587629
16 -49.1848426461
17 -48.0919631094
18 -44.6941670285
19 -42.4852736318
20 -36.4666666667
21 -34.5235994398
22 -27.4902184236
23 -23.8485663082
24 -21.7587779298
25 -20.3231785011
26 -16.6556723451
27 -13.8592391304
28 -13.1590759076
29 -10.2457775189
30 -7.8659514896
31 -6.37511111111
32 -5.97741777123
33 -5.29577464789
34 -4.15016998543
35 -1.82542126798
36 -1.37688757449
37 -1.10215497722
38 0.0170212765957
39 1.34418387948
40 2.40637295381
41 3.80814479638
42 4.70748803786
43 6.09870349663
44 8.74418604651
45 11.0054719562
46 12.0935383694
47 16.7469135802
48 17.6383551471
49 20.2292587643
50 22.3038321168
51 24.1008695652
52 24.5081403348
53 24.9634831461
54 25.9062801932
55 28.6424625099
56 29.6600295626
57 30.636471035
58 32.0616007763
59 33.0674076496
60 34.2636324603
61 35.5494421907
62 37.3682726394
63 37.8564814815
64 38.3134615385
65 38.9099695444
66 39.9573998759
67 41.0867798231
68 41.4729993494
69 41.7286743132
70 42.4486529741
71 43.2549019608
72 44.4444444444
73 46.4540229885
74 47.8967199783
75 48.7728076608
76 49.4845360825
77 49.912371134
78 50.3131313131
79 50.942633886
80 52.0783748047
81 53.4068102727
82 55.319599842
83 56.6434782609
84 58.9628482972
85 60.1034482759
86 60.6896551724
87 63.7973575841
88 65.2482269504
89 65.2482269504
90 65.2482269504
91 66.5106382979
92 68.2764216827
93 70.7655978701
94 73.3549019608
95 78.0141843972
96 78.3382695035
97 81.6771910724
98 83.3333333333
99 94.3571428571
100 100.0
