0 318.37
1 331.7728
2 342.8342
3 359.8876
4 397.8768
5 428.573
6 451.391
7 470.1357
8 502.1608
9 510.3428
10 536.936
11 597.5523
12 612.4516
13 658.3483
14 702.142
15 705.865
16 717.2244
17 802.7772
18 918.7984
19 921.0322
20 945.916
21 964.2629
22 970.0842
23 990.9403
24 1000.1224
25 1007.1425
26 1019.0634
27 1019.39
28 1025.2244
29 1041.4968
30 1079.486
31 1107.1936
32 1133.6328
33 1159.6195
34 1179.731
35 1248.1105
36 1326.572
37 1395.2265
38 1419.061
39 1430.4264
40 1436.936
41 1448.8569
42 1456.0588
43 1502.1619
44 1589.7168
45 1713.3715
46 1849.4498
47 2009.3034
48 2191.2608
49 2273.9479
50 2329.59
51 2368.334
52 2397.388
53 2417.9895
54 2447.1016
55 2475.51
56 2475.51
57 2564.5212
58 2631.8374
59 2653.2545
60 2665.92
61 2688.3163
62 2730.0392
63 2800.0608
64 2864.9416
65 2892.095
66 2896.1852
67 2901.3974
68 2949.0608
69 3049.51
70 3185.918
71 3261.8964
72 3303.5916
73 3348.4891
74 3413.4238
75 3456.6325
76 3485.1436
77 3501.9278
78 3508.6292
79 3525.5883
80 3537.346
81 3544.9816
82 3556.8952
83 3562.1949
84 3582.9012
85 3622.96
86 3630.406
87 3728.4076
88 3826.0428
89 3843.1759
90 3856.018
91 3864.2945
92 3873.4308
93 3896.5207
94 3929.7352
95 3958.3165
96 3978.6116
97 3988.2987
98 4017.82
99 4053.2157
100 4086.73
