0 -487.678899158
1 -49.0700094153
2 -14.7308136201
3 -13.3484246023
4 -12.1702032025
5 -11.2786307838
6 -10.4501259754
7 -9.94437728597
8 -9.06724268764
9 -8.8294106563
10 -8.43067762281
11 -7.87099723942
12 -7.51722268686
13 -6.96314361445
14 -6.80816115224
15 -6.54729402207
16 -6.16686648589
17 -5.82983822903
18 -5.66630051454
19 -5.28927402106
20 -5.1057080762
21 -5.06608667603
22 -4.85559606959
23 -4.67774730986
24 -4.44677211804
25 -4.35677608656
26 -4.23635434461
27 -4.17489992895
28 -4.07966800728
29 -3.99116347878
30 -3.82386483881
31 -3.60698421076
32 -3.51691538045
33 -3.3849453259
34 -3.17220363446
35 -3.08342932247
36 -2.97996131307
37 -2.89997894663
38 -2.80962298997
39 -2.62835141433
40 -2.52728691369
41 -2.42791524149
42 -2.35866761233
43 -2.22474785966
44 -2.11670307948
45 -2.04965390557
46 -1.92917737033
47 -1.88498646728
48 -1.72653851426
49 -1.59502971252
50 -1.45950669757
51 -1.30376801352
52 -1.22920806829
53 -1.16315269114
54 -1.04318718064
55 -0.957409934793
56 -0.814947812477
57 -0.690039767255
58 -0.5751196362
59 -0.452801731469
60 -0.347520329323
61 -0.208560628859
62 -0.0528231507301
63 0.0
64 0.0647398996625
65 0.145119361781
66 0.220756684712
67 0.506638367552
68 0.625262442191
69 0.754427165366
70 0.875618709281
71 1.00908642008
72 1.18774157083
73 1.25900861371
74 1.37602955079
75 1.51891981857
76 1.67327877602
77 1.84717516813
78 2.01342112786
79 2.14713204149
80 2.33551660396
81 2.63095772612
82 2.72881483357
83 2.87204409082
84 2.97187258123
85 3.39634197339
86 3.51151415316
87 3.78998379013
88 4.07519214459
89 4.46563556833
90 4.80736824723
91 5.08722791089
92 5.44952952644
93 5.90116860289
94 6.88571270214
95 10.1772432123
96 13.9086579462
97 25.8666650061
98 78.2871872037
99 157.269020306
100 301.001442757
