0 -942.5
1 -797.5
2 -769.95
3 -664.325
4 -630.0
5 -600.875
6 -520.416666667
7 -484.973837209
8 -439.8
9 -433.707865169
10 -427.789391168
11 -401.02247191
12 -389.110077519
13 -366.762596899
14 -357.725633656
15 -344.623114823
16 -335.616853933
17 -324.154383012
18 -302.775193798
19 -293.258426966
20 -290.0
21 -290.0
22 -287.539325843
23 -278.943820225
24 -269.520930233
25 -266.875
26 -259.617977528
27 -252.112096774
28 -235.917117117
29 -227.427227593
30 -219.327327625
31 -218.046511628
32 -217.5
33 -207.865168539
34 -205.617977528
35 -202.452094765
36 -196.57057617
37 -195.0
38 -191.344656389
39 -176.174157303
40 -174.157303371
41 -172.5
42 -166.72659176
43 -157.884472219
44 -154.211235955
45 -152.808988764
46 -149.837004405
47 -145.0
48 -145.0
49 -145.0
50 -145.0
51 -143.785645494
52 -140.449438202
53 -134.831460674
54 -130.667643706
55 -123.208700441
56 -122.5
57 -122.5
58 -120.964989415
59 -113.784112111
60 -107.830746249
61 -100.921348315
62 -89.8876404494
63 -74.6648386227
64 -72.5
65 -72.5
66 -72.5
67 -72.5
68 -72.5
69 -72.5
70 -72.5
71 -72.5
72 -72.5
73 -72.5
74 -68.8976569985
75 -63.2665206627
76 -46.7865168539
77 -41.380952381
78 -23.4709223361
79 -10.1123595506
80 0.0
81 0.0
82 0.0
83 0.0
84 0.0
85 0.0
86 0.0
87 0.0
88 0.0
89 0.0
90 0.0
91 0.0
92 0.0
93 0.0
94 0.0
95 0.0
96 0.0
97 0.0
98 0.0
99 0.0
100 21.568627451
