0 1097.05265453
1 1097.05265453
2 1097.05265453
3 1097.05265453
4 1097.05265453
5 1097.05265453
6 1097.05265453
7 1097.05265453
8 1097.05265453
9 1097.05265453
10 1097.05265453
11 1509.66971147
12 1509.66971147
13 1509.66971147
14 1509.66971147
15 1509.66971147
16 1509.66971147
17 1509.66971147
18 1710.55584416
19 1710.55584416
20 1710.55584416
21 1710.55584416
22 1710.55584416
23 1710.55584416
24 2678.90693069
25 2678.90693069
26 2678.90693069
27 2678.90693069
28 2040.8973913
29 2040.8973913
30 2185.64314866
31 2330.38890601
32 2330.38890601
33 2330.38890601
34 2330.38890601
35 2330.38890601
36 2330.38890601
37 1418.18531889
38 1418.18531889
39 1418.18531889
40 1418.18531889
41 1418.18531889
42 1418.18531889
43 1418.18531889
44 1418.18531889
45 1602.26133333
46 1602.26133333
47 1602.26133333
48 1602.26133333
49 1602.26133333
50 1602.26133333
51 1602.26133333
52 1293.81135802
53 1293.81135802
54 1293.81135802
55 1293.81135802
56 1293.81135802
57 1293.81135802
58 1293.81135802
59 1293.81135802
60 1114.18780048
61 934.564242943
62 934.564242943
63 934.564242943
64 934.564242943
65 934.564242943
66 934.564242943
67 934.564242943
68 934.564242943
69 934.564242943
70 934.564242943
71 934.564242943
72 1008.7875969
73 1008.7875969
74 1008.7875969
75 1008.7875969
76 1008.7875969
77 1008.7875969
78 1008.7875969
79 1008.7875969
80 1008.7875969
81 1008.7875969
82 1008.7875969
83 900.802831858
84 900.802831858
85 900.802831858
86 900.802831858
87 900.802831858
88 900.802831858
89 900.802831858
90 900.802831858
91 900.802831858
92 900.802831858
93 900.802831858
94 1508.59555556
95 1508.59555556
96 1508.59555556
97 1508.59555556
98 1508.59555556
99 1508.59555556
100 1508.59555556
101 1296.12704715
102 1296.12704715
103 1296.12704715
104 1296.12704715
105 1296.12704715
106 1296.12704715
107 1296.12704715
108 1296.12704715
109 1239.91578947
110 1239.91578947
111 1239.91578947
112 1239.91578947
113 1239.91578947
114 1239.91578947
115 1239.91578947
116 1239.91578947
117 1239.91578947
118 810.659410431
119 810.659410431
120 810.659410431
121 810.659410431
122 810.659410431
123 810.659410431
124 810.659410431
125 810.659410431
126 810.659410431
127 810.659410431
128 810.659410431
129 810.659410431
130 810.659410431
131 810.659410431
132 860.033802817
133 860.033802817
134 860.033802817
135 860.033802817
136 860.033802817
137 860.033802817
138 860.033802817
139 860.033802817
140 860.033802817
141 860.033802817
142 860.033802817
143 860.033802817
144 1367.84242424
145 1367.84242424
146 1367.84242424
147 1367.84242424
148 1367.84242424
149 1367.84242424
150 1367.84242424
151 1367.84242424
152 2648.15407407
153 2648.15407407
154 2648.15407407
155 2648.15407407
156 1932.88791209
157 1932.88791209
158 1932.88791209
159 1932.88791209
160 1932.88791209
161 1932.88791209
162 1840.53861386
163 1840.53861386
164 1840.53861386
165 1840.53861386
166 1840.53861386
167 1840.53861386
168 1840.53861386
169 1840.53861386
170 2498.29716194
171 2498.29716194
172 2498.29716194
173 2498.29716194
174 2498.29716194
175 2498.29716194
176 2693.2284153
177 2693.2284153
178 2693.2284153
179 2693.2284153
180 2693.2284153
181 2416.54447081
182 2139.86052632
183 2139.86052632
184 2139.86052632
185 2139.86052632
186 2139.86052632
187 2139.86052632
188 2139.86052632
189 2139.86052632
190 2139.86052632
191 2139.86052632
192 2139.86052632
193 2139.86052632
194 2593.47599244
195 2593.47599244
196 2593.47599244
197 2593.47599244
198 2593.47599244
199 2137.6
200 2137.6
201 2137.6
202 2137.6
203 2137.6
204 2137.6
205 579.04
206 838.046327265
207 1097.05265453
208 1097.05265453
209 1097.05265453
210 1097.05265453
211 1097.05265453
212 1097.05265453
213 1097.05265453
214 1097.05265453
215 1097.05265453
216 1509.66971147
217 1509.66971147
218 1509.66971147
219 1509.66971147
220 1509.66971147
221 1509.66971147
222 1509.66971147
223 1710.55584416
224 1710.55584416
225 1710.55584416
226 1710.55584416
227 1710.55584416
228 1710.55584416
229 2678.90693069
230 2678.90693069
231 2678.90693069
232 2678.90693069
233 2040.8973913
234 2040.8973913
235 2185.64314866
236 2330.38890601
237 2330.38890601
238 2330.38890601
239 2330.38890601
240 2330.38890601
241 2330.38890601
242 1418.18531889
243 1418.18531889
244 1418.18531889
245 1418.18531889
246 1418.18531889
247 1418.18531889
248 1418.18531889
249 1418.18531889
250 1418.18531889
251 1602.26133333
252 1602.26133333
253 1602.26133333
254 1602.26133333
255 1602.26133333
256 1602.26133333
257 1293.81135802
258 1293.81135802
259 1293.81135802
260 1293.81135802
261 1293.81135802
262 1293.81135802
263 1293.81135802
264 1293.81135802
265 1293.81135802
266 934.564242943
267 934.564242943
268 934.564242943
269 934.564242943
270 934.564242943
271 934.564242943
272 934.564242943
273 934.564242943
274 934.564242943
275 934.564242943
276 934.564242943
277 1008.7875969
278 1008.7875969
279 1008.7875969
280 1008.7875969
281 1008.7875969
282 1008.7875969
283 1008.7875969
284 1008.7875969
285 1008.7875969
286 1008.7875969
287 1008.7875969
288 900.802831858
289 900.802831858
290 900.802831858
291 900.802831858
292 900.802831858
293 900.802831858
294 900.802831858
295 900.802831858
296 900.802831858
297 900.802831858
298 900.802831858
299 1508.59555556
300 1508.59555556
301 1508.59555556
302 1508.59555556
303 1508.59555556
304 1508.59555556
305 1508.59555556
306 1296.12704715
307 1296.12704715
308 1296.12704715
309 1296.12704715
310 1296.12704715
311 1296.12704715
312 1296.12704715
313 1296.12704715
314 1268.02141831
315 1239.91578947
316 1239.91578947
317 1239.91578947
318 1239.91578947
319 1239.91578947
320 1239.91578947
321 1239.91578947
322 1239.91578947
323 1239.91578947
324 810.659410431
325 810.659410431
326 810.659410431
327 810.659410431
328 810.659410431
329 810.659410431
330 810.659410431
331 810.659410431
332 810.659410431
333 810.659410431
334 810.659410431
335 810.659410431
336 810.659410431
337 860.033802817
338 860.033802817
339 860.033802817
340 860.033802817
341 860.033802817
342 860.033802817
343 860.033802817
344 860.033802817
345 860.033802817
346 860.033802817
347 860.033802817
348 860.033802817
349 1367.84242424
350 1367.84242424
351 1367.84242424
352 1367.84242424
353 1367.84242424
354 1367.84242424
355 1367.84242424
356 1367.84242424
357 2648.15407407
358 2648.15407407
359 2648.15407407
360 2648.15407407
361 1932.88791209
362 1932.88791209
363 1932.88791209
364 1932.88791209
365 1932.88791209
366 1932.88791209
367 1840.53861386
368 1840.53861386
369 1840.53861386
370 1840.53861386
371 1840.53861386
372 1840.53861386
373 1840.53861386
374 1840.53861386
375 2498.29716194
376 2498.29716194
377 2498.29716194
378 2498.29716194
379 2498.29716194
380 2498.29716194
381 2693.2284153
382 2693.2284153
383 2693.2284153
384 2693.2284153
385 2693.2284153
386 2416.54447081
387 2139.86052632
388 2139.86052632
389 2139.86052632
390 2139.86052632
391 2139.86052632
392 2139.86052632
393 2139.86052632
394 2139.86052632
395 2139.86052632
396 2139.86052632
397 2139.86052632
398 2139.86052632
399 2593.47599244
400 2593.47599244
401 2593.47599244
402 2593.47599244
403 2593.47599244
404 2137.6
405 2137.6
406 2137.6
407 2137.6
408 2137.6
409 2137.6
410 1358.32
