0 13808.4370383
821 13808.4370383
1221 12127.6569667
1882 12127.6569667
2158 23020.8980822
3048 23020.8980822
3189 6640.28632384
4395 6640.28632384
4775 17966.7393083
5492 17966.7393083
5968 26573.4921114
6568 26573.4921114
6768 12319.8156486
7852 12319.8156486
8114 11079.8254755
8663 11079.8254755
9022 15778.6895978
9711 15778.6895978
10095 11637.1086784
11284 11637.1086784
11598 18438.781371
12987 18438.781371
13406 16644.3301386
14805 16644.3301386
14993 19209.0687346
15665 19209.0687346
16027 19916.5450454
17257 19916.5450454
17420 9408.48413978
18186 9408.48413978
18611 22582.7958786
19144 22582.7958786
19432 6886.95627978
20406 6886.95627978
20525 13858.9084116
22003 13858.9084116
22351 17394.3288898
22926 17394.3288898
23027 14633.0206918
24106 14633.0206918
24404 9369.83998049
25757 9369.83998049
25866 14888.4805918
27094 14888.4805918
27449 14317.2999875
28245 14317.2999875
28729 14860.11578
29254 14860.11578
29737 14051.3826068
31105 14051.3826068
31331 17387.5805212
32404 17387.5805212
32547 14749.0316378
33186 14749.0316378
33498 11848.9834754
34430 11848.9834754
34858 14750.4713619
35612 14750.4713619
35881 19452.5502425
36700 19452.5502425
37036 16054.0127704
38505 16054.0127704
38872 18888.2294792
39878 18888.2294792
40037 21184.0814633
41222 21184.0814633
41455 17984.4903169
42660 17984.4903169
42881 22276.778468
43537 22276.778468
43743 10887.3995195
44552 10887.3995195
44760 11561.8252358
45932 11561.8252358
46059 6728.40957602
46791 6728.40957602
46901 23341.6998341
48184 23341.6998341
48518 16264.7994792
49943 16264.7994792
50323 13364.8104082
51810 13364.8104082
51930 14317.9748541
53066 14317.9748541
53337 14222.8583755
54032 14222.8583755
54232 15744.6226951
55297 15744.6226951
55531 9401.61713175
56263 9401.61713175
56710 17330.9954798
57266 17330.9954798
57439 9978.35220533
58532 9978.35220533
58952 18594.5975209
60189 18594.5975209
60474 11955.0152422
61128 11955.0152422
61550 13446.0867483
62860 13446.0867483
62963 15233.6715387
63860 15233.6715387
64111 16194.1074573
65086 16194.1074573
65368 23186.236083
66504 23186.236083
66668 8558.07160062
67749 8558.07160062
68149 16952.6783738
69286 16952.6783738
69448 13970.0527112
69966 13970.0527112
70130 10508.6672885
71620 10508.6672885
72002 10732.4559053
73125 10732.4559053
73448 13926.0987037
74384 13926.0987037
74547 13534.3501853
75865 13534.3501853
76275 14944.637194
76814 14944.637194
77154 20754.5188086
78142 20754.5188086
78418 11509.8588337
79148 11509.8588337
79538 16170.5083485
80609 16170.5083485
80951 6342.31624778
81518 6342.31624778
81642 10883.2064894
82389 10883.2064894
82493 18503.5560985
83687 18503.5560985
84169 11755.8893846
85065 11755.8893846
85171 9138.28053622
85727 9138.28053622
86104 6471.13892335
87143 6471.13892335
87269 14624.2807088
88025 14624.2807088
88287 9182.72178076
89477 9182.72178076
89744 18464.6518177
91200 18464.6518177
91500 9616.9739073
92001 9616.9739073
92418 10754.5566351
93475 10754.5566351
93609 17399.8476978
95013 17399.8476978
95411 10182.4070628
96853 10182.4070628
97224 10607.2377907
98520 10607.2377907
98711 22752.5193867
99296 22752.5193867
99791 11689.6082179
101072 11689.6082179
101512 15619.35824
102746 15619.35824
103110 9276.84056185
104140 9276.84056185
104269 22223.6577724
105726 22223.6577724
106066 19778.9445576
107129 19778.9445576
107525 11211.1938926
108787 11211.1938926
109044 12714.0627472
109574 12714.0627472
109683 16963.4560249
110740 16963.4560249
110888 17991.3530469
112363 17991.3530469
112851 15182.9201998
114065 15182.9201998
114393 14782.9332386
114929 14782.9332386
115304 15815.9542583
115997 15815.9542583
116458 19447.853516
117365 19447.853516
117572 21590.672871
118869 21590.672871
119331 15900.3609744
120122 15900.3609744
120242 16836.429385
120920 16836.429385
121222 15700.416475
122179 15700.416475
122556 12715.8957604
124050 12715.8957604
124184 13261.2339121
125589 13261.2339121
125946 15780.101125
126875 15780.101125
127179 13524.8205217
128522 13524.8205217
128767 18118.9781568
130112 18118.9781568
130472 17660.1424953
131368 17660.1424953
131719 15501.8908868
132363 15501.8908868
132468 7531.78680675
133855 7531.78680675
134137 13533.1324329
134749 13533.1324329
135202 15033.4894401
135850 15033.4894401
136076 12670.2152108
136595 12670.2152108
136764 19930.4216209
137548 19930.4216209
137997 11302.28654
138939 11302.28654
139386 15874.6826315
140157 15874.6826315
140655 9298.44389843
141916 9298.44389843
142164 18702.158484
143378 18702.158484
143730 13939.626135
145142 13939.626135
145624 12095.7891408
146446 12095.7891408
146881 13094.7382366
147770 13094.7382366
148009 13596.4521205
149140 13596.4521205
149470 12113.0350788
150057 12113.0350788
150484 22614.2105292
151497 22614.2105292
151602 17675.4256981
152553 17675.4256981
152859 15328.4294327
154217 15328.4294327
154402 13980.3663764
155615 13980.3663764
155786 12886.2712456
156887 12886.2712456
157281 18945.4753067
158709 18945.4753067
159131 22971.7670564
160601 22971.7670564
161024 7298.10964059
162037 7298.10964059
162436 10265.5688174
163894 10265.5688174
164000 12073.7625458
164597 12073.7625458
164847 12631.9608744
165442 12631.9608744
165915 17321.2670526
166743 17321.2670526
167173 20140.7772714
168159 20140.7772714
168354 20029.2915127
169451 20029.2915127
169880 4931.01608487
170608 4931.01608487
170774 11843.4482096
171661 11843.4482096
172049 20179.3446625
172924 20179.3446625
173286 17635.5762724
174038 17635.5762724
174431 15452.7281931
175736 15452.7281931
175844 8742.18648039
176455 8742.18648039
176868 18608.4726329
177992 18608.4726329
178164 12458.7279071
179275 12458.7279071
179447 7050.41894331
180200 7050.41894331
180677 16979.671572
181784 16979.671572
182082 14667.6543211
182953 14667.6543211
183161 16335.4733713
184005 16335.4733713
184398 9170.75699864
185493 9170.75699864
185782 9244.20888595
186994 9244.20888595
187396 13585.1261513
188033 13585.1261513
188428 15450.570793
189172 15450.570793
189606 17072.2840694
190251 17072.2840694
190614 15220.793846
191270 15220.793846
191405 14835.6903137
192698 14835.6903137
193038 8705.63984689
194475 8705.63984689
194778 12388.4714852
195423 12388.4714852
195888 10559.4250156
196893 10559.4250156
197096 10721.3930651
198139 10721.3930651
198307 10058.835352
199758 10058.835352
200140 12319.7709302
200738 12319.7709302
200904 12726.3469499
201890 12726.3469499
202045 7706.93907356
203431 7706.93907356
203660 18889.3669938
204329 18889.3669938
204674 16386.1209014
205440 16386.1209014
205803 17164.0777684
206546 17164.0777684
206878 17989.128837
207503 17989.128837
207678 20222.7815414
208919 20222.7815414
209057 20002.6314129
209877 20002.6314129
210204 8400.34200124
211252 8400.34200124
211696 12319.721405
213115 12319.721405
213539 7520.09336773
214643 7520.09336773
214907 15325.3656484
216311 15325.3656484
216788 10112.9200328
217369 10112.9200328
217705 7142.63303777
218995 7142.63303777
219427 17263.0336187
220695 17263.0336187
221132 21320.8147386
222065 21320.8147386
222388 21811.9575482
223190 21811.9575482
223670 15498.7851477
224490 15498.7851477
224621 7770.36182218
225259 7770.36182218
225502 12206.2538354
226550 12206.2538354
226742 16113.7074323
227953 16113.7074323
228094 16261.3053833
229358 16261.3053833
229727 16190.8739417
231029 16190.8739417
231267 20609.9155285
232633 20609.9155285
232826 12954.0560199
234272 12954.0560199
234460 26419.5855424
235183 26419.5855424
235337 17281.2058444
236786 17281.2058444
237085 15220.0246828
237663 15220.0246828
237929 7913.16469109
238844 7913.16469109
239064 20950.5406966
239978 20950.5406966
240407 20923.0292454
241406 20923.0292454
241706 5968.85991803
242452 5968.85991803
242914 9273.76781372
244125 9273.76781372
244526 11678.9692139
245049 11678.9692139
245174 24244.8153181
246657 24244.8153181
247046 13551.5662314
247670 13551.5662314
247787 20430.8928555
248353 20430.8928555
248656 15412.366544
249417 15412.366544
249753 18517.8488247
250857 18517.8488247
251295 19123.418811
252308 19123.418811
252718 14358.7619133
253449 14358.7619133
253796 10825.9372554
254952 10825.9372554
255176 12647.6737307
255677 12647.6737307
255880 16565.5536659
256451 16565.5536659
256685 17406.995049
257661 17406.995049
257783 16179.8951587
258332 16179.8951587
258455 15985.2624094
258971 15985.2624094
259254 12811.6657028
259787 12811.6657028
260261 14902.2122361
261253 14902.2122361
261540 9005.26447915
262326 9005.26447915
262444 13427.7870287
263422 13427.7870287
263768 19857.753511
264496 19857.753511
264886 22489.6107321
265578 22489.6107321
266010 17978.204454
267395 17978.204454
267745 15511.6742469
268616 15511.6742469
268743 2665.59967844
269467 2665.59967844
269853 16790.1890629
270433 16790.1890629
270815 13398.4559844
271999 13398.4559844
272242 19023.0211174
273432 19023.0211174
273651 7738.71354962
275145 7738.71354962
275634 13754.8922804
276452 13754.8922804
276684 13814.2930974
277545 13814.2930974
277946 8275.4699104
278617 8275.4699104
278914 4243.71252952
279500 4243.71252952
279611 24704.9266181
281057 24704.9266181
281288 13311.5268771
282303 13311.5268771
282572 13885.1737854
283728 13885.1737854
284162 9301.17591588
285383 9301.17591588
