0 6704.31679414
1284 6704.31679414
1476 9100.59038716
2832 9100.59038716
3224 1326.11996641
4705 1326.11996641
5144 858.300580357
6280 858.300580357
6579 5196.93375508
7970 5196.93375508
8204 9729.35782795
8824 9729.35782795
9084 394.920395386
9944 394.920395386
10047 2555.43812828
11324 2555.43812828
11579 1220.4254709
12494 1220.4254709
12760 1420.62620784
13415 1420.62620784
13657 8305.71698022
14382 8305.71698022
14530 3463.65975675
15504 3463.65975675
15923 18199.482088
16591 18199.482088
16774 5380.35867767
17835 5380.35867767
18166 6538.22739424
19511 6538.22739424
19772 2109.51256114
20780 2109.51256114
21049 2345.34688499
22259 2345.34688499
22514 1410.33075299
23923 1410.33075299
24408 2073.41009423
25348 2073.41009423
25821 1210.92902097
26343 1210.92902097
26738 7947.89252892
28195 7947.89252892
28565 13430.6014897
29171 13430.6014897
29514 10129.1026725
30946 10129.1026725
31201 3893.54129148
32355 3893.54129148
32833 378.164082095
33385 378.164082095
33787 740.913608396
34875 740.913608396
35117 517.97571851
36187 517.97571851
36380 4426.7185599
37549 4426.7185599
37985 2794.13212612
38687 2794.13212612
38948 1893.00617575
39907 1893.00617575
40345 3503.16953254
41836 3503.16953254
42107 429.805164987
43423 429.805164987
43644 14818.8648315
44460 14818.8648315
44631 411.046895063
46105 411.046895063
46305 3258.23508283
47012 3258.23508283
47499 6983.37735708
48300 6983.37735708
48728 5328.20737576
49824 5328.20737576
50160 2945.03451749
50702 2945.03451749
50878 2961.65725047
52151 2961.65725047
52628 2663.27736344
53332 2663.27736344
53510 2101.02389096
54983 2101.02389096
55088 16465.7776899
56291 16465.7776899
56784 6176.61247342
58037 6176.61247342
58200 4479.6207214
59247 4479.6207214
59739 1485.4142649
60735 1485.4142649
61175 12255.2275625
62063 12255.2275625
62387 4897.36190495
63731 4897.36190495
63941 7792.13567283
64581 7792.13567283
64975 12308.3424114
65997 12308.3424114
66445 2464.12420357
67718 2464.12420357
67871 981.48031421
68889 981.48031421
69004 6252.29779279
69973 6252.29779279
70467 3032.68704887
71929 3032.68704887
72391 12800.9332292
73248 12800.9332292
73503 7149.43642006
74657 7149.43642006
74887 1104.88226921
75860 1104.88226921
76111 15577.1887537
77062 15577.1887537
77511 4370.96186148
78812 4370.96186148
78922 8948.9908496
79552 8948.9908496
79821 4311.81203443
81073 4311.81203443
81454 11223.5625535
82764 11223.5625535
83104 10107.4724626
84146 10107.4724626
84604 12699.4668876
85699 12699.4668876
86186 8397.85852199
87388 8397.85852199
87847 4934.15626322
88527 4934.15626322
89011 8604.57619409
89768 8604.57619409
90146 4469.62426099
91251 4469.62426099
91621 1533.36249453
93086 1533.36249453
93508 633.755326804
94676 633.755326804
95008 7614.14461293
95854 7614.14461293
96034 13563.8584402
97260 13563.8584402
97721 3332.87053412
98859 3332.87053412
99234 6492.599159
100622 6492.599159
100863 3280.37966188
101914 3280.37966188
102211 4331.44928264
103227 4331.44928264
103708 4051.37405382
104344 4051.37405382
104674 1550.10241315
106125 1550.10241315
106321 6085.89592754
107047 6085.89592754
107377 4155.86333662
108854 4155.86333662
109063 18349.3869538
110451 18349.3869538
110704 1490.53446951
111664 1490.53446951
111799 6301.77952062
112366 6301.77952062
112778 2209.54020649
114258 2209.54020649
114661 2699.60212621
116112 2699.60212621
116311 9745.76957771
117236 9745.76957771
117728 292.47810455
118430 292.47810455
118803 1905.85652796
119872 1905.85652796
120187 3157.43891006
121255 3157.43891006
121683 4262.3992473
122451 4262.3992473
122617 3078.04014596
123652 3078.04014596
123882 6316.44479389
125022 6316.44479389
125456 607.51642042
126205 607.51642042
126383 12990.281246
127878 12990.281246
128301 7816.59485227
129600 7816.59485227
129865 12008.1269418
130617 12008.1269418
130819 511.487780505
131750 511.487780505
132220 1977.24943782
133309 1977.24943782
133490 7633.94365609
134965 7633.94365609
135226 1347.02283251
136621 1347.02283251
137052 6104.152216
137626 6104.152216
137959 7008.04244568
139239 7008.04244568
139402 1959.63438678
140653 1959.63438678
141003 9831.56619755
141634 9831.56619755
142042 7389.3276575
143024 7389.3276575
143490 1475.23239313
144177 1475.23239313
144286 9617.9749727
144790 9617.9749727
145059 6464.00680911
145940 6464.00680911
146113 2655.91735356
147506 2655.91735356
147658 1535.96458284
148404 1535.96458284
148663 4887.38630941
150043 4887.38630941
150216 3046.77090591
151186 3046.77090591
151368 10739.4230832
151925 10739.4230832
152293 9019.59544339
153788 9019.59544339
153974 361.118285007
155271 361.118285007
155723 3359.66468451
156706 3359.66468451
156872 4726.19910337
157580 4726.19910337
157837 7596.69625777
158946 7596.69625777
159337 1927.71842629
160778 1927.71842629
161245 2062.64022895
162651 2062.64022895
163088 6542.9436506
163703 6542.9436506
163923 3178.41749346
164846 3178.41749346
165094 5981.1242245
166090 5981.1242245
166271 3963.37652873
166991 3963.37652873
167299 1167.95165052
168015 1167.95165052
168121 13999.8822093
169430 13999.8822093
169537 4154.76760722
170512 4154.76760722
170696 3874.03686822
172110 3874.03686822
172328 7401.91061809
173186 7401.91061809
173630 410.392602399
174475 410.392602399
174637 1655.83229764
175951 1655.83229764
176439 10587.6584472
177288 10587.6584472
177664 6126.59332674
178994 6126.59332674
179308 3004.1222854
180467 3004.1222854
180601 5733.98315341
181710 5733.98315341
181901 7507.55556222
183269 7507.55556222
183470 7559.36443027
184414 7559.36443027
184529 7645.70186512
185123 7645.70186512
185393 6619.40590372
186631 6619.40590372
186761 16736.9961609
187946 16736.9961609
188274 6504.48351476
189490 6504.48351476
189896 11191.6906554
190537 11191.6906554
191020 4787.70282773
191934 4787.70282773
192338 1732.49822644
193002 1732.49822644
193308 2855.33267464
194651 2855.33267464
194925 60.0889649652
196185 60.0889649652
196488 6296.43790119
197246 6296.43790119
197571 377.089956103
198233 377.089956103
198546 4510.50584726
199542 4510.50584726
199675 7871.42683652
200354 7871.42683652
200510 10194.6441712
201862 10194.6441712
201998 3394.4317297
203013 3394.4317297
203239 5886.87059777
204559 5886.87059777
204673 782.640696253
205184 782.640696253
205372 4503.30928004
206033 4503.30928004
206293 4408.43584156
207320 4408.43584156
207617 6341.94928492
208133 6341.94928492
208286 5585.42974208
209363 5585.42974208
209849 2211.14896399
210360 2211.14896399
210645 11783.2983061
211158 11783.2983061
211337 111.208974719
212395 111.208974719
212779 13658.8660902
213932 13658.8660902
214218 4994.94245763
215438 4994.94245763
215616 16110.2914152
216547 16110.2914152
216972 2818.40958748
217679 2818.40958748
217839 986.332575363
218644 986.332575363
219037 2105.70611494
220398 2105.70611494
