0 11655.0612045
587 11655.0612045
882 4658.76015938
1554 4658.76015938
1928 16017.7814006
3290 16017.7814006
3450 4745.51731461
4228 4745.51731461
4536 2260.8438506
5138 2260.8438506
5422 2328.77183519
6116 2328.77183519
6454 3998.52108756
7818 3998.52108756
8047 9858.80845296
9201 9858.80845296
9318 10940.4043552
9936 10940.4043552
10324 17324.8222371
11417 17324.8222371
11665 1950.08653013
12973 1950.08653013
13184 2922.0004738
13992 2922.0004738
14328 5063.51090026
15193 5063.51090026
15330 6220.99374681
15948 6220.99374681
16355 328.517472364
17812 328.517472364
18291 8641.16294393
18997 8641.16294393
19371 8453.35496928
20263 8453.35496928
20699 3968.28126269
21251 3968.28126269
21683 11409.1703138
22823 11409.1703138
23049 2301.91993247
23789 2301.91993247
24241 6632.16494152
24743 6632.16494152
25138 2441.82720281
26505 2441.82720281
26951 8166.65932037
27849 8166.65932037
27962 202.268877574
29269 202.268877574
29457 5550.30600717
30948 5550.30600717
31089 16265.1668907
32007 16265.1668907
32231 10665.1529721
33691 10665.1529721
33976 4372.57359306
35274 4372.57359306
35540 11243.9807124
36873 11243.9807124
37191 11083.9045669
38622 11083.9045669
38879 4644.55581236
39431 4644.55581236
39651 2474.92728769
40574 2474.92728769
40731 1197.15908485
41454 1197.15908485
41941 102.644172513
42666 102.644172513
42961 508.321572276
44381 508.321572276
44718 7364.02772413
46161 7364.02772413
46528 4300.75745178
47533 4300.75745178
47802 7004.23280451
48413 7004.23280451
48877 13966.2239323
49882 13966.2239323
50005 555.400916698
51465 555.400916698
51863 1478.0861188
53133 1478.0861188
53359 1799.99010617
54452 1799.99010617
54756 2891.95185298
56183 2891.95185298
56615 5241.73600953
57864 5241.73600953
58231 12663.2717959
59013 12663.2717959
59174 11790.5017954
60060 11790.5017954
60238 1421.25981831
61151 1421.25981831
61510 4588.07011762
62044 4588.07011762
62381 1858.868687
63875 1858.868687
64359 8253.94757314
65305 8253.94757314
65447 285.448103708
66059 285.448103708
66280 5512.5068313
67714 5512.5068313
67842 13924.8235457
68702 13924.8235457
68927 2131.64512299
70034 2131.64512299
70248 8924.55216637
71177 8924.55216637
71381 7212.10864239
71911 7212.10864239
72151 11325.1547758
72855 11325.1547758
73062 234.025720115
73757 234.025720115
73993 17491.7306516
75163 17491.7306516
75570 7134.67536473
76137 7134.67536473
76257 2792.56309338
77719 2792.56309338
77913 5323.3548622
78416 5323.3548622
78847 523.667996686
79559 523.667996686
80028 10509.5541498
80944 10509.5541498
81377 5366.22071174
82738 5366.22071174
83158 2705.19128393
84486 2705.19128393
84869 5024.42822454
86200 5024.42822454
86580 8216.28066074
88010 8216.28066074
88468 752.598821573
89661 752.598821573
90113 14454.1866385
90954 14454.1866385
91250 1547.85935252
92027 1547.85935252
92348 4849.11272813
93566 4849.11272813
93988 2760.49064757
94500 2760.49064757
94713 5037.67743578
95311 5037.67743578
95413 15923.4699685
96713 15923.4699685
96853 11439.7742869
97905 11439.7742869
98332 3976.84328464
98892 3976.84328464
99017 7206.99251529
100429 7206.99251529
100695 9337.11389047
101585 9337.11389047
102071 1699.34846169
103524 1699.34846169
103704 10536.7986815
105019 10536.7986815
105495 2472.18452455
106810 2472.18452455
107232 8283.09234849
108400 8283.09234849
108750 4724.13993822
109706 4724.13993822
109966 9350.08669
111307 9350.08669
111604 724.282423611
112861 724.282423611
113125 809.036511914
114090 809.036511914
114203 5851.78870245
114893 5851.78870245
115364 1141.51626786
116454 1141.51626786
116565 6810.46875281
117818 6810.46875281
118226 10681.819349
119692 10681.819349
120097 9501.82664783
121529 9501.82664783
121850 6420.38198418
122988 6420.38198418
123442 5058.09907145
124344 5058.09907145
124709 3593.87001834
126033 3593.87001834
126468 2930.80452799
127901 2930.80452799
128093 12458.8282387
128867 12458.8282387
129201 2140.55560674
130434 2140.55560674
130685 3457.39451281
131772 3457.39451281
131938 6271.08606467
133327 6271.08606467
133555 148.899428886
134513 148.899428886
134628 16960.699495
135956 16960.699495
136161 254.734120847
137288 254.734120847
137575 4997.00230937
138266 4997.00230937
138558 14568.6340098
139086 14568.6340098
139553 2319.35137016
140570 2319.35137016
140895 17176.3516296
142238 17176.3516296
142398 5925.32240823
143831 5925.32240823
144238 6957.63234196
145479 6957.63234196
145878 6845.07618111
146558 6845.07618111
146679 6308.13674475
147894 6308.13674475
148382 1677.50775929
149572 1677.50775929
149782 1704.240667
150499 1704.240667
150708 4714.42412101
151604 4714.42412101
151863 13384.4258118
152504 13384.4258118
152963 6575.74208082
153535 6575.74208082
153682 7726.46349421
154671 7726.46349421
154932 1142.91534194
155609 1142.91534194
155847 12844.7155972
156586 12844.7155972
156936 3102.0499944
157824 3102.0499944
158249 104.463357611
159048 104.463357611
159488 2259.80582157
160965 2259.80582157
161128 2192.22137689
162503 2192.22137689
162801 5372.37484557
163394 5372.37484557
163864 1560.20764052
164447 1560.20764052
164748 8946.12398984
165666 8946.12398984
166081 3627.38431075
166754 3627.38431075
167124 6069.66373657
167871 6069.66373657
168168 14197.6394274
169009 14197.6394274
169471 1557.90704876
170270 1557.90704876
170425 3083.02638194
171321 3083.02638194
171707 3261.77226076
172640 3261.77226076
172779 1424.66642334
173939 1424.66642334
174140 9154.89483693
175487 9154.89483693
175741 1494.61918333
176914 1494.61918333
177149 10007.1401385
178203 10007.1401385
178662 2290.72484257
180028 2290.72484257
180234 2209.56444191
181586 2209.56444191
182076 2309.07391087
182887 2309.07391087
183163 41.5037179566
184272 41.5037179566
184651 2704.70402899
185151 2704.70402899
185454 3836.29585367
186062 3836.29585367
186391 8714.27423648
187237 8714.27423648
187510 401.926782408
188665 401.926782408
188792 7785.29478107
189700 7785.29478107
189981 5942.37747955
190964 5942.37747955
191363 6222.71508581
192143 6222.71508581
192548 2632.96181482
193078 2632.96181482
193539 4666.37260164
194669 4666.37260164
194831 11464.2383514
195749 11464.2383514
195917 7321.49141282
197024 7321.49141282
197356 8446.6080942
197971 8446.6080942
198316 789.920702052
199305 789.920702052
199592 4516.97615041
200665 4516.97615041
201013 2980.39974998
202226 2980.39974998
202557 2017.31639546
203766 2017.31639546
204247 7721.37949423
205553 7721.37949423
205656 1569.99735703
206723 1569.99735703
206972 1418.50711936
208005 1418.50711936
208330 1815.89755999
209504 1815.89755999
209859 2703.79436286
211075 2703.79436286
211519 315.08863622
212296 315.08863622
212411 3329.32327919
213406 3329.32327919
213722 7780.58331994
214681 7780.58331994
214863 17133.1628902
215676 17133.1628902
215836 3183.8331988
217127 3183.8331988
217538 5758.85907935
218985 5758.85907935
219107 2821.06847408
220421 2821.06847408
220800 5006.76178657
221409 5006.76178657
221666 632.271268695
223132 632.271268695
223533 1219.19937879
224654 1219.19937879
225099 12439.5528015
225913 12439.5528015
226401 1215.76852282
227336 1215.76852282
227819 4318.48925971
228913 4318.48925971
229153 1730.73977946
229788 1730.73977946
230027 1471.33088242
231096 1471.33088242
