0 4323.10415368
1180 4323.10415368
1584 2266.5220668
2377 2266.5220668
2705 1783.97508401
4150 1783.97508401
4559 5609.60069469
5720 5609.60069469
6019 879.984173713
7469 879.984173713
7763 5453.54425341
8476 5453.54425341
8913 1208.32998225
9852 1208.32998225
10075 3043.01408058
10764 3043.01408058
11121 3211.35233235
11969 3211.35233235
12177 1846.59398897
13240 1846.59398897
13447 130.216451314
14807 130.216451314
15033 2530.80103147
15563 2530.80103147
15882 474.76271773
17263 474.76271773
17383 312.461012597
18337 312.461012597
18822 3481.77545098
20223 3481.77545098
20445 2509.86559751
21847 2509.86559751
22117 3260.17102827
23082 3260.17102827
23522 4275.9807417
24735 4275.9807417
24976 5403.66109052
25736 5403.66109052
25884 661.507305375
26666 661.507305375
27130 2517.76245109
28628 2517.76245109
29110 3360.84177762
30063 3360.84177762
30432 3826.05558089
31906 3826.05558089
32187 3730.45958727
33669 3730.45958727
33939 4570.44448489
34673 4570.44448489
34870 1936.45436117
36248 1936.45436117
36721 2125.53339559
37604 2125.53339559
38030 3428.427573
38905 3428.427573
39163 6415.75083079
40337 6415.75083079
40620 4575.74318926
42083 4575.74318926
42312 311.667319872
43013 311.667319872
43119 2957.55737359
43644 2957.55737359
43799 4615.18299796
44632 4615.18299796
44814 2580.82282726
46291 2580.82282726
46420 4269.17848682
47799 4269.17848682
47994 1263.60221251
49349 1263.60221251
49845 1390.99391199
50790 1390.99391199
51174 3563.08591265
51837 3563.08591265
52330 5559.26266497
53126 5559.26266497
53564 6358.99855793
54887 6358.99855793
55150 4234.55546878
55689 4234.55546878
55904 2038.91623568
57219 2038.91623568
57628 3242.35195369
58141 3242.35195369
58490 2643.15614506
59054 2643.15614506
59333 3934.62795872
60729 3934.62795872
61086 2355.80151642
61660 2355.80151642
61868 1550.29962115
63208 1550.29962115
63634 3571.329832
64748 3571.329832
64918 1139.88787908
66062 1139.88787908
66291 4956.3638732
67029 4956.3638732
67304 2590.83846597
68800 2590.83846597
69005 5440.02791694
69607 5440.02791694
69723 781.912048788
70366 781.912048788
70706 6275.05623914
72006 6275.05623914
72459 4322.78833725
73765 4322.78833725
74242 3945.94157671
75564 3945.94157671
75925 5471.09939494
76530 5471.09939494
76690 355.018441302
77828 355.018441302
78275 3428.17870273
78830 3428.17870273
79208 4963.48359203
80619 4963.48359203
80985 4642.51567369
82310 4642.51567369
82658 902.648917689
83786 902.648917689
84261 353.247101365
85226 353.247101365
85655 1853.95704748
86631 1853.95704748
87099 3924.84818967
88225 3924.84818967
88659 4887.34325095
89219 4887.34325095
89615 2326.90812161
90285 2326.90812161
90431 2753.94993305
91030 2753.94993305
91161 1367.99756369
92361 1367.99756369
92673 4310.34991024
93346 4310.34991024
93625 5935.59639333
94358 5935.59639333
94633 3995.4890611
95185 3995.4890611
95500 1521.46805335
96369 1521.46805335
96731 5288.99045129
97977 5288.99045129
98090 4295.35353499
98924 4295.35353499
99289 2591.80052833
100772 2591.80052833
101236 3336.74152169
102426 3336.74152169
102600 4305.53199892
104023 4305.53199892
104470 2775.94674798
105827 2775.94674798
106182 3815.7516386
106848 3815.7516386
107142 1371.61617344
108639 1371.61617344
108831 2903.65924631
109901 2903.65924631
110190 2898.30052169
111117 2898.30052169
111396 503.446943466
112045 503.446943466
112521 3941.18262673
113535 3941.18262673
113812 2871.69475427
114718 2871.69475427
115123 994.065054916
116362 994.065054916
116667 4377.69293895
117382 4377.69293895
117684 2994.44240647
118322 2994.44240647
118753 2470.98745998
119949 2470.98745998
120312 3498.80880095
121635 3498.80880095
121780 3724.18241362
123050 3724.18241362
123223 948.728898726
124203 948.728898726
124607 3350.57031022
125610 3350.57031022
125906 2029.03054076
127241 2029.03054076
127555 1928.83276102
128380 1928.83276102
128823 3861.08195868
130050 3861.08195868
130385 6389.89280176
131173 6389.89280176
131586 2903.15274193
132999 2903.15274193
133415 1089.4280302
134085 1089.4280302
134535 1221.23055558
135573 1221.23055558
135748 204.779994601
137063 204.779994601
137301 1033.72234094
138014 1033.72234094
138197 2712.64185015
139667 2712.64185015
140028 3285.2383088
141238 3285.2383088
141588 3309.88559945
142834 3309.88559945
143320 802.07161728
144623 802.07161728
144960 1129.74450126
145715 1129.74450126
146056 3542.30289566
147201 3542.30289566
147397 909.507132192
148620 909.507132192
149064 36.7826911221
150043 36.7826911221
150404 6018.71151407
150963 6018.71151407
151462 749.640928179
152952 749.640928179
153235 4514.59219308
154436 4514.59219308
154706 3026.30662903
155418 3026.30662903
155852 2519.92144352
157295 2519.92144352
157554 890.638755334
158399 890.638755334
158866 1896.56103012
159402 1896.56103012
159683 2897.61617717
160835 2897.61617717
160994 1562.26553213
162128 1562.26553213
162496 3783.38712777
163911 3783.38712777
164283 4290.11289189
165236 4290.11289189
165455 1159.20047937
166203 1159.20047937
166646 4120.64357086
167267 4120.64357086
167659 5015.41192458
168431 5015.41192458
168701 3616.49074395
169500 3616.49074395
169727 2521.90737241
170812 2521.90737241
170982 1604.03093708
172032 1604.03093708
172462 5835.34589556
173286 5835.34589556
173634 4230.27545499
174306 4230.27545499
174697 176.589899826
175935 176.589899826
176331 1981.18748539
177350 1981.18748539
177529 1300.8570632
178779 1300.8570632
179139 2010.80602062
180199 2010.80602062
180357 2419.21623905
181274 2419.21623905
181610 1584.76869927
182630 1584.76869927
182732 4642.46610743
183899 4642.46610743
184069 1590.80097953
185325 1590.80097953
185426 4808.12615731
186085 4808.12615731
186420 1934.13360903
187772 1934.13360903
187958 1399.59916489
188918 1399.59916489
189273 3068.64891997
190298 3068.64891997
190559 101.142730031
191462 101.142730031
191893 3220.1298227
192952 3220.1298227
193435 2350.5460488
194144 2350.5460488
194300 2371.26370196
194989 2371.26370196
195233 3092.7320957
195805 3092.7320957
195989 1676.68450044
196946 1676.68450044
197223 2885.80948696
198151 2885.80948696
198494 685.608094352
199134 685.608094352
199281 4862.83965978
200599 4862.83965978
200749 2687.3157112
201681 2687.3157112
202162 1050.81238304
202827 1050.81238304
203218 2276.86350676
203769 2276.86350676
204123 2164.68604012
205353 2164.68604012
205835 1648.3004862
206442 1648.3004862
206727 2865.17502372
208110 2865.17502372
208486 2236.93835502
209850 2236.93835502
210305 2567.47237514
211777 2567.47237514
212257 3979.05747965
213311 3979.05747965
213693 2914.77657861
214418 2914.77657861
214704 3764.94123277
216097 3764.94123277
216254 4165.71642737
217405 4165.71642737
217887 2954.75947148
218979 2954.75947148
219183 2302.89390204
220565 2302.89390204
220774 4789.65041179
222079 4789.65041179
222486 1009.21467619
223534 1009.21467619
223867 1714.65653139
224407 1714.65653139
224889 4949.44721079
226040 4949.44721079
226237 3143.80936104
227279 3143.80936104
227602 4338.78592606
228376 4338.78592606
228512 2318.60229186
229331 2318.60229186
229572 1420.71676407
230754 1420.71676407
231122 4035.65218934
232087 4035.65218934
232449 3700.17715707
233265 3700.17715707
233423 409.70963582
234517 409.70963582
234953 1995.02823395
235861 1995.02823395
236323 5691.24504611
236903 5691.24504611
