0 2510.28083986
1353 2510.28083986
1812 3084.72264267
2351 3084.72264267
2567 5344.68068564
3356 5344.68068564
3778 3668.74132032
5232 3668.74132032
5426 6749.93447711
6197 6749.93447711
6445 5091.10215113
7398 5091.10215113
7607 1875.97025177
8553 1875.97025177
8779 6662.57748195
10211 6662.57748195
10359 5081.23156052
11269 5081.23156052
11716 377.665529401
13215 377.665529401
13569 6773.46741043
15022 6773.46741043
15367 2880.38918724
16682 2880.38918724
16983 4375.70120031
17882 4375.70120031
18299 2906.46144777
19090 2906.46144777
19292 4029.81957407
19887 4029.81957407
20218 1595.50596724
21569 1595.50596724
21992 759.621638717
22704 759.621638717
23116 866.413700175
23959 866.413700175
24208 2660.73608418
24914 2660.73608418
25354 2323.02418849
26061 2323.02418849
26391 4216.42237412
27423 4216.42237412
27854 3752.09866843
28625 3752.09866843
28776 53.6850441635
29690 53.6850441635
30141 5003.85314598
31626 5003.85314598
31771 4020.57817615
32341 4020.57817615
32567 3106.04322558
33526 3106.04322558
33911 2219.08010959
34639 2219.08010959
34971 5905.66748758
36069 5905.66748758
36296 2233.46929048
37731 2233.46929048
38077 4684.75775733
39439 4684.75775733
39740 1446.2450801
41071 1446.2450801
41548 238.224877589
42551 238.224877589
42818 4480.93121813
43909 4480.93121813
44175 2716.70290278
45437 2716.70290278
45617 2123.83041421
47112 2123.83041421
47268 5767.4081847
47992 5767.4081847
48200 143.73871071
49558 143.73871071
49698 3720.05974503
50220 3720.05974503
50674 7609.61921181
51610 7609.61921181
51946 1451.22539554
52905 1451.22539554
53183 790.597379252
54427 790.597379252
54574 4199.65693239
56045 4199.65693239
56384 2243.1106548
57008 2243.1106548
57118 2278.49917153
58511 2278.49917153
58679 3155.14338943
59538 3155.14338943
59910 6982.44617885
61239 6982.44617885
61658 1681.36729665
62781 1681.36729665
63029 3568.09142915
63982 3568.09142915
64143 3340.91676178
65587 3340.91676178
65874 665.472814965
66586 665.472814965
66937 5102.34935828
68034 5102.34935828
68319 1569.34262107
69052 1569.34262107
69352 155.745494851
69957 155.745494851
70197 651.709080729
71513 651.709080729
71701 2699.90063366
72704 2699.90063366
72810 3680.30341502
73410 3680.30341502
73891 3669.88180288
74730 3669.88180288
75118 1120.9399148
76521 1120.9399148
76987 2903.8561968
78268 2903.8561968
78698 1056.6846846
80089 1056.6846846
80428 6091.90445832
81194 6091.90445832
81390 3142.52405225
82539 3142.52405225
82853 2540.07174214
83889 2540.07174214
84138 3671.07446805
85637 3671.07446805
85868 6382.03425453
87288 6382.03425453
87563 7167.61584733
88224 7167.61584733
88722 1976.2526409
90197 1976.2526409
90468 601.949194348
91131 601.949194348
91337 2796.01505782
92749 2796.01505782
93187 3163.20165047
94227 3163.20165047
94423 6496.96612802
95550 6496.96612802
95772 3968.78001901
97174 3968.78001901
97583 3835.66461988
98776 3835.66461988
99083 671.021752307
100283 671.021752307
100547 2580.35856515
101569 2580.35856515
102018 4957.55265134
102583 4957.55265134
102782 588.259564161
103488 588.259564161
103908 227.544531943
105367 227.544531943
105502 1942.51648765
106299 1942.51648765
106409 2806.91456219
106948 2806.91456219
107129 4475.0427846
107898 4475.0427846
108092 2283.58911555
109280 2283.58911555
109503 5395.98831827
110076 5395.98831827
110284 4899.19662209
110873 4899.19662209
111023 1136.02524897
111949 1136.02524897
112178 784.127591461
113494 784.127591461
113908 3759.71267213
115057 3759.71267213
115190 7849.31239176
116063 7849.31239176
116314 1709.5855377
116857 1709.5855377
117076 4189.85680685
118058 4189.85680685
118300 2049.04406772
119055 2049.04406772
119454 3526.0674162
120924 3526.0674162
121194 6321.44593046
122255 6321.44593046
122474 3359.99376077
123051 3359.99376077
123354 234.578821672
124292 234.578821672
124420 788.94799134
125370 788.94799134
125732 3087.66302911
127029 3087.66302911
127179 3415.39661616
127761 3415.39661616
128014 5876.13618536
128769 5876.13618536
129158 2600.75513594
130306 2600.75513594
130531 5159.61250456
131692 5159.61250456
132000 3946.67175424
132800 3946.67175424
132953 2690.74100066
133766 2690.74100066
134115 4179.75467651
135511 4179.75467651
135655 10709.7948116
137070 10709.7948116
137390 10046.0111229
138354 10046.0111229
138738 6329.24406368
139429 6329.24406368
139661 5145.60821549
141052 5145.60821549
141253 2558.93196083
142616 2558.93196083
143062 2704.48564762
144518 2704.48564762
144867 5551.54767698
145804 5551.54767698
145992 2351.88000498
147051 2351.88000498
147459 6267.04569839
148922 6267.04569839
149133 1397.9968955
150238 1397.9968955
150530 5803.59305076
151769 5803.59305076
151899 1105.05464975
153133 1105.05464975
153395 1248.82656773
154182 1248.82656773
154675 1390.60046161
155693 1390.60046161
155901 82.0175968761
156467 82.0175968761
156617 3243.80728263
158017 3243.80728263
158153 3670.84840323
159058 3670.84840323
159520 3483.93854738
160497 3483.93854738
160850 48.7411645655
161881 48.7411645655
162281 2204.16563434
162906 2204.16563434
163243 4323.34397338
164729 4323.34397338
165136 6386.66525632
166212 6386.66525632
166629 1632.35760231
167897 1632.35760231
168200 3515.61686838
169188 3515.61686838
169290 2131.09027002
170472 2131.09027002
170892 281.711748646
172386 281.711748646
172795 4847.64990362
174015 4847.64990362
174505 7095.96928331
175213 7095.96928331
175512 1025.24694512
176797 1025.24694512
176944 7196.66870741
177490 7196.66870741
177612 2725.4818536
178676 2725.4818536
178858 9003.55293717
179771 9003.55293717
179908 4404.64741932
181173 4404.64741932
181588 3380.55750416
182386 3380.55750416
182723 5385.69181879
183300 5385.69181879
183598 501.264132967
184155 501.264132967
184587 5955.1305392
185105 5955.1305392
185484 2081.4631576
186574 2081.4631576
186921 8801.31119915
187885 8801.31119915
188229 1545.67821391
189442 1545.67821391
189662 103.716029183
190431 103.716029183
190611 779.396735147
191679 779.396735147
192040 3715.96505026
192791 3715.96505026
192997 1135.9753347
194152 1135.9753347
194318 373.923189831
195007 373.923189831
195136 3431.55188703
195883 3431.55188703
196055 6936.96703615
197493 6936.96703615
197814 4080.85942505
198791 4080.85942505
198902 5103.18226808
200176 5103.18226808
200577 2346.08311629
201406 2346.08311629
201564 4310.64189877
202972 4310.64189877
203212 4100.02878421
204352 4100.02878421
204685 7744.61683436
205398 7744.61683436
205736 2243.84495408
206559 2243.84495408
206942 6339.67240833
207992 6339.67240833
208268 3631.40838635
209725 3631.40838635
210045 2812.68714777
210866 2812.68714777
211115 7244.64772636
212613 7244.64772636
212879 7052.63054377
214006 7052.63054377
214169 6398.99515609
215643 6398.99515609
215898 2970.70721229
217105 2970.70721229
217346 29.9295627564
218511 29.9295627564
218968 1242.76293207
220010 1242.76293207
220473 3192.95910868
221850 3192.95910868
221993 4968.57459737
222658 4968.57459737
222975 5609.90540999
224289 5609.90540999
224760 2866.57346096
226022 2866.57346096
226135 3871.05390474
227466 3871.05390474
227741 4805.30784502
228296 4805.30784502
