0 7027.10500214
1104 7027.10500214
1402 6934.69698962
2130 6934.69698962
2476 4707.15573657
3611 4707.15573657
3901 13363.4552054
5275 13363.4552054
5618 5840.26970659
6754 5840.26970659
6861 9856.99042185
7492 9856.99042185
7595 6616.06797668
8527 6616.06797668
8639 13485.3554489
9720 13485.3554489
10106 13690.9625672
11335 13690.9625672
11607 10923.8416015
12903 10923.8416015
13181 5082.38094116
14275 5082.38094116
14402 11092.3156765
15618 11092.3156765
16097 4652.54303304
17010 4652.54303304
17462 19672.0220558
18715 19672.0220558
19120 2844.09303595
20259 2844.09303595
20617 8698.7900503
22067 8698.7900503
22268 7701.23180689
23352 7701.23180689
23523 3347.017573
24844 3347.017573
25137 12064.3758815
26122 12064.3758815
26525 4504.75424904
27562 4504.75424904
27811 887.198012267
29134 887.198012267
29305 5566.93771266
30503 5566.93771266
30964 3231.00099369
32380 3231.00099369
32849 8909.28816274
34040 8909.28816274
34359 750.186184919
34950 750.186184919
35186 14525.7570011
36110 14525.7570011
36523 18618.8500757
37308 18618.8500757
37637 2938.62500223
38359 2938.62500223
38759 8652.67456492
39574 8652.67456492
39874 9068.00517026
41268 9068.00517026
41611 22967.5671849
42558 22967.5671849
42883 893.659138116
43508 893.659138116
43916 12415.6954188
44561 12415.6954188
44917 2864.07508992
46041 2864.07508992
46455 1808.3164433
47539 1808.3164433
47829 8915.80962305
49089 8915.80962305
49477 1171.32218755
50560 1171.32218755
50887 3697.82682621
51727 3697.82682621
51927 7804.6048229
52486 7804.6048229
52721 18274.3809503
53997 18274.3809503
54226 5766.31562763
55575 5766.31562763
55765 4695.31149585
56361 4695.31149585
56607 5347.2246849
57218 5347.2246849
57637 3570.64689545
58257 3570.64689545
58607 3366.8256357
59403 3366.8256357
59817 10447.8096343
61290 10447.8096343
61492 7928.05968837
62360 7928.05968837
62565 4406.42132922
63172 4406.42132922
63646 15654.5545909
64750 15654.5545909
65007 3070.02882165
65698 3070.02882165
66044 3657.25682431
66998 3657.25682431
67251 4844.54169817
68551 4844.54169817
68828 8725.72849566
69931 8725.72849566
70042 2116.50749675
70856 2116.50749675
71056 2322.64284809
71841 2322.64284809
72293 1551.21188578
73387 1551.21188578
73833 8927.78325857
75129 8927.78325857
75319 12989.1143959
75964 12989.1143959
76248 8385.1588607
77722 8385.1588607
78087 861.379238616
78846 861.379238616
79143 10049.905467
79757 10049.905467
80217 6982.80064468
81180 6982.80064468
81337 6093.60727747
82411 6093.60727747
82598 11825.4245238
83553 11825.4245238
83797 4737.32988441
84402 4737.32988441
84709 12770.7563853
85690 12770.7563853
85898 2340.23543295
87145 2340.23543295
87559 12613.3248117
88926 12613.3248117
89295 2127.39758568
89929 2127.39758568
90182 13279.0019936
90946 13279.0019936
91125 1677.52729558
92196 1677.52729558
92659 3419.79756583
93315 3419.79756583
93656 1020.40424099
94566 1020.40424099
94852 14079.1541898
95631 14079.1541898
95802 4805.25564328
96731 4805.25564328
96913 16837.6375112
97720 16837.6375112
98190 5878.32030226
99292 5878.32030226
99664 10904.6340798
100181 10904.6340798
100568 3071.37335113
101336 3071.37335113
101824 2630.81179983
102679 2630.81179983
102958 5842.91724867
104007 5842.91724867
104282 6612.14845333
105072 6612.14845333
105258 3906.63302051
106066 3906.63302051
106485 4246.24377501
107471 4246.24377501
107733 2418.3556129
108423 2418.3556129
108529 1234.07327474
110018 1234.07327474
110265 8836.21959049
111324 8836.21959049
111798 7445.38035438
113021 7445.38035438
113388 16.5036667812
113959 16.5036667812
114234 3131.55276203
115291 3131.55276203
115568 1097.63420031
116459 1097.63420031
116788 6960.93131621
118202 6960.93131621
118407 1936.730654
119510 1936.730654
119888 16648.5128989
121114 16648.5128989
121387 2661.47152756
122216 2661.47152756
122595 3589.16413139
123403 3589.16413139
123571 583.539724816
124922 583.539724816
125339 1485.04659947
126271 1485.04659947
126385 11371.1005972
127071 11371.1005972
127369 7789.21497222
128526 7789.21497222
128709 5627.77881571
129825 5627.77881571
130217 8722.89916973
130787 8722.89916973
131250 17503.2166079
132344 17503.2166079
132787 5648.33961353
134254 5648.33961353
134552 2642.19706764
135523 2642.19706764
135921 3818.82227914
137054 3818.82227914
137427 19332.8443022
138268 19332.8443022
138421 11066.6679831
139625 11066.6679831
140042 11080.3785385
141029 11080.3785385
141424 5121.16854171
142342 5121.16854171
142624 7391.47423948
143669 7391.47423948
144020 6620.07858938
144925 6620.07858938
145216 2670.62286779
146473 2670.62286779
146684 9032.95964793
148120 9032.95964793
148495 2490.20660497
149200 2490.20660497
149361 3339.72548522
150432 3339.72548522
150600 13848.5771842
151170 13848.5771842
151496 2361.03899484
152428 2361.03899484
152613 18927.9201221
153318 18927.9201221
153670 7044.7197861
155123 7044.7197861
155427 259.742700294
156653 259.742700294
157125 5401.85302162
158406 5401.85302162
158655 1833.94122126
159888 1833.94122126
160210 1337.07313997
161315 1337.07313997
161637 380.67532565
163043 380.67532565
163487 10544.1696015
164210 10544.1696015
164425 4179.68874729
164992 4179.68874729
165147 4585.09546478
165908 4585.09546478
166185 8857.28986438
167493 8857.28986438
167612 1916.76396011
168910 1916.76396011
169197 655.981777101
169704 655.981777101
170203 3097.83944401
171438 3097.83944401
171921 5349.45521993
173069 5349.45521993
173323 864.176436915
174520 864.176436915
174745 12449.5135224
175908 12449.5135224
176269 2467.1237582
177642 2467.1237582
177869 7535.11945811
178529 7535.11945811
178882 9206.88535083
179493 9206.88535083
179837 5878.43685509
180446 5878.43685509
180835 919.122099994
181747 919.122099994
182171 3248.62202585
183168 3248.62202585
183275 2195.59608226
184144 2195.59608226
184260 4757.71705849
184930 4757.71705849
185062 7344.6778495
186349 7344.6778495
186624 13113.8710243
187300 13113.8710243
187540 2822.33195077
188539 2822.33195077
188704 2269.65651999
189248 2269.65651999
189406 6099.968529
190175 6099.968529
190470 264.898699163
191616 264.898699163
191852 483.686479967
192622 483.686479967
192826 4455.62400186
193709 4455.62400186
193918 17310.809445
194579 17310.809445
195054 5592.41151955
195849 5592.41151955
196062 7993.69923216
197017 7993.69923216
197236 13097.9506021
197834 13097.9506021
198208 1293.19017964
198740 1293.19017964
199231 4812.31890965
200217 4812.31890965
200578 3639.71869604
201708 3639.71869604
201824 2681.52884996
202414 2681.52884996
202824 2295.04937922
203426 2295.04937922
203590 3010.9159031
204819 3010.9159031
205196 2564.44915175
206131 2564.44915175
206497 10059.5405423
207445 10059.5405423
207740 7705.35178245
208431 7705.35178245
208579 4747.14899064
209331 4747.14899064
209579 4517.64433352
210434 4517.64433352
