0 233.284856651
762 233.284856651
1121 13324.5464499
1682 13324.5464499
1803 3339.85464327
3239 3339.85464327
3478 8122.50788261
4081 8122.50788261
4282 1038.02207646
5128 1038.02207646
5604 3280.42776137
6141 3280.42776137
6516 10115.4332294
7700 10115.4332294
8061 4359.35824854
9311 4359.35824854
9581 287.417531655
10119 287.417531655
10550 9246.26044616
11288 9246.26044616
11691 7320.47678524
12866 7320.47678524
13190 4724.08267448
14130 4724.08267448
14256 4818.32255552
15200 4818.32255552
15470 4314.10854779
16300 4314.10854779
16439 1328.15517253
17401 1328.15517253
17898 10237.9383696
19381 10237.9383696
19861 5025.06062693
20802 5025.06062693
20922 1979.67622259
21628 1979.67622259
21877 6574.16806816
22546 6574.16806816
22960 4030.78110064
23958 4030.78110064
24381 14395.7812754
25631 14395.7812754
25918 10739.143247
26519 10739.143247
26694 2395.83353772
27472 2395.83353772
27872 6526.91135152
28576 6526.91135152
28699 6908.32620624
30044 6908.32620624
30322 1318.65197853
30831 1318.65197853
31231 11400.8117382
31745 11400.8117382
31935 8568.75366811
32708 8568.75366811
32809 7219.92063819
34024 7219.92063819
34509 3152.50525454
35385 3152.50525454
35675 3086.29319699
36502 3086.29319699
36970 2304.38828656
37757 2304.38828656
38095 2199.12297682
39142 2199.12297682
39579 14727.1557448
40087 14727.1557448
40520 1769.5450328
41131 1769.5450328
41474 10752.0082848
42425 10752.0082848
42754 6958.80462231
43350 6958.80462231
43496 6822.52697075
44490 6822.52697075
44681 3108.57275981
46037 3108.57275981
46144 5700.09411792
46797 5700.09411792
46959 14448.1176259
47925 14448.1176259
48389 3858.82785171
49163 3858.82785171
49550 6246.37577295
50131 6246.37577295
50483 8190.94375411
51289 8190.94375411
51437 4807.688144
51980 4807.688144
52297 1755.77952312
53384 1755.77952312
53595 9909.66311647
54261 9909.66311647
54428 7098.33902328
55738 7098.33902328
56234 4451.0712414
56969 4451.0712414
57376 2212.21000312
58661 2212.21000312
59018 1509.61921262
60094 1509.61921262
60361 2864.44158392
61019 2864.44158392
61261 915.61083733
61878 915.61083733
62132 1363.24483244
63413 1363.24483244
63589 10865.6351983
64296 10865.6351983
64430 10159.1568115
65152 10159.1568115
65430 5823.31689029
66467 5823.31689029
66866 6185.38262154
68036 6185.38262154
68246 3078.73205833
69363 3078.73205833
69798 3758.33805985
71135 3758.33805985
71535 334.513229902
72403 334.513229902
72728 7758.3310499
74013 7758.3310499
74173 7879.58432485
75423 7879.58432485
75749 13444.909265
77053 13444.909265
77179 8135.32369266
78276 8135.32369266
78384 4902.10856824
79840 4902.10856824
80154 7185.06012246
81108 7185.06012246
81239 3124.8256058
82237 3124.8256058
82684 11530.2758943
83692 11530.2758943
84115 6543.63921
84740 6543.63921
85239 9111.08942867
86235 9111.08942867
86475 5017.12478886
87399 5017.12478886
87800 11595.0881386
88840 11595.0881386
89282 1090.15131208
89886 1090.15131208
90279 12287.3830861
91506 12287.3830861
91773 2294.60821734
92505 2294.60821734
92944 4482.99351037
93643 4482.99351037
93795 10962.6169646
94445 10962.6169646
94934 1377.65931749
96302 1377.65931749
96539 4561.26193255
97129 4561.26193255
97567 12073.4481947
98862 12073.4481947
99323 6683.00398209
100471 6683.00398209
100819 9267.27235201
101952 9267.27235201
102125 6774.72304345
103447 6774.72304345
103739 12039.5670807
104317 12039.5670807
104606 797.217873214
105494 797.217873214
105680 15564.4541133
107070 15564.4541133
107180 2123.48022181
107848 2123.48022181
108103 9338.77098812
109041 9338.77098812
109351 8459.70410295
110623 8459.70410295
110781 10477.6341205
111710 10477.6341205
111815 360.836668854
112858 360.836668854
113252 11822.2501842
114290 11822.2501842
114727 5742.17904352
115661 5742.17904352
115993 123.666116024
117447 123.666116024
117759 4923.69812282
119027 4923.69812282
119160 11669.038964
119925 11669.038964
120078 4695.59572099
121124 4695.59572099
121555 7625.46090268
122818 7625.46090268
123316 15940.0544358
124644 15940.0544358
124926 2762.98024246
125538 2762.98024246
125700 9094.56242936
126914 9094.56242936
127353 3549.79614722
128341 3549.79614722
128778 2742.80780782
129491 2742.80780782
129893 1547.89707717
130892 1547.89707717
131180 7265.46299166
132332 7265.46299166
132602 1201.20070715
133264 1201.20070715
133445 4257.09628736
133958 4257.09628736
134313 11548.1927571
135006 11548.1927571
135380 304.310134438
136362 304.310134438
136644 456.563256139
137456 456.563256139
137927 8591.67290712
138726 8591.67290712
139054 10100.2512614
140135 10100.2512614
140608 7613.85085896
141765 7613.85085896
142250 6275.17091086
143046 6275.17091086
143349 1842.54822128
144481 1842.54822128
144584 4889.48571904
145781 4889.48571904
146280 5513.75294162
147128 5513.75294162
147515 12626.4392996
148843 12626.4392996
148996 5969.25652866
149734 5969.25652866
150230 6499.39715485
151656 6499.39715485
151805 5177.07298349
152477 5177.07298349
152755 3110.71500111
153954 3110.71500111
154358 1998.11564048
155064 1998.11564048
155509 10773.9544754
156247 10773.9544754
156441 1253.74610716
157413 1253.74610716
157756 6402.18295607
158480 6402.18295607
158834 8165.68845385
159868 8165.68845385
160310 1395.68222938
160816 1395.68222938
160972 8010.28600814
162108 8010.28600814
162478 1491.4855352
163348 1491.4855352
163656 3976.71715538
164406 3976.71715538
164774 8548.60074298
165728 8548.60074298
166183 8105.73940619
167187 8105.73940619
167477 8494.73125399
168100 8494.73125399
168545 2487.90235752
169459 2487.90235752
169921 5584.95417208
170475 5584.95417208
170967 4025.73136785
171970 4025.73136785
172326 2493.28667929
172944 2493.28667929
173153 4751.90419547
174206 4751.90419547
174495 4910.66460716
175816 4910.66460716
176028 11805.2290173
176987 11805.2290173
177173 2194.51839263
177753 2194.51839263
178160 8389.13749551
179482 8389.13749551
179604 2600.59615736
180440 2600.59615736
180599 7381.07141798
181502 7381.07141798
181641 4961.0703226
182358 4961.0703226
182552 304.347406575
183112 304.347406575
183420 3626.00043845
184536 3626.00043845
184707 3151.13374487
185554 3151.13374487
185794 7119.93352999
186911 7119.93352999
187211 6987.49182087
188513 6987.49182087
188648 7663.13666585
189431 7663.13666585
189570 10128.8580285
190614 10128.8580285
190848 412.351936074
192184 412.351936074
192303 3303.98272167
193549 3303.98272167
193915 6944.65762868
194594 6944.65762868
194894 15770.7125373
196364 15770.7125373
196768 6879.94268655
198062 6879.94268655
198264 12495.7810408
199393 12495.7810408
199737 1905.37381382
200320 1905.37381382
200562 5897.80848821
201070 5897.80848821
201223 12483.5508374
202618 12483.5508374
203111 3731.77662364
203714 3731.77662364
203866 5143.69884057
204553 5143.69884057
204928 244.972835481
206075 244.972835481
206560 6292.58226484
207376 6292.58226484
207852 410.088645604
208509 410.088645604
208924 7216.33771744
210251 7216.33771744
210505 6872.09751918
211310 6872.09751918
211564 8489.74717436
212699 8489.74717436
213161 861.188874965
214290 861.188874965
