0 5943.91933761
1193 5943.91933761
1623 5390.43514376
2993 5390.43514376
3454 4337.75736302
4024 4337.75736302
4254 4424.62500861
5125 4424.62500861
5615 4595.23980901
7036 4595.23980901
7168 5620.28628386
8612 5620.28628386
8946 5655.39509697
9591 5655.39509697
9971 4958.34661878
10916 4958.34661878
11142 3834.272539
12424 3834.272539
12777 3451.04839382
14150 3451.04839382
14566 4209.72095998
15290 4209.72095998
15592 6410.69730629
16811 6410.69730629
17245 3783.46598139
17948 3783.46598139
18143 4812.57027535
18752 4812.57027535
18906 5014.66912673
19494 5014.66912673
19860 4601.51733181
20567 4601.51733181
20900 3671.97244125
21551 3671.97244125
21915 3928.09033628
22870 3928.09033628
23278 5434.6530565
24043 5434.6530565
24461 4218.68616969
25397 4218.68616969
25757 3457.65987452
27234 3457.65987452
27587 4545.80437389
28485 4545.80437389
28822 4270.51694741
29546 4270.51694741
29673 5215.83043122
30262 5215.83043122
30439 5001.60202036
31086 5001.60202036
31246 4571.94788033
31949 4571.94788033
32148 3914.53162594
33454 3914.53162594
33783 4470.05792179
35133 4470.05792179
35450 5443.1420831
36220 5443.1420831
36683 3608.24104765
37705 3608.24104765
37889 4330.95935898
38962 4330.95935898
39119 5014.05647095
39840 5014.05647095
40020 4076.65681522
41395 4076.65681522
41738 3842.2893912
43137 3842.2893912
43490 4581.80689484
43990 4581.80689484
44160 4941.17114766
44921 4941.17114766
45243 4437.46065439
46500 4437.46065439
46874 5051.45721757
47571 5051.45721757
47956 4189.11208296
48970 4189.11208296
49420 5238.32588062
50310 5238.32588062
50449 3670.90083609
51179 3670.90083609
51381 4336.45753769
52718 4336.45753769
53086 5127.0616111
53755 5127.0616111
54196 4817.60755583
55576 4817.60755583
55954 4908.77096896
57440 4908.77096896
57786 5957.59822293
59043 5957.59822293
59464 4863.97465399
60403 4863.97465399
60820 3429.67971403
61751 3429.67971403
62072 4457.09720853
62600 4457.09720853
62754 5178.10905444
64156 5178.10905444
64528 4585.37938409
65900 4585.37938409
66099 4097.42323984
66633 4097.42323984
66975 5470.6402578
68259 5470.6402578
68425 4602.75845007
69266 4602.75845007
69761 4740.11731423
71041 4740.11731423
71260 3997.43522214
72041 3997.43522214
72366 4325.03869392
73323 4325.03869392
73430 4672.7552803
74753 4672.7552803
75195 5086.10886873
75720 5086.10886873
76203 4526.33399755
77376 4526.33399755
77755 5463.08098987
78504 5463.08098987
78712 4172.50178808
79883 4172.50178808
80212 5945.14926568
80980 5945.14926568
81388 4668.09677461
82060 4668.09677461
82539 5531.00030959
83113 5531.00030959
83524 5151.39050273
84903 5151.39050273
85137 5722.75884987
86350 5722.75884987
86601 4881.72386344
88026 4881.72386344
88348 4807.46824449
89169 4807.46824449
89553 4675.39515023
90956 4675.39515023
91304 4082.44227487
92400 4082.44227487
92638 3954.27585092
94046 3954.27585092
94331 4832.85419578
95151 4832.85419578
95362 4573.94964465
96765 4573.94964465
96992 4682.55845961
98125 4682.55845961
98347 5541.06196495
99140 5541.06196495
99464 4655.11798621
100548 4655.11798621
100997 5503.4450823
102077 5503.4450823
102571 3902.0526047
103541 3902.0526047
103857 3172.39570098
104889 3172.39570098
105226 4947.39717174
105830 4947.39717174
106298 5033.07535389
107691 5033.07535389
108166 5310.69345475
109328 5310.69345475
109736 5675.2679276
110849 5675.2679276
111029 4097.06845556
111675 4097.06845556
112103 4840.24664964
113581 4840.24664964
113784 6166.94339084
114756 6166.94339084
115143 4184.91698476
116394 4184.91698476
116852 5809.69597411
118021 5809.69597411
118340 4764.11071265
119153 4764.11071265
119265 6032.5718443
119821 6032.5718443
120246 4787.02592165
120873 4787.02592165
120988 4410.59551774
122296 4410.59551774
122550 3193.71024519
123620 3193.71024519
123755 3521.99148388
124744 3521.99148388
124957 4591.89363362
125846 4591.89363362
126337 5420.62110133
127535 5420.62110133
127808 4614.62253647
129273 4614.62253647
129681 5291.0695072
130279 5291.0695072
130767 5025.61483845
131863 5025.61483845
132101 4818.53197669
133095 4818.53197669
133458 5841.32794864
134819 5841.32794864
135308 5065.38902294
136186 5065.38902294
136540 4935.48303396
137923 4935.48303396
138368 5527.43813061
139423 5527.43813061
139830 4358.03241169
140607 4358.03241169
140883 4396.27200339
141480 4396.27200339
141630 6287.02667216
142248 6287.02667216
142724 4528.96884433
143265 4528.96884433
143539 4748.73938172
144973 4748.73938172
145441 4690.64921072
146878 4690.64921072
147042 3220.9644035
147729 3220.9644035
147953 4336.28693906
148986 4336.28693906
149234 5292.49906364
150164 5292.49906364
150301 4250.70207399
150968 4250.70207399
151071 3877.36265227
152551 3877.36265227
152701 5497.06158908
153481 5497.06158908
153930 4457.14754104
155189 4457.14754104
155293 5374.9608367
156122 5374.9608367
156283 4803.46209323
157466 4803.46209323
157627 3940.21504176
158660 3940.21504176
158857 4805.40906075
159780 4805.40906075
160003 4001.34724663
161273 4001.34724663
161641 5673.56364067
162282 5673.56364067
162411 5236.65333781
163023 5236.65333781
163181 3906.48972419
164013 3906.48972419
164367 4384.43687838
165092 4384.43687838
165318 3182.02603409
166012 3182.02603409
166219 3501.69678799
166989 3501.69678799
167473 3762.4678662
168562 3762.4678662
168973 4002.09278547
170052 4002.09278547
170522 4739.62016591
171952 4739.62016591
172235 4051.21743273
173259 4051.21743273
173421 3500.44014341
174121 3500.44014341
174244 5391.52764991
174955 5391.52764991
175099 4721.91796856
175697 4721.91796856
175874 5027.06051819
176503 5027.06051819
176833 5095.95542644
177947 5095.95542644
178107 5125.25768964
179436 5125.25768964
179734 4461.29351103
181147 4461.29351103
181585 5443.4394711
183005 5443.4394711
183118 3773.0371712
183787 3773.0371712
184034 4866.91256965
184642 4866.91256965
184867 4041.17915548
185554 4041.17915548
185740 5182.97394409
186256 5182.97394409
186748 5052.85658057
188015 5052.85658057
188410 4998.00812391
189259 4998.00812391
189501 5319.36865515
190966 5319.36865515
191160 5145.35639158
191870 5145.35639158
192232 3891.86057944
192834 3891.86057944
193181 5653.59970748
194267 5653.59970748
194716 4325.23261325
195489 4325.23261325
195660 4667.07618047
196176 4667.07618047
196524 4536.42969304
197884 4536.42969304
198289 5565.05581667
199025 5565.05581667
199410 5535.82877232
200382 5535.82877232
200836 4629.14209583
201707 4629.14209583
202103 4853.25330008
202851 4853.25330008
203315 5942.04892133
204649 5942.04892133
205113 4589.97525553
206485 4589.97525553
206847 4575.17955109
207503 4575.17955109
207683 4208.92446409
208208 4208.92446409
208669 5124.01569237
209211 5124.01569237
209503 5838.93128117
210911 5838.93128117
211195 3328.90456246
212564 3328.90456246
212918 2762.5938677
213828 2762.5938677
214024 3841.54866231
214713 3841.54866231
215049 4701.77598342
216260 4701.77598342
216667 5404.34927955
218161 5404.34927955
218470 5181.7794052
219283 5181.7794052
219469 5016.57728895
220628 5016.57728895
220752 4211.21679886
222187 4211.21679886
222596 5199.79649635
223822 5199.79649635
223987 4574.73931127
225014 4574.73931127
225177 5677.78977242
225898 5677.78977242
226296 4364.30623852
227177 4364.30623852
227363 3643.28429534
228665 3643.28429534
229035 4703.92582753
230305 4703.92582753
230521 4018.1411037
231777 4018.1411037
231952 4316.04242585
233203 4316.04242585
233571 4845.31476781
234860 4845.31476781
235225 4118.72672583
235826 4118.72672583
236206 3607.28626243
236824 3607.28626243
236939 4171.72829511
238154 4171.72829511
238278 4136.85260125
238824 4136.85260125
239151 4046.6384371
239818 4046.6384371
240183 4064.62188612
240782 4064.62188612
241006 4775.94110969
241812 4775.94110969
241996 5752.93425863
242672 5752.93425863
243124 4451.40609525
244238 4451.40609525
244474 4813.8169938
245118 4813.8169938
245239 4565.8516388
246643 4565.8516388
246839 5469.53778033
248260 5469.53778033
248419 4546.37251936
249715 4546.37251936
250066 4065.60627511
250929 4065.60627511
251299 5272.77276209
252199 5272.77276209
252678 5573.53185043
254079 5573.53185043
254307 4817.18813212
255142 4817.18813212
255374 5417.16990654
256381 5417.16990654
256592 4581.8215013
257892 4581.8215013
258271 3656.63475297
259007 3656.63475297
259277 5194.7862025
260275 5194.7862025
260740 4630.02663974
261796 4630.02663974
262158 4975.13162771
262939 4975.13162771
263139 5085.55331916
263934 5085.55331916
264357 4060.69784152
265048 4060.69784152
265155 4878.78394811
265993 4878.78394811
266256 5452.50277671
266777 5452.50277671
266916 4053.34392807
267899 4053.34392807
268283 5152.08920854
268794 5152.08920854
269288 5702.59000258
270484 5702.59000258
270610 6410.60736932
271422 6410.60736932
271592 6231.30571355
272940 6231.30571355
