0 2920.30361981
920 2920.30361981
1192 5888.15993798
2471 5888.15993798
2641 5120.6041167
3503 5120.6041167
3845 4701.80895698
5312 4701.80895698
5453 4495.60218723
6282 4495.60218723
6661 3814.83031321
7925 3814.83031321
8237 5346.97900285
9701 5346.97900285
10036 5159.84136464
11306 5159.84136464
11770 3204.75781945
12334 3204.75781945
12602 4630.66007497
13524 4630.66007497
13933 5252.81207378
14896 5252.81207378
15276 5523.4960406
15913 5523.4960406
16251 4802.37866415
17531 4802.37866415
17940 4489.17428957
18915 4489.17428957
19401 5025.76727778
20813 5025.76727778
21025 4051.77305176
22498 4051.77305176
22869 5177.92920207
24296 5177.92920207
24597 4032.81813375
25903 4032.81813375
26319 5861.50358711
26987 5861.50358711
27198 3740.06358224
27832 3740.06358224
28131 4432.11444507
29268 4432.11444507
29580 5826.0445685
30788 5826.0445685
30959 4822.49899661
32063 4822.49899661
32255 5429.65076386
33005 5429.65076386
33340 4302.84702197
34050 4302.84702197
34266 4995.04164524
35051 4995.04164524
35505 4971.3409142
36961 4971.3409142
37185 5641.89000286
38275 5641.89000286
38685 5745.71328619
40136 5745.71328619
40559 5380.83443185
41435 5380.83443185
41734 4937.7302299
42892 4937.7302299
43157 5721.09659097
44468 5721.09659097
44859 4200.24750844
45931 4200.24750844
46179 4782.35706651
47611 4782.35706651
47818 3145.11943389
49053 3145.11943389
49386 4326.75651179
50710 4326.75651179
51123 4459.61643973
52497 4459.61643973
52971 4735.48830898
53542 4735.48830898
53761 2754.57070327
54362 2754.57070327
54797 5116.44943925
55625 5116.44943925
55928 3414.17803137
56839 3414.17803137
57158 3632.44871132
58177 3632.44871132
58368 4173.85495559
58885 4173.85495559
59265 5512.19871977
59853 5512.19871977
59992 4791.97458116
61106 4791.97458116
61356 5710.84878488
62713 5710.84878488
62972 4063.69497159
63929 4063.69497159
64272 3624.70921643
65392 3624.70921643
65607 5331.18904218
66927 5331.18904218
67106 5225.99278307
68519 5225.99278307
68799 3837.98229764
69756 3837.98229764
70069 4528.47683
70599 4528.47683
70808 6635.19492567
72039 6635.19492567
72508 4504.29375862
73711 4504.29375862
73884 4867.45853861
75157 4867.45853861
75479 3104.01863165
76135 3104.01863165
76272 4911.96392439
77486 4911.96392439
77752 4900.46373758
78408 4900.46373758
78734 2835.01444057
79884 2835.01444057
80328 4455.60407508
81823 4455.60407508
82108 5465.04122995
83190 5465.04122995
83328 3695.52550635
83834 3695.52550635
84185 4607.29346078
84848 4607.29346078
84972 5117.28996398
86422 5117.28996398
86635 5121.72189043
87370 5121.72189043
87788 4974.8031147
88878 4974.8031147
89143 4578.32634733
90301 4578.32634733
90735 4813.23782674
91739 4813.23782674
91893 5835.02548827
93265 5835.02548827
93509 5426.40269697
94969 5426.40269697
95350 4725.83823586
96030 4725.83823586
96286 4520.21691473
96804 4520.21691473
97230 5112.86213863
98297 5112.86213863
98479 5278.92123767
99881 5278.92123767
100034 5575.33994653
100872 5575.33994653
101234 4208.74186414
102169 4208.74186414
102457 3866.22903691
103940 3866.22903691
104390 4749.90162771
105777 4749.90162771
105932 4658.05977826
106957 4658.05977826
107308 4891.7264403
108515 4891.7264403
108655 4597.05213975
109568 4597.05213975
109925 3794.48730154
110788 3794.48730154
111070 5405.64931965
112329 5405.64931965
112828 4753.94054916
113638 4753.94054916
113795 4218.47985608
115234 4218.47985608
115341 3818.03827238
116136 3818.03827238
116307 4701.1141817
116862 4701.1141817
117172 5559.99588909
118274 5559.99588909
118725 6429.86679788
119526 6429.86679788
119720 3808.53253778
120870 3808.53253778
121211 4482.70376253
121768 4482.70376253
122216 5254.72576348
123619 5254.72576348
123944 4996.3063746
124991 4996.3063746
125262 6127.96706977
125855 6127.96706977
126209 4786.16975922
127524 4786.16975922
127671 5945.9702669
128490 5945.9702669
128598 4404.17952814
129104 4404.17952814
129580 5726.5074283
130183 5726.5074283
130549 4365.49325687
131800 4365.49325687
132096 4041.96470176
132758 4041.96470176
133132 5385.42787815
133982 5385.42787815
134148 5069.77509263
134870 5069.77509263
135023 5180.01405663
136230 5180.01405663
136363 5451.07135749
137507 5451.07135749
137768 5217.24146884
138505 5217.24146884
138728 3842.44654724
140190 3842.44654724
140613 3979.90831608
141288 3979.90831608
141715 3475.99850157
143117 3475.99850157
143512 3730.41715476
144887 3730.41715476
145382 5468.07419528
146009 5468.07419528
146120 5465.32115946
147059 5465.32115946
147352 5258.71562901
148690 5258.71562901
149180 3990.29741751
150582 3990.29741751
151038 5372.87281625
152175 5372.87281625
152649 4544.31108973
153941 4544.31108973
154065 3667.74797827
154996 3667.74797827
155138 2984.20054174
155649 2984.20054174
156070 4204.34068811
157534 4204.34068811
157724 2437.49089596
158310 2437.49089596
158755 4342.64906714
159392 4342.64906714
159852 4909.10653112
160794 4909.10653112
161137 5211.70079406
161707 5211.70079406
161823 4579.79028144
162674 4579.79028144
162958 5861.82724545
163797 5861.82724545
164086 5202.80529592
165493 5202.80529592
165642 4495.04425045
166607 4495.04425045
167028 5968.18843555
167691 5968.18843555
167938 4676.42291793
168606 4676.42291793
169092 4902.06049123
170116 4902.06049123
170529 4469.24054687
171057 4469.24054687
171474 4628.34280919
172965 4628.34280919
173179 5171.26299368
173728 5171.26299368
173966 4822.03561716
174570 4822.03561716
174778 5282.88992811
175463 5282.88992811
175862 4972.74146226
176814 4972.74146226
177115 3775.44391059
178359 3775.44391059
178799 5417.81843244
179665 5417.81843244
179910 4286.66708261
181392 4286.66708261
181672 5111.12767472
182916 5111.12767472
183271 5082.02775716
183849 5082.02775716
183969 4520.40888895
184887 4520.40888895
185320 4680.01875005
186252 4680.01875005
186474 3482.87714101
187791 3482.87714101
188273 4309.66965366
189448 4309.66965366
189584 5098.28481397
190700 5098.28481397
191139 4577.54244952
192226 4577.54244952
192336 4300.95909273
193264 4300.95909273
193718 4043.78037234
194843 4043.78037234
195046 5705.18029098
196162 5705.18029098
196401 3555.48896493
197727 3555.48896493
197976 3992.25807431
199377 3992.25807431
199585 3535.95803754
200783 3535.95803754
201247 3525.10502584
202161 3525.10502584
202625 5071.20836644
203891 5071.20836644
203997 4904.79601317
205174 4904.79601317
205439 4849.0884562
206851 4849.0884562
207213 4408.03945543
208682 4408.03945543
209081 4439.2063897
209935 4439.2063897
210159 3735.53239985
211490 3735.53239985
211602 4865.18699509
212994 4865.18699509
213439 5048.28172131
214287 5048.28172131
214571 3860.33375378
215341 3860.33375378
215499 5180.85707712
216673 5180.85707712
216895 3871.13107598
217966 3871.13107598
218446 3320.41965671
218970 3320.41965671
219282 4633.37232442
219960 4633.37232442
220181 4765.08415527
221233 4765.08415527
221552 3869.3296228
222392 3869.3296228
222849 4237.78962639
224146 4237.78962639
224373 4317.34497153
225558 4317.34497153
225747 4774.52494652
226552 4774.52494652
227033 3608.53831876
227843 3608.53831876
228305 4454.66406769
229010 4454.66406769
229401 3801.82813119
230322 3801.82813119
230465 3671.80183401
231383 3671.80183401
231578 5187.35421403
232505 5187.35421403
232691 3041.72030715
233281 3041.72030715
233402 4828.82836319
234386 4828.82836319
234677 3630.00441306
235782 3630.00441306
236003 4530.02434191
237054 4530.02434191
237189 3961.13857681
238225 3961.13857681
238444 5751.2078393
239562 5751.2078393
240049 4589.07221694
240555 4589.07221694
240997 4914.40859201
241717 4914.40859201
242138 4648.66709253
243623 4648.66709253
243946 4695.03542165
244894 4695.03542165
245175 4868.77115729
246149 4868.77115729
246364 4248.01496828
247485 4248.01496828
247879 5509.64525573
248743 5509.64525573
249112 4234.2537366
250068 4234.2537366
250303 4012.91086894
251496 4012.91086894
251970 5651.9506745
252718 5651.9506745
252872 4179.23497824
253712 4179.23497824
253976 5593.08871747
255412 5593.08871747
255856 3395.50210473
256569 3395.50210473
256681 4928.6362983
257814 4928.6362983
258202 4244.0850598
259435 4244.0850598
259913 3596.78114537
261337 3596.78114537
261524 4581.38308176
262668 4581.38308176
263026 5395.14433536
263797 5395.14433536
263959 5155.74372648
264652 5155.74372648
265135 5244.88616148
266529 5244.88616148
266983 5071.29598135
268005 5071.29598135
268390 3971.37569975
269593 3971.37569975
270034 4917.98907584
271007 4917.98907584
271497 4694.32551852
272402 4694.32551852
272549 4861.26874677
273291 4861.26874677
273741 5099.38474232
275101 5099.38474232
275255 5037.77984013
276581 5037.77984013
276826 3374.3229058
277671 3374.3229058
277845 4211.75800806
279251 4211.75800806
279520 4285.21078849
280893 4285.21078849
281009 5971.21235509
282290 5971.21235509
282516 4729.61609161
283581 4729.61609161
283967 4470.57776993
284524 4470.57776993
284979 5219.99494293
285620 5219.99494293
285856 5710.55305046
286849 5710.55305046
287257 5032.13455928
288134 5032.13455928
288624 5379.61689862
289138 5379.61689862
289303 5408.50266351
290177 5408.50266351
290334 3969.50636041
291541 3969.50636041
291726 4756.45231447
292833 4756.45231447
292994 4438.39875886
293615 4438.39875886
293998 4953.57871242
295467 4953.57871242
