0 5688.8781293
1480 5688.8781293
1669 4468.14359023
2458 4468.14359023
2694 4906.9574523
4027 4906.9574523
4424 6741.08508385
5917 6741.08508385
6113 5063.23038823
7131 5063.23038823
7500 6638.23342677
8806 6638.23342677
9165 5089.83400699
10625 5089.83400699
10771 6091.85457854
11858 6091.85457854
12335 5640.0674919
13191 5640.0674919
13301 5348.78581557
14586 5348.78581557
14701 4442.4687333
15734 4442.4687333
16064 3393.53622456
17487 3393.53622456
17843 4009.07140011
18635 4009.07140011
18822 5898.94159827
19794 5898.94159827
20134 5988.8747028
21028 5988.8747028
21176 4744.35365912
21875 4744.35365912
22364 5187.72258401
23590 5187.72258401
24008 4747.89622845
25193 4747.89622845
25441 3786.98951493
26678 3786.98951493
26806 4735.51007029
28062 4735.51007029
28502 4328.62855762
29306 4328.62855762
29801 5825.29205884
31109 5825.29205884
31478 3227.04681
32414 3227.04681
32731 5626.2463132
34136 5626.2463132
34386 5580.456521
34972 5580.456521
35108 3944.60794862
36059 3944.60794862
36408 4663.83192206
37708 4663.83192206
37823 4883.74312092
38641 4883.74312092
38878 6371.69938286
40239 6371.69938286
40364 4133.95258975
41187 4133.95258975
41342 4543.77632882
42743 4543.77632882
42973 4603.56454629
43535 4603.56454629
43933 5129.09329854
44529 5129.09329854
44841 3545.09219806
46129 3545.09219806
46445 4556.02303719
47669 4556.02303719
47853 6425.34737363
49093 6425.34737363
49384 4830.13480281
50754 4830.13480281
50999 4105.48964718
52008 4105.48964718
52314 4699.94689827
53547 4699.94689827
53948 5526.50951971
54452 5526.50951971
54950 4973.56921832
56284 4973.56921832
56630 5747.16529468
57587 5747.16529468
58035 4802.59528693
59358 4802.59528693
59833 4895.09285914
61253 4895.09285914
61617 5882.08752341
62400 5882.08752341
62815 5129.50212782
63473 5129.50212782
63662 4482.05427499
64573 4482.05427499
65019 6044.76427967
66233 6044.76427967
66608 5719.3582076
67599 5719.3582076
67880 6861.01403937
69377 6861.01403937
69674 5372.72543395
70633 5372.72543395
70746 6470.6748691
71626 6470.6748691
72092 4464.42294145
73486 4464.42294145
73803 5862.80841331
74632 5862.80841331
75069 4195.71419284
75672 4195.71419284
75956 5127.24146262
76663 5127.24146262
77080 4930.07671949
78310 4930.07671949
78664 4320.33467449
79910 4320.33467449
80216 4761.15841072
81409 4761.15841072
81865 4411.77805586
83105 4411.77805586
83284 5752.86357107
83920 5752.86357107
84182 4354.48719642
85509 4354.48719642
85911 4792.64452499
87308 4792.64452499
87468 4531.15797363
88511 4531.15797363
88649 6887.00966209
89844 6887.00966209
90059 5506.00257103
90617 5506.00257103
91037 4787.67010088
91694 4787.67010088
91855 4489.95876566
92917 4489.95876566
93285 4825.48327615
94002 4825.48327615
94135 5099.35492139
94707 5099.35492139
95072 3951.67667871
96244 3951.67667871
96491 3613.66619012
97914 3613.66619012
98140 5346.83606597
99437 5346.83606597
99642 2996.49324952
100187 2996.49324952
100654 4908.38120243
101501 4908.38120243
101607 5872.73622543
102121 5872.73622543
102447 4630.50384279
103751 4630.50384279
104009 4027.27532922
105453 4027.27532922
105827 5424.37317721
106908 5424.37317721
107330 4063.39698305
108628 4063.39698305
108810 5178.8961342
110152 5178.8961342
110416 5053.97701031
111004 5053.97701031
111323 5309.71694692
112332 5309.71694692
112805 4879.52244617
114086 4879.52244617
114334 5351.70097185
115833 5351.70097185
116174 5583.86492872
116837 5583.86492872
117076 4460.65788844
118040 4460.65788844
118511 5202.07966121
119614 5202.07966121
119852 4966.93753396
120576 4966.93753396
120945 5351.00800361
121714 5351.00800361
121937 6373.53815606
122600 6373.53815606
122958 5880.31929214
123511 5880.31929214
123713 5782.37978934
124352 5782.37978934
124543 6158.39518921
125536 6158.39518921
125989 5241.79843547
126620 5241.79843547
126754 3966.09539038
127393 3966.09539038
127682 3775.18101722
128394 3775.18101722
128669 7427.39953341
130101 7427.39953341
130558 5300.1141485
131987 5300.1141485
132450 4840.63194042
133859 4840.63194042
134240 4767.65643873
135406 4767.65643873
135671 4507.3989155
136176 4507.3989155
136294 6164.41252685
136918 6164.41252685
137152 5305.98467436
137706 5305.98467436
137810 5061.34877556
138581 5061.34877556
138707 4666.99041251
140187 4666.99041251
140658 4256.67818064
142064 4256.67818064
142528 5457.14228017
143355 5457.14228017
143711 4279.51062843
144333 4279.51062843
144592 4319.87592098
145334 4319.87592098
145692 5325.13483067
146397 5325.13483067
146619 6251.44331089
148105 6251.44331089
148553 3513.71478404
149196 3513.71478404
149592 5151.05654092
150645 5151.05654092
150802 5350.08714671
151352 5350.08714671
151658 4173.43161892
152879 4173.43161892
153326 4760.69262713
154003 4760.69262713
154432 4195.91063615
155000 4195.91063615
155124 3319.03448442
156620 3319.03448442
157010 3818.24461006
158378 3818.24461006
158667 5592.56702115
159990 5592.56702115
160272 5033.56630088
160964 5033.56630088
161292 5350.09779757
162430 5350.09779757
162783 3840.08141256
164052 3840.08141256
164494 6434.0787059
165071 6434.0787059
165294 4895.86913139
166722 4895.86913139
167082 5251.2361838
167838 5251.2361838
168062 4846.74578705
169427 4846.74578705
169747 4945.32609099
170687 4945.32609099
171125 4422.23999976
171944 4422.23999976
172385 6392.24017738
173125 6392.24017738
173382 5352.14732601
174235 5352.14732601
174709 4874.03019659
175894 4874.03019659
176011 3953.327329
176630 3953.327329
177099 4385.31765924
178099 4385.31765924
178423 4272.57250294
179874 4272.57250294
180111 4884.80359241
181473 4884.80359241
181831 6226.99276552
183136 6226.99276552
183314 5055.35866438
183875 5055.35866438
184169 3720.33859189
184794 3720.33859189
184914 4685.36278219
186026 4685.36278219
186293 6115.48601063
187552 6115.48601063
187848 5975.03971631
188888 5975.03971631
189016 5732.1656453
189999 5732.1656453
190359 5213.51814003
191467 5213.51814003
191795 3861.52081424
192900 3861.52081424
193224 5610.54838639
194248 5610.54838639
194386 5143.74516791
195299 5143.74516791
195408 4576.66072134
196295 4576.66072134
196553 4974.67087121
198002 4974.67087121
198294 5538.04948822
199035 5538.04948822
199185 5521.01598545
200489 5521.01598545
200911 5025.86800268
201533 5025.86800268
201829 6710.50241195
202849 6710.50241195
203348 5056.39641463
203952 5056.39641463
204252 5144.13827025
204765 5144.13827025
205212 5624.10851272
206327 5624.10851272
206630 5473.10616673
207225 5473.10616673
207622 5382.88798155
208352 5382.88798155
208787 5422.79524412
210081 5422.79524412
210447 4145.98254495
211139 4145.98254495
211523 5661.73190405
212069 5661.73190405
212190 6017.40267601
213656 6017.40267601
213864 4998.94850651
214488 4998.94850651
214603 6250.969424
215314 6250.969424
215680 4862.70349899
216260 4862.70349899
216558 5700.15774107
217106 5700.15774107
217506 3617.02636
218488 3617.02636
218593 5012.06717666
219948 5012.06717666
220291 5205.95059892
221230 5205.95059892
221574 5329.54775403
222507 5329.54775403
222779 6298.56746113
223348 6298.56746113
223573 4420.40906621
225038 4420.40906621
225393 6880.80031379
226246 6880.80031379
226733 4490.76112748
228104 4490.76112748
228462 4735.85816433
229511 4735.85816433
229919 5146.67796037
231147 5146.67796037
231569 4566.80463895
232380 4566.80463895
232771 5296.57219698
233940 5296.57219698
234362 6041.02489915
235574 6041.02489915
