0 4751.52139736
1215 4751.52139736
1385 9022.31413447
2021 9022.31413447
2366 5602.45127822
3647 5602.45127822
4070 7156.86272293
5374 7156.86272293
5752 3555.6550022
6688 3555.6550022
7166 10404.4277455
8400 10404.4277455
8702 7659.6133742
9678 7659.6133742
10094 9520.53876814
11224 9520.53876814
11385 6557.77730768
12093 6557.77730768
12292 179.018371277
13361 179.018371277
13471 4253.37189304
14955 4253.37189304
15093 8218.05197901
16490 8218.05197901
16812 3607.95755921
17998 3607.95755921
18169 6821.17241379
19487 6821.17241379
19644 8228.1059101
20969 8228.1059101
21158 9906.94260469
21951 9906.94260469
22223 8268.96058334
22895 8268.96058334
23158 3507.98261023
23818 3507.98261023
24231 9961.00232021
25371 9961.00232021
25691 10196.1397826
26948 10196.1397826
27387 9040.11456211
28885 9040.11456211
29150 6782.39172795
29835 6782.39172795
30288 11189.2455255
31147 11189.2455255
31546 8638.45281029
32851 8638.45281029
33333 10367.0587158
34239 10367.0587158
34366 5281.1266591
35808 5281.1266591
36002 5827.54959238
37168 5827.54959238
37369 3091.93402932
38373 3091.93402932
38688 2786.16592622
39270 2786.16592622
39663 6370.58177868
40760 6370.58177868
40992 3669.93364604
42200 3669.93364604
42431 2176.85591579
43271 2176.85591579
43674 7347.68570842
44631 7347.68570842
44939 6279.57747805
46167 6279.57747805
46453 6511.79159253
47564 6511.79159253
47910 5526.72405622
49116 5526.72405622
49245 4711.32200104
50307 4711.32200104
50560 8484.10639742
51298 8484.10639742
51439 5873.11959901
52114 5873.11959901
52349 7760.88053641
53701 7760.88053641
53860 3573.139546
55021 3573.139546
55239 6763.56333706
56087 6763.56333706
56428 3872.6758968
57291 3872.6758968
57716 9929.32735678
58776 9929.32735678
59140 9035.50671277
59719 9035.50671277
59848 2841.40923728
61134 2841.40923728
61249 4243.78612492
62635 4243.78612492
63122 4656.93129438
64473 4656.93129438
64602 6583.69392104
65752 6583.69392104
66136 3135.72613831
67377 3135.72613831
67675 1456.44121203
68815 1456.44121203
69268 7550.39737959
69963 7550.39737959
70368 5365.89501633
71498 5365.89501633
71878 9970.57591446
72978 9970.57591446
73206 7204.63426188
74381 7204.63426188
74696 11257.38658
75614 11257.38658
76000 6097.39874427
77473 6097.39874427
77955 13.6049219194
79248 13.6049219194
79514 7018.37324669
80481 7018.37324669
80613 7225.45680202
81491 7225.45680202
81632 6847.40197657
82641 6847.40197657
83016 4414.10824671
83787 4414.10824671
84112 8259.07737988
85470 8259.07737988
85764 6189.50236361
87197 6189.50236361
87346 7872.94381601
88341 7872.94381601
88708 1694.79543863
89634 1694.79543863
89961 7186.36604647
91251 7186.36604647
91700 5972.61482276
93083 5972.61482276
93385 5259.85273307
94468 5259.85273307
94767 5153.27345555
95677 5153.27345555
96141 7051.19442029
97091 7051.19442029
97485 2966.69046357
98510 2966.69046357
98918 6825.57944175
100255 6825.57944175
100578 1719.05527572
101340 1719.05527572
101651 5265.40669909
102821 5265.40669909
103230 3022.0091768
103828 3022.0091768
104309 6279.94446262
104824 6279.94446262
105233 4037.04445667
106668 4037.04445667
107139 9544.9654016
108138 9544.9654016
108321 6637.69152875
109722 6637.69152875
110124 1914.55475868
111365 1914.55475868
111567 6843.14480548
112461 6843.14480548
112859 1263.03262768
113510 1263.03262768
113747 8819.351831
114383 8819.351831
114723 3870.62634597
115427 3870.62634597
115800 3331.46412435
116819 3331.46412435
117105 5357.20175201
118389 5357.20175201
118828 3600.12353725
119761 3600.12353725
120179 7127.39652102
121524 7127.39652102
121727 5227.40129765
122608 5227.40129765
123103 7774.44685213
124057 7774.44685213
124234 9449.03269061
125266 9449.03269061
125572 2428.42660781
126502 2428.42660781
126809 7778.33176253
128187 7778.33176253
128351 5383.11773561
129102 5383.11773561
129286 225.364695102
130138 225.364695102
130343 6854.02620757
130974 6854.02620757
131227 3230.9054126
132624 3230.9054126
133070 6088.11623819
133897 6088.11623819
134200 4800.42643106
135677 4800.42643106
135869 9561.99604745
136931 9561.99604745
137413 5345.23421276
138265 5345.23421276
138418 7655.78540739
138981 7655.78540739
139454 9404.63032231
140662 9404.63032231
140901 8089.65184827
141921 8089.65184827
142152 1288.38456484
143418 1288.38456484
143721 9597.60753166
145000 9597.60753166
145239 6042.95651044
145945 6042.95651044
146370 9243.89978914
147488 9243.89978914
147678 4893.84857623
148216 4893.84857623
148704 4745.51324536
149608 4745.51324536
150018 1701.23749023
150599 1701.23749023
150901 4860.72396659
151617 4860.72396659
152062 7322.04901271
152958 7322.04901271
153061 5922.87938996
154224 5922.87938996
154699 6398.00946112
155761 6398.00946112
156227 5614.82202917
157196 5614.82202917
157473 1756.39373319
158541 1756.39373319
158962 3192.11464969
160168 3192.11464969
160498 4324.06074143
161627 4324.06074143
161980 801.475229348
163244 801.475229348
163344 7856.44177112
164226 7856.44177112
164348 8760.53156665
165338 8760.53156665
165816 4615.76138
166686 4615.76138
167056 9240.66572369
168320 9240.66572369
168422 3045.64221837
169305 3045.64221837
169711 5875.42684265
171177 5875.42684265
171593 7707.67435523
172963 7707.67435523
173370 5248.95850619
174530 5248.95850619
174753 4001.91314522
176027 4001.91314522
176431 736.717786797
176976 736.717786797
177369 8440.61054966
178537 8440.61054966
178731 3597.84819623
179475 3597.84819623
179799 9966.78866764
180975 9966.78866764
181150 3382.65520482
182196 3382.65520482
182563 5943.544602
183890 5943.544602
183991 7349.14676825
184978 7349.14676825
185424 1989.70779724
186775 1989.70779724
187158 2314.10061993
188413 2314.10061993
188904 7588.97027376
190115 7588.97027376
190498 5534.63109705
191111 5534.63109705
191466 5526.92546176
192220 5526.92546176
192509 3435.51764162
193147 3435.51764162
193342 3602.41620994
194267 3602.41620994
194580 6848.61993325
195455 6848.61993325
195726 2997.60633275
196289 2997.60633275
196425 7115.36107858
197214 7115.36107858
197356 3676.61476051
198349 3676.61476051
198701 6501.62071611
200191 6501.62071611
200649 5261.80444659
202061 5261.80444659
202201 8045.60547702
203009 8045.60547702
203376 4399.22163506
204526 4399.22163506
204954 2964.72396451
206197 2964.72396451
206547 2667.7466582
207720 2667.7466582
207946 3519.05553916
209223 3519.05553916
209684 6321.68410529
210950 6321.68410529
211343 3167.71062497
212769 3167.71062497
212940 4235.98849657
213754 4235.98849657
214153 7328.79859338
215326 7328.79859338
215802 9315.9134353
217231 9315.9134353
217688 7333.54933605
218304 7333.54933605
218454 2742.4421457
219404 2742.4421457
219625 3755.01028609
221119 3755.01028609
221342 3590.81128301
221887 3590.81128301
222189 5595.21028553
222841 5595.21028553
223204 6142.74545633
224373 6142.74545633
224816 5352.4800958
226244 5352.4800958
226554 6605.87115019
227466 6605.87115019
227904 7507.7330041
228985 7507.7330041
229260 6092.36316473
230131 6092.36316473
230397 6128.60638133
231816 6128.60638133
231935 7410.57092012
232549 7410.57092012
232836 8904.63747737
234174 8904.63747737
234543 5089.77738017
235780 5089.77738017
236126 2516.27467953
237322 2516.27467953
237454 6765.39320975
238228 6765.39320975
238685 7801.2418389
239281 7801.2418389
239493 1663.40559358
240516 1663.40559358
240667 6125.34116815
242068 6125.34116815
242544 5082.50696564
243678 5082.50696564
244041 3031.67978072
245430 3031.67978072
245816 906.44589143
246609 906.44589143
246986 3530.1133683
247541 3530.1133683
248006 8795.36702176
248861 8795.36702176
249244 5671.6461786
249877 5671.6461786
250123 5792.26788073
250742 5792.26788073
250879 5997.43970075
251938 5997.43970075
252428 8732.40650081
253550 8732.40650081
253811 2633.31668186
254853 2633.31668186
255189 3946.20529682
256271 3946.20529682
256626 4117.67553406
257875 4117.67553406
258290 6505.46839969
259576 6505.46839969
259900 3941.48629047
261222 3941.48629047
261720 6984.06175086
263014 6984.06175086
263316 6749.66020649
264605 6749.66020649
264706 3138.91334264
265865 3138.91334264
266363 4371.23278001
267171 4371.23278001
267281 1913.55937748
268273 1913.55937748
