0 9739.69670161
784 9739.69670161
1102 11946.2395282
2184 11946.2395282
2535 2557.66488685
3988 2557.66488685
4177 12021.6138383
5105 12021.6138383
5491 818.529703197
6439 818.529703197
6933 7280.65239476
8254 7280.65239476
8695 2374.40830951
9489 2374.40830951
9890 633.390495622
10773 633.390495622
11068 4324.32328795
11875 4324.32328795
12238 10420.5593242
12998 10420.5593242
13153 2061.35306284
13758 2061.35306284
14012 7180.21997644
15300 7180.21997644
15433 7709.29623765
16554 7709.29623765
16782 1864.35225963
18226 1864.35225963
18365 18079.4711915
18896 18079.4711915
19250 8492.92809069
20510 8492.92809069
20763 1482.52636542
21689 1482.52636542
22052 2552.93794772
23128 2552.93794772
23509 3004.86291455
24790 3004.86291455
25287 4503.19913921
26433 4503.19913921
26758 10645.8880423
27772 10645.8880423
28035 892.929265613
28636 892.929265613
29042 5909.12294244
30481 5909.12294244
30777 1590.71530626
31613 1590.71530626
31842 6463.0362989
33251 6463.0362989
33663 3858.92708667
34846 3858.92708667
35310 6723.17719889
36734 6723.17719889
37081 9732.6419561
38160 9732.6419561
38572 3303.48618526
40002 3303.48618526
40158 6494.26132978
41130 6494.26132978
41500 9891.94316231
42409 9891.94316231
42897 3650.96237991
44051 3650.96237991
44226 948.325601927
45318 948.325601927
45580 12139.8156602
46561 12139.8156602
46856 587.441458215
47582 587.441458215
47923 7247.23961721
48977 7247.23961721
49120 13044.2543783
49759 13044.2543783
50014 12678.1347114
50606 12678.1347114
50972 3803.56213146
51902 3803.56213146
52047 11958.0601057
53148 11958.0601057
53310 2219.97403299
53930 2219.97403299
54103 13973.5698336
55448 13973.5698336
55665 9685.19658097
57117 9685.19658097
57464 11396.8834904
58333 11396.8834904
58516 8572.48773783
59714 8572.48773783
59985 7068.72632819
61124 7068.72632819
61618 5061.66038412
62207 5061.66038412
62696 2798.01489965
64014 2798.01489965
64377 12074.2546906
65386 12074.2546906
65704 10597.1432882
66438 10597.1432882
66615 14070.698458
68098 14070.698458
68351 5118.75164282
69355 5118.75164282
69705 10604.9218942
70757 10604.9218942
71247 3508.10993413
72591 3508.10993413
72887 1034.1237097
73957 1034.1237097
74425 10700.3837686
75875 10700.3837686
76256 9553.0354286
76874 9553.0354286
77043 4201.07913693
77832 4201.07913693
78124 5164.3793982
78698 5164.3793982
78834 5887.18600238
79424 5887.18600238
79866 6641.61555811
80728 6641.61555811
80987 3387.56708011
81599 3387.56708011
81910 10864.8386171
82582 10864.8386171
82736 2048.33077705
83877 2048.33077705
84312 5242.6696261
85403 5242.6696261
85854 3198.19407964
87265 3198.19407964
87759 7098.99089947
89205 7098.99089947
89413 636.420268822
90433 636.420268822
90603 4782.54165141
91842 4782.54165141
92143 3183.78716636
93498 3183.78716636
93707 8016.02727205
95131 8016.02727205
95520 368.408422212
96665 368.408422212
97072 11117.5412408
98521 11117.5412408
98672 217.869852184
100167 217.869852184
100500 4915.02872129
101844 4915.02872129
102210 7720.03856576
103123 7720.03856576
103301 3284.77157752
103895 3284.77157752
104262 9094.67702172
105069 9094.67702172
105399 5767.11351175
105982 5767.11351175
106203 8614.28004021
107161 8614.28004021
107482 3126.21201253
108118 3126.21201253
108317 1591.91622082
109636 1591.91622082
110102 4836.92099776
111325 4836.92099776
111754 4620.61241873
112365 4620.61241873
112734 10716.2697684
113426 10716.2697684
113711 7933.4006589
114768 7933.4006589
115010 11242.9618942
115690 11242.9618942
116155 10615.1138543
116827 10615.1138543
117197 11160.8159141
117872 11160.8159141
118073 2640.7541703
119257 2640.7541703
119511 7435.10210357
120980 7435.10210357
121322 5295.51416358
122459 5295.51416358
122687 7441.19885064
123306 7441.19885064
123777 5854.42761632
124803 5854.42761632
125085 8492.14142609
126427 8492.14142609
126544 2919.21204924
127354 2919.21204924
127496 3015.14846481
128397 3015.14846481
128693 3975.80496494
129294 3975.80496494
129779 9058.78276261
130997 9058.78276261
131239 8474.35475902
132096 8474.35475902
132504 3164.21951284
133750 3164.21951284
134030 10188.1310114
134960 10188.1310114
135306 15907.8260382
136446 15907.8260382
136744 18282.5698547
138068 18282.5698547
138381 14857.6778887
139388 14857.6778887
139634 5513.62567453
140331 5513.62567453
140473 8411.85981301
141952 8411.85981301
142230 11899.0004888
143106 11899.0004888
143413 6496.66864334
144338 6496.66864334
144720 12987.2970603
146159 12987.2970603
146572 7637.34980097
147462 7637.34980097
147655 3410.22615516
148265 3410.22615516
148623 9156.17021627
149808 9156.17021627
150285 2390.55605397
151346 2390.55605397
151554 4274.26464494
152493 4274.26464494
152613 8197.3928218
153876 8197.3928218
154136 2276.74526623
155097 2276.74526623
155390 8718.18894779
156443 8718.18894779
156692 11410.4939276
157587 11410.4939276
158084 7201.36739989
158662 7201.36739989
159154 10836.706349
160178 10836.706349
160533 7439.20277078
161142 7439.20277078
161586 7212.0397363
163025 7212.0397363
163175 13482.7640936
163911 13482.7640936
164049 4909.97192113
164666 4909.97192113
164775 5552.06342003
165347 5552.06342003
165778 2294.13225161
167034 2294.13225161
167193 8726.52408833
168065 8726.52408833
168352 3186.32601048
169161 3186.32601048
169296 15882.0465818
170713 15882.0465818
170938 9203.05400163
172178 9203.05400163
172577 4435.57388709
173969 4435.57388709
174328 7578.17245168
175425 7578.17245168
175917 6161.00719263
176476 6161.00719263
176914 1243.66229971
177656 1243.66229971
177770 4275.3640022
179122 4275.3640022
179599 9913.1331974
180472 9913.1331974
180947 13685.8221586
182342 13685.8221586
182471 9435.85849508
183776 9435.85849508
183981 6863.41026945
184825 6863.41026945
185256 2867.094858
186338 2867.094858
186474 1316.79458069
187812 1316.79458069
188082 7169.85088797
188805 7169.85088797
189013 4564.29215322
190388 4564.29215322
190664 2643.57062651
191399 2643.57062651
191822 5572.8556214
192798 5572.8556214
192930 2915.92442933
194220 2915.92442933
194419 12028.7852216
195891 12028.7852216
196311 10690.7312542
197642 10690.7312542
197819 8898.89550006
198609 8898.89550006
199108 10830.7593254
199876 10830.7593254
200054 9607.31201767
200915 9607.31201767
201093 16366.4942384
202336 16366.4942384
202676 3900.42721595
203945 3900.42721595
204053 7217.28432988
205012 7217.28432988
205398 19410.6344545
205958 19410.6344545
206218 7451.87179626
207694 7451.87179626
208096 4493.98604478
209203 4493.98604478
209346 5328.95816643
210348 5328.95816643
210730 933.584448
212196 933.584448
212445 6801.98063179
213649 6801.98063179
214132 7214.88975608
215557 7214.88975608
216032 2822.42649967
216592 2822.42649967
216909 17318.8930679
218050 17318.8930679
218422 2924.85068441
219276 2924.85068441
219397 8878.31161757
220023 8878.31161757
220348 5174.64180338
221217 5174.64180338
221524 3680.20518731
222638 3680.20518731
223101 4402.74079173
223960 4402.74079173
224067 2735.53649676
225563 2735.53649676
225686 361.083301278
226447 361.083301278
226772 11008.9880731
227432 11008.9880731
227721 8505.3639748
228271 8505.3639748
228549 12862.2337372
229855 12862.2337372
230054 7786.88631474
231192 7786.88631474
231344 11584.0581072
232282 11584.0581072
232678 4931.27543667
233388 4931.27543667
233852 11089.7729118
234483 11089.7729118
234616 1354.50077501
235962 1354.50077501
236379 3416.40868859
237445 3416.40868859
237623 8905.14285447
238486 8905.14285447
238723 4921.53808764
240219 4921.53808764
240598 14164.0730508
241271 14164.0730508
241724 7369.19681052
242919 7369.19681052
243415 6930.58943926
244383 6930.58943926
244607 6926.72210509
245584 6926.72210509
246068 14919.5993147
246722 14919.5993147
246844 4330.81755878
247460 4330.81755878
247908 15546.3224614
249330 15546.3224614
249630 10470.8349351
251031 10470.8349351
251461 8571.67198996
252010 8571.67198996
252219 11769.8317205
253539 11769.8317205
253652 8451.85540307
254867 8451.85540307
255169 7715.21299329
256418 7715.21299329
256829 423.602972555
258225 423.602972555
258689 1107.69253621
259278 1107.69253621
259444 4637.56939438
260177 4637.56939438
260524 3196.93943711
261032 3196.93943711
261441 2052.56172909
262245 2052.56172909
262425 3492.60885081
263077 3492.60885081
263517 13966.1347064
264642 13966.1347064
265003 11368.2846503
265986 11368.2846503
266224 4959.51900086
267708 4959.51900086
268195 9200.37823636
268975 9200.37823636
269124 3499.69143117
269864 3499.69143117
270255 2428.02725883
271068 2428.02725883
271558 9752.93974447
272194 9752.93974447
272348 8417.63327581
273827 8417.63327581
274057 3984.80079057
275016 3984.80079057
275386 7968.68034057
276137 7968.68034057
276443 8633.06960469
277100 8633.06960469
277267 5912.62083239
278046 5912.62083239
278303 2546.24075566
278866 2546.24075566
279122 7697.98465998
280096 7697.98465998
280355 3350.91292945
281347 3350.91292945
281815 494.322272208
283047 494.322272208
283236 13264.5841922
284021 13264.5841922
284392 9030.52743084
285311 9030.52743084
285604 7393.18353498
286917 7393.18353498
