0 5971.16721351
818 5971.16721351
1279 4891.73050458
2368 4891.73050458
2628 15158.7138153
3423 15158.7138153
3666 10525.9712228
4978 10525.9712228
5082 2112.38194764
5743 2112.38194764
6081 4117.31948609
6764 4117.31948609
7219 15903.7932313
7901 15903.7932313
8358 3870.79577896
9688 3870.79577896
10135 3720.53351277
10898 3720.53351277
11215 11254.5790412
12576 11254.5790412
13035 5073.67859656
14170 5073.67859656
14497 4738.80559865
15693 4738.80559865
16076 13021.2120511
17540 13021.2120511
17828 9619.57837542
19243 9619.57837542
19380 18787.2636201
20873 18787.2636201
21349 17326.2523145
22821 17326.2523145
23067 5227.42923521
24562 5227.42923521
25036 5601.1161454
25551 5601.1161454
25720 10383.2844411
26703 10383.2844411
27133 10833.3036986
28387 10833.3036986
28721 14463.4156218
29775 14463.4156218
30223 11568.1127413
30955 11568.1127413
31129 10948.5398347
32218 10948.5398347
32655 9638.97069873
33829 9638.97069873
34222 11697.8099417
34985 11697.8099417
35177 8648.48392102
35796 8648.48392102
35913 5904.81554745
36624 5904.81554745
37063 5014.69754385
37912 5014.69754385
38343 11658.2807016
39204 11658.2807016
39538 700.760815393
40988 700.760815393
41411 6365.62013886
42346 6365.62013886
42760 10383.4288143
43472 10383.4288143
43736 4873.52223944
44304 4873.52223944
44678 457.817392894
45299 457.817392894
45567 12689.0239842
46848 12689.0239842
47142 14513.5390072
48256 14513.5390072
48588 1395.05500729
49590 1395.05500729
49754 3506.05386179
50906 3506.05386179
51209 8449.35307557
52558 8449.35307557
53003 3761.26326554
53720 3761.26326554
53842 5352.67766606
54627 5352.67766606
55071 11869.6695636
55772 11869.6695636
56202 10215.3673565
56894 10215.3673565
57342 5515.58517713
57877 5515.58517713
58114 8437.61583943
59149 8437.61583943
59377 7740.88113829
60584 7740.88113829
60861 14669.1037952
61389 14669.1037952
61692 6139.40836794
62309 6139.40836794
62679 5146.39668432
63532 5146.39668432
63911 9034.08306106
64756 9034.08306106
65186 16916.9859624
65946 16916.9859624
66206 2083.46642561
67088 2083.46642561
67392 1933.15887819
67957 1933.15887819
68151 12193.0872386
69351 12193.0872386
69699 11113.263721
70947 11113.263721
71081 2143.94069141
72088 2143.94069141
72314 11785.66982
73217 11785.66982
73691 5851.27064223
74343 5851.27064223
74722 15415.7086093
76178 15415.7086093
76617 4734.73859866
77774 4734.73859866
78163 587.22402265
79142 587.22402265
79579 9838.6292669
80133 9838.6292669
80289 12532.453586
81493 12532.453586
81718 5351.84536868
82464 5351.84536868
82838 651.420255765
83485 651.420255765
83698 16964.2805422
85056 16964.2805422
85160 4209.31976351
85814 4209.31976351
86200 10023.6757975
87387 10023.6757975
87703 6078.76136226
88921 6078.76136226
89280 9904.24742124
90764 9904.24742124
90902 65.0542117677
91663 65.0542117677
91945 1160.90893004
92826 1160.90893004
93255 5204.81563298
93761 5204.81563298
94232 7807.53246861
95090 7807.53246861
95514 5942.23062006
96615 5942.23062006
96996 10353.1207041
97658 10353.1207041
98115 6395.08961376
99166 6395.08961376
99455 2746.78974941
100339 2746.78974941
100473 17503.9613168
101395 17503.9613168
101546 6748.69336642
102763 6748.69336642
102944 11999.3781514
104383 11999.3781514
104625 14186.7194714
105669 14186.7194714
105934 8500.5808236
107346 8500.5808236
107691 3940.43206482
108793 3940.43206482
109076 4061.84164005
109616 4061.84164005
109859 12968.0584261
111033 12968.0584261
111312 7699.36219309
111990 7699.36219309
112107 11001.6654418
113136 11001.6654418
113398 1640.68438183
114668 1640.68438183
114969 5332.98470546
115650 5332.98470546
115967 8250.45109121
116976 8250.45109121
117330 4446.1016574
118480 4446.1016574
118963 6404.2319521
119469 6404.2319521
119842 16280.3778765
120821 16280.3778765
121198 13269.4430923
122524 13269.4430923
122974 7373.06198119
123827 7373.06198119
124125 10680.8134168
124821 10680.8134168
125147 2493.99859948
126046 2493.99859948
126265 4617.24828576
127368 4617.24828576
127619 13196.8283622
128246 13196.8283622
128436 10587.1056393
129294 10587.1056393
129733 7722.23908633
130579 7722.23908633
130863 5641.91104508
132280 5641.91104508
132662 17927.8172643
133874 17927.8172643
134347 4771.02186345
135228 4771.02186345
135346 7217.29874886
136100 7217.29874886
136531 3623.85133261
137197 3623.85133261
137656 8757.38338524
138792 8757.38338524
138964 4535.32690295
139963 4535.32690295
140122 11065.4510825
141441 11065.4510825
141874 11551.1442415
142809 11551.1442415
143283 6944.02900566
144076 6944.02900566
144437 1275.0969754
144993 1275.0969754
145320 18403.4099671
146640 18403.4099671
146942 8451.81809771
147531 8451.81809771
147744 13795.5474126
148616 13795.5474126
148849 4296.58438563
149747 4296.58438563
150170 8543.15041599
150781 8543.15041599
151074 4214.25281439
152206 4214.25281439
152558 9271.09067482
153505 9271.09067482
153702 3239.71632695
154575 3239.71632695
155012 7972.49314592
155901 7972.49314592
156340 6324.30459214
157008 6324.30459214
157124 4528.95175734
158502 4528.95175734
158988 14685.0330826
160070 14685.0330826
160427 5231.56344802
161223 5231.56344802
161635 6763.26144938
162438 6763.26144938
162863 11735.8914963
163867 11735.8914963
164123 5192.49501497
164988 5192.49501497
165381 11391.3773527
166354 11391.3773527
166553 19173.8380273
167959 19173.8380273
168214 9373.52930062
169344 9373.52930062
169584 12031.5633872
170605 12031.5633872
170787 3918.04705239
171343 3918.04705239
171537 14492.7448415
172527 14492.7448415
172969 15477.2869743
173593 15477.2869743
173986 6993.2182832
174762 6993.2182832
175140 3278.10792666
175925 3278.10792666
176058 8141.67336611
177272 8141.67336611
177516 3338.75630621
178207 3338.75630621
178604 122.396923449
179891 122.396923449
180019 9250.26110868
181350 9250.26110868
181697 7505.48545134
182629 7505.48545134
182929 5110.77944852
183895 5110.77944852
184272 8614.63204471
185334 8614.63204471
185516 6334.81300543
186869 6334.81300543
187159 11219.7325276
188229 11219.7325276
188578 10727.5675208
189462 10727.5675208
189704 14386.3763517
190644 14386.3763517
191002 7197.53105685
192224 7197.53105685
192450 6817.39473965
193714 6817.39473965
193924 3159.90771442
195299 3159.90771442
195513 7136.10949936
196475 7136.10949936
196910 18125.8883605
197802 18125.8883605
197910 6325.67128197
199212 6325.67128197
199631 7774.25482185
200309 7774.25482185
200517 2115.63277871
201620 2115.63277871
201919 2489.21132525
202897 2489.21132525
203256 13414.5124752
203790 13414.5124752
204280 2863.61197669
204947 2863.61197669
205148 6199.92723547
206622 6199.92723547
207085 13833.9979635
207841 13833.9979635
208017 2975.21721792
208547 2975.21721792
208798 3516.52050265
209358 3516.52050265
209596 8424.92119953
211018 8424.92119953
211355 1767.80757626
212412 1767.80757626
212757 11351.8297889
213362 11351.8297889
213473 15138.5461647
214453 15138.5461647
214671 14895.0896386
215740 14895.0896386
216014 12299.260543
217334 12299.260543
217598 9686.48562646
218240 9686.48562646
218622 11643.8783783
219485 11643.8783783
219722 5933.7497042
221015 5933.7497042
221211 11822.100848
221750 11822.100848
222062 5833.84822261
223427 5833.84822261
223620 1158.3791909
225041 1158.3791909
225196 7622.68140165
226187 7622.68140165
226650 6584.64896152
228137 6584.64896152
228629 2876.17377767
229663 2876.17377767
229884 4421.61520795
230670 4421.61520795
230957 8708.83902608
231995 8708.83902608
232419 5718.89180724
232924 5718.89180724
233320 4845.68653025
234567 4845.68653025
234859 8942.36298915
236082 8942.36298915
236425 9195.14123713
237571 9195.14123713
237880 9689.19047653
238490 9689.19047653
238630 7606.0480751
239899 7606.0480751
240079 7216.02796954
241298 7216.02796954
241415 6371.16400651
242512 6371.16400651
242760 546.746210494
243958 546.746210494
244393 15131.2698983
245308 15131.2698983
245512 5125.99426241
246970 5125.99426241
247263 5015.35105702
247833 5015.35105702
247951 16227.5331555
248775 16227.5331555
249065 11010.8817643
250227 11010.8817643
250582 8803.17225499
251565 8803.17225499
252039 7902.12165833
253189 7902.12165833
253554 15801.6934097
254172 15801.6934097
254528 8757.31228875
255060 8757.31228875
255436 6213.68038179
255974 6213.68038179
256221 3222.23548888
257106 3222.23548888
257535 17650.7574988
258767 17650.7574988
259073 1793.46438986
259742 1793.46438986
260127 6752.71907272
261233 6752.71907272
261424 2418.21950739
262466 2418.21950739
262776 9963.08799092
263812 9963.08799092
264023 1986.53438391
265477 1986.53438391
265695 4198.8399964
267047 4198.8399964
267276 13400.6848213
268253 13400.6848213
268530 10024.711208
269244 10024.711208
269516 5702.07602544
270676 5702.07602544
270999 11257.0358415
272220 11257.0358415
272685 3769.97853514
273853 3769.97853514
274218 2163.54338607
275321 2163.54338607
275506 7119.27916987
276576 7119.27916987
276990 2039.96562724
277806 2039.96562724
278165 5586.80021097
279283 5586.80021097
279619 7835.18347807
281087 7835.18347807
