0 3406.33959421
1305 3406.33959421
1443 10203.5815593
2439 10203.5815593
2654 6823.13343652
3848 6823.13343652
4093 12289.8644969
5192 12289.8644969
5550 4507.84368598
6772 4507.84368598
6932 9970.7195787
8320 9970.7195787
8579 4952.04491173
9287 4952.04491173
9573 4318.54833711
10584 4318.54833711
10945 7722.59468932
11546 7722.59468932
11780 5224.10280413
12632 5224.10280413
13086 5405.04513088
14117 5405.04513088
14522 5045.98804023
15985 5045.98804023
16152 7779.78357886
16950 7779.78357886
17407 7678.24758991
18421 7678.24758991
18661 7824.19596651
19435 7824.19596651
19810 7146.25321751
20494 7146.25321751
20945 7130.36092317
22010 7130.36092317
22321 5977.65515185
23270 5977.65515185
23628 4785.47167625
24665 4785.47167625
25084 12468.4344324
25863 12468.4344324
26282 11751.9219731
27319 11751.9219731
27606 7728.1772525
28529 7728.1772525
28847 6944.84023657
30110 6944.84023657
30550 7086.24745607
31307 7086.24745607
31631 1478.2227137
32223 1478.2227137
32363 5910.334094
33833 5910.334094
34243 12314.5703915
35323 12314.5703915
35575 6470.43214727
36089 6470.43214727
36358 11415.2060924
37552 11415.2060924
37990 3380.09356304
38972 3380.09356304
39211 10719.5482213
40538 10719.5482213
40811 5896.71713722
41601 5896.71713722
41743 9726.3168595
42466 9726.3168595
42845 5967.46553749
43692 5967.46553749
44017 9380.80660691
44786 9380.80660691
45201 7582.86576429
46509 7582.86576429
46620 4407.57531786
47224 4407.57531786
47531 4370.31263148
48551 4370.31263148
48792 10531.072521
50256 10531.072521
50650 5292.63855925
51900 5292.63855925
52264 11206.1137697
53416 11206.1137697
53550 9848.69469755
54732 9848.69469755
55069 3626.71893375
56542 3626.71893375
56896 12046.1228716
57889 12046.1228716
58123 6755.87777853
59612 6755.87777853
59875 6116.85653021
60956 6116.85653021
61354 3304.6893407
62286 3304.6893407
62495 11435.0982113
63725 11435.0982113
63828 7252.12043853
64452 7252.12043853
64834 4135.0773018
65615 4135.0773018
66050 12438.7365554
66772 12438.7365554
67174 2760.6334639
67686 2760.6334639
68064 3564.680912
69420 3564.680912
69537 3317.56094047
70795 3317.56094047
70902 9840.79852563
72100 9840.79852563
72267 5646.66225582
72891 5646.66225582
73183 12213.7692648
73844 12213.7692648
74284 2860.33619928
75111 2860.33619928
75469 4778.3814314
76399 4778.3814314
76578 8075.34537472
77922 8075.34537472
78128 4663.72931101
78644 4663.72931101
79131 6961.27162393
80414 6961.27162393
80526 4132.35907766
81832 4132.35907766
82005 11050.6879051
83272 11050.6879051
83411 11859.3374738
84357 11859.3374738
84800 9614.59555306
86187 9614.59555306
86407 4873.83530964
87540 4873.83530964
87708 4086.44603645
88634 4086.44603645
89103 3148.85337074
90059 3148.85337074
90326 8468.51924442
91495 8468.51924442
91694 9312.15221579
92824 9312.15221579
93255 5756.06849576
94173 5756.06849576
94307 2892.79397023
95094 2892.79397023
95388 6757.16124858
96726 6757.16124858
96987 11306.0021817
98167 11306.0021817
98460 3529.84008105
99437 3529.84008105
99719 9022.09740706
100732 9022.09740706
101152 9657.93075674
102530 9657.93075674
102726 7183.62133448
103677 7183.62133448
104143 4551.49487114
105575 4551.49487114
105992 10638.2407718
107052 10638.2407718
107548 6228.34023346
108403 6228.34023346
108578 5185.59248881
109805 5185.59248881
110101 6474.39137072
111552 6474.39137072
111664 7996.95024141
112794 7996.95024141
113138 8398.46131745
114360 8398.46131745
114550 12765.5249025
115883 12765.5249025
116359 6447.60142468
117301 6447.60142468
117452 6335.32094768
118756 6335.32094768
118856 11207.0984796
119716 11207.0984796
119902 7035.26636318
120542 7035.26636318
120704 7950.47925384
121826 7950.47925384
122031 5732.68497977
122920 5732.68497977
123037 11716.4064272
123975 11716.4064272
124147 8290.48449865
125566 8290.48449865
125809 6246.16959572
126793 6246.16959572
127173 4947.53653382
128670 4947.53653382
129009 7498.94228057
129923 7498.94228057
130330 8754.15586198
131297 8754.15586198
131534 9698.76238555
132144 9698.76238555
132566 6865.01688316
133852 6865.01688316
134248 11737.0662323
135641 11737.0662323
135758 10851.7692082
136893 10851.7692082
137070 7941.8022953
137724 7941.8022953
138102 7234.50952098
139308 7234.50952098
139528 9837.8283998
140516 9837.8283998
140656 6579.90652442
142046 6579.90652442
142257 6344.23881232
143460 6344.23881232
143927 10158.8537371
144903 10158.8537371
145188 8858.10855343
145880 8858.10855343
146017 10573.2248973
147057 10573.2248973
147506 8051.1032149
148029 8051.1032149
148405 3556.15045368
149001 3556.15045368
149361 10240.8697003
150179 10240.8697003
150330 9666.35041329
151207 9666.35041329
151350 3519.294424
152583 3519.294424
152975 5517.04550228
154274 5517.04550228
154623 8778.23188484
155479 8778.23188484
155906 9292.01791785
156986 9292.01791785
157252 9753.61281788
158221 9753.61281788
158582 6263.18349102
159501 6263.18349102
159852 6843.22767003
161077 6843.22767003
161487 9838.91869158
162830 9838.91869158
162947 8596.81608546
164132 8596.81608546
164343 6242.51969801
165488 6242.51969801
165824 7942.16536315
167131 7942.16536315
167509 5831.60721473
168917 5831.60721473
169286 9184.07147377
170270 9184.07147377
170522 4725.91427235
171866 4725.91427235
171968 9755.83222283
172766 9755.83222283
173154 10720.4576609
174268 10720.4576609
174747 10204.5435132
175953 10204.5435132
176299 8439.66509648
177213 8439.66509648
177562 9242.43514649
178673 9242.43514649
178908 9987.157694
180095 9987.157694
180299 10765.8084225
180860 10765.8084225
181080 8367.90282129
181849 8367.90282129
182077 9441.08724073
182608 9441.08724073
182776 5333.23467995
183506 5333.23467995
183676 11893.710026
184530 11893.710026
184775 6156.99754513
186225 6156.99754513
186384 1782.17991397
187523 1782.17991397
187906 7489.45879507
189094 7489.45879507
189382 4478.4771849
190069 4478.4771849
190242 11336.7648782
191593 11336.7648782
191700 7943.68537458
192917 7943.68537458
193383 8993.61300179
194741 8993.61300179
194969 7043.29965723
196253 7043.29965723
196700 5066.90880936
197279 5066.90880936
197546 9168.08961668
198453 9168.08961668
198589 8486.12708134
199183 8486.12708134
199658 3445.85862805
201054 3445.85862805
201482 8230.71809692
202346 8230.71809692
202738 6544.58325601
203575 6544.58325601
203952 5799.97082807
204851 5799.97082807
205350 5958.28620085
206013 5958.28620085
206398 6536.61223129
207049 6536.61223129
207487 10604.4074976
208477 10604.4074976
208860 9429.1864323
209468 9429.1864323
209783 10709.8250055
210847 10709.8250055
211048 7938.13233851
212353 7938.13233851
212697 8884.62729759
213571 8884.62729759
213979 4146.26639848
215340 4146.26639848
215704 5474.08797878
216895 5474.08797878
217263 13552.2544249
217809 13552.2544249
218126 11089.4152139
219068 11089.4152139
219522 5513.88036288
220778 5513.88036288
221154 4727.60772873
222441 4727.60772873
222734 8749.98291231
223320 8749.98291231
223503 6536.0079505
224261 6536.0079505
224531 7769.48691343
225804 7769.48691343
226100 12367.2155703
227486 12367.2155703
227827 8841.79492523
229107 8841.79492523
229393 12305.5756664
230204 12305.5756664
230576 5931.09550094
231651 5931.09550094
232132 2617.31161556
233558 2617.31161556
233778 9511.93092319
234669 9511.93092319
235006 7489.3601891
236393 7489.3601891
236603 4291.1452081
238067 4291.1452081
238536 8802.45478343
239587 8802.45478343
239880 11521.970288
241043 11521.970288
241275 8554.88352651
242683 8554.88352651
243120 11841.4667363
243739 11841.4667363
244124 10720.4926583
245085 10720.4926583
245355 7099.74299706
246827 7099.74299706
246937 7523.1649122
248077 7523.1649122
248539 12038.1420595
249607 12038.1420595
