0 10463.7904804
857 10463.7904804
1208 4522.09595102
1742 4522.09595102
2117 12970.098229
3534 12970.098229
3993 3790.93800304
4571 3790.93800304
4951 5867.43631517
6018 5867.43631517
6224 12120.2212886
7584 12120.2212886
7704 12076.6955936
8668 12076.6955936
8829 8860.1881949
9689 8860.1881949
10166 10569.3464881
11137 10569.3464881
11299 11380.5827232
12273 11380.5827232
12428 8199.60312499
13674 8199.60312499
13913 7305.62538522
15285 7305.62538522
15672 8972.41804892
16417 8972.41804892
16780 8723.38562957
17572 8723.38562957
17795 10804.4601453
18577 10804.4601453
19027 13923.3758647
19815 13923.3758647
19954 4252.25983146
21399 4252.25983146
21804 13645.6449339
22771 13645.6449339
23229 8116.76669055
23973 8116.76669055
24136 6758.55823571
25431 6758.55823571
25730 10044.8010606
26503 10044.8010606
26784 2561.0924477
27487 2561.0924477
27971 10964.1891649
28901 10964.1891649
29299 4139.54012831
29914 4139.54012831
30181 7626.01159778
31054 7626.01159778
31232 4166.59217914
32517 4166.59217914
32983 4794.96203442
34046 4794.96203442
34174 10784.9354093
34964 10784.9354093
35372 9413.97282161
36282 9413.97282161
36560 8077.34855312
37064 8077.34855312
37210 8234.63263776
38413 8234.63263776
38824 13167.454921
39684 13167.454921
39798 6547.92670576
40449 6547.92670576
40642 1099.2826347
41977 1099.2826347
42266 12802.4310595
42800 12802.4310595
43293 14320.9669205
43963 14320.9669205
44281 4981.50456724
45642 4981.50456724
46133 7372.90368296
47387 7372.90368296
47611 7324.2856268
48583 7324.2856268
48839 2591.34322987
49861 2591.34322987
50240 3779.73607706
51652 3779.73607706
51863 5798.73264719
52590 5798.73264719
52780 5899.24519278
54164 5899.24519278
54450 5006.04488198
55437 5006.04488198
55761 5742.14171754
56921 5742.14171754
57148 8898.38598398
58208 8898.38598398
58395 9101.34244041
59634 9101.34244041
60041 6860.04847267
60649 6860.04847267
61050 11020.3009179
61905 11020.3009179
62353 8699.64063202
63528 8699.64063202
63663 9199.01677724
64288 9199.01677724
64450 17209.5198497
65558 17209.5198497
65824 8428.82513495
66460 8428.82513495
66583 3643.88417406
67254 3643.88417406
67593 8941.8498784
68673 8941.8498784
69098 5933.62862968
70345 5933.62862968
70551 12602.5106821
71357 12602.5106821
71670 9210.64456034
72807 9210.64456034
73090 6250.92410539
73922 6250.92410539
74330 3331.96036849
75762 3331.96036849
75913 8055.40964827
77272 8055.40964827
77754 6862.44253081
78391 6862.44253081
78742 4130.77111506
79980 4130.77111506
80341 11329.3309633
81567 11329.3309633
81929 7739.28655153
82759 7739.28655153
83165 5915.89068366
84382 5915.89068366
84664 11608.4314743
86119 11608.4314743
86219 6313.58727473
87618 6313.58727473
87991 5640.07002732
89257 5640.07002732
89424 8320.2055371
90338 8320.2055371
90741 7366.58658267
92087 7366.58658267
92289 4989.50854638
92943 4989.50854638
93252 9895.68855932
93938 9895.68855932
94405 2299.62935091
95180 2299.62935091
95466 6137.95487946
95972 6137.95487946
96367 7419.59648695
97823 7419.59648695
98038 5609.25397687
99464 5609.25397687
99626 5461.94521379
100474 5461.94521379
100704 9201.2140889
101342 9201.2140889
101662 7850.13898126
102643 7850.13898126
102849 7862.34299624
103679 7862.34299624
103812 8005.73143964
105199 8005.73143964
105640 10033.5399722
106892 10033.5399722
107086 7961.58945884
107973 7961.58945884
108341 6016.41417803
109782 6016.41417803
110192 8012.07227445
110911 8012.07227445
111015 1518.17943546
111520 1518.17943546
111808 11057.1172142
112486 11057.1172142
112612 4632.62718801
113865 4632.62718801
114118 6788.63763506
115408 6788.63763506
115848 9061.77939987
116684 9061.77939987
117066 9128.32181432
117741 9128.32181432
117948 14545.0273443
118690 14545.0273443
118903 12602.8772403
120197 12602.8772403
120457 7888.22405686
121210 7888.22405686
121385 10217.1034392
122491 10217.1034392
122703 4512.27285942
123229 4512.27285942
123654 8540.77148039
124983 8540.77148039
125391 11486.8133246
125990 11486.8133246
126425 8830.15792061
127862 8830.15792061
128133 7255.44936391
129191 7255.44936391
129538 15231.0773868
130970 15231.0773868
131287 6517.90536318
132247 6517.90536318
132673 15108.3026163
133955 15108.3026163
134289 3069.93622328
134919 3069.93622328
135268 3287.32781452
136314 3287.32781452
136783 11443.5681018
137578 11443.5681018
137719 10084.0410866
139030 10084.0410866
139475 16695.1822299
140079 16695.1822299
140377 9945.85327971
141563 9945.85327971
141835 10942.649902
142946 10942.649902
143131 13996.9750228
144592 13996.9750228
145063 5458.94060882
146115 5458.94060882
146244 7072.16913874
147105 7072.16913874
147488 9940.54970147
148706 9940.54970147
149092 11710.3631759
150546 11710.3631759
150880 10610.064923
151753 10610.064923
151890 7798.79370848
152419 7798.79370848
152847 6854.25672145
153382 6854.25672145
153554 8060.21076251
154099 8060.21076251
154261 2331.8576031
155257 2331.8576031
155728 9490.21873941
156614 9490.21873941
156715 7619.02956102
157326 7619.02956102
157452 10574.5414411
158342 10574.5414411
158519 4925.54113604
159057 4925.54113604
159210 8034.42748363
159852 8034.42748363
160024 9619.26165736
160680 9619.26165736
160786 5567.54722656
162279 5567.54722656
162605 4491.09293423
163344 4491.09293423
163730 13881.5198969
164807 13881.5198969
165240 2903.03681792
166542 2903.03681792
166649 6831.21501336
167481 6831.21501336
167975 11477.6679647
168543 11477.6679647
168926 5853.08185405
170236 5853.08185405
170654 5981.23159861
171800 5981.23159861
172273 8319.41809411
173359 8319.41809411
173776 16047.5804423
174946 16047.5804423
175171 12867.3239283
176285 12867.3239283
176670 7744.05201044
177301 7744.05201044
177718 9343.77045133
178281 9343.77045133
178599 7422.46647206
179907 7422.46647206
180183 10669.9401165
180986 10669.9401165
181215 9563.48943276
181722 9563.48943276
181897 9421.50427399
183304 9421.50427399
183578 12158.9113537
184986 12158.9113537
185359 6191.1223378
185883 6191.1223378
186089 3703.92928021
187342 3703.92928021
187733 5534.81930509
188826 5534.81930509
189011 2809.13322102
189872 2809.13322102
190012 8732.35215758
191492 8732.35215758
191982 11015.1350758
192962 11015.1350758
193268 10330.0717167
194531 10330.0717167
194982 5157.07903413
196345 5157.07903413
196486 1821.11863872
197169 1821.11863872
197653 12796.4198783
198760 12796.4198783
198911 7903.61377053
200080 7903.61377053
200538 11637.2293629
201694 11637.2293629
202088 7723.89865702
203496 7723.89865702
203603 6080.41857592
204808 6080.41857592
205260 11206.315136
206528 11206.315136
206847 4251.25943845
208108 4251.25943845
208411 4819.21315668
209787 4819.21315668
210150 9288.34834219
210978 9288.34834219
211107 7153.81025003
212045 7153.81025003
212462 11016.8116956
213201 11016.8116956
213646 7893.87959414
214315 7893.87959414
214787 7029.10499022
215678 7029.10499022
215879 10314.4135994
216509 10314.4135994
216860 14812.4116934
218300 14812.4116934
218564 8799.43044501
219324 8799.43044501
219472 8418.04080447
220074 8418.04080447
220517 10148.5073243
221105 10148.5073243
221231 2382.79978175
222361 2382.79978175
