0 12239.3857229
663 12239.3857229
925 10891.2201622
2297 10891.2201622
2721 14394.5606052
3489 14394.5606052
3844 7142.3038333
4469 7142.3038333
4890 1936.35211283
6342 1936.35211283
6670 5473.73988278
8097 5473.73988278
8440 7265.74449161
9217 7265.74449161
9628 4743.97568137
10828 4743.97568137
11327 4053.24340236
12366 4053.24340236
12622 12111.7812246
13686 12111.7812246
13849 8119.6318148
15064 8119.6318148
15179 10977.9115399
16020 10977.9115399
16223 7587.78176887
17176 7587.78176887
17643 16820.4781765
18188 16820.4781765
18639 8322.03844157
19654 8322.03844157
20112 8374.5727969
21124 8374.5727969
21623 9243.95421958
23119 9243.95421958
23454 8054.28213405
24831 8054.28213405
25147 7918.5683052
25757 7918.5683052
26058 7836.65673465
27428 7836.65673465
27873 5214.6549803
29308 5214.6549803
29616 23868.5501818
30464 23868.5501818
30573 3761.00436906
31537 3761.00436906
31776 5060.57493269
32581 5060.57493269
32862 12470.6923191
34118 12470.6923191
34228 8548.15251051
35242 8548.15251051
35384 13217.8063588
36506 13217.8063588
36972 764.967675851
38230 764.967675851
38672 953.484505388
39422 953.484505388
39579 372.155611233
40707 372.155611233
40858 16696.1778818
41748 16696.1778818
41904 11682.6483438
43276 11682.6483438
43496 10417.8414697
44289 10417.8414697
44724 15060.4176308
45966 15060.4176308
46337 15460.2218801
47092 15460.2218801
47431 15124.3840743
48930 15124.3840743
49268 16433.1326393
49929 16433.1326393
50416 6751.18703534
51739 6751.18703534
52182 5553.5291294
52826 5553.5291294
53187 13485.0937748
53801 13485.0937748
54145 4799.7893774
54671 4799.7893774
54855 115.362387289
56309 115.362387289
56457 987.422000336
57197 987.422000336
57590 5199.05777448
58536 5199.05777448
58807 1950.64811571
59657 1950.64811571
59884 9762.66610694
60709 9762.66610694
61051 2514.06214454
62410 2514.06214454
62843 10846.9998119
63399 10846.9998119
63544 5997.79775289
64892 5997.79775289
65007 115.344031917
66333 115.344031917
66434 7641.05244848
67152 7641.05244848
67462 8297.14291022
68930 8297.14291022
69351 17149.1967766
69954 17149.1967766
70360 7124.85592039
71390 7124.85592039
71785 7195.07907526
72852 7195.07907526
73052 3569.26556311
74077 3569.26556311
74207 7304.60869892
74940 7304.60869892
75266 9988.54059121
76747 9988.54059121
77083 9411.07595361
78124 9411.07595361
78320 11482.9890236
79233 11482.9890236
79388 18530.6625872
80152 18530.6625872
80572 9705.08385465
81772 9705.08385465
82147 5251.61498995
82938 5251.61498995
83275 13666.1354283
83960 13666.1354283
84260 5079.6994418
84970 5079.6994418
85444 17801.5377193
86206 17801.5377193
86365 11887.5533865
87575 11887.5533865
87724 13878.6219259
88914 13878.6219259
89159 14535.8774597
89751 14535.8774597
89992 11852.503121
91346 11852.503121
91682 12852.5512664
92855 12852.5512664
93040 5071.0825479
94092 5071.0825479
94499 9199.42842666
95842 9199.42842666
96108 277.258969238
97300 277.258969238
97747 2920.67625315
98876 2920.67625315
99118 14266.1979284
100420 14266.1979284
100754 4249.15217904
101518 4249.15217904
101825 10865.4909596
102765 10865.4909596
102965 11377.3172668
104347 11377.3172668
104601 507.422951157
105311 507.422951157
105436 3026.593506
106647 3026.593506
107073 13201.217324
107886 13201.217324
108096 8369.77239781
109459 8369.77239781
109573 9628.62598679
110880 9628.62598679
111179 21053.9734609
112573 21053.9734609
112943 4039.72161664
114339 4039.72161664
114675 11620.2875482
115246 11620.2875482
115595 4270.49576926
116310 4270.49576926
116515 8330.71036909
117745 8330.71036909
117978 14922.3657584
118488 14922.3657584
118655 6932.07701894
119280 6932.07701894
119651 9954.63861247
120774 9954.63861247
120915 19609.1119051
121635 19609.1119051
121890 2785.76417672
122610 2785.76417672
122909 8400.80439243
123858 8400.80439243
124088 2647.43576819
124936 2647.43576819
125407 20192.8414252
126437 20192.8414252
126565 3954.84914901
127716 3954.84914901
127919 3180.6756492
129411 3180.6756492
129896 11766.7227257
131194 11766.7227257
131538 14854.6358384
132084 14854.6358384
132253 3619.70088083
133185 3619.70088083
133590 18616.0723938
134770 18616.0723938
135112 9379.48598666
136554 9379.48598666
137053 8153.78449784
137976 8153.78449784
138140 11885.258317
139161 11885.258317
139428 4661.20552874
140846 4661.20552874
141043 15635.1376038
141550 15635.1376038
141926 8633.65203044
142447 8633.65203044
142918 11543.5488066
144211 11543.5488066
144590 8803.79889215
145393 8803.79889215
145857 13694.8025503
147150 13694.8025503
147295 12329.7584987
147994 12329.7584987
148482 10669.4488714
149793 10669.4488714
149993 10846.2321867
151044 10846.2321867
151472 12291.7216449
152073 12291.7216449
152314 9199.43765127
153152 9199.43765127
153481 8533.62221615
154802 8533.62221615
155128 11480.0382048
156563 11480.0382048
156856 1842.02565566
157887 1842.02565566
157999 18539.7122481
159302 18539.7122481
159709 4396.26645683
160895 4396.26645683
161201 1761.07077184
162583 1761.07077184
162791 6364.10747424
163765 6364.10747424
163972 6348.83167299
164894 6348.83167299
165275 3760.69870929
165939 3760.69870929
166151 10237.7256247
167505 10237.7256247
167801 7283.80969894
168455 7283.80969894
168787 1146.5062504
169400 1146.5062504
169672 12151.2110907
171096 12151.2110907
171381 7329.52708777
172474 7329.52708777
172764 2339.88684452
173959 2339.88684452
174128 18239.4755256
174978 18239.4755256
175164 12781.698124
176487 12781.698124
176939 10964.4288185
178375 10964.4288185
178794 6173.63000127
179460 6173.63000127
179606 13518.0051947
180351 13518.0051947
180670 9057.84301745
182053 9057.84301745
182247 15721.6394817
182812 15721.6394817
182954 12097.2932982
183929 12097.2932982
184355 9196.62102328
184922 9196.62102328
185350 18171.3852968
186212 18171.3852968
186336 15273.2862491
187513 15273.2862491
187851 5481.04811815
188825 5481.04811815
189080 10186.3776854
190187 10186.3776854
190476 15185.0747266
191559 15185.0747266
191930 9415.37394384
192795 9415.37394384
193096 4364.15750549
194388 4364.15750549
194757 18685.04923
195281 18685.04923
195608 7381.72478016
196711 7381.72478016
197055 13970.7642609
197561 13970.7642609
197926 9035.75086834
198841 9035.75086834
199120 12482.4320573
200496 12482.4320573
200966 3454.37896533
201708 3454.37896533
202186 10678.2011828
203154 10678.2011828
203636 7243.81465362
204854 7243.81465362
205347 6500.54629485
206075 6500.54629485
206221 15959.0117173
206758 15959.0117173
206997 9789.89490213
208067 9789.89490213
208261 13840.3071179
209184 13840.3071179
209325 10125.1608086
210574 10125.1608086
210930 1663.30515444
212317 1663.30515444
212772 12924.0344886
214126 12924.0344886
214436 3665.10880456
215710 3665.10880456
215936 2838.33344649
217181 2838.33344649
217407 9777.98196948
218696 9777.98196948
218912 12940.9118225
220209 12940.9118225
220643 9036.02587925
221824 9036.02587925
222109 8907.39193095
222710 8907.39193095
223061 16435.9025743
223954 16435.9025743
224411 1060.7869847
225659 1060.7869847
226079 11616.8816712
226594 11616.8816712
226774 9834.82724844
228059 9834.82724844
228491 16398.9118936
229414 16398.9118936
229575 8420.50557739
230321 8420.50557739
230775 841.897275505
231365 841.897275505
231751 12163.1034328
232839 12163.1034328
233299 13636.6625136
234376 13636.6625136
234685 16217.739602
235746 16217.739602
236182 7097.12157204
237142 7097.12157204
237458 994.445551453
238103 994.445551453
238258 14472.1557803
238772 14472.1557803
239078 3641.51738789
240003 3641.51738789
240123 9153.09296482
241608 9153.09296482
241800 12478.3317818
242353 12478.3317818
242796 12167.1763231
243873 12167.1763231
244038 11374.2199787
245264 11374.2199787
245405 6000.4025048
246691 6000.4025048
247170 11899.6171948
248395 11899.6171948
248606 4926.09669283
249630 4926.09669283
249986 6223.46604554
250765 6223.46604554
251185 11089.4154315
251892 11089.4154315
252011 13636.8256176
252514 13636.8256176
252964 11518.6931688
254137 11518.6931688
254546 12372.3908773
255841 12372.3908773
256264 5430.03030891
257529 5430.03030891
257702 5369.60073146
258402 5369.60073146
258847 13600.4966057
259918 13600.4966057
260199 334.237152539
261147 334.237152539
261503 6137.09596296
262695 6137.09596296
262929 17685.2375552
263670 17685.2375552
263947 9416.66370544
265093 9416.66370544
265558 11885.5550672
266446 11885.5550672
266814 15826.9175423
267795 15826.9175423
268221 15785.1513233
269288 15785.1513233
269489 17210.245671
270755 17210.245671
271018 12801.851001
272482 12801.851001
272961 4957.68734903
273957 4957.68734903
274431 4302.94360633
275597 4302.94360633
