0 8270.88149705
574 8270.88149705
680 8140.10835928
1198 8140.10835928
1311 8693.61405861
1981 8693.61405861
2345 11908.323585
3730 11908.323585
3897 9483.30027836
5210 9483.30027836
5563 11442.0279095
6143 11442.0279095
6600 14452.664605
7811 14452.664605
8010 7108.66876757
8919 7108.66876757
9228 11544.6923749
10072 11544.6923749
10462 14150.4756958
11552 14150.4756958
11672 7760.87400572
12452 7760.87400572
12803 9795.49853629
13376 9795.49853629
13808 9950.92523209
14549 9950.92523209
15019 6131.25592205
16223 6131.25592205
16400 9376.54316991
17658 9376.54316991
17830 5906.74243259
18767 5906.74243259
18894 11640.5540732
19850 11640.5540732
20205 5491.77595181
21200 5491.77595181
21381 11844.9671927
22467 11844.9671927
22809 10520.0665726
23532 10520.0665726
23685 10521.4799021
24961 10521.4799021
25300 16187.6693299
26233 16187.6693299
26629 14178.4345674
27457 14178.4345674
27759 6741.1633007
28598 6741.1633007
28863 7476.25957254
30091 7476.25957254
30587 11446.5739442
31785 11446.5739442
32101 8474.0927058
33147 8474.0927058
33429 4860.62627451
34694 4860.62627451
34905 6756.75322219
36249 6756.75322219
36732 16247.6979826
37370 16247.6979826
37773 2941.16689324
38445 2941.16689324
38759 8754.66010284
39696 8754.66010284
39836 1700.87981373
40958 1700.87981373
41280 8306.67485662
41903 8306.67485662
42290 20227.5561713
43111 20227.5561713
43475 12194.4164827
44593 12194.4164827
44910 3345.35662637
45413 3345.35662637
45863 10460.2878366
46941 10460.2878366
47376 9737.33172373
48871 9737.33172373
49255 12137.701889
50006 12137.701889
50415 5353.1370637
50952 5353.1370637
51232 14947.6389007
52471 14947.6389007
52589 7846.95145176
53473 7846.95145176
53894 12676.4557191
54475 12676.4557191
54864 6869.27506705
56023 6869.27506705
56367 10188.5706355
57433 10188.5706355
57689 13724.1163184
59095 13724.1163184
59531 6007.50966755
60805 6007.50966755
61037 8958.65162427
62138 8958.65162427
62337 7137.51959449
63030 7137.51959449
63267 9900.11809645
63924 9900.11809645
64190 6177.38478952
65275 6177.38478952
65765 5054.48494175
66560 5054.48494175
66999 10724.8483003
68253 10724.8483003
68378 11653.8456215
69561 11653.8456215
69949 13018.845753
70607 13018.845753
70864 8385.34398138
72311 8385.34398138
72422 9959.38296519
73264 9959.38296519
73653 12978.419613
75025 12978.419613
75387 12059.9719009
76721 12059.9719009
77193 10249.2192318
78386 10249.2192318
78857 6430.06311931
79489 6430.06311931
79982 12765.702215
80493 12765.702215
80685 7414.56426429
81199 7414.56426429
81577 7673.51200055
83001 7673.51200055
83316 9585.02868596
84244 9585.02868596
84440 17875.982734
85895 17875.982734
86374 7343.936389
87030 7343.936389
87458 11068.1691352
88173 11068.1691352
88428 5117.50967209
89369 5117.50967209
89803 8583.11093555
90472 8583.11093555
90726 5161.90455349
91448 5161.90455349
91898 5150.23221073
92945 5150.23221073
93099 8188.00191124
94199 8188.00191124
94646 142.371874465
95447 142.371874465
95715 6273.87205621
96836 6273.87205621
97112 12813.6367847
97930 12813.6367847
98279 11817.9448425
98811 11817.9448425
99186 8019.66065695
100226 8019.66065695
100463 9868.31535033
101644 9868.31535033
102086 12279.6594427
103031 12279.6594427
103502 14740.0476666
104193 14740.0476666
104674 9897.38016642
105951 9897.38016642
106343 10020.8381343
107762 10020.8381343
107866 3229.22973462
108430 3229.22973462
108872 16242.5803958
109381 16242.5803958
109690 3065.22935804
110728 3065.22935804
110857 6884.4843228
111560 6884.4843228
112033 3677.46854704
113512 3677.46854704
113778 8836.15393979
114954 8836.15393979
115117 9794.97601036
115851 9794.97601036
116066 6429.77969479
117158 6429.77969479
117355 12838.4993289
118684 12838.4993289
118984 8828.18114525
120366 8828.18114525
120747 12134.3838093
121742 12134.3838093
122025 8810.69332521
122868 8810.69332521
123242 13595.9515325
124649 13595.9515325
125146 11794.0137385
126239 11794.0137385
126553 9784.89445185
127731 9784.89445185
128002 7221.2814745
129200 7221.2814745
129344 9004.86877486
130671 9004.86877486
130803 11062.7681135
131844 11062.7681135
132153 5536.2573375
133367 5536.2573375
133832 18039.2601656
134684 18039.2601656
134944 11289.9038447
135699 11289.9038447
135949 10334.2817764
137243 10334.2817764
137702 8502.01045585
138390 8502.01045585
138701 12370.4447569
140049 12370.4447569
140219 7686.50741734
141600 7686.50741734
141714 7834.30244021
142808 7834.30244021
142989 15237.3203703
144287 15237.3203703
144619 13018.7098755
145746 13018.7098755
146201 6442.06896694
146841 6442.06896694
147048 12856.6291214
147639 12856.6291214
147821 16299.6176977
149195 16299.6176977
149450 10767.2975828
150599 10767.2975828
150986 7210.89637817
151983 7210.89637817
152131 8282.75172061
152935 8282.75172061
153272 5221.7946301
154721 5221.7946301
154980 17116.6941188
155623 17116.6941188
156068 11306.3396457
157188 11306.3396457
157565 12907.3281056
158904 12907.3281056
159336 1697.06500882
160256 1697.06500882
160639 13836.8384971
161153 13836.8384971
161629 10273.7458321
162895 10273.7458321
163298 7183.37073835
164066 7183.37073835
164485 3529.34049414
165919 3529.34049414
166152 8792.78807932
166776 8792.78807932
167015 11567.7528215
168057 11567.7528215
168405 5023.46006469
169430 5023.46006469
169712 5744.0865787
170354 5744.0865787
170608 14965.2705686
171416 14965.2705686
171827 4327.59083626
172749 4327.59083626
172955 7570.97137403
173539 7570.97137403
173810 5838.68774272
175002 5838.68774272
175468 16944.7598816
176389 16944.7598816
176817 11048.7309493
177543 11048.7309493
177987 11434.0675922
179328 11434.0675922
179698 9750.81398909
180687 9750.81398909
180959 6926.45070806
181545 6926.45070806
181926 2793.55310037
182805 2793.55310037
182955 9212.81494258
184182 9212.81494258
184565 11849.7258099
185713 11849.7258099
185875 13965.1779009
186582 13965.1779009
186805 8233.68042149
188281 8233.68042149
188704 8383.79059883
189772 8383.79059883
190054 10735.1964726
191103 10735.1964726
191283 12328.3450723
192289 12328.3450723
192641 13181.7174905
193423 13181.7174905
193823 12143.7486253
194694 12143.7486253
194968 9963.56622319
196367 9963.56622319
196787 9032.48779593
197394 9032.48779593
197661 4332.15800797
198856 4332.15800797
198957 8704.05331992
199973 8704.05331992
200303 13936.1881906
201220 13936.1881906
201396 6504.05694119
202066 6504.05694119
202202 16825.5692195
202704 16825.5692195
203107 7904.82857633
204274 7904.82857633
204720 11543.2426397
205665 11543.2426397
206147 12060.4401678
207513 12060.4401678
207618 7414.08769819
208523 7414.08769819
208793 9258.69632796
210195 9258.69632796
210344 6814.83341397
210933 6814.83341397
211104 14224.4097295
211730 14224.4097295
212025 10753.0914893
212942 10753.0914893
213279 4293.61131216
214085 4293.61131216
214208 5291.31021044
214809 5291.31021044
214996 9611.33030363
215607 9611.33030363
216003 6722.31891057
216938 6722.31891057
217278 7757.30563247
218075 7757.30563247
218236 7281.84155546
219366 7281.84155546
219726 9414.68912102
220582 9414.68912102
220832 6910.00722632
221416 6910.00722632
221684 5883.36284874
222284 5883.36284874
222729 12643.4376518
223975 12643.4376518
224434 7410.15535882
225466 7410.15535882
225620 2009.94257362
226694 2009.94257362
226920 8579.53543294
227877 8579.53543294
228057 13114.2525922
229316 13114.2525922
229729 11660.40575
230402 11660.40575
230542 5672.45463707
231530 5672.45463707
231829 9460.6093629
233214 9460.6093629
233386 12210.7724815
234643 12210.7724815
234855 9925.4675214
235751 9925.4675214
236134 12919.135537
236938 12919.135537
237144 11844.4376243
238201 11844.4376243
238359 9599.02280589
239230 9599.02280589
239709 6185.60126318
240698 6185.60126318
240822 8471.4284638
241645 8471.4284638
241885 6153.88626037
242697 6153.88626037
243010 4001.49201769
243515 4001.49201769
243981 15730.6073685
244625 15730.6073685
245007 6778.14139044
246289 6778.14139044
246699 6615.7324818
247521 6615.7324818
247801 6016.36565346
248848 6016.36565346
249089 14596.1257871
249923 14596.1257871
250028 8060.08534984
251059 8060.08534984
251171 5920.59478386
252115 5920.59478386
252241 6979.04989631
252933 6979.04989631
253204 2555.73531238
253780 2555.73531238
254225 15983.5251601
254865 15983.5251601
255031 7982.9882866
256189 7982.9882866
256354 10267.5543176
257276 10267.5543176
257736 6786.0103756
258598 6786.0103756
259064 10419.0391823
260453 10419.0391823
260584 9853.93104156
261632 9853.93104156
262026 10162.0930927
262614 10162.0930927
263037 6617.3492044
263577 6617.3492044
264059 10726.5081838
264586 10726.5081838
264852 7030.00403921
265905 7030.00403921
266021 13101.1563115
267131 13101.1563115
267522 12216.7928801
269012 12216.7928801
269186 8838.31929794
270545 8838.31929794
271025 18405.3455802
272105 18405.3455802
272369 11788.4411256
272952 11788.4411256
273156 11061.3156118
273944 11061.3156118
274424 9348.20692473
275193 9348.20692473
275466 10265.1947595
276391 10265.1947595
276779 13976.9205593
277299 13976.9205593
277609 8424.51872135
279060 8424.51872135
279344 8264.68049844
280436 8264.68049844
280916 7169.63368072
282306 7169.63368072
282532 8076.34637166
283609 8076.34637166
283970 7947.38386699
284970 7947.38386699
285426 7089.25803999
286689 7089.25803999
286801 6696.6067112
287378 6696.6067112
287502 11122.1937791
288797 11122.1937791
