0 12525.4145295
557 12525.4145295
931 12861.2840674
1978 12861.2840674
2266 11083.8133305
2916 11083.8133305
3201 16789.9291778
3854 16789.9291778
3981 6616.89325763
5332 6616.89325763
5714 6973.91703588
6437 6973.91703588
6550 7801.00909314
7845 7801.00909314
7946 10151.2412665
9430 10151.2412665
9558 8349.10795468
10330 8349.10795468
10821 7116.40643405
11785 7116.40643405
11976 9713.2905354
13334 9713.2905354
13477 9545.51887682
14210 9545.51887682
14529 11677.7640313
15273 11677.7640313
15729 13151.7032979
16468 13151.7032979
16608 12632.4307521
17602 12632.4307521
18058 10729.5716972
19016 10729.5716972
19184 9720.06212125
19752 9720.06212125
19902 12676.014304
20654 12676.014304
20912 6488.61849108
21977 6488.61849108
22083 6683.22483874
22899 6683.22483874
23273 12007.5439027
24052 12007.5439027
24502 9056.57382615
25783 9056.57382615
26102 9994.11370796
27240 9994.11370796
27611 10978.9071152
29079 10978.9071152
29359 12883.559583
29868 12883.559583
30194 11507.3714492
31627 11507.3714492
31761 8751.01870131
33085 8751.01870131
33261 7381.75898576
34617 7381.75898576
34742 7838.53002479
35435 7838.53002479
35665 8590.63665679
36760 8590.63665679
36911 7036.01544341
37615 7036.01544341
37900 10013.535961
38500 10013.535961
38689 7567.8997999
39796 7567.8997999
39929 7787.20211584
40540 7787.20211584
40686 11604.9327857
42122 11604.9327857
42294 8529.54632301
43419 8529.54632301
43703 11563.7669108
45199 11563.7669108
45317 11298.2345631
46051 11298.2345631
46388 10797.906514
47507 10797.906514
47987 10661.924876
48533 10661.924876
48912 10235.9556859
49629 10235.9556859
49982 8058.91346797
50557 8058.91346797
50769 15015.3089292
52059 15015.3089292
52161 7805.3831069
53618 7805.3831069
53718 14110.9230728
54343 14110.9230728
54545 11176.8352051
55825 11176.8352051
55944 8570.54624735
57312 8570.54624735
57746 14480.2560688
58408 14480.2560688
58783 7866.08825289
60193 7866.08825289
60457 7070.7243812
61141 7070.7243812
61404 9220.45322517
61991 9220.45322517
62386 8398.65888406
63846 8398.65888406
64279 6169.6932325
65026 6169.6932325
65187 12290.3330219
66439 12290.3330219
66897 16135.4992194
67429 16135.4992194
67545 9498.6576936
68477 9498.6576936
68630 10108.9820719
70069 10108.9820719
70439 3796.34864067
71844 3796.34864067
72068 5884.52804359
73184 5884.52804359
73433 5510.99559936
74537 5510.99559936
74973 9004.65093895
76468 9004.65093895
76575 11080.070404
77650 11080.070404
77986 11002.840765
79339 11002.840765
79570 8781.23442999
80385 8781.23442999
80646 10802.4031494
81837 10802.4031494
82196 14211.0317271
83065 14211.0317271
83540 11531.4762989
84578 11531.4762989
84885 12742.3535638
85601 12742.3535638
85999 7340.87156306
87376 7340.87156306
87838 11127.6373651
88683 11127.6373651
89145 5310.63659955
90005 5310.63659955
90461 14327.4856412
91182 14327.4856412
91320 7989.76409859
92555 7989.76409859
92844 9724.35477344
93478 9724.35477344
93635 15293.4227529
95027 15293.4227529
95209 9173.79018653
96006 9173.79018653
96312 10265.474513
97685 10265.474513
97906 9587.09439215
99337 9587.09439215
99701 9023.58334885
100372 9023.58334885
100798 12157.5940104
102183 12157.5940104
102452 10894.4115531
103756 10894.4115531
104180 9377.7435314
105144 9377.7435314
105575 11642.067538
106434 11642.067538
106769 13553.7493272
107344 13553.7493272
107616 11508.2540161
108686 11508.2540161
108955 14208.413917
110079 14208.413917
110352 14605.9410979
110994 14605.9410979
111363 9359.30698512
112450 9359.30698512
112864 7841.33591327
114257 7841.33591327
114375 8273.68877065
115183 8273.68877065
115348 10745.787523
116393 10745.787523
116639 9580.85681378
117399 9580.85681378
117533 13344.9950038
118532 13344.9950038
118654 9049.47105959
119789 9049.47105959
120166 8403.84246076
121251 8403.84246076
121726 7521.06057771
122391 7521.06057771
122609 10363.2838745
123292 10363.2838745
123507 10478.4687769
124101 10478.4687769
124500 9452.4200096
125243 9452.4200096
125506 9994.94427831
126799 9994.94427831
126999 8950.85932316
128408 8950.85932316
128623 6657.93225197
130002 6657.93225197
130155 7601.46690542
130704 7601.46690542
130835 10757.9090954
131541 10757.9090954
131742 9484.80379626
133199 9484.80379626
133346 11163.9500499
134404 11163.9500499
134601 17651.1513243
135679 17651.1513243
135959 5553.02986416
136692 5553.02986416
136943 14339.2217443
138043 14339.2217443
138499 6543.00936901
139181 6543.00936901
139440 15025.2764222
140229 15025.2764222
140391 8798.12152303
140940 8798.12152303
141047 9637.36715663
142082 9637.36715663
142202 7211.86999058
143033 7211.86999058
143472 4355.11158329
144117 4355.11158329
144259 16925.9442255
144948 16925.9442255
145078 13301.0762674
146545 13301.0762674
146707 13013.501652
147561 13013.501652
148047 7095.45507224
148820 7095.45507224
149039 5281.28808378
150091 5281.28808378
150292 6682.93735321
151634 6682.93735321
151867 7840.20727453
152684 7840.20727453
152812 8661.13349777
153756 8661.13349777
154157 11427.9962521
155404 11427.9962521
155537 9119.212722
156787 9119.212722
157048 9298.88159267
158494 9298.88159267
158687 7025.48937855
159816 7025.48937855
160164 9032.63746412
160830 9032.63746412
161126 11144.3768628
162581 11144.3768628
162842 9162.0436174
164131 9162.0436174
164483 11371.8490021
165747 11371.8490021
166077 11762.8540323
167494 11762.8540323
167709 12372.115434
169060 12372.115434
169285 7837.8056867
169894 7837.8056867
170078 8738.43899047
171409 8738.43899047
171752 5596.8318778
172882 5596.8318778
173250 7378.5472152
174020 7378.5472152
174233 4851.43736918
175678 4851.43736918
175881 7280.25757881
176684 7280.25757881
177093 11003.6658295
177654 11003.6658295
177987 8851.20857003
178890 8851.20857003
179145 11262.6939037
179891 11262.6939037
180040 9019.01863314
181184 9019.01863314
181474 11722.6491321
182215 11722.6491321
182710 5311.12693293
183738 5311.12693293
184110 9623.62080473
184864 9623.62080473
185015 6990.62636088
186278 6990.62636088
186545 8598.16558602
187767 8598.16558602
188040 12121.4330082
189243 12121.4330082
189672 12633.2665073
190975 12633.2665073
191363 8379.58338449
192246 8379.58338449
192608 10499.3592348
193248 10499.3592348
193362 11620.6981006
194331 11620.6981006
194432 15011.6506247
195716 15011.6506247
196134 12394.4635453
196737 12394.4635453
197136 8677.165319
198397 8677.165319
198551 7810.51716354
199929 7810.51716354
200169 6334.48470458
201663 6334.48470458
202077 12346.891056
202935 12346.891056
203415 13606.2166265
204545 13606.2166265
204750 8003.80190977
205705 8003.80190977
205822 9578.03433747
206387 9578.03433747
206536 9649.86489437
207180 9649.86489437
207540 9263.9424257
208245 9263.9424257
208590 9745.40027726
210036 9745.40027726
210151 13205.2462637
210918 13205.2462637
211274 9133.35148636
212567 9133.35148636
213046 11533.0211075
213880 11533.0211075
214295 7863.48538275
215347 7863.48538275
215761 8458.45638524
217133 8458.45638524
217591 9948.80655644
218142 9948.80655644
218484 6256.9417357
219569 6256.9417357
219924 11329.8471829
221259 11329.8471829
221599 9300.84461589
222340 9300.84461589
222576 12815.2986955
223517 12815.2986955
223796 3286.61662774
224604 3286.61662774
225001 6158.56141712
225781 6158.56141712
226236 13859.6405845
227443 13859.6405845
227924 11021.2201812
228438 11021.2201812
228808 7347.60106982
229869 7347.60106982
230161 6373.34212622
231176 6373.34212622
231659 9806.71741286
232595 9806.71741286
232964 5404.37833518
234297 5404.37833518
234612 10831.8150203
235299 10831.8150203
235690 8585.86965029
237086 8585.86965029
237368 13557.1695345
238026 13557.1695345
238295 7377.63937832
239163 7377.63937832
239597 10709.0220285
241032 10709.0220285
241430 12175.459845
242755 12175.459845
243236 14969.0969026
244712 14969.0969026
244921 10170.5539233
245494 10170.5539233
245906 7474.68144706
246482 7474.68144706
246730 14042.2853348
247947 14042.2853348
248370 12996.6462583
249077 12996.6462583
249508 13056.5051833
250019 13056.5051833
250400 10848.8829256
250955 10848.8829256
251389 8325.10482423
252221 8325.10482423
252343 10153.8394394
253035 10153.8394394
253293 9455.75290986
254342 9455.75290986
254826 8362.29826687
255935 8362.29826687
256225 8918.46424799
257377 8918.46424799
257635 12932.0127643
258485 12932.0127643
258591 10264.3427087
259311 10264.3427087
259756 13190.5533549
261132 13190.5533549
261401 9392.4262761
262846 9392.4262761
