0 9261.08781163
579 9261.08781163
1072 15044.4912608
2448 15044.4912608
2555 16082.3553115
3152 16082.3553115
3648 7201.12244252
5078 7201.12244252
5537 3207.81700187
6825 3207.81700187
7126 16588.1244693
8458 16588.1244693
8613 6252.22179335
9790 6252.22179335
9983 16026.5493357
10827 16026.5493357
11119 9829.21482009
12500 9829.21482009
12787 15540.3969255
13947 15540.3969255
14294 1617.98173239
15469 1617.98173239
15785 17482.6640721
17145 17482.6640721
17386 9980.99385531
18055 9980.99385531
18468 12138.3257795
19098 12138.3257795
19329 12327.9293567
20727 12327.9293567
20975 13130.139205
21737 13130.139205
21904 8372.11024191
23330 8372.11024191
23623 8092.82690191
24549 8092.82690191
24691 7740.11221335
25981 7740.11221335
26371 8796.41451944
27285 8796.41451944
27755 15513.6392155
28884 15513.6392155
29268 15791.4411496
30599 15791.4411496
31025 1065.08562723
31867 1065.08562723
32284 11443.9521689
32874 11443.9521689
33280 7604.83314812
33928 7604.83314812
34248 8687.72067123
35494 8687.72067123
35614 10664.5563712
36416 10664.5563712
36848 3222.53673022
37728 3222.53673022
38193 5318.25295679
39123 5318.25295679
39458 5159.80901506
40693 5159.80901506
41154 8546.89600564
41857 8546.89600564
42266 21652.6286233
43629 21652.6286233
43862 8361.94473675
45241 8361.94473675
45354 10926.7962766
46577 10926.7962766
46856 11744.7133831
48332 11744.7133831
48508 3877.24551382
49841 3877.24551382
50248 11025.4699761
51104 11025.4699761
51319 7758.02305757
52702 7758.02305757
53003 12769.4820055
53883 12769.4820055
54368 9618.33193458
55586 9618.33193458
55784 4904.65675141
56373 4904.65675141
56543 14452.8153351
57806 14452.8153351
58142 11051.672113
59299 11051.672113
59707 2932.85908338
60876 2932.85908338
61028 12189.2518458
62469 12189.2518458
62801 6952.14423694
64237 6952.14423694
64402 9927.5108721
65404 9927.5108721
65516 13684.7127936
66183 13684.7127936
66586 1984.26740035
67595 1984.26740035
67852 11361.4715387
68462 11361.4715387
68626 20752.5083776
69661 20752.5083776
69783 7306.41411527
71062 7306.41411527
71317 5211.44929857
72071 5211.44929857
72395 16395.1761781
73101 16395.1761781
73460 12769.6618208
74421 12769.6618208
74915 16827.5431902
75981 16827.5431902
76401 18061.2823949
76969 18061.2823949
77071 8181.75913596
77971 8181.75913596
78174 16645.5976586
79588 16645.5976586
79819 5568.35082766
80733 5568.35082766
81158 12939.5315652
81825 12939.5315652
82226 13869.8929194
82764 13869.8929194
82913 13370.9956826
84064 13370.9956826
84246 10594.586032
85509 10594.586032
85966 10911.930544
86646 10911.930544
86961 7804.01201906
88301 7804.01201906
88500 21344.2792371
89377 21344.2792371
89721 10778.7495971
90800 10778.7495971
91098 14097.2076433
91932 14097.2076433
92272 9410.93269276
92858 9410.93269276
93172 5813.1724078
93790 5813.1724078
94065 17999.2916184
95264 17999.2916184
95678 22228.9939457
96689 22228.9939457
96892 5452.10955258
97957 5452.10955258
98388 9553.71711763
99800 9553.71711763
100016 8199.57602408
100800 8199.57602408
101103 12903.2147838
102086 12903.2147838
102476 17047.1929268
103919 17047.1929268
104102 13323.3062428
105303 13323.3062428
105465 15460.4240645
106626 15460.4240645
106731 15635.2908016
108151 15635.2908016
108377 6402.10410688
109491 6402.10410688
109794 5439.26860972
110935 5439.26860972
111423 8104.84543845
112210 8104.84543845
112355 7652.2879586
113039 7652.2879586
113339 22000.6373283
113961 22000.6373283
114414 14402.7755361
115526 14402.7755361
115656 11799.9105838
117095 11799.9105838
117203 21256.4750431
118190 21256.4750431
118483 5714.89151268
119854 5714.89151268
119959 20813.9391888
120720 20813.9391888
121124 18667.7162579
122060 18667.7162579
122466 1589.98644066
123159 1589.98644066
123333 4442.12404803
124111 4442.12404803
124267 9860.62601192
125279 9860.62601192
125763 3757.36469129
127160 3757.36469129
127549 7913.15623617
128143 7913.15623617
128540 14060.7194762
129592 14060.7194762
129794 17744.3847307
131170 17744.3847307
131497 5252.18030762
132977 5252.18030762
133340 7808.43667443
134368 7808.43667443
134854 9922.97901051
135633 9922.97901051
135989 15290.5428455
137076 15290.5428455
137194 1243.75767098
138133 1243.75767098
138394 13639.2724576
139376 13639.2724576
139578 5096.64297157
140562 5096.64297157
140830 8772.31239065
141935 8772.31239065
142067 22795.9607008
143399 22795.9607008
143504 21213.9737704
144216 21213.9737704
144619 7920.20287569
145638 7920.20287569
145860 7337.73407471
147144 7337.73407471
147271 2140.43952351
148610 2140.43952351
149049 1336.39100222
149785 1336.39100222
149984 7767.18330918
150485 7767.18330918
150745 17292.7160072
151296 17292.7160072
151431 17128.6325644
152331 17128.6325644
152682 5049.26877954
153583 5049.26877954
153994 5547.98050241
155209 5547.98050241
155699 15519.011449
156885 15519.011449
157133 16586.6852222
158072 16586.6852222
158563 5576.13156177
159799 5576.13156177
160156 3202.17578724
161255 3202.17578724
161483 7749.10750819
162128 7749.10750819
162288 12069.3810795
163674 12069.3810795
164135 2026.49242598
164795 2026.49242598
165195 4236.92333559
166378 4236.92333559
166519 9888.09807225
168011 9888.09807225
168206 10048.0778991
169275 10048.0778991
169533 9762.4884523
170305 9762.4884523
170550 16447.1372907
171060 16447.1372907
171431 13687.6231353
172437 13687.6231353
172929 5323.05647339
173888 5323.05647339
174113 12652.7520406
175302 12652.7520406
175727 6396.11104419
176394 6396.11104419
176549 14067.5368676
177658 14067.5368676
177977 11461.9722139
179264 11461.9722139
179715 13262.5428477
181035 13262.5428477
181492 11155.5114513
182516 11155.5114513
182754 16261.4776799
184235 16261.4776799
184669 10778.7076677
185694 10778.7076677
186004 17172.3636787
186873 17172.3636787
187131 7796.88301411
188043 7796.88301411
188348 14722.2570653
189828 14722.2570653
189945 5287.22817242
190685 5287.22817242
191148 19029.5585082
192314 19029.5585082
192656 13705.8701725
193953 13705.8701725
194357 9741.6302954
195504 9741.6302954
195633 18212.9949806
196615 18212.9949806
196896 12647.5492358
197719 12647.5492358
198051 3749.50032273
199037 3749.50032273
199219 10109.4610008
199764 10109.4610008
200227 15579.287379
201528 15579.287379
201636 2145.827779
202723 2145.827779
203128 3945.86354209
203968 3945.86354209
204442 17464.6316163
205716 17464.6316163
205987 11135.5145188
206920 11135.5145188
207255 1077.16882829
208066 1077.16882829
208447 4463.40370842
209251 4463.40370842
209588 3321.95459399
210359 3321.95459399
210558 6476.16757311
211462 6476.16757311
211676 5689.85225469
212824 5689.85225469
213059 11316.3815303
213883 11316.3815303
214051 7511.21752636
214981 7511.21752636
215416 7211.45931862
215925 7211.45931862
216292 5803.85257893
216809 5803.85257893
217008 3771.69518756
218353 3771.69518756
218784 9982.17400868
219385 9982.17400868
219878 10071.0550878
220967 10071.0550878
221386 6849.09580098
222855 6849.09580098
223056 12256.2820395
223981 12256.2820395
224129 5240.85242553
225408 5240.85242553
225680 12031.1574509
226541 12031.1574509
226831 9341.15121998
227362 9341.15121998
227657 18184.296287
228886 18184.296287
