0 14843.5005105
910 14843.5005105
1123 10801.9641353
2222 10801.9641353
2346 7613.37458802
3563 7613.37458802
3871 11159.6957274
4964 11159.6957274
5183 14210.2923091
6560 14210.2923091
6916 9569.52463474
7720 9569.52463474
8157 15253.7790973
8903 15253.7790973
9169 11076.9618297
9842 11076.9618297
10327 9463.24959167
10853 9463.24959167
11349 11998.1360864
12354 11998.1360864
12630 8982.87471287
13912 8982.87471287
14091 10566.4119058
15282 10566.4119058
15388 12599.0587561
16314 12599.0587561
16499 11594.5087028
17854 11594.5087028
18114 14121.7536386
19151 14121.7536386
19272 9954.09788846
20035 9954.09788846
20280 13077.7645673
21428 13077.7645673
21597 12389.9657886
22887 12389.9657886
23181 10261.79047
24114 10261.79047
24341 7269.55097368
25373 7269.55097368
25613 8760.87102596
26886 8760.87102596
27061 10895.1646589
28509 10895.1646589
28862 13636.0168382
29809 13636.0168382
30074 8254.7817037
31260 8254.7817037
31405 7427.04093143
32204 7427.04093143
32666 10917.6204517
33329 10917.6204517
33709 9898.57773103
34650 9898.57773103
34892 12029.0377513
36282 12029.0377513
36466 13628.2807409
37243 13628.2807409
37375 9420.75393849
38161 9420.75393849
38508 14566.1166247
39539 14566.1166247
39812 10563.2089076
40677 10563.2089076
41133 15258.8090481
41971 15258.8090481
42128 13390.9754399
43103 13390.9754399
43532 8362.2760315
44226 8362.2760315
44437 9323.26140773
45066 9323.26140773
45538 7342.33979898
46531 7342.33979898
46993 12298.6936459
48384 12298.6936459
48758 8386.48711266
49528 8386.48711266
49638 7691.60425271
50894 7691.60425271
51047 11208.5173388
51867 11208.5173388
52065 13250.8167152
52852 13250.8167152
53241 12757.372017
54547 12757.372017
54989 11567.0767847
55798 11567.0767847
56181 10264.7435275
57181 10264.7435275
57442 10685.762381
57978 10685.762381
58189 10895.2912347
59138 10895.2912347
59309 8834.51197508
60709 8834.51197508
61150 12505.5759573
61964 12505.5759573
62437 9992.88243721
63254 9992.88243721
63735 12271.9169915
64914 12271.9169915
65348 10196.7798326
66826 10196.7798326
67164 14285.9729187
68036 14285.9729187
68478 9928.24603402
69953 9928.24603402
70154 11801.2977488
71052 11801.2977488
71355 10836.0824284
71933 10836.0824284
72417 8234.1630707
73667 8234.1630707
73910 8697.66453032
74550 8697.66453032
74980 11185.9341182
76431 11185.9341182
76717 7908.38557606
77489 7908.38557606
77802 10772.8912692
79235 10772.8912692
79445 10456.1873898
80766 10456.1873898
80979 10411.8367578
82320 10411.8367578
82584 10625.2838339
83106 10625.2838339
83213 10946.2119308
84597 10946.2119308
84997 9771.45895536
85501 9771.45895536
85642 11595.0524186
86482 11595.0524186
86878 10695.1976263
87582 10695.1976263
87886 8628.82875371
88939 8628.82875371
89202 10697.3284868
89880 10697.3284868
90095 10959.7788839
91444 10959.7788839
91775 10785.8075324
92587 10785.8075324
92831 9818.46858616
93428 9818.46858616
93862 16148.4725768
95074 16148.4725768
95382 11176.863792
96444 11176.863792
96632 9726.4352882
97802 9726.4352882
98209 12320.4631787
99691 12320.4631787
100074 9618.07405133
100602 9618.07405133
101008 8621.34218573
101525 8621.34218573
101884 11073.7651807
102603 11073.7651807
102971 8698.52791628
104415 8698.52791628
104692 9634.7684281
105369 9634.7684281
105474 10700.6863623
106601 10700.6863623
106923 12657.957663
108261 12657.957663
108512 11145.9044527
109918 11145.9044527
110049 13994.2786668
111376 13994.2786668
111502 12105.928211
112435 12105.928211
112682 11408.1243927
113207 11408.1243927
113705 12470.6953437
114430 12470.6953437
114825 11690.4215489
115431 11690.4215489
115603 10613.7866781
116288 10613.7866781
116491 11524.088807
117508 11524.088807
117727 13265.6418619
118382 13265.6418619
118817 10136.8440017
120204 10136.8440017
120604 14824.8675595
121829 14824.8675595
122030 11245.7914775
122536 11245.7914775
122678 7767.15137491
123888 7767.15137491
124016 11552.0280492
125070 11552.0280492
125287 8308.49144778
126637 8308.49144778
127109 10423.6191928
127709 10423.6191928
128029 8882.42564636
129314 8882.42564636
129620 12050.4368513
130191 12050.4368513
130338 12953.3239493
131486 12953.3239493
131877 10231.3107689
133110 10231.3107689
133365 9740.2712476
134800 9740.2712476
135218 8951.6001135
136110 8951.6001135
136295 10940.3149218
137040 10940.3149218
137175 10803.498096
138029 10803.498096
138523 15244.2717426
139382 15244.2717426
139869 9408.90073413
140861 9408.90073413
141241 8780.87818498
142129 8780.87818498
142624 10148.28898
143136 10148.28898
143348 7081.04823228
144590 7081.04823228
144732 11782.8311478
145660 11782.8311478
145766 10054.4171511
147067 10054.4171511
147540 12719.6128433
148817 12719.6128433
149061 9125.70951929
150375 9125.70951929
150606 9735.54710791
151939 9735.54710791
152345 10432.3318755
152926 10432.3318755
153143 7692.87825455
154382 7692.87825455
154634 10815.1746428
155387 10815.1746428
155672 8158.79634587
156470 8158.79634587
156678 14423.1042586
157427 14423.1042586
157676 9645.18092133
158313 9645.18092133
158745 8964.70727167
159409 8964.70727167
159742 6923.22018864
160283 6923.22018864
160417 9874.99754047
161248 9874.99754047
161392 11675.5176104
161929 11675.5176104
162282 10422.357224
163486 10422.357224
163829 12474.3016793
164518 12474.3016793
164819 10248.9761537
165796 10248.9761537
166243 14083.9750573
167438 14083.9750573
167915 12420.328488
168810 12420.328488
169130 8309.51853245
170092 8309.51853245
170424 11507.8247357
171758 11507.8247357
172159 8029.41307805
172797 8029.41307805
173162 11147.5986072
173757 11147.5986072
173890 11782.5928417
175201 11782.5928417
175456 10747.025954
176723 10747.025954
176889 13105.3536977
178204 13105.3536977
178691 10532.0242436
179487 10532.0242436
179972 12826.0963357
180702 12826.0963357
181081 11530.5370926
182333 11530.5370926
182628 8986.02935102
183162 8986.02935102
183543 8794.95431061
184711 8794.95431061
184912 11396.664868
186074 11396.664868
186566 12063.1183954
187874 12063.1183954
188287 11774.8606549
189191 11774.8606549
189689 9055.3420946
190571 9055.3420946
190726 12581.2671379
191532 12581.2671379
191641 12132.3172151
192182 12132.3172151
192505 8931.42875493
193252 8931.42875493
193430 11398.5709547
193969 11398.5709547
194125 11785.156668
195624 11785.156668
195918 11957.8792462
197133 11957.8792462
197553 10950.3639348
198231 10950.3639348
198604 10266.364464
199811 10266.364464
200002 9577.7547859
200881 9577.7547859
