0 7218.79756241
709 7218.79756241
1019 16152.3626706
2427 16152.3626706
2704 8473.87985882
3674 8473.87985882
3857 20888.9706723
5233 20888.9706723
5346 16107.7731434
5899 16107.7731434
6313 7282.67884354
7470 7282.67884354
7702 11633.4885617
8813 11633.4885617
9002 7974.88916187
9871 7974.88916187
10296 13923.9144127
11680 13923.9144127
12070 2856.29252672
12830 2856.29252672
13070 16813.7057919
13822 16813.7057919
14138 714.964082651
14888 714.964082651
15074 7801.79215148
15968 7801.79215148
16450 6452.42350115
17636 6452.42350115
18104 19510.4186826
19245 19510.4186826
19591 11225.8241648
20953 11225.8241648
21060 15291.4172596
21952 15291.4172596
22122 9269.8801451
23475 9269.8801451
23853 17921.4093265
24882 17921.4093265
25211 20750.7774623
26108 20750.7774623
26481 2928.30343247
27717 2928.30343247
27887 20878.3849884
29297 20878.3849884
29569 5055.95342861
30186 5055.95342861
30647 6990.69194701
31493 6990.69194701
31608 6808.44781416
32173 6808.44781416
32357 21135.0499934
33749 21135.0499934
34029 15483.0568415
35189 15483.0568415
35589 14764.9338213
36908 14764.9338213
37027 11016.2118582
38430 11016.2118582
38724 17399.0766377
39614 17399.0766377
40001 9624.71635992
40876 9624.71635992
41154 2008.09138131
42223 2008.09138131
42617 14368.9335493
43902 14368.9335493
44255 21361.4999606
45621 21361.4999606
45787 289.60630971
47241 289.60630971
47435 12588.0235548
48855 12588.0235548
49327 4130.38817784
50219 4130.38817784
50360 14966.6905327
50927 14966.6905327
51406 20111.30655
52466 20111.30655
52651 9539.88004751
53932 9539.88004751
54407 18498.7339723
55336 18498.7339723
55791 12278.6459645
56504 12278.6459645
56743 23212.0353898
57757 23212.0353898
58032 5757.10103487
58857 5757.10103487
59040 3827.7226822
59781 3827.7226822
59966 11656.6124915
60752 11656.6124915
61057 7078.25760125
62490 7078.25760125
62681 9204.22481778
63344 9204.22481778
63520 1907.10995978
64363 1907.10995978
64796 22113.1164248
66150 22113.1164248
66506 13941.1670249
67331 13941.1670249
67657 16043.4786908
69115 16043.4786908
69474 3899.99078616
70541 3899.99078616
70843 14616.1467081
71411 14616.1467081
71687 17915.5619076
72387 17915.5619076
72632 10082.5836137
74118 10082.5836137
74447 2776.30282639
75776 2776.30282639
76136 18307.5392892
77151 18307.5392892
77295 4014.80507714
77941 4014.80507714
78385 10142.6980934
79004 10142.6980934
79176 22208.1931304
80227 22208.1931304
80572 16276.6032254
82013 16276.6032254
82406 7950.33081522
83470 7950.33081522
83815 23391.2351798
84424 23391.2351798
84908 339.181588252
86207 339.181588252
86629 7337.95763828
87814 7337.95763828
87927 5603.28847422
89135 5603.28847422
89544 25487.2136079
90881 25487.2136079
91228 22609.3719637
92059 22609.3719637
92255 15988.2462918
93151 15988.2462918
93262 4512.35405023
93928 4512.35405023
94329 20542.4815657
95705 20542.4815657
96203 29271.9285043
96818 29271.9285043
96991 18793.9790044
98107 18793.9790044
98373 21458.9949254
99003 21458.9949254
99315 13472.0534975
100083 13472.0534975
100357 14506.15025
101301 14506.15025
101545 6892.29176096
102359 6892.29176096
102811 12789.4555777
103834 12789.4555777
103999 13041.7387208
105243 13041.7387208
105559 308.469177673
106937 308.469177673
107040 9550.65401884
108115 9550.65401884
108322 7699.5468837
109359 7699.5468837
109582 13680.3076405
110687 13680.3076405
110846 9167.49191268
111884 9167.49191268
112042 4369.01326688
113076 4369.01326688
113552 14105.7075633
114418 14105.7075633
114845 2439.07373697
115973 2439.07373697
116143 6831.18635913
116712 6831.18635913
117089 16017.6674511
118293 16017.6674511
118709 8187.39057082
119811 8187.39057082
120137 9728.01801287
121029 9728.01801287
121350 14741.2575438
122841 14741.2575438
123079 15198.1796464
124238 15198.1796464
124652 8349.64126595
125855 8349.64126595
125971 11835.0637904
126809 11835.0637904
127114 10126.4658426
128005 10126.4658426
128396 4822.59400632
129509 4822.59400632
129662 10543.0589725
130578 10543.0589725
130876 5998.72913908
132066 5998.72913908
132453 13210.6492029
133529 13210.6492029
133636 16728.88335
134549 16728.88335
134925 4339.76101313
135487 4339.76101313
135629 7131.96900002
136535 7131.96900002
136964 13705.5803706
137558 13705.5803706
137817 14076.6706536
138741 14076.6706536
139050 5414.02981307
140400 5414.02981307
140610 23589.4882801
141337 23589.4882801
141731 19403.4497265
142845 19403.4497265
143090 2461.64049002
143647 2461.64049002
143968 10879.1258295
144682 10879.1258295
144919 10769.0182169
145657 10769.0182169
145874 5354.97635035
146873 5354.97635035
147124 17341.2713933
148479 17341.2713933
148861 8784.59107188
149991 8784.59107188
150314 15515.745049
150929 15515.745049
151278 19421.6493466
152691 19421.6493466
153071 8988.70998815
154246 8988.70998815
154391 9407.69682561
155250 9407.69682561
155663 22863.9263225
157081 22863.9263225
157562 14778.9342085
158966 14778.9342085
159348 3194.37766398
160149 3194.37766398
160544 12683.1192255
161124 12683.1192255
161272 10246.3621208
162253 10246.3621208
162645 14169.7628008
163195 14169.7628008
163316 5088.28692323
164791 5088.28692323
165169 3013.59829576
165930 3013.59829576
166232 18083.6466899
167592 18083.6466899
167883 17661.8550784
169227 17661.8550784
169543 18902.4592426
170223 18902.4592426
170410 16920.0803194
171041 16920.0803194
171223 10653.1782429
172142 10653.1782429
172571 6948.08061379
173758 6948.08061379
173911 24246.8738561
174880 24246.8738561
175251 2710.36702366
176154 2710.36702366
176524 16279.7582415
177749 16279.7582415
178023 8631.71765932
178704 8631.71765932
179106 7071.35188243
180436 7071.35188243
180551 9831.49913693
181961 9831.49913693
182343 13539.8954808
183021 13539.8954808
183284 15819.1582341
184353 15819.1582341
184547 4620.00523325
185486 4620.00523325
185843 3736.473667
187023 3736.473667
187209 10145.6495558
188473 10145.6495558
188605 12522.3981558
190026 12522.3981558
190382 12860.0249331
191277 12860.0249331
191489 2988.88046227
192854 2988.88046227
193170 2735.34417161
193923 2735.34417161
194109 13401.4256199
194976 13401.4256199
195171 9412.5301669
196043 9412.5301669
196334 27613.9078517
197142 27613.9078517
197495 14661.0663021
198968 14661.0663021
199362 7820.52729674
200499 7820.52729674
200852 25872.6465349
201969 25872.6465349
202348 9624.60165299
202900 9624.60165299
203399 4402.61875084
204369 4402.61875084
204775 11184.663938
205726 11184.663938
206128 18168.1523561
206732 18168.1523561
207053 9138.23577707
208457 9138.23577707
208938 15800.3380317
210097 15800.3380317
210355 13815.5176946
211755 13815.5176946
211973 6406.30986419
212490 6406.30986419
212959 13393.4245457
214401 13393.4245457
214667 9684.31973092
215922 9684.31973092
216116 9807.65699857
217034 9807.65699857
217527 12841.3292204
218092 12841.3292204
218210 7661.98735529
219131 7661.98735529
219448 20206.8564504
220111 20206.8564504
220214 12553.9588521
221236 12553.9588521
221691 11529.8244097
222804 11529.8244097
223107 11147.8680743
223672 11147.8680743
223927 14220.9566839
225284 14220.9566839
225713 11081.4935756
226881 11081.4935756
227366 4707.63705946
228676 4707.63705946
228995 19977.6057579
230301 19977.6057579
230427 1096.50406446
231829 1096.50406446
232099 20334.8166501
233108 20334.8166501
233569 2194.78050124
234953 2194.78050124
235135 3803.85195262
236478 3803.85195262
236776 14678.1244704
237384 14678.1244704
237726 979.868794235
238260 979.868794235
238653 17572.7596174
239696 17572.7596174
239966 2482.9189863
240646 2482.9189863
241144 9047.28154218
242576 9047.28154218
242791 10987.9476504
243540 10987.9476504
243906 21541.9484663
244990 21541.9484663
245127 12130.7389934
245950 12130.7389934
246371 25533.2848137
247270 25533.2848137
247637 12162.3242036
248395 12162.3242036
248861 10045.8937219
249673 10045.8937219
249847 22536.1912774
250370 22536.1912774
250644 2206.95162881
251641 2206.95162881
251957 7016.15865499
252795 7016.15865499
252962 12957.7505608
254114 12957.7505608
254372 19988.8975862
255651 19988.8975862
255864 9683.3831723
256480 9683.3831723
256642 16001.9880416
257697 16001.9880416
257894 8484.15410157
258408 8484.15410157
258652 23718.551812
259328 23718.551812
259541 17746.5505861
260146 17746.5505861
260348 17455.2055478
261560 17455.2055478
261846 9917.10115763
262488 9917.10115763
262835 18886.6911482
264012 18886.6911482
264441 11625.3572363
265409 11625.3572363
265754 11961.6251693
266851 11961.6251693
267295 10652.1961972
268125 10652.1961972
268287 16161.3129562
268993 16161.3129562
269457 8776.19605912
270776 8776.19605912
271193 20750.6564493
272589 20750.6564493
