0 8160.69755108
934 8160.69755108
1319 12462.7259162
2274 12462.7259162
2595 16519.6178777
3455 16519.6178777
3758 21929.4958073
4983 21929.4958073
5133 6811.57355072
5644 6811.57355072
5878 12941.5416137
6611 12941.5416137
6944 1621.94573188
7636 1621.94573188
7838 17733.0515789
8357 17733.0515789
8727 10475.6770048
9925 10475.6770048
10026 8212.20660786
11006 8212.20660786
11490 17667.2971972
12697 17667.2971972
12914 16067.715274
13689 16067.715274
13983 18379.8642537
14826 18379.8642537
15185 21978.4292002
16499 21978.4292002
16721 10665.5621656
17843 10665.5621656
18258 10426.1121891
19348 10426.1121891
19673 8.46169897868
20516 8.46169897868
21005 27062.7935755
21969 27062.7935755
22266 17385.9760896
23354 17385.9760896
23744 10733.1953258
24494 10733.1953258
24731 21667.1832143
25346 21667.1832143
25656 21360.6099528
27094 21360.6099528
27529 15566.4815405
28304 15566.4815405
28404 15632.1163083
28981 15632.1163083
29434 10237.8245171
30638 10237.8245171
30963 8943.10024133
31533 8943.10024133
31714 15172.6227697
32968 15172.6227697
33253 5577.72216065
34329 5577.72216065
34726 8893.99739907
35808 8893.99739907
36252 8456.73306758
37229 8456.73306758
37407 3397.88620237
38631 3397.88620237
39027 4087.05952373
39871 4087.05952373
40051 7431.48907996
40706 7431.48907996
40879 15823.5642925
41967 15823.5642925
42259 7955.7410711
43634 7955.7410711
43753 13172.115874
44582 13172.115874
44793 6544.95192574
45639 6544.95192574
45917 8281.46438983
46633 8281.46438983
46833 5071.0926749
48303 5071.0926749
48427 22668.9928886
49244 22668.9928886
49593 12600.8542044
50453 12600.8542044
50615 17538.607077
51465 17538.607077
51614 18483.1543888
52787 18483.1543888
53005 10526.5619365
54153 10526.5619365
54366 23481.6493282
55463 23481.6493282
55667 14312.2403721
57002 14312.2403721
57109 10623.6231506
57700 10623.6231506
58045 6266.52787833
58649 6266.52787833
58825 17650.8890893
60045 17650.8890893
60374 8797.38185698
61299 8797.38185698
61567 9942.963374
62705 9942.963374
63040 14125.6768125
64411 14125.6768125
64695 23975.6161422
65915 23975.6161422
66108 8134.979726
67410 8134.979726
67723 8096.97729174
68885 8096.97729174
69238 15831.5257081
69813 15831.5257081
69984 337.211457528
71081 337.211457528
71418 3177.60046447
72653 3177.60046447
73117 13093.3906755
74133 13093.3906755
74495 15816.7455907
75115 15816.7455907
75378 9308.41358835
76352 9308.41358835
76540 4189.24998759
77583 4189.24998759
77991 6331.61930964
78575 6331.61930964
78740 17877.0856433
79625 17877.0856433
79752 2724.48019054
80609 2724.48019054
81082 20441.6568172
81716 20441.6568172
81839 601.811375348
82837 601.811375348
83262 14038.5278535
84273 14038.5278535
84741 6534.32890488
85762 6534.32890488
86085 6014.55752936
87409 6014.55752936
87838 22137.6327108
88659 22137.6327108
88921 11385.199568
89828 11385.199568
90026 15763.490399
91059 15763.490399
91320 19159.8458842
92564 19159.8458842
92933 3112.00469108
93527 3112.00469108
93768 3928.2518169
94995 3928.2518169
95123 2541.15926945
95870 2541.15926945
96259 2337.24480248
97042 2337.24480248
97318 9465.40976021
98620 9465.40976021
99011 15535.8662008
100276 15535.8662008
100682 8448.97247362
101945 8448.97247362
102067 16508.0591503
102579 16508.0591503
102787 17800.7146499
103962 17800.7146499
104404 6934.71002827
105720 6934.71002827
105877 12893.2101168
106701 12893.2101168
107054 7226.22830533
107725 7226.22830533
107923 11127.1345734
109360 11127.1345734
109712 13167.4065824
110893 13167.4065824
111341 4539.09934462
112621 4539.09934462
112980 18341.569943
113648 18341.569943
113928 15947.2004261
115198 15947.2004261
115307 14510.1947855
115824 14510.1947855
116172 1203.01878819
117603 1203.01878819
117905 10228.3868744
119315 10228.3868744
119713 20687.1893827
120740 20687.1893827
121073 20011.8229936
121833 20011.8229936
122178 6044.38925856
123636 6044.38925856
124119 15381.513136
125440 15381.513136
125651 2904.07274129
126454 2904.07274129
126576 7961.94435016
127462 7961.94435016
127753 7656.07742621
129156 7656.07742621
129330 2757.74766338
130307 2757.74766338
130787 21179.2932447
132239 21179.2932447
132467 15378.4417058
133247 15378.4417058
133698 3545.26658952
134470 3545.26658952
134806 28903.3917386
135770 28903.3917386
136130 22044.6833638
137364 22044.6833638
137584 8815.26510528
139041 8815.26510528
139281 13051.2686004
140488 13051.2686004
140722 9519.79546033
141920 9519.79546033
142313 27400.9173395
143149 27400.9173395
143396 8190.15138723
144599 8190.15138723
144998 14474.4257323
145871 14474.4257323
146011 7465.49031263
147118 7465.49031263
147535 10974.3122938
148156 10974.3122938
148547 12321.5150107
149485 12321.5150107
149679 15317.2636737
150681 15317.2636737
151087 730.711478781
151979 730.711478781
152225 23762.0457376
153158 23762.0457376
153490 15813.4322695
154096 15813.4322695
154268 3013.67150221
155577 3013.67150221
155803 7630.82034249
157223 7630.82034249
157653 9115.65376351
158448 9115.65376351
158783 9958.96084845
159981 9958.96084845
160338 1647.00643015
161216 1647.00643015
161410 11724.2993836
162131 11724.2993836
162251 9709.39657181
163715 9709.39657181
164120 6873.63385664
164651 6873.63385664
164919 12541.2706352
165884 12541.2706352
166263 1246.81028985
167187 1246.81028985
167625 12273.6674068
168936 12273.6674068
169410 16751.1440039
169949 16751.1440039
170301 3513.85901951
171793 3513.85901951
172196 6626.70852854
172769 6626.70852854
172919 11976.0190662
174277 11976.0190662
174685 20809.5141969
175377 20809.5141969
175611 13112.7152172
176241 13112.7152172
176590 19606.3021477
178004 19606.3021477
178405 14485.0789084
179110 14485.0789084
179396 7512.06580803
180015 7512.06580803
180441 14802.6477063
181708 14802.6477063
181869 15490.6066648
182704 15490.6066648
183173 8822.56666844
184032 8822.56666844
184512 12175.3007295
185472 12175.3007295
185918 11156.4577005
187116 11156.4577005
187239 19694.0168902
188407 19694.0168902
188696 11549.5905773
189851 11549.5905773
190155 12150.8597538
190730 12150.8597538
191226 8292.90782615
192544 8292.90782615
192783 25858.1429159
193323 25858.1429159
193606 15077.4344575
194610 15077.4344575
195009 12074.5698491
196507 12074.5698491
196830 6468.64628392
197562 6468.64628392
197706 6378.78048197
199014 6378.78048197
199355 15179.6227122
200560 15179.6227122
200734 14394.2235153
202077 14394.2235153
202416 7397.70193024
203552 7397.70193024
203828 7626.4033796
205027 7626.4033796
205398 2103.37252449
206714 2103.37252449
207177 16703.0273688
208599 16703.0273688
208880 13918.9550308
209809 13918.9550308
210090 13882.6948511
210672 13882.6948511
210780 7064.4016035
211920 7064.4016035
212419 14245.73188
213337 14245.73188
213658 5399.47955279
214469 5399.47955279
214597 9492.94377465
215481 9492.94377465
215957 3730.56058196
217058 3730.56058196
217443 10101.5290737
218575 10101.5290737
218945 11143.0916538
220188 11143.0916538
220300 10661.4799615
220943 10661.4799615
221255 13224.0782158
222087 13224.0782158
222405 22457.8788855
223433 22457.8788855
