0 10635.608204
1220 10635.608204
1625 11199.6576387
2854 11199.6576387
3162 11088.7010353
4250 11088.7010353
4506 11102.8088537
5219 11102.8088537
5431 11886.0877771
6139 11886.0877771
6523 10499.3872628
7294 10499.3872628
7739 11568.0654053
8843 11568.0654053
9282 11152.9636513
10126 11152.9636513
10523 11450.1559811
11133 11450.1559811
11587 11528.7254286
12103 11528.7254286
12358 11444.8519522
13468 11444.8519522
13810 11651.353294
14431 11651.353294
14657 11874.3142936
15329 11874.3142936
15661 11749.8712421
16900 11749.8712421
17158 11432.4844097
18247 11432.4844097
18675 11450.6483212
19507 11450.6483212
19670 11294.1033482
21046 11294.1033482
21313 10894.0150648
22658 10894.0150648
23040 10625.0892425
24401 10625.0892425
24869 10600.5087699
25516 10600.5087699
25950 11367.9898349
27214 11367.9898349
27703 11060.6672431
28215 11060.6672431
28702 11242.9401764
29425 11242.9401764
29534 10731.5461876
30665 10731.5461876
30879 12122.6726146
32256 12122.6726146
32713 12173.8678762
34197 12173.8678762
34625 10997.7671511
36035 10997.7671511
36187 11062.4164283
37580 11062.4164283
38019 11753.5439941
39048 11753.5439941
39359 11531.8609208
40575 11531.8609208
40888 11759.4147428
42382 11759.4147428
42667 12252.6071354
43529 12252.6071354
43995 11088.5351925
45490 11088.5351925
45959 11457.4735243
47083 11457.4735243
47500 10693.9797218
48394 10693.9797218
48524 11055.7386616
49715 11055.7386616
49862 11769.901669
50748 11769.901669
50895 11547.697381
51580 11547.697381
51887 11969.2548036
52968 11969.2548036
53429 10638.0724177
54627 10638.0724177
54983 11705.9381991
55798 11705.9381991
55960 10839.3611307
57256 10839.3611307
57576 11677.8932402
58664 11677.8932402
58950 11115.7816783
60326 11115.7816783
60823 11513.7947531
61559 11513.7947531
61979 11605.7618883
62724 11605.7618883
63219 12005.6889885
64208 12005.6889885
64470 12136.3768566
65257 12136.3768566
65704 11750.4009011
67011 11750.4009011
67449 10476.2366376
68601 10476.2366376
68779 11047.0945451
69453 11047.0945451
69742 11504.6718165
70352 11504.6718165
70574 11995.2406254
71270 11995.2406254
71452 11807.1322467
72572 11807.1322467
72983 11036.7566768
73593 11036.7566768
73869 10661.0298436
74794 10661.0298436
75067 10846.7077944
76406 10846.7077944
76551 10951.6473098
77629 10951.6473098
77953 11087.4003775
78867 11087.4003775
79153 11337.9376779
80423 11337.9376779
80596 10968.137447
82013 10968.137447
82379 10473.4549733
82935 10473.4549733
83396 11514.1510848
84663 11514.1510848
84899 11412.3888644
86196 11412.3888644
86644 10956.0789852
87344 10956.0789852
87643 11269.347108
88864 11269.347108
89024 10821.6494585
90046 10821.6494585
90344 11245.3728878
91562 11245.3728878
91670 11789.9202121
92526 11789.9202121
92707 10724.3128196
93645 10724.3128196
93808 11129.1890364
94362 11129.1890364
94768 10782.2667572
95772 10782.2667572
96141 11987.1816538
96857 11987.1816538
97001 10705.4477766
98074 10705.4477766
98401 11491.3026148
99640 11491.3026148
99865 10467.6321597
100890 10467.6321597
101287 10690.7651267
102409 10690.7651267
102763 11513.9098684
103677 11513.9098684
103789 11970.3722196
104943 11970.3722196
105354 11300.3864971
106572 11300.3864971
106779 11243.5750536
107897 11243.5750536
108200 11591.8549936
108933 11591.8549936
109240 11665.2315355
110137 11665.2315355
110304 10927.1257159
111701 10927.1257159
112120 10837.8660861
112942 10837.8660861
113424 11220.6142198
114206 11220.6142198
114594 11109.7140303
115167 11109.7140303
115646 11634.7943051
116940 11634.7943051
117115 11536.6555074
118182 11536.6555074
118465 10323.4406283
119629 10323.4406283
120122 11924.8203779
121609 11924.8203779
121836 11579.2181881
123287 11579.2181881
123742 11160.7009521
124461 11160.7009521
124804 10614.3869694
126097 10614.3869694
126454 11042.0584174
127807 11042.0584174
128157 11553.4019119
129068 11553.4019119
129399 10672.6058501
130138 10672.6058501
130310 12061.453136
131184 12061.453136
131298 11872.9207242
132371 11872.9207242
132562 10710.7527273
133197 10710.7527273
133473 11583.596053
133974 11583.596053
134347 10875.205605
135073 10875.205605
135465 11255.0859353
136871 11255.0859353
137006 12083.4050388
137844 12083.4050388
137995 11280.9821679
138814 11280.9821679
139258 11475.3045905
139915 11475.3045905
140233 10884.0972362
141055 10884.0972362
141423 11062.1624152
142721 11062.1624152
142852 12285.7704205
144239 12285.7704205
144635 11353.201597
145269 11353.201597
145758 11275.9448861
146847 11275.9448861
147039 10977.4836785
147929 10977.4836785
148158 10714.6274844
149313 10714.6274844
149564 12052.7426776
150308 12052.7426776
150793 11080.141733
151821 11080.141733
152169 11246.7966441
152892 11246.7966441
153179 11500.8121631
154340 11500.8121631
154537 10670.1550629
155721 10670.1550629
155945 11153.600591
157284 11153.600591
157465 11849.1377819
158623 11849.1377819
158898 10780.9586805
160018 10780.9586805
160233 12087.1710026
161103 12087.1710026
161380 11798.275793
162515 11798.275793
162641 11285.0001996
163885 11285.0001996
164275 11578.7312648
165279 11578.7312648
165486 10891.6446747
166334 10891.6446747
166740 11859.1247789
167373 11859.1247789
167849 10940.3280269
169076 10940.3280269
169360 11880.7680202
170036 11880.7680202
170346 11035.1718451
171526 11035.1718451
171634 11500.1670301
172540 11500.1670301
172777 11098.2113504
174186 11098.2113504
174621 11849.0021869
175742 11849.0021869
176230 11438.2802792
176938 11438.2802792
177188 11457.8898587
177810 11457.8898587
178158 11889.2811061
178953 11889.2811061
179090 11013.7616697
179832 11013.7616697
180264 10301.0325188
180939 10301.0325188
181083 10184.1579423
181890 10184.1579423
182369 11566.4612817
183261 11566.4612817
183387 11409.1022936
184124 11409.1022936
184224 11915.3806191
185347 11915.3806191
185655 12199.2966695
186578 12199.2966695
186740 11657.1834231
188148 11657.1834231
188486 12107.3241981
189118 12107.3241981
189385 11062.1524023
190804 11062.1524023
191257 10560.5131706
192463 10560.5131706
192642 10817.4473224
194016 10817.4473224
194417 11569.4046451
195416 11569.4046451
195588 11672.3840094
196205 11672.3840094
196556 11441.3487716
197648 11441.3487716
197981 12485.0257904
199098 12485.0257904
199457 11504.1763723
200012 11504.1763723
200502 10996.3009853
201671 10996.3009853
201891 11937.7648778
202752 11937.7648778
203186 11126.8620706
203725 11126.8620706
203854 12248.9108013
204622 12248.9108013
204917 11322.7609534
206047 11322.7609534
206193 11359.849776
207069 11359.849776
207247 10731.3995515
208054 10731.3995515
208313 11878.8649508
208956 11878.8649508
209174 10934.2770264
209923 10934.2770264
210205 11342.6424758
210862 11342.6424758
211361 10998.1734087
212092 10998.1734087
212521 12218.4479067
214007 12218.4479067
214117 11309.1379073
214893 11309.1379073
215129 11165.4544455
216208 11165.4544455
216591 11409.8921446
217796 11409.8921446
217971 11755.5813662
218482 11755.5813662
218949 10945.5063002
220292 10945.5063002
220777 11333.4127837
221880 11333.4127837
222195 11595.6113925
223458 11595.6113925
223564 10786.6051583
224148 10786.6051583
224588 11480.3974272
225985 11480.3974272
226230 11328.4627595
227003 11328.4627595
227290 10640.7596921
228367 10640.7596921
228821 11161.4583258
229868 11161.4583258
230225 11664.569909
230812 11664.569909
231050 11750.089607
232127 11750.089607
232238 11836.0227846
233176 11836.0227846
233464 11517.2152227
234354 11517.2152227
234455 11047.3942277
235113 11047.3942277
235381 11609.6134864
236338 11609.6134864
236663 11403.0269742
237557 11403.0269742
237681 12241.4848121
238863 12241.4848121
239188 11790.7235965
240032 11790.7235965
240301 10687.7280621
240885 10687.7280621
241197 12034.4043052
242382 12034.4043052
242702 11714.0027683
243341 11714.0027683
243719 11022.180132
245034 11022.180132
245316 11289.5809985
246096 11289.5809985
246236 10675.670479
247620 10675.670479
248043 11481.9203254
249358 11481.9203254
249812 11406.1500661
251104 11406.1500661
251426 10265.1242127
252828 10265.1242127
253272 10713.0841527
254609 10713.0841527
254717 10620.6739896
256138 10620.6739896
256348 12193.1285882
257780 12193.1285882
258266 11689.2299663
259250 11689.2299663
259360 10857.3727823
260740 10857.3727823
260942 10951.4876116
262390 10951.4876116
262519 11859.8647986
263259 11859.8647986
263651 11987.6887288
264990 11987.6887288
265481 11333.5525222
266656 11333.5525222
267153 11717.330032
267870 11717.330032
268259 10982.0351017
269157 10982.0351017
269385 11220.6906386
270381 11220.6906386
270504 12047.8497169
271740 12047.8497169
271916 11319.4546223
272739 11319.4546223
272937 11045.823317
273514 11045.823317
273678 11846.8243372
274874 11846.8243372
275365 11846.2993971
276288 11846.2993971
276451 11223.0786487
277474 11223.0786487
277642 11332.5829677
278155 11332.5829677
278378 10802.2828198
279161 10802.2828198
279507 11517.1226411
280417 11517.1226411
280673 10938.246902
281906 10938.246902
282118 11039.4686468
283130 11039.4686468
283297 10068.81224
284473 10068.81224
284664 10733.6561719
285622 10733.6561719
286012 11441.2120313
286685 11441.2120313
286999 10810.7572075
288189 10810.7572075
288434 11309.3976346
289300 11309.3976346
289612 10981.8638406
290536 10981.8638406
290843 10466.9734278
292269 10466.9734278
292384 12192.2724322
293678 12192.2724322
