0 9619.57908838
610 9619.57908838
1054 19260.2859834
1913 19260.2859834
2282 7805.99351164
3677 7805.99351164
3878 13525.2384592
4830 13525.2384592
5299 7498.3248571
6384 7498.3248571
6832 9834.10314069
7451 9834.10314069
7835 8463.62765276
9264 8463.62765276
9376 13648.0741773
10377 13648.0741773
10616 14451.5015585
11694 14451.5015585
12106 14177.9160855
13157 14177.9160855
13456 8393.3030126
14724 8393.3030126
14901 15403.0573928
15627 15403.0573928
15915 9291.54676456
17030 9291.54676456
17342 10509.9954972
18059 10509.9954972
18237 9638.64623709
18924 9638.64623709
19056 6166.20647408
19629 6166.20647408
19915 12623.8226993
20847 12623.8226993
21188 5551.71333062
21803 5551.71333062
21993 8304.09754704
23036 8304.09754704
23255 15179.7795703
24405 15179.7795703
24872 9166.49929749
25667 9166.49929749
26128 5414.20446678
27267 5414.20446678
27660 13991.3147353
28947 13991.3147353
29317 10385.2233723
30378 10385.2233723
30514 10161.8975437
31151 10161.8975437
31276 11886.0027187
32157 11886.0027187
32380 8200.86106483
33456 8200.86106483
33822 7239.38914357
34404 7239.38914357
34765 15596.366056
35659 15596.366056
35779 9016.19663798
36696 9016.19663798
36819 13780.7756169
37709 13780.7756169
37935 6810.72923011
39270 6810.72923011
39486 8663.64411618
40418 8663.64411618
40831 8458.94146489
42323 8458.94146489
42746 20427.2818706
43737 20427.2818706
43905 13532.5646582
45170 13532.5646582
45321 10251.9983252
46524 10251.9983252
46673 8958.23192421
47570 8958.23192421
47994 9880.61836075
48649 9880.61836075
49123 10462.013839
49897 10462.013839
50213 12983.3042612
51593 12983.3042612
51796 4185.61979412
52580 4185.61979412
52877 13977.8849233
53977 13977.8849233
54317 12292.5952822
55150 12292.5952822
55578 9660.69849799
57001 9660.69849799
57425 13827.2497789
57985 13827.2497789
58142 9337.71064105
59450 9337.71064105
59937 6103.65805391
60519 6103.65805391
60788 5728.10389314
61394 5728.10389314
61513 14195.8368983
62206 14195.8368983
62425 10437.7208362
63282 10437.7208362
63464 3058.292634
64359 3058.292634
64545 7067.90172708
65635 7067.90172708
65843 16245.3595003
66654 16245.3595003
66799 10308.3634072
68123 10308.3634072
68433 14678.421826
69860 14678.421826
70251 12937.7138846
71080 12937.7138846
71526 17408.2660545
72466 17408.2660545
72621 14060.2541765
73894 14060.2541765
74385 11898.148408
75376 11898.148408
75710 9513.10292497
76638 9513.10292497
77063 5788.91828447
78418 5788.91828447
78832 15732.1773719
79725 15732.1773719
80195 8261.85688287
81408 8261.85688287
81680 17100.3214959
82962 17100.3214959
83063 19612.0146228
83722 19612.0146228
83991 8034.69288643
85064 8034.69288643
85320 18520.5415751
86474 18520.5415751
86816 9283.37117789
87607 9283.37117789
87985 8354.142428
88876 8354.142428
89263 17614.3209419
90175 17614.3209419
90477 7193.10253953
91527 7193.10253953
91916 15329.4226114
92562 15329.4226114
92983 17718.3896326
93877 17718.3896326
94127 20623.8558023
95578 20623.8558023
95940 9696.00032026
96489 9696.00032026
96776 10998.0639703
97686 10998.0639703
97935 4965.91639727
98767 4965.91639727
99117 11980.3389479
100350 11980.3389479
100737 12137.6348265
101529 12137.6348265
101713 9704.68053458
103071 9704.68053458
103320 12278.9438101
104740 12278.9438101
105232 11100.4508354
106140 11100.4508354
106394 16844.1280825
106916 16844.1280825
107131 4079.79684535
107931 4079.79684535
108166 8247.51680883
108748 8247.51680883
108999 14763.2191909
109982 14763.2191909
110156 14366.3555793
110767 14366.3555793
111226 7244.91982127
112589 7244.91982127
112882 6572.18954116
114136 6572.18954116
114575 11950.6595277
115337 11950.6595277
115594 18239.764162
116474 18239.764162
116787 12978.8532335
117326 12978.8532335
117498 14170.4481921
118933 14170.4481921
119240 5782.95765929
120410 5782.95765929
120717 3726.44331587
121965 3726.44331587
122312 13656.7027076
122996 13656.7027076
123210 8126.33676529
123775 8126.33676529
124047 10661.16487
124610 10661.16487
125074 7954.34640811
126488 7954.34640811
126865 11091.0897915
128281 11091.0897915
128574 17570.3192686
129895 17570.3192686
130061 14223.8059255
131103 14223.8059255
131285 8737.42998569
132404 8737.42998569
132695 10765.1016425
133630 10765.1016425
133782 11803.6769581
134831 11803.6769581
135004 11281.7326453
135641 11281.7326453
135993 8547.04301615
136838 8547.04301615
137017 10658.7275714
138015 10658.7275714
138223 7544.59771724
139294 7544.59771724
139596 12768.5034126
140528 12768.5034126
140821 10979.4825149
141393 10979.4825149
141832 13809.2365642
142823 13809.2365642
143206 16400.555522
144595 16400.555522
145026 13445.8348842
145910 13445.8348842
146231 17972.3668918
147116 17972.3668918
147340 9628.84038858
148503 9628.84038858
148916 10570.8912299
150167 10570.8912299
150571 12604.2098786
151506 12604.2098786
151707 11944.7531671
152640 11944.7531671
153002 12433.8405237
154196 12433.8405237
154479 10465.1219616
155516 10465.1219616
155916 17102.5155039
157064 17102.5155039
157448 6005.24386014
158831 6005.24386014
159112 13889.3348206
160208 13889.3348206
160398 14410.5366346
161841 14410.5366346
162003 13612.5684504
162535 13612.5684504
162661 11315.185145
163316 11315.185145
163470 11667.6646502
164572 11667.6646502
164852 12059.4709806
166159 12059.4709806
166438 10340.7394075
167162 10340.7394075
167397 8022.98716938
168782 8022.98716938
169104 12674.0211687
170170 12674.0211687
170323 10038.3525565
171180 10038.3525565
171379 6151.56708494
172400 6151.56708494
172811 13349.6396706
173940 13349.6396706
174233 15433.7273905
174841 15433.7273905
175126 5881.68001178
176592 5881.68001178
176800 8387.7020218
177941 8387.7020218
178408 13349.9216746
178929 13349.9216746
179347 12070.2081366
180256 12070.2081366
180381 2708.39954305
181351 2708.39954305
181684 10778.225341
182746 10778.225341
183025 14709.7749576
183947 14709.7749576
184386 9364.36290097
185164 9364.36290097
185350 10208.7946114
186091 10208.7946114
186578 163.111637076
187897 163.111637076
188016 11482.9360797
189166 11482.9360797
189527 16513.0812357
190180 16513.0812357
190542 12042.3466748
191767 12042.3466748
192143 20202.8796451
193405 20202.8796451
193813 7653.94996992
194434 7653.94996992
194925 9769.90706982
195554 9769.90706982
195670 12809.2445029
197141 12809.2445029
197453 5386.63564968
198919 5386.63564968
199405 12345.6524059
200338 12345.6524059
200720 9459.74097745
201337 9459.74097745
201658 11002.0953956
203036 11002.0953956
203340 7525.93460765
204745 7525.93460765
205223 17386.8867796
206425 17386.8867796
206844 16246.1522751
208242 16246.1522751
208637 4227.55229148
209316 4227.55229148
209489 10153.5789152
210974 10153.5789152
211084 11689.9618328
211964 11689.9618328
212067 15053.9577221
212684 15053.9577221
213031 11770.9068016
213567 11770.9068016
213985 10002.2630286
214507 10002.2630286
214838 12309.457196
216015 12309.457196
216475 4264.73184187
217742 4264.73184187
218179 9056.05205582
219599 9056.05205582
219849 9942.35810239
221042 9942.35810239
221223 14995.8602844
222458 14995.8602844
222564 5315.78316701
223901 5315.78316701
224158 11335.7045415
225379 11335.7045415
225721 13657.262967
227095 13657.262967
227332 9634.14308305
228466 9634.14308305
228642 18512.8194679
230052 18512.8194679
230204 7969.08796601
231572 7969.08796601
231843 8614.62455154
232382 8614.62455154
232749 12459.627638
233313 12459.627638
233577 10026.7256579
234281 10026.7256579
234716 5671.96677204
236177 5671.96677204
236667 10301.1060183
237349 10301.1060183
237809 13743.1788508
238974 13743.1788508
239190 10801.3020231
240658 10801.3020231
241079 10522.8703685
241724 10522.8703685
242100 21191.5543682
243136 21191.5543682
243510 11107.7463875
244614 11107.7463875
245065 14429.2166651
246063 14429.2166651
246197 5084.05141208
246913 5084.05141208
247394 11311.7801232
248592 11311.7801232
248931 10865.285738
249770 10865.285738
249951 14331.3540852
250722 14331.3540852
251076 14583.5265721
252283 14583.5265721
252716 18611.1745031
253929 18611.1745031
254085 10835.0065409
255248 10835.0065409
255521 11490.5239223
256459 11490.5239223
256812 3004.51215789
258291 3004.51215789
258601 14223.2432781
259296 14223.2432781
259472 12454.3261869
260063 12454.3261869
260326 17159.5014319
261738 17159.5014319
262141 4649.02756889
262775 4649.02756889
263189 9595.89305832
263801 9595.89305832
264152 18027.2791017
265370 18027.2791017
265492 8195.35277999
266542 8195.35277999
266757 1265.30810327
268201 1265.30810327
268520 9430.42060115
269320 9430.42060115
