0 20236.549617
854 20236.549617
1175 13430.456595
1824 13430.456595
2269 5008.24790949
3258 5008.24790949
3581 13921.3018295
4929 13921.3018295
5313 10574.7176153
6115 10574.7176153
6454 6248.03755285
7614 6248.03755285
8043 7603.9896217
9323 7603.9896217
9569 11148.315677
10797 11148.315677
11176 17276.2789686
12494 17276.2789686
12844 16505.7233257
13763 16505.7233257
13883 14749.385508
14874 14749.385508
15168 7659.6086908
16112 7659.6086908
16351 9031.96377442
17201 9031.96377442
17474 10376.5580449
18934 10376.5580449
19275 13673.7177362
20388 13673.7177362
20727 6787.78174616
21726 6787.78174616
22175 11678.7731164
23658 11678.7731164
23950 9391.59686636
25084 9391.59686636
25418 9222.34692767
26309 9222.34692767
26761 10242.4155135
28243 10242.4155135
28343 7671.31315042
29416 7671.31315042
29613 8115.11403455
31091 8115.11403455
31492 9994.84977739
32152 9994.84977739
32393 14176.8301467
33049 14176.8301467
33151 14136.5386249
33818 14136.5386249
34145 5327.5984957
34979 5327.5984957
35168 12795.0916585
36138 12795.0916585
36367 7701.72260562
37766 7701.72260562
38200 14599.8708388
39113 14599.8708388
39295 9260.29657193
40427 9260.29657193
40616 10617.9995122
41751 10617.9995122
41953 10267.0895272
42607 10267.0895272
42944 9871.48936116
44226 9871.48936116
44394 16654.3454701
45597 16654.3454701
45782 19052.8172197
47216 19052.8172197
47324 9820.72899797
48524 9820.72899797
48726 16675.5333652
49602 16675.5333652
49856 12429.4029926
50366 12429.4029926
50574 15185.1591907
51418 15185.1591907
51610 14709.1064398
52249 14709.1064398
52683 14998.6354391
53359 14998.6354391
53774 7431.49110486
55040 7431.49110486
55196 12183.2441742
56283 12183.2441742
56662 10947.7095546
57642 10947.7095546
58135 2762.74853144
59081 2762.74853144
59562 7207.35135987
60091 7207.35135987
60575 11704.7560163
61754 11704.7560163
62136 8953.55293609
62862 8953.55293609
63076 16525.4112317
64012 16525.4112317
64123 8699.83651721
65264 8699.83651721
65495 11916.9187516
66935 11916.9187516
67048 5875.99359198
68293 5875.99359198
68729 16829.3679082
70107 16829.3679082
70435 8397.50831141
71349 8397.50831141
71813 8324.61781274
72616 8324.61781274
72984 8701.17452405
74048 8701.17452405
74341 15114.8420187
75442 15114.8420187
75766 6162.62507789
76755 6162.62507789
77116 14311.9688465
78426 14311.9688465
78799 10953.1337798
80285 10953.1337798
80394 13567.9388492
81613 13567.9388492
81871 11495.5519275
83128 11495.5519275
83367 13777.7931112
84639 13777.7931112
84890 16039.905235
85418 16039.905235
85692 12748.4169626
86455 12748.4169626
86860 8524.52083986
88285 8524.52083986
88501 12877.3391058
89411 12877.3391058
89857 19214.5298618
90881 19214.5298618
91254 9341.37136752
92079 9341.37136752
92455 8563.46204494
93629 8563.46204494
93820 17195.9724832
94634 17195.9724832
94734 6445.6484903
96165 6445.6484903
96329 19731.7291631
97324 19731.7291631
97488 13623.1743645
98214 13623.1743645
98636 12164.705305
99753 12164.705305
99919 15997.9869854
101131 15997.9869854
101394 3154.71802621
102690 3154.71802621
103084 11079.4872939
104215 11079.4872939
104375 13243.7280004
105260 13243.7280004
105400 12037.2625832
106742 12037.2625832
107151 7725.03981064
108549 7725.03981064
108840 18686.8388403
110000 18686.8388403
110261 8720.74565537
111031 8720.74565537
111484 16064.6125095
112620 16064.6125095
113005 13335.3657164
114273 13335.3657164
114602 9070.01177693
115471 9070.01177693
115641 5060.75786167
116932 5060.75786167
117274 5632.87696364
118154 5632.87696364
118519 13255.2892463
119369 13255.2892463
119840 11725.7426046
120511 11725.7426046
120950 12422.7190866
121719 12422.7190866
122128 11112.6006582
123067 11112.6006582
123564 9247.84077126
124131 9247.84077126
124624 18014.5731395
125282 18014.5731395
125591 10595.9980588
126579 10595.9980588
126779 11636.8374972
127851 11636.8374972
128336 18306.1653776
128960 18306.1653776
129447 23017.0326329
130936 23017.0326329
131209 15842.6808962
132338 15842.6808962
132703 19996.8594763
133870 19996.8594763
134014 3644.50664484
134614 3644.50664484
134967 11942.2731679
135990 11942.2731679
136435 13752.4886851
137089 13752.4886851
137202 11511.0979773
138175 11511.0979773
138672 10366.8130476
139835 10366.8130476
140185 11176.7650412
141589 11176.7650412
142031 17376.2531192
142967 17376.2531192
143292 10963.1174897
144217 10963.1174897
144479 9086.10165081
145789 9086.10165081
146227 17535.7695435
147519 17535.7695435
147923 7517.88929829
148563 7517.88929829
148938 8868.83701875
149683 8868.83701875
150060 11069.3271711
150763 11069.3271711
151207 13555.5118357
152255 13555.5118357
152604 16366.0908243
153718 16366.0908243
153871 6437.54515692
154713 6437.54515692
155058 14004.4737988
156021 14004.4737988
156181 12208.1326349
157571 12208.1326349
157958 15329.0958336
158671 15329.0958336
158890 9153.66611245
159500 9153.66611245
159608 9960.99336478
160689 9960.99336478
161109 4152.37204878
162339 4152.37204878
162672 5818.32033261
163626 5818.32033261
163741 15330.3010433
164886 15330.3010433
165079 16380.6843714
165621 16380.6843714
166038 9948.51987644
166937 9948.51987644
167407 6059.27020154
168502 6059.27020154
168929 16603.6221831
169905 16603.6221831
170016 10538.5322995
171074 10538.5322995
171267 4490.41789631
172319 4490.41789631
172606 15250.7474547
173778 15250.7474547
174088 5174.38857864
175057 5174.38857864
175339 8592.38897679
176287 8592.38897679
176440 7040.53055805
177692 7040.53055805
178178 22496.2121575
179148 22496.2121575
179307 19579.9777001
180703 19579.9777001
180989 10818.9668936
181870 10818.9668936
182215 8259.67012256
183524 8259.67012256
183718 8181.14208853
185105 8181.14208853
185246 18165.4303195
185911 18165.4303195
186346 9334.79501793
186976 9334.79501793
187188 5916.4509211
187933 5916.4509211
188142 8353.90689319
189121 8353.90689319
189592 8680.85839658
190497 8680.85839658
190608 14194.4145302
192027 14194.4145302
192354 10040.4431128
193049 10040.4431128
193451 16585.6505676
194457 16585.6505676
194679 17185.4795444
195236 17185.4795444
195656 14321.2665958
196725 14321.2665958
196856 11269.0809127
197600 11269.0809127
197960 5840.8909909
198591 5840.8909909
198813 12439.3104299
199802 12439.3104299
200084 13690.1406628
201296 13690.1406628
201549 14769.6787255
202727 14769.6787255
202991 2279.67136284
204073 2279.67136284
204199 14561.1523316
205116 14561.1523316
205525 6680.24735467
206073 6680.24735467
206522 4380.38841237
207210 4380.38841237
207434 12034.2838594
208845 12034.2838594
208948 10883.1924983
209729 10883.1924983
