0 11343.5185285
1172 11343.5185285
1501 12136.0941032
2264 12136.0941032
2681 17376.4097001
3544 17376.4097001
3653 12681.5781852
4307 12681.5781852
4655 9330.87494037
6034 9330.87494037
6302 14881.3729361
7233 14881.3729361
7468 21914.4498999
8856 21914.4498999
9182 9233.07732472
9758 9233.07732472
10014 14239.1941834
10610 14239.1941834
11108 10330.9043728
11631 10330.9043728
11774 14417.6558133
12706 14417.6558133
13129 9322.70340333
14618 9322.70340333
14912 13783.7361827
15528 13783.7361827
15751 10174.3186751
16590 10174.3186751
16790 14857.8468588
17926 14857.8468588
18228 20156.9050749
19279 20156.9050749
19503 12629.5390173
20131 12629.5390173
20552 14292.855162
22043 14292.855162
22186 20406.8476622
23592 20406.8476622
24043 17687.4146071
25124 17687.4146071
25604 13371.6566289
26536 13371.6566289
26773 10011.5183006
27545 10011.5183006
27890 12620.6402528
28840 12620.6402528
29075 2227.47163299
29802 2227.47163299
29988 15503.984719
30553 15503.984719
30726 13222.3493815
31328 13222.3493815
31647 11611.9214703
32668 11611.9214703
32929 7088.71424511
34179 7088.71424511
34537 6426.40387935
36004 6426.40387935
36155 11638.8691403
36712 11638.8691403
36955 3271.66069683
38401 3271.66069683
38860 11592.0298849
40009 11592.0298849
40499 6310.25263434
41783 6310.25263434
42266 11526.5633478
43664 11526.5633478
43795 11232.112298
45121 11232.112298
45463 9826.74883197
46533 9826.74883197
46784 12580.9645741
48127 12580.9645741
48490 15117.9916195
49703 15117.9916195
49931 10489.9871635
51194 10489.9871635
51554 12882.2302421
52759 12882.2302421
53206 11045.125966
54592 11045.125966
54787 20069.1568539
55945 20069.1568539
56113 9514.49860354
57154 9514.49860354
57558 7289.1135023
59013 7289.1135023
59424 14373.7652547
60047 14373.7652547
60250 13213.9740497
61533 13213.9740497
61645 13366.7620496
62749 13366.7620496
62924 11928.48475
64363 11928.48475
64542 13879.9285203
65420 13879.9285203
65785 6150.51315164
67243 6150.51315164
67581 12669.5910373
68789 12669.5910373
68899 12786.1375824
69518 12786.1375824
70014 11480.556402
71409 11480.556402
71801 13359.7639508
72574 13359.7639508
73041 11094.662625
73997 11094.662625
74256 6702.80291696
75206 6702.80291696
75550 8612.68794593
76652 8612.68794593
77079 15005.7850728
77717 15005.7850728
78206 12798.8397112
79356 12798.8397112
79486 15160.7111985
80823 15160.7111985
81111 13905.6929669
81910 13905.6929669
82044 7972.909798
82711 7972.909798
82984 14221.8811238
84019 14221.8811238
84472 6633.46439834
85555 6633.46439834
85855 10909.5767071
86382 10909.5767071
86529 19868.9976863
87892 19868.9976863
88203 14358.9753926
89074 14358.9753926
89493 10505.6712674
90766 10505.6712674
91002 10731.70849
92381 10731.70849
92560 17242.9875945
93424 17242.9875945
93675 18275.5377076
94916 18275.5377076
95085 17861.9304663
95594 17861.9304663
95998 20235.8963354
96690 20235.8963354
97122 8810.56120308
98125 8810.56120308
98282 9385.33119657
99271 9385.33119657
99709 13753.9616572
100756 13753.9616572
100903 17500.8385284
102332 17500.8385284
102805 14295.2823495
104297 14295.2823495
104500 11530.6988706
105432 11530.6988706
105639 16638.0974924
106552 16638.0974924
107043 10093.0922418
107634 10093.0922418
108081 11719.7379534
108699 11719.7379534
108991 15704.6300226
109731 15704.6300226
110192 10144.042368
111174 10144.042368
111594 8535.83984111
112333 8535.83984111
112756 17194.902353
113491 17194.902353
113883 11166.1209999
114884 11166.1209999
115185 12705.8270407
115950 12705.8270407
116287 13479.7554491
117058 13479.7554491
117219 8628.27198611
117907 8628.27198611
118347 14192.5539142
119525 14192.5539142
119726 13573.4030506
121148 13573.4030506
121256 15000.4482226
122116 15000.4482226
122529 10892.7943913
123375 10892.7943913
123475 9706.6791738
124286 9706.6791738
124504 13248.4371167
125759 13248.4371167
126222 14456.5064001
127460 14456.5064001
127882 5888.75315353
129058 5888.75315353
129232 16253.2078177
130359 16253.2078177
130845 24367.4375872
131752 24367.4375872
131953 10375.8916065
132764 10375.8916065
133074 16696.2344727
134291 16696.2344727
134400 13922.7209534
135221 13922.7209534
135628 10470.0526722
136797 10470.0526722
137062 14883.995446
138169 14883.995446
138361 10942.5319118
139221 10942.5319118
139344 20302.3606015
140818 20302.3606015
141273 6611.77764645
141843 6611.77764645
142097 10353.2531477
142869 10353.2531477
142972 12408.9006988
144085 12408.9006988
144580 12914.7625918
145519 12914.7625918
145951 16698.419641
146483 16698.419641
146945 11885.075173
147743 11885.075173
147914 10186.3623818
148779 10186.3623818
149122 5702.8401579
150496 5702.8401579
150870 9701.63642977
152198 9701.63642977
152411 13651.3522823
153161 13651.3522823
153484 9390.72538702
154755 9390.72538702
155027 13445.6715683
155623 13445.6715683
155848 19493.0692354
157134 19493.0692354
157382 18993.6074295
158324 18993.6074295
158615 17196.9802543
159916 17196.9802543
160150 16167.0486247
161351 16167.0486247
161734 3577.74794308
162657 3577.74794308
163120 7570.06903698
164172 7570.06903698
164509 11638.489442
165165 11638.489442
165544 11106.367917
166079 11106.367917
166323 19018.8044003
167193 19018.8044003
167465 17877.7803245
167979 17877.7803245
168325 15075.5104813
169223 15075.5104813
169446 8229.64146581
170057 8229.64146581
170214 8117.46541292
171224 8117.46541292
171366 13691.3317322
171885 13691.3317322
172229 11161.6545092
173407 11161.6545092
173600 7553.78134143
174342 7553.78134143
174597 15591.3884596
175450 15591.3884596
175809 10845.851641
176738 10845.851641
177165 12828.5042092
177689 12828.5042092
178011 17092.1029719
178925 17092.1029719
179064 6684.3269846
179780 6684.3269846
180030 12943.2885589
181347 12943.2885589
181682 11215.2191967
183063 11215.2191967
183409 13092.2350299
184245 13092.2350299
184442 3650.34843039
185746 3650.34843039
186159 7789.47361852
187006 7789.47361852
187360 23105.5569666
188188 23105.5569666
188444 10571.8220672
189263 10571.8220672
189578 17122.3366074
190420 17122.3366074
190840 9432.09501524
191782 9432.09501524
192023 14864.4852259
193369 14864.4852259
193762 12049.4820994
194390 12049.4820994
194874 7304.12305529
195689 7304.12305529
196159 5556.62546471
197090 5556.62546471
197419 15184.9743739
197978 15184.9743739
198412 12118.713298
199515 12118.713298
199939 7533.82831589
200797 7533.82831589
