0 13888.5602449
1481 13888.5602449
1942 18315.3891874
2805 18315.3891874
3240 13032.3335144
3750 13032.3335144
4130 13937.1796279
5490 13937.1796279
5843 11926.2975811
6488 11926.2975811
6668 10861.044376
7888 10861.044376
8184 15891.2871341
9603 15891.2871341
10067 14700.2187557
10796 14700.2187557
11221 13898.193334
11971 13898.193334
12405 10471.9034619
12963 10471.9034619
13209 15489.5745237
14142 15489.5745237
14596 10678.5692276
15525 10678.5692276
15831 15314.485795
16647 15314.485795
17066 13990.4007135
18197 13990.4007135
18523 12124.5822518
19709 12124.5822518
19818 10745.437683
21206 10745.437683
21611 15114.5355907
22751 15114.5355907
23194 10596.3559
24474 10596.3559
24595 18225.2067017
25569 18225.2067017
25786 10375.1147901
26522 10375.1147901
26814 17695.7932955
27577 17695.7932955
27960 12044.7664277
29292 12044.7664277
29609 14382.8483108
30131 14382.8483108
30596 14052.8562981
31843 14052.8562981
32247 13698.3603954
32808 13698.3603954
33121 8124.78075439
34465 8124.78075439
34802 14032.9147139
36300 14032.9147139
36504 13252.4315977
37562 13252.4315977
37937 13847.9725119
39146 13847.9725119
39639 16682.0082849
40238 16682.0082849
40574 11993.718865
41109 11993.718865
41280 14090.9807465
42224 14090.9807465
42445 11471.3586632
43159 11471.3586632
43531 7566.46237641
44944 7566.46237641
45115 15935.9514649
46549 15935.9514649
46897 12223.7080528
48157 12223.7080528
48470 8931.94600683
49106 8931.94600683
49584 13968.2339182
50135 13968.2339182
50541 17141.4974784
51698 17141.4974784
52043 14895.9774782
52750 14895.9774782
52888 13586.4260573
54340 13586.4260573
54508 11581.1691861
55788 11581.1691861
55890 14491.1324317
56616 14491.1324317
56863 19805.9302004
58113 19805.9302004
58604 11826.2818197
59434 11826.2818197
59774 13280.660509
60968 13280.660509
61404 13657.7225095
62796 13657.7225095
63175 17786.5185375
64641 17786.5185375
64814 16484.8972405
66026 16484.8972405
66145 11484.0809946
67424 11484.0809946
67694 11719.0615962
69033 11719.0615962
69418 10685.2133187
69999 10685.2133187
70144 13398.5785095
71510 13398.5785095
71927 10686.0806405
73336 10686.0806405
73695 14814.224013
74583 14814.224013
74807 19054.5435585
75740 19054.5435585
75902 14805.3028758
77046 14805.3028758
77492 17994.4060771
78362 17994.4060771
78777 18260.362749
79905 18260.362749
80077 15637.3474567
81243 15637.3474567
81595 16754.3002363
82475 16754.3002363
82792 11092.5802114
84143 11092.5802114
84380 18715.3228123
85423 18715.3228123
85660 17970.5831366
86264 17970.5831366
86708 17694.6633219
87999 17694.6633219
88397 16280.5792077
89352 16280.5792077
89635 16874.4377785
90725 16874.4377785
91035 11533.1713782
92210 11533.1713782
92414 13819.5208838
93234 13819.5208838
93370 14116.6719684
94298 14116.6719684
94720 17427.601779
96019 17427.601779
96242 15596.0090047
96942 15596.0090047
97116 18320.6236213
98562 18320.6236213
98704 13190.6925001
100189 13190.6925001
100383 11940.5692714
100935 11940.5692714
101365 16340.0919582
102273 16340.0919582
102733 13399.528418
103403 13399.528418
103776 13836.6923107
104531 13836.6923107
104899 18833.7561422
105894 18833.7561422
106060 16192.081765
106991 16192.081765
107398 15723.9349258
107983 15723.9349258
108098 17703.2593318
109587 17703.2593318
109705 12432.5100391
110593 12432.5100391
110806 15048.2033398
111464 15048.2033398
111621 15250.7085193
112988 15250.7085193
113164 15406.0307462
113943 15406.0307462
114126 14345.9463477
114659 14345.9463477
114917 15847.971647
116412 15847.971647
116664 12086.6958584
117908 12086.6958584
118092 14185.2010254
118908 14185.2010254
119332 18085.7629129
120324 18085.7629129
120819 14856.1392892
122257 14856.1392892
122577 8773.25883296
123777 8773.25883296
123938 11521.1923814
125287 11521.1923814
125404 12928.5271155
126084 12928.5271155
126440 10291.6485726
127244 10291.6485726
127642 12701.6874926
128794 12701.6874926
129073 14296.5095297
130544 14296.5095297
130880 14226.6444711
132018 14226.6444711
132418 14280.832747
133619 14280.832747
134052 12685.7437848
134999 12685.7437848
135221 15849.1496787
135790 15849.1496787
135904 12426.4198984
136473 12426.4198984
136904 11970.32028
137653 11970.32028
137969 10503.2159456
139363 10503.2159456
139577 8134.11463645
140717 8134.11463645
141086 14077.4356092
142222 14077.4356092
142585 12236.7131864
143763 12236.7131864
143895 19025.9443696
144967 19025.9443696
145390 14807.1191441
146204 14807.1191441
146510 13347.5410443
147827 13347.5410443
148067 11337.3546345
148962 11337.3546345
149362 9199.58174763
150828 9199.58174763
150954 12445.6256857
151925 12445.6256857
152407 15751.5791209
153440 15751.5791209
153756 13346.7621002
154470 13346.7621002
154796 14557.6741751
155306 14557.6741751
155461 9737.25376598
156315 9737.25376598
156646 12160.5820999
157923 12160.5820999
158112 12753.2013696
159427 12753.2013696
159658 15898.3571944
160402 15898.3571944
160636 9200.01993425
162003 9200.01993425
162128 14995.9935979
163458 14995.9935979
163944 10937.2216007
165364 10937.2216007
165625 12826.7762284
166953 12826.7762284
167407 13106.8330309
168178 13106.8330309
168584 15011.8496211
169345 15011.8496211
169698 11710.8368867
170468 11710.8368867
170651 10297.0049272
171672 10297.0049272
171837 12332.4458922
173123 12332.4458922
173558 16368.6956384
174277 16368.6956384
174422 9377.74230719
175847 9377.74230719
176259 12337.3290909
177060 12337.3290909
177267 14608.3328925
178760 14608.3328925
179080 15440.5367241
180492 15440.5367241
180957 9032.5055494
181643 9032.5055494
181949 17639.7332273
183199 17639.7332273
183497 14902.3414948
184707 14902.3414948
185005 11853.4679606
186037 11853.4679606
186405 13914.8646764
187803 13914.8646764
188299 15218.677004
189759 15218.677004
189891 8101.31110057
191305 8101.31110057
191524 14631.2111297
192242 14631.2111297
192355 15924.0713143
193094 15924.0713143
193371 9771.31968251
194476 9771.31968251
194937 10820.9035793
195668 10820.9035793
196076 12690.7483349
197254 12690.7483349
197357 16415.0159604
198793 16415.0159604
198951 11966.3200261
200124 11966.3200261
200549 18347.2490261
201630 18347.2490261
202096 14422.126938
202994 14422.126938
203168 11628.2180443
204238 11628.2180443
204676 10518.0947803
205330 10518.0947803
205771 18407.8333822
206525 18407.8333822
206967 13933.5425172
208334 13933.5425172
208584 15264.6132995
209892 15264.6132995
210010 17093.4662414
210774 17093.4662414
211099 9011.48370705
212149 9011.48370705
212577 17474.4894842
213938 17474.4894842
214076 12926.7037669
215051 12926.7037669
215466 17178.5414978
216769 17178.5414978
217231 12766.1768062
218229 12766.1768062
218635 10842.1852946
219916 10842.1852946
220132 12610.5286743
221007 12610.5286743
221450 18869.3238202
222842 18869.3238202
223223 12531.8721336
224233 12531.8721336
224398 15480.351873
225313 15480.351873
225763 11764.6141123
226599 11764.6141123
226972 13041.9680489
227622 13041.9680489
227746 11376.233283
228982 11376.233283
229245 15521.9767564
229798 15521.9767564
230150 13353.6161243
231200 13353.6161243
231359 13717.0179418
232272 13717.0179418
232622 8895.94014545
233484 8895.94014545
233671 17674.0660482
234322 17674.0660482
234686 17095.2759956
235863 17095.2759956
236022 13324.7513788
236529 13324.7513788
236713 12823.380675
237708 12823.380675
238062 15255.9771391
238756 15255.9771391
239010 16062.3494266
240431 16062.3494266
240875 17101.3991714
241663 17101.3991714
242010 9700.68743928
243409 9700.68743928
243524 16076.0008267
244497 16076.0008267
244612 17682.6767343
245418 17682.6767343
245822 11772.8657844
246913 11772.8657844
247255 11707.1213438
248431 11707.1213438
248851 18772.4945973
249844 18772.4945973
250306 14532.7224704
251299 14532.7224704
251641 14223.3563335
253004 14223.3563335
253340 14800.0644614
254250 14800.0644614
254547 11067.2342556
255257 11067.2342556
255405 18377.7840705
256118 18377.7840705
256222 13355.7398282
256907 13355.7398282
257401 15533.4948976
258262 15533.4948976
258609 11587.6401331
259433 11587.6401331
259553 11065.0406347
260693 11065.0406347
261069 13152.2059749
261786 13152.2059749
262172 11424.8069321
262694 11424.8069321
262942 9474.89937279
263594 9474.89937279
263959 12651.0580448
264745 12651.0580448
264941 15018.7922363
265673 15018.7922363
266033 16368.4091706
266535 16368.4091706
266639 10341.3042163
267782 10341.3042163
268169 17708.2051835
269542 17708.2051835
