0.0 3758.16020672
1000.0 3767.19191919
2000.0 3757.28735632
3000.0 3757.28735632
4000.0 3757.28735632
5000.0 3757.28735632
6000.0 3679.93366501
7000.0 3679.93366501
8000.0 3679.93366501
9000.0 3695.97959184
10000.0 3695.97959184
11000.0 3685.44569939
12000.0 3685.44569939
13000.0 3685.44569939
14000.0 3690.65297741
15000.0 3690.65297741
16000.0 3690.65297741
17000.0 3690.65297741
18000.0 4073.61690141
19000.0 4073.61690141
20000.0 4073.61690141
21000.0 6395.06289077
22000.0 6395.06289077
23000.0 6395.06289077
24000.0 5819.93633218
25000.0 5819.93633218
26000.0 5819.93633218
27000.0 5819.93633218
28000.0 5234.14391472
29000.0 5234.14391472
30000.0 7869.86943364
31000.0 7869.86943364
32000.0 9241.47004608
33000.0 9241.47004608
34000.0 8274.8024988
35000.0 8274.8024988
36000.0 8274.8024988
37000.0 7312.38003992
38000.0 7312.38003992
39000.0 6606.29350441
40000.0 6606.29350441
41000.0 6606.29350441
42000.0 6604.38959108
43000.0 6604.38959108
44000.0 6604.38959108
45000.0 6604.38959108
46000.0 5370.00684718
47000.0 5370.00684718
48000.0 5370.00684718
49000.0 5208.485158
50000.0 5208.485158
51000.0 5208.485158
52000.0 5604.03990988
53000.0 5604.03990988
54000.0 5604.03990988
55000.0 5753.33376497
56000.0 5753.33376497
57000.0 5753.33376497
58000.0 5894.95313627
59000.0 5894.95313627
60000.0 5894.95313627
61000.0 6020.06882312
62000.0 6020.06882312
63000.0 6020.06882312
64000.0 7386.7754386
65000.0 7386.7754386
66000.0 9394.4627451
67000.0 9394.4627451
68000.0 9413.11694511
69000.0 9413.11694511
70000.0 9413.11694511
71000.0 5193.7080292
72000.0 5193.7080292
73000.0 5193.7080292
74000.0 5107.11504425
75000.0 5107.11504425
76000.0 5107.11504425
77000.0 5107.11504425
78000.0 5107.11504425
79000.0 4139.45739471
80000.0 4139.45739471
81000.0 4139.45739471
82000.0 4139.45739471
83000.0 3751.70655022
84000.0 3751.70655022
85000.0 3751.70655022
86000.0 3751.70655022
87000.0 5158.50264862
88000.0 5158.50264862
89000.0 7676.91481326
90000.0 7676.91481326
91000.0 7676.91481326
92000.0 7676.91481326
93000.0 5599.72581134
94000.0 5599.72581134
95000.0 5599.72581134
96000.0 5599.72581134
97000.0 4449.17872892
98000.0 4449.17872892
99000.0 4449.17872892
100000.0 4447.79843614
101000.0 4447.79843614
102000.0 4447.79843614
103000.0 8295.38194109
104000.0 8295.38194109
105000.0 8665.46192893
106000.0 8665.46192893
107000.0 8665.46192893
108000.0 5857.71409075
109000.0 5857.71409075
110000.0 5857.71409075
111000.0 5857.71409075
112000.0 4642.97495183
113000.0 4642.97495183
114000.0 4642.97495183
115000.0 4642.97495183
116000.0 4306.69492361
117000.0 4306.69492361
118000.0 4306.69492361
119000.0 4306.69492361
120000.0 3984.84131455
121000.0 3984.84131455
122000.0 3984.84131455
123000.0 3984.84131455
124000.0 4566.05349794
125000.0 4566.05349794
126000.0 8542.51256281
127000.0 8542.51256281
128000.0 8542.51256281
129000.0 8549.97526166
130000.0 8549.97526166
131000.0 6667.70930727
132000.0 6667.70930727
133000.0 6667.70930727
134000.0 6595.29303749
135000.0 7476.70404172
136000.0 7476.70404172
137000.0 7476.70404172
138000.0 7476.70404172
139000.0 7476.70404172
140000.0 7476.70404172
