0.0 548.833207547
1000.0 548.833207547
2000.0 930.224215247
3000.0 1019.92342753
4000.0 1019.92342753
5000.0 1010.9398374
6000.0 990.557575758
7000.0 898.055111111
8000.0 898.055111111
9000.0 896.461988304
10000.0 896.461988304
11000.0 891.533333333
12000.0 891.533333333
13000.0 891.533333333
14000.0 891.533333333
15000.0 891.533333333
16000.0 891.533333333
17000.0 891.533333333
18000.0 982.10220239
19000.0 982.10220239
20000.0 982.10220239
21000.0 905.572542902
22000.0 905.572542902
23000.0 903.439490446
24000.0 903.439490446
25000.0 903.439490446
26000.0 903.439490446
27000.0 903.439490446
28000.0 865.529775997
29000.0 865.529775997
30000.0 865.529775997
31000.0 865.529775997
32000.0 865.529775997
33000.0 865.529775997
34000.0 865.529775997
35000.0 865.529775997
36000.0 865.529775997
37000.0 865.529775997
38000.0 865.529775997
39000.0 865.529775997
40000.0 865.529775997
41000.0 865.529775997
42000.0 818.533975696
43000.0 818.533975696
44000.0 1290.05201794
45000.0 1290.05201794
46000.0 1290.05201794
47000.0 1290.05201794
48000.0 1078.9864346
49000.0 773.238294899
50000.0 773.238294899
51000.0 777.826558266
52000.0 773.381258023
53000.0 773.381258023
54000.0 771.920653442
55000.0 771.920653442
56000.0 771.920653442
57000.0 771.920653442
58000.0 910.056438534
59000.0 910.056438534
60000.0 910.056438534
61000.0 910.056438534
62000.0 1533.61255644
63000.0 1533.61255644
64000.0 1333.1531151
65000.0 1347.80678314
66000.0 1347.80678314
67000.0 1347.80678314
68000.0 1347.80678314
69000.0 1347.80678314
70000.0 1347.80678314
71000.0 1347.80678314
72000.0 1347.80678314
73000.0 1347.80678314
74000.0 1174.40070961
75000.0 838.594285714
76000.0 838.594285714
77000.0 838.594285714
78000.0 838.594285714
79000.0 838.594285714
80000.0 838.594285714
81000.0 838.594285714
82000.0 838.594285714
83000.0 838.594285714
84000.0 892.217161147
85000.0 1296.97682709
86000.0 1296.97682709
87000.0 1296.97682709
88000.0 1296.97682709
89000.0 1296.97682709
90000.0 1296.97682709
91000.0 1296.97682709
92000.0 1296.97682709
93000.0 1296.97682709
94000.0 1005.0349835
95000.0 1005.0349835
96000.0 811.115511551
97000.0 810.49082257
98000.0 810.49082257
99000.0 810.49082257
100000.0 810.49082257
101000.0 810.49082257
102000.0 810.49082257
103000.0 810.49082257
104000.0 748.300426369
105000.0 748.300426369
106000.0 731.651567944
107000.0 731.651567944
108000.0 731.651567944
109000.0 731.651567944
110000.0 731.651567944
111000.0 731.651567944
112000.0 731.651567944
113000.0 731.651567944
114000.0 598.028911347
115000.0 598.028911347
116000.0 551.012220818
117000.0 551.012220818
118000.0 551.012220818
119000.0 600.512348263
120000.0 772.998187311
121000.0 772.998187311
122000.0 772.998187311
123000.0 772.998187311
124000.0 772.998187311
125000.0 772.998187311
126000.0 772.998187311
127000.0 772.998187311
128000.0 772.998187311
129000.0 772.998187311
130000.0 772.998187311
131000.0 772.998187311
132000.0 789.666262346
133000.0 789.666262346
134000.0 850.118251928
135000.0 910.119873817
136000.0 910.119873817
137000.0 906.975056689
138000.0 906.975056689
139000.0 906.975056689
140000.0 906.975056689
141000.0 906.975056689
142000.0 906.975056689
143000.0 906.975056689
144000.0 906.975056689
145000.0 906.975056689
146000.0 695.664505673
147000.0 695.664505673
148000.0 695.664505673
149000.0 586.172928927
150000.0 586.172928927
151000.0 592.996426748
152000.0 592.996426748
153000.0 606.465464144
154000.0 606.465464144
155000.0 782.318501171
156000.0 782.318501171
157000.0 789.4648582
158000.0 789.4648582
159000.0 789.4648582
160000.0 789.4648582
161000.0 664.765060241
162000.0 664.765060241
163000.0 664.765060241
164000.0 664.765060241
165000.0 664.765060241
166000.0 664.765060241
167000.0 664.765060241
168000.0 664.765060241
169000.0 555.628845184
170000.0 555.628845184
171000.0 555.628845184
172000.0 555.628845184
173000.0 555.628845184
174000.0 555.628845184
175000.0 555.628845184
176000.0 555.628845184
177000.0 555.628845184
178000.0 555.628845184
179000.0 555.628845184
180000.0 555.628845184
181000.0 555.628845184
182000.0 555.628845184
183000.0 555.628845184
184000.0 555.628845184
185000.0 555.628845184
186000.0 555.628845184
187000.0 555.628845184
188000.0 555.628845184
189000.0 555.628845184
190000.0 555.628845184
191000.0 555.628845184
192000.0 555.628845184
193000.0 495.49678144
194000.0 495.49678144
195000.0 495.49678144
196000.0 495.49678144
197000.0 495.49678144
198000.0 495.49678144
