0.0 4880.56375839
1000.0 4880.56375839
2000.0 4880.56375839
3000.0 4802.71362683
4000.0 4802.71362683
5000.0 3412.13216715
6000.0 3412.13216715
7000.0 3412.13216715
8000.0 3412.13216715
9000.0 3412.13216715
10000.0 3412.13216715
11000.0 3412.13216715
12000.0 2646.91716429
13000.0 1342.43942505
14000.0 1342.43942505
15000.0 2946.42022989
16000.0 2946.42022989
17000.0 2616.02328289
18000.0 2514.99457505
19000.0 2514.99457505
20000.0 2514.99457505
21000.0 2618.44705882
22000.0 2618.44705882
23000.0 2618.44705882
24000.0 2618.44705882
25000.0 2675.65037037
26000.0 2675.65037037
27000.0 2675.65037037
28000.0 2675.65037037
29000.0 2437.53703089
30000.0 2437.53703089
31000.0 2437.53703089
32000.0 2549.58195894
33000.0 2549.58195894
34000.0 2549.58195894
35000.0 2549.58195894
36000.0 2549.58195894
37000.0 2546.22786852
38000.0 2546.22786852
39000.0 2544.7340302
40000.0 2544.7340302
41000.0 2544.7340302
42000.0 2544.7340302
43000.0 2544.7340302
44000.0 2544.7340302
45000.0 2544.7340302
46000.0 2505.80093132
47000.0 2505.80093132
48000.0 2505.80093132
49000.0 2505.80093132
50000.0 2505.80093132
51000.0 2683.98740441
52000.0 2683.98740441
53000.0 2683.98740441
54000.0 2683.98740441
55000.0 2804.54282766
56000.0 2804.54282766
57000.0 2804.54282766
58000.0 2804.54282766
59000.0 2804.54282766
60000.0 2804.54282766
61000.0 2804.54282766
62000.0 2429.34609599
63000.0 2429.34609599
64000.0 2416.62704565
65000.0 2416.62704565
66000.0 2416.62704565
67000.0 2435.24479344
68000.0 2435.24479344
69000.0 2435.24479344
70000.0 2504.70272042
71000.0 2504.70272042
72000.0 2504.70272042
73000.0 2501.35917313
74000.0 2501.35917313
75000.0 2501.35917313
76000.0 2501.35917313
77000.0 2501.35917313
78000.0 2515.89548694
79000.0 2515.89548694
80000.0 2515.89548694
81000.0 2515.89548694
82000.0 2522.1872864
83000.0 2522.1872864
84000.0 2522.1872864
85000.0 2522.1872864
86000.0 2522.1872864
87000.0 2390.73718208
88000.0 2390.73718208
89000.0 2390.73718208
90000.0 2390.73718208
91000.0 2332.8255688
92000.0 2332.8255688
93000.0 2332.8255688
94000.0 2336.50847458
95000.0 2336.50847458
96000.0 2336.50847458
97000.0 2849.64628341
98000.0 2849.64628341
99000.0 2849.64628341
100000.0 2849.64628341
101000.0 2849.64628341
102000.0 2849.64628341
103000.0 2719.62299717
104000.0 2719.62299717
105000.0 2719.62299717
106000.0 2370.22795115
107000.0 2370.22795115
108000.0 2370.22795115
109000.0 2370.22795115
110000.0 2370.22795115
111000.0 2370.22795115
112000.0 2370.22795115
113000.0 2370.22795115
114000.0 2328.29485095
115000.0 2328.29485095
116000.0 2328.29485095
117000.0 2246.35025381
118000.0 2246.35025381
119000.0 2255.37736643
120000.0 2255.37736643
121000.0 2256.47257384
122000.0 2256.47257384
123000.0 2256.47257384
124000.0 2256.47257384
125000.0 2256.47257384
126000.0 2143.49981392
127000.0 2143.49981392
128000.0 2143.49981392
129000.0 2176.00597015
130000.0 2176.00597015
131000.0 2176.00597015
132000.0 2176.00597015
133000.0 2176.00597015
134000.0 2176.00597015
135000.0 2176.00597015
136000.0 2865.67739783
137000.0 2865.67739783
138000.0 2865.67739783
139000.0 2865.67739783
140000.0 2545.65849309
141000.0 2545.65849309
142000.0 2057.56418697
143000.0 2057.56418697
144000.0 2057.56418697
145000.0 2057.56418697
146000.0 2057.56418697
147000.0 2057.56418697
148000.0 2057.56418697
149000.0 2466.43193449
150000.0 2466.43193449
151000.0 2466.43193449
152000.0 2512.26715686
153000.0 2512.26715686
154000.0 2512.26715686
155000.0 2512.26715686
156000.0 2512.26715686
157000.0 2517.93203656
158000.0 2517.93203656
159000.0 2517.93203656
160000.0 2517.93203656
161000.0 2517.93203656
162000.0 2517.93203656
163000.0 2517.93203656
164000.0 2521.70681818
165000.0 2521.70681818
166000.0 2521.70681818
167000.0 2538.70019854
168000.0 2538.70019854
169000.0 2538.70019854
170000.0 2538.70019854
171000.0 2538.70019854
172000.0 2522.46886291
173000.0 2522.46886291
174000.0 2522.46886291
175000.0 2522.46886291
176000.0 2522.46886291
177000.0 2522.46886291
178000.0 2522.46886291
179000.0 2378.22040321
180000.0 2378.22040321
181000.0 2378.22040321
182000.0 2378.22040321
183000.0 2378.22040321
184000.0 2378.22040321
185000.0 2378.22040321
186000.0 2490.26375849
187000.0 2490.26375849
188000.0 2490.26375849
189000.0 2490.26375849
190000.0 2500.92978631
191000.0 2500.92978631
192000.0 2500.92978631
193000.0 2500.92978631
194000.0 2500.92978631
195000.0 2500.92978631
