0.0 798.248079034
1000.0 798.248079034
2000.0 802.993548387
3000.0 802.993548387
4000.0 795.772403983
5000.0 802.229677419
6000.0 802.229677419
7000.0 1062.1738424
8000.0 2858.64801865
9000.0 2832.57026477
10000.0 2832.57026477
11000.0 2809.99341021
12000.0 2860.77120823
13000.0 2860.77120823
14000.0 2860.77120823
15000.0 2782.58771281
16000.0 2782.58771281
17000.0 2782.58771281
18000.0 2782.58771281
19000.0 2782.58771281
20000.0 2782.58771281
21000.0 2782.58771281
22000.0 981.862742475
23000.0 981.862742475
24000.0 981.862742475
25000.0 981.862742475
26000.0 981.862742475
27000.0 981.862742475
28000.0 981.862742475
29000.0 797.931938009
30000.0 1121.12860483
31000.0 1121.12860483
32000.0 1121.12860483
33000.0 1121.12860483
34000.0 1121.12860483
35000.0 1121.12860483
36000.0 1121.12860483
37000.0 1121.12860483
38000.0 1121.12860483
39000.0 1157.10124501
40000.0 1157.10124501
41000.0 480.253472222
42000.0 480.253472222
43000.0 480.253472222
44000.0 423.018422992
45000.0 423.018422992
46000.0 423.018422992
47000.0 369.496473474
48000.0 369.496473474
49000.0 369.496473474
50000.0 528.17245509
51000.0 528.17245509
52000.0 611.197396963
53000.0 611.197396963
54000.0 606.718614719
55000.0 606.718614719
56000.0 606.718614719
57000.0 600.330955777
58000.0 600.330955777
59000.0 600.330955777
60000.0 456.621169916
61000.0 456.621169916
62000.0 456.621169916
63000.0 419.996948894
64000.0 732.396756082
65000.0 732.396756082
66000.0 2580.15602837
67000.0 2580.15602837
68000.0 2580.15602837
69000.0 2580.15602837
70000.0 2580.15602837
71000.0 2580.15602837
72000.0 1037.56004105
73000.0 1037.56004105
74000.0 636.374935267
75000.0 636.374935267
76000.0 789.557615894
77000.0 789.557615894
78000.0 789.557615894
79000.0 789.557615894
80000.0 789.557615894
81000.0 789.557615894
82000.0 789.557615894
83000.0 789.557615894
84000.0 581.365269461
85000.0 581.365269461
86000.0 581.365269461
87000.0 415.535620053
88000.0 415.535620053
89000.0 415.535620053
90000.0 406.874513963
91000.0 406.874513963
92000.0 406.874513963
93000.0 406.874513963
94000.0 452.910287496
95000.0 452.910287496
96000.0 452.910287496
97000.0 494.016528926
98000.0 1750.08481532
99000.0 1750.08481532
100000.0 1750.08481532
101000.0 1750.08481532
102000.0 1750.08481532
103000.0 1750.08481532
104000.0 1750.08481532
105000.0 1750.08481532
106000.0 1750.08481532
107000.0 1750.08481532
108000.0 1750.08481532
109000.0 778.536602033
110000.0 778.536602033
111000.0 703.109851169
112000.0 703.109851169
113000.0 746.946278317
114000.0 1652.79338843
115000.0 1652.79338843
116000.0 1652.79338843
117000.0 1652.79338843
118000.0 1652.79338843
119000.0 1652.79338843
120000.0 1652.79338843
121000.0 1652.79338843
122000.0 1652.79338843
123000.0 1652.79338843
124000.0 1652.79338843
125000.0 1652.79338843
126000.0 1652.79338843
127000.0 1652.79338843
128000.0 1652.79338843
129000.0 1652.79338843
130000.0 640.564289557
131000.0 640.564289557
132000.0 640.564289557
133000.0 640.564289557
134000.0 640.564289557
135000.0 640.564289557
136000.0 640.564289557
137000.0 640.564289557
138000.0 640.564289557
139000.0 371.188608664
140000.0 1258.5915493
141000.0 1474.32727273
142000.0 1930.92485549
143000.0 1952.0
144000.0 1952.0
145000.0 1300.15905744
146000.0 1300.15905744
147000.0 1300.15905744
148000.0 1300.15905744
149000.0 1300.15905744
150000.0 1300.15905744
151000.0 1300.15905744
152000.0 1300.15905744
153000.0 1300.15905744
154000.0 1300.15905744
155000.0 1300.15905744
156000.0 1300.15905744
157000.0 1435.23942724
158000.0 1435.23942724
159000.0 1435.23942724
160000.0 1435.23942724
161000.0 1435.23942724
162000.0 1435.23942724
163000.0 1435.23942724
164000.0 1435.23942724
165000.0 1435.23942724
166000.0 1435.23942724
167000.0 1435.23942724
168000.0 1035.50595883
169000.0 1035.50595883
170000.0 1035.50595883
171000.0 1035.50595883
172000.0 1035.50595883
173000.0 1035.50595883
