0.0 3068.37130802
1000.0 3080.79207921
2000.0 3030.77321814
3000.0 3028.55445545
4000.0 3028.55445545
5000.0 3028.55445545
6000.0 3028.55445545
7000.0 3015.21986179
8000.0 3015.21986179
9000.0 3015.21986179
10000.0 3015.41871921
11000.0 3015.41871921
12000.0 3015.41871921
13000.0 3015.41871921
14000.0 3680.32604374
15000.0 3680.32604374
16000.0 3680.32604374
17000.0 3547.11904762
18000.0 3547.11904762
19000.0 3547.11904762
20000.0 3547.11904762
21000.0 3547.11904762
22000.0 3606.8769467
23000.0 3606.8769467
24000.0 3606.8769467
25000.0 3864.22972973
26000.0 3864.22972973
27000.0 3864.22972973
28000.0 3864.22972973
29000.0 3864.22972973
30000.0 4023.17815826
31000.0 4023.17815826
32000.0 4023.17815826
33000.0 4023.17815826
34000.0 3745.18281006
35000.0 3745.18281006
36000.0 3745.18281006
37000.0 3745.18281006
38000.0 3745.18281006
39000.0 3730.62558041
40000.0 3730.62558041
41000.0 3730.62558041
42000.0 3730.62558041
43000.0 3730.62558041
44000.0 3583.26929134
45000.0 3583.26929134
46000.0 3583.26929134
47000.0 3583.26929134
48000.0 3583.26929134
49000.0 3461.31434736
50000.0 3461.31434736
51000.0 3461.31434736
52000.0 3461.31434736
53000.0 3461.31434736
54000.0 3313.4238984
55000.0 3313.4238984
56000.0 3313.4238984
57000.0 3313.4238984
58000.0 3132.84536624
59000.0 3132.84536624
60000.0 3132.84536624
61000.0 3132.84536624
62000.0 3120.98995119
63000.0 3120.98995119
64000.0 3124.4223013
65000.0 3124.4223013
66000.0 3124.4223013
67000.0 3124.4223013
68000.0 3011.66525782
69000.0 3011.66525782
70000.0 3011.66525782
71000.0 3008.36440321
72000.0 3008.36440321
73000.0 3008.36440321
74000.0 3008.36440321
75000.0 3054.61846554
76000.0 3054.61846554
77000.0 3054.61846554
78000.0 3241.67922497
79000.0 3241.67922497
80000.0 3241.67922497
81000.0 3241.67922497
82000.0 3241.67922497
83000.0 3241.67922497
84000.0 3252.30708035
85000.0 3252.30708035
86000.0 3252.30708035
87000.0 3314.33532934
88000.0 3314.33532934
89000.0 3314.33532934
90000.0 3314.33532934
91000.0 3314.33532934
92000.0 3494.88441585
93000.0 3494.88441585
94000.0 3494.88441585
95000.0 3951.66804979
96000.0 3951.66804979
97000.0 3951.66804979
98000.0 3951.66804979
99000.0 4000.09736308
100000.0 4000.09736308
101000.0 4000.09736308
102000.0 4000.09736308
103000.0 4000.09736308
104000.0 4063.02926481
105000.0 4063.02926481
106000.0 4063.02926481
107000.0 4063.02926481
108000.0 3972.72143185
109000.0 3972.72143185
110000.0 3972.72143185
111000.0 3972.72143185
112000.0 3972.72143185
113000.0 3908.79630058
114000.0 3908.79630058
115000.0 3908.79630058
116000.0 3908.79630058
117000.0 3759.91597374
118000.0 3759.91597374
119000.0 3759.91597374
120000.0 3759.91597374
121000.0 3759.91597374
122000.0 3493.83934622
123000.0 3493.83934622
124000.0 3493.83934622
125000.0 3493.83934622
126000.0 3493.83934622
127000.0 3493.83934622
128000.0 3568.18568364
129000.0 3568.18568364
130000.0 3568.18568364
131000.0 4249.6
132000.0 4249.6
133000.0 4249.6
134000.0 4249.6
135000.0 4033.76857949
136000.0 4033.76857949
137000.0 4033.76857949
138000.0 4033.76857949
139000.0 3501.65253078
140000.0 3501.65253078
141000.0 3501.65253078
142000.0 3501.65253078
143000.0 3580.79187817
144000.0 3580.79187817
145000.0 3580.79187817
146000.0 3580.79187817
147000.0 3580.79187817
148000.0 3720.78465562
149000.0 3720.78465562
150000.0 3720.78465562
151000.0 3267.78211477
152000.0 3267.78211477
153000.0 3106.10583446
154000.0 3106.10583446
155000.0 3106.10583446
156000.0 3097.86173026
157000.0 3097.86173026
158000.0 3097.86173026
159000.0 3097.86173026
160000.0 2986.10783769
161000.0 2986.10783769
162000.0 2986.10783769
163000.0 2931.44319037
164000.0 2931.44319037
165000.0 2931.44319037
166000.0 2931.44319037
167000.0 2932.04103077
168000.0 2932.04103077
169000.0 2932.04103077
170000.0 2932.04103077
171000.0 2932.04103077
172000.0 2932.04103077
173000.0 2932.04103077
174000.0 2932.04103077
175000.0 2294.1087567
176000.0 2294.1087567
177000.0 2294.1087567
178000.0 2252.82711864
179000.0 2252.82711864
180000.0 2252.82711864
181000.0 2252.82711864
182000.0 2252.82711864
183000.0 2252.82711864
184000.0 2252.82711864
185000.0 2644.9978521
186000.0 2644.9978521
187000.0 2644.9978521
188000.0 2644.9978521
189000.0 2774.37445573
190000.0 2774.37445573
191000.0 2774.37445573
192000.0 2774.37445573
193000.0 2774.37445573
194000.0 2774.37445573
