0.0 1577.44902386
1000.0 1585.52866242
2000.0 1580.30508475
3000.0 1584.02038217
4000.0 1582.97336562
5000.0 1582.97336562
6000.0 1582.97336562
7000.0 1582.97336562
8000.0 1582.97336562
9000.0 1582.97336562
10000.0 1582.97336562
11000.0 1582.97336562
12000.0 1288.69473684
13000.0 1288.69473684
14000.0 1392.46594274
15000.0 1392.46594274
16000.0 878.025252525
17000.0 878.025252525
18000.0 878.025252525
19000.0 878.025252525
20000.0 878.025252525
21000.0 878.025252525
22000.0 1135.40755533
23000.0 1601.20863309
24000.0 1190.68205666
25000.0 1190.68205666
26000.0 1190.68205666
27000.0 1190.68205666
28000.0 1190.68205666
29000.0 1190.68205666
30000.0 1190.68205666
31000.0 1190.68205666
32000.0 1190.68205666
33000.0 496.772656005
34000.0 496.772656005
35000.0 701.947598253
36000.0 701.947598253
37000.0 1318.43079743
38000.0 1356.00980392
39000.0 1379.89423077
40000.0 1373.92018244
41000.0 1441.25490196
42000.0 1441.25490196
43000.0 1441.25490196
44000.0 1441.25490196
45000.0 1441.25490196
46000.0 1441.25490196
47000.0 1441.25490196
48000.0 1441.25490196
49000.0 1441.25490196
50000.0 1441.25490196
51000.0 1441.25490196
52000.0 1441.25490196
53000.0 1441.25490196
54000.0 884.43525031
55000.0 884.43525031
56000.0 884.43525031
57000.0 884.43525031
58000.0 884.43525031
59000.0 884.43525031
60000.0 884.43525031
61000.0 884.43525031
62000.0 884.43525031
63000.0 1694.86746988
64000.0 1694.86746988
65000.0 1694.86746988
66000.0 1882.26345934
67000.0 1908.90247453
68000.0 1908.90247453
69000.0 1937.42599278
70000.0 1937.42599278
71000.0 1937.42599278
72000.0 1937.42599278
73000.0 1891.96944957
74000.0 1891.96944957
75000.0 1891.96944957
76000.0 1847.68388106
77000.0 1847.68388106
78000.0 1804.15677966
79000.0 1804.15677966
80000.0 1804.15677966
81000.0 1804.15677966
82000.0 1804.15677966
83000.0 1804.15677966
84000.0 1696.52144847
85000.0 1953.15121951
86000.0 1953.15121951
87000.0 1953.15121951
88000.0 1953.15121951
89000.0 1953.15121951
90000.0 1922.78029557
91000.0 1922.78029557
92000.0 1922.78029557
93000.0 1922.78029557
94000.0 1922.78029557
95000.0 1922.78029557
96000.0 1922.78029557
97000.0 1922.78029557
98000.0 1922.78029557
99000.0 1869.66865738
100000.0 1869.66865738
101000.0 1869.66865738
102000.0 1869.66865738
103000.0 1869.66865738
104000.0 1869.66865738
105000.0 1869.66865738
106000.0 1869.66865738
107000.0 1869.66865738
108000.0 1888.22153846
109000.0 1888.22153846
110000.0 1888.22153846
111000.0 1905.74480228
112000.0 1905.74480228
113000.0 1905.74480228
114000.0 1905.74480228
115000.0 1905.74480228
116000.0 1905.74480228
117000.0 1905.74480228
118000.0 1810.1702067
119000.0 1848.74226804
120000.0 1848.74226804
121000.0 1848.74226804
122000.0 1848.74226804
123000.0 1848.74226804
124000.0 1848.74226804
125000.0 1832.51161311
126000.0 1832.51161311
127000.0 1832.51161311
128000.0 1832.51161311
129000.0 1832.51161311
130000.0 1832.51161311
131000.0 1832.51161311
132000.0 843.339985539
133000.0 843.339985539
134000.0 843.339985539
135000.0 1775.43384615
136000.0 1694.81355932
137000.0 1694.81355932
138000.0 1694.81355932
139000.0 1723.76738883
140000.0 1723.76738883
141000.0 1806.247798
142000.0 1806.247798
143000.0 1806.247798
144000.0 1806.247798
145000.0 1705.56651431
146000.0 1705.56651431
147000.0 1705.56651431
148000.0 1705.56651431
149000.0 1705.56651431
150000.0 1705.56651431
151000.0 1705.56651431
152000.0 1705.56651431
153000.0 1705.56651431
154000.0 1705.56651431
155000.0 1772.622666
156000.0 1772.622666
157000.0 1772.622666
158000.0 1772.622666
159000.0 1772.622666
160000.0 1772.622666
161000.0 1772.622666
162000.0 1772.622666
163000.0 1772.622666
164000.0 1943.25560128
165000.0 1943.25560128
166000.0 1943.25560128
167000.0 1943.25560128
168000.0 1943.25560128
169000.0 1804.84998851
170000.0 1804.84998851
171000.0 1804.84998851
172000.0 1904.252149
173000.0 1904.252149
174000.0 1904.252149
175000.0 1904.252149
176000.0 1904.252149
177000.0 1904.252149
178000.0 1904.252149
179000.0 1904.252149
180000.0 1904.252149
181000.0 1904.252149
182000.0 1838.94357333
183000.0 1838.94357333
184000.0 1838.94357333
185000.0 1838.94357333
186000.0 1838.94357333
187000.0 1838.94357333
188000.0 1879.28297559
189000.0 1879.28297559
190000.0 1879.28297559
191000.0 1879.28297559
192000.0 1879.28297559
193000.0 1879.28297559
