0 11470.0172748
1385 11470.0172748
1572 6087.01806071
2782 6087.01806071
3122 13000.8084968
4479 13000.8084968
4847 16076.2815703
6341 16076.2815703
6659 10120.8881426
7895 10120.8881426
8361 24128.5155777
9504 24128.5155777
9897 17898.4334924
10554 17898.4334924
10699 20402.0356392
11708 20402.0356392
12074 5590.94092629
12586 5590.94092629
12986 16460.8245037
14327 16460.8245037
14523 5783.35453857
15708 5783.35453857
16102 16712.7979546
17256 16712.7979546
17527 19784.489666
18757 19784.489666
19129 18361.8731773
19655 18361.8731773
19849 14035.7918062
21182 14035.7918062
21568 13670.9326542
22965 13670.9326542
23285 3830.56786702
24645 3830.56786702
25141 10727.000701
26049 10727.000701
26501 9919.50847739
27108 9919.50847739
27581 17138.9802176
28842 17138.9802176
29093 11260.8866792
30399 11260.8866792
30590 10419.5244693
31731 10419.5244693
32097 16707.3991929
32926 16707.3991929
33251 12980.0819215
34121 12980.0819215
34245 7696.28527497
35442 7696.28527497
35548 10404.1340574
36621 10404.1340574
36733 11260.0485388
37816 11260.0485388
38165 1894.68652208
39105 1894.68652208
39466 12711.6644715
40952 12711.6644715
41256 17330.3262388
42530 17330.3262388
43003 15969.1983928
43855 15969.1983928
43992 22359.5266409
44742 22359.5266409
44888 13795.7457045
46349 13795.7457045
46613 8608.93245558
47879 8608.93245558
48098 20127.5862317
49272 20127.5862317
49733 26313.9516472
50459 26313.9516472
50595 10306.9195607
51504 10306.9195607
51903 25611.5456561
52798 25611.5456561
53218 10301.7952057
54635 10301.7952057
54832 11922.288488
55994 11922.288488
56372 10001.5864192
56947 10001.5864192
57347 9751.91736511
58161 9751.91736511
58633 9304.65588114
59443 9304.65588114
59873 16660.9942018
61200 16660.9942018
61653 15521.829388
62897 15521.829388
63024 16848.7474017
64453 16848.7474017
64929 27714.9638321
66261 27714.9638321
66590 19279.5412855
67908 19279.5412855
68124 5110.83526876
69319 5110.83526876
69718 9753.22903631
70462 9753.22903631
70692 13516.9913334
71971 13516.9913334
72071 7126.45554198
72620 7126.45554198
72780 28805.313074
74202 28805.313074
74382 9834.4691405
75054 9834.4691405
75391 13445.6990374
76313 13445.6990374
76468 8191.5726097
77784 8191.5726097
78189 13561.1330533
78917 13561.1330533
79172 12987.5606891
79839 12987.5606891
80335 15083.9406247
81725 15083.9406247
81938 17387.4547112
82544 17387.4547112
82887 20688.1355944
84019 20688.1355944
84452 13473.5885524
85159 13473.5885524
85587 7827.37923758
86841 7827.37923758
87101 15355.7286854
88497 15355.7286854
88724 6521.69572374
89346 6521.69572374
89722 21027.1071383
91139 21027.1071383
91460 1436.86997759
92002 1436.86997759
92254 16164.4340748
93167 16164.4340748
93313 8795.16199319
94592 8795.16199319
94998 16271.8207248
96047 16271.8207248
96501 961.087212221
97139 961.087212221
97277 5659.71180981
97817 5659.71180981
98135 23423.6814186
99024 23423.6814186
99309 15583.0548112
100613 15583.0548112
100997 7947.50470403
101996 7947.50470403
102263 9388.32297329
103002 9388.32297329
103277 14436.411802
104163 14436.411802
104632 21792.476595
105985 21792.476595
106120 21408.1046705
106687 21408.1046705
106813 2701.72627101
107387 2701.72627101
107850 22059.957377
109189 22059.957377
109487 8894.87712849
110721 8894.87712849
111120 18103.7555962
112218 18103.7555962
112327 17174.3491476
113766 17174.3491476
114191 14496.4400674
115237 14496.4400674
115510 20638.9176219
116317 20638.9176219
116755 14023.4721055
117991 14023.4721055
118143 15482.7024448
118811 15482.7024448
119143 5594.93634583
120037 5594.93634583
120416 17961.2541041
121300 17961.2541041
121610 12761.4675794
122559 12761.4675794
122993 11734.7925542
123541 11734.7925542
123787 7378.69510415
125094 7378.69510415
125222 6850.68615276
125964 6850.68615276
126445 11134.9480878
127807 11134.9480878
127981 16117.1790409
129368 16117.1790409
129761 19102.1477049
131080 19102.1477049
131520 8030.55363313
132422 8030.55363313
132779 18240.657417
133484 18240.657417
133892 13207.7497671
134823 13207.7497671
135306 19039.9495844
136046 19039.9495844
136206 3579.54234641
137143 3579.54234641
137295 7324.42812596
138736 7324.42812596
139178 19557.7919127
140187 19557.7919127
140475 11397.3556913
140981 11397.3556913
141265 13927.6994225
142627 13927.6994225
143076 614.53923585
144286 614.53923585
144687 12633.6901149
145578 12633.6901149
145787 18085.0857825
146404 18085.0857825
146678 14937.6645258
147290 14937.6645258
147725 12581.6359822
148979 12581.6359822
149334 9248.43057046
150446 9248.43057046
150832 16175.5528102
152268 16175.5528102
152525 13346.049476
153474 13346.049476
153910 9018.51372874
155279 9018.51372874
155647 10245.7814957
156853 10245.7814957
157138 10752.4938557
158154 10752.4938557
158426 18823.3251282
159040 18823.3251282
159496 13629.3674815
160346 13629.3674815
160813 4819.45643159
161346 4819.45643159
161697 9725.58200565
162424 9725.58200565
162784 12936.1080735
163963 12936.1080735
164244 6364.90259868
165503 6364.90259868
165948 9325.25654382
166824 9325.25654382
167171 18734.7391855
168110 18734.7391855
168381 8523.76886065
169498 8523.76886065
169847 9046.39706545
171258 9046.39706545
171713 14598.5398436
172978 14598.5398436
173121 1448.76375604
174082 1448.76375604
174227 11749.460884
175199 11749.460884
175658 7898.59845731
177043 7898.59845731
177407 18298.8011357
178597 18298.8011357
179010 15854.3901924
180252 15854.3901924
180596 10925.9529761
181456 10925.9529761
181805 7572.46441465
182619 7572.46441465
182841 4560.60851594
183869 4560.60851594
184147 14156.6407488
184712 14156.6407488
185062 8094.73211513
186248 8094.73211513
186503 8571.28091237
187783 8571.28091237
188157 15761.4396466
189441 15761.4396466
189836 29765.0811846
190535 29765.0811846
190904 14003.612412
191585 14003.612412
191984 13923.384744
193172 13923.384744
193518 14684.7453777
194644 14684.7453777
195060 11547.8093186
195993 11547.8093186
196382 12795.8647609
197218 12795.8647609
197665 12524.404181
198523 12524.404181
198733 14444.4111481
199479 14444.4111481
199922 9477.84650951
200976 9477.84650951
201286 18438.9106862
202486 18438.9106862
202979 24581.336527
203807 24581.336527
204258 7959.93759742
205264 7959.93759742
205656 10503.3280283
206728 10503.3280283
206857 7795.78326223
208226 7795.78326223
208497 15607.0048611
209256 15607.0048611
209492 17951.7085967
210811 17951.7085967
211233 7137.46833062
212202 7137.46833062
212655 17282.2581267
213380 17282.2581267
213860 14627.2365676
214795 14627.2365676
215236 21537.6812913
215996 21537.6812913
216343 11286.2389087
217406 11286.2389087
217518 15640.6438422
218903 15640.6438422
219205 28547.0505308
220684 28547.0505308
221056 19552.7684761
221968 19552.7684761
222199 7929.24683263
223068 7929.24683263
223441 15064.5362685
224674 15064.5362685
225135 15904.8043073
225826 15904.8043073
225968 23110.9141658
227255 23110.9141658
227620 22685.5989393
228203 22685.5989393
228393 4767.58071552
229579 4767.58071552
229958 3053.9386044
231079 3053.9386044
231321 8305.7984948
232527 8305.7984948
233022 7495.56999615
234317 7495.56999615
234619 25038.6238825
235460 25038.6238825
235731 18053.0705228
236427 18053.0705228
236713 9635.69014621
237670 9635.69014621
237794 22464.7781503
238470 22464.7781503
238708 8156.90052864
239252 8156.90052864
239718 15224.580708
241040 15224.580708
241390 10553.4346459
242826 10553.4346459
243018 3667.77986469
244334 3667.77986469
244536 2844.7059272
246034 2844.7059272
246521 24475.589535
247320 24475.589535
247690 10458.2616242
248223 10458.2616242
248409 7494.91356859
249575 7494.91356859
249754 21457.8840418
251012 21457.8840418
251365 17481.8553332
252666 17481.8553332
253038 21504.2470451
254130 21504.2470451
254369 22037.3770097
255076 22037.3770097
255233 16002.9077199
255932 16002.9077199
256145 12122.101877
256844 12122.101877
257232 14431.2121314
258253 14431.2121314
258648 6288.25493127
259793 6288.25493127
259948 15010.6913674
260983 15010.6913674
261218 9859.98532081
262348 9859.98532081
262730 27038.8384845
263622 27038.8384845
263892 17687.9437629
264720 17687.9437629
264973 11526.0749241
265961 11526.0749241
266202 13894.2127482
267086 13894.2127482
267578 8332.70685219
268924 8332.70685219
269102 17800.6316531
270521 17800.6316531
270722 2226.33449403
272135 2226.33449403
272525 16540.1812672
273513 16540.1812672
273917 1840.40112577
274665 1840.40112577
274993 12327.2876557
275703 12327.2876557
275841 5066.77583765
276869 5066.77583765
277285 13424.1885498
278225 13424.1885498
278537 14188.3124758
279991 14188.3124758
280119 8887.33961708
280880 8887.33961708
280991 11071.9433924
282148 11071.9433924
282545 15418.2928417
283692 15418.2928417
284078 5634.43002224
284734 5634.43002224
285041 14050.830881
285986 14050.830881
286377 9879.65435113
287562 9879.65435113
