0 14021.4971356
1195 14021.4971356
1423 14578.5404491
2090 14578.5404491
2321 14410.6235732
3299 14410.6235732
3406 14647.7995738
4042 14647.7995738
4440 15108.187931
5483 15108.187931
5699 15027.2009518
6227 15027.2009518
6669 14763.0913083
7639 14763.0913083
7844 14863.2696096
9177 14863.2696096
9578 14068.6110714
10880 14068.6110714
11154 14499.5924248
12237 14499.5924248
12412 14759.8864101
13279 14759.8864101
13675 14948.0636114
14992 14948.0636114
15417 14587.1611083
16717 14587.1611083
16941 14426.7016852
17823 14426.7016852
18020 14854.5777464
18595 14854.5777464
19009 14680.3678517
20007 14680.3678517
20360 14125.3154147
21462 14125.3154147
21733 14758.1725252
22755 14758.1725252
23033 14975.9341393
23843 14975.9341393
24141 14522.0576397
25508 14522.0576397
25775 14866.2722299
26929 14866.2722299
27252 14247.706245
27852 14247.706245
28178 14605.7290676
29588 14605.7290676
30083 14319.6769372
31311 14319.6769372
31584 15051.4814011
32696 15051.4814011
33171 15113.7205034
33982 15113.7205034
34205 14710.4666389
34820 14710.4666389
35086 14455.479708
36464 14455.479708
36877 14112.9250699
38354 14112.9250699
38753 14537.6544886
39628 14537.6544886
39997 14884.3254986
41409 14884.3254986
41713 14349.1797126
42640 14349.1797126
43139 14502.3660913
43860 14502.3660913
44196 14626.9044578
45384 14626.9044578
45745 14487.0372287
46272 14487.0372287
46666 14251.4254405
48094 14251.4254405
48350 14043.5948702
49213 14043.5948702
49329 14526.2905713
50497 14526.2905713
50762 14190.8206003
51959 14190.8206003
52126 14299.5477667
53456 14299.5477667
53825 14916.8448318
54448 14916.8448318
54680 14913.9717947
55960 14913.9717947
56327 14416.3544491
57601 14416.3544491
57763 14553.1997211
58532 14553.1997211
58656 14301.793926
59658 14301.793926
60102 14947.4260735
60671 14947.4260735
60940 14503.4149912
62387 14503.4149912
62803 15035.8347483
63505 15035.8347483
63703 14380.4460149
64979 14380.4460149
65128 14532.9136475
66012 14532.9136475
66423 14615.3437283
66975 14615.3437283
67129 14615.9386219
68484 14615.9386219
68850 14757.0113811
70130 14757.0113811
70300 14430.2946482
70877 14430.2946482
71085 14770.7581928
71812 14770.7581928
72023 14240.3695887
72592 14240.3695887
72888 14104.8007587
73811 14104.8007587
73965 14233.0081052
75310 14233.0081052
75574 14142.0224292
76319 14142.0224292
76760 15158.1924601
77320 15158.1924601
77577 14850.6405175
78396 14850.6405175
78580 14710.8585251
79475 14710.8585251
79727 14524.6652892
80352 14524.6652892
80796 13970.3807284
81725 13970.3807284
81952 14579.4715749
82841 14579.4715749
82994 14421.8952331
83762 14421.8952331
83921 14252.85636
84646 14252.85636
84886 14473.4840946
85598 14473.4840946
85885 14513.5648272
86752 14513.5648272
86930 14489.3419173
88173 14489.3419173
88478 14735.6487838
89245 14735.6487838
89581 14269.9620792
90827 14269.9620792
91043 14688.8789073
92093 14688.8789073
92206 13884.4659283
93598 13884.4659283
94087 14799.6084659
94819 14799.6084659
95038 14942.1070945
95565 14942.1070945
95979 14343.6276597
97231 14343.6276597
97360 13837.5837136
97910 13837.5837136
98402 14527.2792714
98980 14527.2792714
99398 14598.8033712
100465 14598.8033712
100905 14442.7986573
101530 14442.7986573
102007 14249.0502955
103105 14249.0502955
103490 13990.7703426
104514 13990.7703426
104866 14588.4745394
105592 14588.4745394
106076 15013.4765534
107429 15013.4765534
107714 13969.8162882
108770 13969.8162882
109243 14827.1691663
110550 14827.1691663
111020 14533.1166956
112441 14533.1166956
112697 14722.9970003
113278 14722.9970003
113508 14402.8611316
114193 14402.8611316
114396 14276.4014706
115106 14276.4014706
115586 14650.6584475
116309 14650.6584475
116806 14416.5674826
118231 14416.5674826
118633 14451.5202008
119662 14451.5202008
119790 14449.6982344
120962 14449.6982344
121393 14646.2914697
122364 14646.2914697
122806 14454.8142467
123385 14454.8142467
123828 14276.3019724
124941 14276.3019724
125268 14484.2637667
125963 14484.2637667
126098 14461.3387418
127567 14461.3387418
128027 15095.3403386
129066 15095.3403386
129248 14261.0578965
130672 14261.0578965
131078 13979.0657785
132571 13979.0657785
133061 14681.4643843
134197 14681.4643843
134464 14616.2741139
135332 14616.2741139
135778 14473.7046471
136922 14473.7046471
137226 14477.7635705
137961 14477.7635705
138422 14226.1930234
139853 14226.1930234
140090 14343.8872616
140887 14343.8872616
141073 14414.5759741
142442 14414.5759741
142857 14233.6675576
144049 14233.6675576
144178 14359.3529949
145000 14359.3529949
145315 13785.9802529
146112 13785.9802529
146375 14271.277413
147498 14271.277413
147680 14178.4656038
148214 14178.4656038
148447 13911.2280515
149594 13911.2280515
149763 14506.0780081
150650 14506.0780081
150953 13902.8686522
151730 13902.8686522
152098 14275.2955066
153539 14275.2955066
153671 14771.0398216
155072 14771.0398216
155255 14272.6655682
156108 14272.6655682
156256 14691.6622269
157743 14691.6622269
158075 14849.1116496
159282 14849.1116496
159399 14524.0473857
160256 14524.0473857
160590 14649.9161092
161634 14649.9161092
161992 14395.4245578
162529 14395.4245578
162665 14786.0847215
164076 14786.0847215
164267 14751.3664825
165750 14751.3664825
165877 14682.3891779
166987 14682.3891779
167185 14458.734518
168454 14458.734518
168759 14221.7355816
169376 14221.7355816
169568 14095.6948378
170118 14095.6948378
170525 14100.9184353
171225 14100.9184353
171568 14750.9323847
172403 14750.9323847
172753 14013.3078351
173922 14013.3078351
174266 15138.3647277
175104 15138.3647277
175492 14637.4797517
176140 14637.4797517
176479 14727.173197
177060 14727.173197
177298 14291.0572155
178552 14291.0572155
178787 13904.99691
180189 13904.99691
180570 14665.1102922
181670 14665.1102922
182075 14534.2809474
183534 14534.2809474
183748 14508.1118854
184867 14508.1118854
185090 13817.7482381
186236 13817.7482381
186370 14673.6881324
187721 14673.6881324
188148 15105.7806046
189573 15105.7806046
189825 13944.8128742
190430 13944.8128742
190838 14423.3349776
192122 14423.3349776
192254 14585.8401536
193387 14585.8401536
193635 14373.2887331
194397 14373.2887331
194845 14750.0811861
195873 14750.0811861
196162 14382.3966885
197498 14382.3966885
197750 14225.9674336
198739 14225.9674336
198990 13923.1963503
199688 13923.1963503
200138 14594.2421281
200792 14594.2421281
201256 14564.5595547
202592 14564.5595547
202921 14894.049961
203473 14894.049961
203854 14820.3873204
205142 14820.3873204
205429 14365.4627132
206583 14365.4627132
207033 14624.0564137
208254 14624.0564137
208496 14502.8202848
209437 14502.8202848
209760 14747.370279
210529 14747.370279
210644 14445.3821635
212109 14445.3821635
212566 14588.5449055
213261 14588.5449055
213480 14684.4819535
214945 14684.4819535
215319 14013.1760633
216221 14013.1760633
216612 14546.6697111
217893 14546.6697111
218061 14615.3293675
219310 14615.3293675
219677 14131.3443734
220842 14131.3443734
221075 14383.5059435
222290 14383.5059435
222546 14600.026347
223132 14600.026347
223601 14420.5167624
224594 14420.5167624
224730 14344.2628079
225980 14344.2628079
226398 14153.7252782
227284 14153.7252782
227442 14539.8391998
228109 14539.8391998
228382 14500.2979796
229207 14500.2979796
229359 14418.9437978
230177 14418.9437978
230421 14341.8870747
231558 14341.8870747
231926 14391.2110454
233217 14391.2110454
233489 14771.5935719
234297 14771.5935719
234668 14669.0836756
235524 14669.0836756
235692 14722.1677721
236560 14722.1677721
236839 14440.0735116
238112 14440.0735116
238552 15023.0545684
239187 15023.0545684
