0 4193.02621478
1441 4193.02621478
1689 2749.77584749
2344 2749.77584749
2780 8535.75333279
3409 8535.75333279
3519 3524.97630987
4716 3524.97630987
5013 4779.40158552
6348 4779.40158552
6584 11741.2631976
7280 11741.2631976
7409 1798.39403213
8598 1798.39403213
8964 2674.26262347
9868 2674.26262347
9974 1662.32667279
10999 1662.32667279
11442 2456.00684018
12708 2456.00684018
13062 4089.18417168
14353 4089.18417168
14664 9610.43330926
15607 9610.43330926
15963 4061.5495363
16650 4061.5495363
17095 596.733421595
18211 596.733421595
18616 4850.3264649
19127 4850.3264649
19431 10793.6520741
20908 10793.6520741
21177 1089.98970409
22211 1089.98970409
22450 7535.61686137
23895 7535.61686137
24392 5685.97071096
25219 5685.97071096
25544 13782.5643953
26254 13782.5643953
26395 10988.4681518
27386 10988.4681518
27818 6941.37105241
28581 6941.37105241
28864 3748.03962143
29707 3748.03962143
30034 7930.60231689
30776 7930.60231689
30927 5773.29310766
31728 5773.29310766
32127 11408.5059874
32797 11408.5059874
32911 13261.7338674
33411 13261.7338674
33563 1972.90701439
34476 1972.90701439
34834 1597.7603801
35786 1597.7603801
36032 11293.8798956
37014 11293.8798956
37370 515.76468499
38366 515.76468499
38499 5242.78407997
39422 5242.78407997
39824 5032.54112815
40763 5032.54112815
41147 3198.35095351
42130 3198.35095351
42371 5372.07112928
43036 5372.07112928
43357 3304.03995663
44720 3304.03995663
45064 2095.46158491
45948 2095.46158491
46432 5737.80102295
47145 5737.80102295
47528 2738.37226044
48567 2738.37226044
48860 18340.9286096
49416 18340.9286096
49608 7177.82487904
51101 7177.82487904
51422 5544.59864808
52361 5544.59864808
52590 2786.15470575
53264 2786.15470575
53365 16807.1857715
54379 16807.1857715
54603 4302.51230535
56016 4302.51230535
56362 8817.37004179
57206 8817.37004179
57332 468.52785427
58707 468.52785427
58866 12151.1591055
60027 12151.1591055
60161 1251.88086116
61090 1251.88086116
61454 1115.1331573
62846 1115.1331573
62970 3458.95974348
64156 3458.95974348
64276 3962.66716098
64801 3962.66716098
65156 1230.95124633
65878 1230.95124633
66275 15099.9571308
67389 15099.9571308
67724 933.120766605
68653 933.120766605
68919 1542.83736578
69517 1542.83736578
69948 3014.46289071
70594 3014.46289071
70934 10544.9808881
71588 10544.9808881
72033 10515.6309459
72562 10515.6309459
72747 1236.78938411
74134 1236.78938411
74490 12876.708791
75349 12876.708791
75503 126.345796743
76215 126.345796743
76359 2198.09350827
76982 2198.09350827
77274 4924.51307658
77849 4924.51307658
78202 3975.49860818
79346 3975.49860818
79692 1513.74559975
80361 1513.74559975
80722 6876.24744941
82125 6876.24744941
82531 4602.31284271
83485 4602.31284271
83791 15347.5010276
85269 15347.5010276
85405 2387.0118211
86262 2387.0118211
86402 5244.68908724
87189 5244.68908724
87314 23341.1151393
88137 23341.1151393
88542 10512.5371923
89432 10512.5371923
89885 1715.09065862
91383 1715.09065862
91822 2588.41438651
92764 2588.41438651
92944 18782.6180919
93941 18782.6180919
94213 9720.09464556
94999 9720.09464556
95299 5722.53496806
96645 5722.53496806
97090 240.220862687
98310 240.220862687
98426 1149.05493329
99806 1149.05493329
100064 837.178356368
101268 837.178356368
101473 1768.02005865
102303 1768.02005865
102518 1585.6789974
103459 1585.6789974
103737 12573.1969907
104387 12573.1969907
104652 6546.90483549
105555 6546.90483549
105875 11375.2950535
106766 11375.2950535
106900 6766.00106651
108387 6766.00106651
108688 4096.00670117
110160 4096.00670117
110467 1280.95281307
111125 1280.95281307
111245 2248.44547789
112500 2248.44547789
112686 16321.6283806
113435 16321.6283806
113737 9967.11387002
114964 9967.11387002
115252 2601.8248504
115853 2601.8248504
116090 3652.9466713
116897 3652.9466713
117332 9274.85912695
118279 9274.85912695
118542 5886.04731196
119630 5886.04731196
119934 1953.0002351
121154 1953.0002351
121256 8982.40007365
122726 8982.40007365
123062 1038.66013822
124409 1038.66013822
124604 3608.01715936
125325 3608.01715936
125484 6239.5153406
126088 6239.5153406
126213 6704.24587818
127403 6704.24587818
127848 1875.73548547
129209 1875.73548547
129570 8877.32273451
130760 8877.32273451
130948 626.871866449
131789 626.871866449
132031 7990.60791886
133249 7990.60791886
133640 6799.93010681
134378 6799.93010681
134663 8303.61466218
135421 8303.61466218
135751 10126.9245368
136655 10126.9245368
136827 20183.6248734
137781 20183.6248734
137907 3601.06031541
139139 3601.06031541
139241 2237.35624142
139807 2237.35624142
140028 16402.416009
140546 16402.416009
140961 7882.76582968
141537 7882.76582968
141915 8477.0185722
143347 8477.0185722
143721 4569.9677095
144246 4569.9677095
144557 1556.29638558
145226 1556.29638558
145620 5725.22493717
146874 5725.22493717
147139 222.159653041
147646 222.159653041
147798 4081.1550134
148467 4081.1550134
148569 164.663508126
149483 164.663508126
149814 10539.2769585
151127 10539.2769585
151451 5295.36484742
152857 5295.36484742
152978 5827.22190411
154427 5827.22190411
154616 8030.87282754
155690 8030.87282754
155856 11483.6215301
156410 11483.6215301
156750 3839.31130654
157759 3839.31130654
158143 4488.55805663
159592 4488.55805663
159908 8614.2036087
160536 8614.2036087
160797 11292.7299697
162264 11292.7299697
162668 11410.8223197
163353 11410.8223197
163618 9810.50308564
164927 9810.50308564
165071 14303.4871006
166248 14303.4871006
166420 24.5788515061
167658 24.5788515061
167919 8809.45168541
169187 8809.45168541
169612 4993.41656259
171011 4993.41656259
171374 7504.82487887
172458 7504.82487887
172570 12270.4672785
173720 12270.4672785
174214 6625.81358407
175187 6625.81358407
175353 8533.28211072
176517 8533.28211072
176838 4778.88195797
178239 4778.88195797
178407 4071.27330409
179714 4071.27330409
179951 6549.04916249
180997 6549.04916249
181107 18200.788942
182570 18200.788942
183003 2172.23816889
184050 2172.23816889
184334 2275.67120224
185039 2275.67120224
185180 18146.9111998
186353 18146.9111998
186612 3684.47944948
187354 3684.47944948
187580 1639.36959902
188285 1639.36959902
188550 6940.64263723
189678 6940.64263723
189987 12497.0344832
190709 12497.0344832
190889 4600.09919356
191621 4600.09919356
192087 2383.10021491
193052 2383.10021491
193218 10730.9305408
194589 10730.9305408
194745 366.66257038
195282 366.66257038
195483 9797.11771126
196699 9797.11771126
197110 2143.2207395
198382 2143.2207395
198789 3721.65562608
199747 3721.65562608
200010 5905.41975842
200512 5905.41975842
200747 4824.06103636
201692 4824.06103636
201799 3934.3973953
202582 3934.3973953
203070 296.511359944
204262 296.511359944
204746 6054.64483198
206033 6054.64483198
206275 3622.62993253
207740 3622.62993253
208100 7397.29262881
209488 7397.29262881
209920 9768.44181562
211368 9768.44181562
211538 1060.01077546
212325 1060.01077546
212687 7539.19929977
213956 7539.19929977
214298 8928.12790516
215199 8928.12790516
215314 4405.04320742
216430 4405.04320742
216836 2742.90231367
217748 2742.90231367
218207 9213.10293473
219557 9213.10293473
219717 12761.0780355
220468 12761.0780355
220905 3929.71950009
222002 3929.71950009
222497 13734.4194632
223553 13734.4194632
223723 10729.6974256
224528 10729.6974256
224630 14778.5589708
225228 14778.5589708
225541 4317.4290101
226477 4317.4290101
226750 10762.5414057
227528 10762.5414057
227740 3678.44884104
228494 3678.44884104
228644 10007.1150892
229865 10007.1150892
230128 19552.4935433
231273 19552.4935433
231768 15586.6676427
232772 15586.6676427
233264 7709.16058077
234554 7709.16058077
235001 1956.0681332
235992 1956.0681332
236264 12963.4106674
237532 12963.4106674
237941 2940.31496146
238594 2940.31496146
238966 74.6193396122
239942 74.6193396122
240112 488.517241867
241447 488.517241867
241802 7080.37071694
242646 7080.37071694
243045 3923.52669635
243863 3923.52669635
244179 4472.86414131
244697 4472.86414131
244866 12220.8927838
245844 12220.8927838
246281 10633.2859544
246836 10633.2859544
246954 3517.87233707
247492 3517.87233707
247657 2029.06725388
248934 2029.06725388
249038 1623.50985301
250495 1623.50985301
250772 10468.2055162
251616 10468.2055162
251863 462.022629438
252367 462.022629438
252524 3169.22184813
254019 3169.22184813
254307 1325.500315
255625 1325.500315
255804 12215.2362535
256675 12215.2362535
257125 4289.6152933
258285 4289.6152933
258462 8397.917546
259131 8397.917546
259621 244.830665688
260787 244.830665688
261215 10082.2886693
262698 10082.2886693
262817 7000.71309804
263869 7000.71309804
264003 7889.71258137
264577 7889.71258137
