0 1425.74365998
772 1425.74365998
1154 250.840688391
2464 250.840688391
2874 4033.90951052
4324 4033.90951052
4749 4056.988555
5558 4056.988555
5767 3362.82404679
7095 3362.82404679
7477 2393.11602976
8213 2393.11602976
8479 3296.4070916
9857 3296.4070916
10117 2378.96972408
11466 2378.96972408
11695 1885.84800425
12906 1885.84800425
13320 5146.23665781
14748 5146.23665781
14992 3544.67582131
15577 3544.67582131
15755 3851.4156366
16645 3851.4156366
16868 2246.42730077
18060 2246.42730077
18260 1797.12746245
19272 1797.12746245
19401 2910.81896573
20762 2910.81896573
20970 1902.38407037
22084 1902.38407037
22189 2263.74940971
23674 2263.74940971
24005 1954.59762949
24533 1954.59762949
24861 4869.30992523
25738 4869.30992523
25892 2477.57571852
27326 2477.57571852
27525 3164.7758205
28466 3164.7758205
28857 5337.9924588
29661 5337.9924588
30108 4539.45165951
31234 4539.45165951
31381 1681.26612832
32262 1681.26612832
32666 2588.2828319
33835 2588.2828319
34129 1685.84959612
35397 1685.84959612
35844 3396.36809391
36950 3396.36809391
37390 1401.79393363
38703 1401.79393363
39188 1541.43741526
39709 1541.43741526
39853 1425.31389429
40365 1425.31389429
40842 2140.3916869
41802 2140.3916869
42218 3244.96195332
43520 3244.96195332
43750 3636.76117927
44280 3636.76117927
44644 1986.71327628
45259 1986.71327628
45395 2742.46494671
46851 2742.46494671
46982 3775.02041308
47740 3775.02041308
48043 2808.56464864
48615 2808.56464864
49001 2622.94157762
50281 2622.94157762
50382 2540.25371022
51512 2540.25371022
51808 2349.47474133
52857 2349.47474133
53153 965.851855062
53907 965.851855062
54224 1818.55545253
55397 1818.55545253
55530 4265.26326584
56823 4265.26326584
57012 2084.87652406
58292 2084.87652406
58696 3664.14931575
60134 3664.14931575
60361 3388.05823345
61517 3388.05823345
61945 1726.3427585
62951 1726.3427585
63400 5277.49514227
64873 5277.49514227
65058 3826.57071664
66005 3826.57071664
66298 819.775298218
66908 819.775298218
67133 2760.93745476
67817 2760.93745476
68252 3572.22179773
69401 3572.22179773
69797 2007.66913222
70534 2007.66913222
70904 2149.2630775
71571 2149.2630775
72028 2939.69848152
72847 2939.69848152
73164 2522.69818404
74519 2522.69818404
74875 2172.29364744
75848 2172.29364744
76273 2530.97458294
77295 2530.97458294
77463 3963.38256748
78778 3963.38256748
78985 3395.5607043
79608 3395.5607043
79950 1122.9392462
81336 1122.9392462
81618 4021.42898422
82143 4021.42898422
82424 1002.80416477
83593 1002.80416477
83752 1709.86639914
84324 1709.86639914
84791 3056.74281377
85738 3056.74281377
85930 3523.29392856
86589 3523.29392856
86760 2756.52557647
88227 2756.52557647
88330 2700.69624237
89558 2700.69624237
89720 1339.45974245
91134 1339.45974245
91460 3430.12278603
92103 3430.12278603
92445 3097.15246222
93193 3097.15246222
93657 2341.72260584
94955 2341.72260584
95144 3952.24804805
95992 3952.24804805
96278 1451.01351029
97610 1451.01351029
98019 3019.79066675
98685 3019.79066675
98893 3963.97448225
99509 3963.97448225
99713 1752.65119439
100356 1752.65119439
100519 736.256065781
101164 736.256065781
101550 3224.10273422
102757 3224.10273422
103201 699.717816407
104237 699.717816407
104516 2870.22501216
105631 2870.22501216
105987 4793.50058755
106525 4793.50058755
106818 5428.75556922
108072 5428.75556922
108327 3670.39042314
109581 3670.39042314
109996 1798.11563403
110682 1798.11563403
110913 2329.74365571
112063 2329.74365571
112516 1807.32708726
113223 1807.32708726
113569 2131.13862516
114802 2131.13862516
115016 4244.00596721
115917 4244.00596721
116139 2308.18555812
117117 2308.18555812
117458 341.046324045
117959 341.046324045
118386 1884.66701518
119783 1884.66701518
119901 3160.16608412
121080 3160.16608412
121250 1717.55400838
122722 1717.55400838
123074 5105.40728557
123899 5105.40728557
124030 2088.75556709
125365 2088.75556709
125668 2806.89687897
127124 2806.89687897
127233 2509.46826987
127796 2509.46826987
128181 3126.02516059
129222 3126.02516059
129444 2655.82663926
130523 2655.82663926
130770 2251.72715969
132057 2251.72715969
132246 2398.01966279
133178 2398.01966279
133582 3181.94510475
134379 3181.94510475
134606 1024.96822777
135290 1024.96822777
135661 80.7508797786
136207 80.7508797786
136571 3443.10910386
137858 3443.10910386
138037 2428.50014019
139165 2428.50014019
139509 1258.12382567
140380 1258.12382567
140730 3695.52695462
142060 3695.52695462
142255 3154.69792736
143657 3154.69792736
143960 208.756009519
145431 208.756009519
145740 4223.51350269
146559 4223.51350269
146876 5154.48011243
147689 5154.48011243
148093 2509.69102509
148916 2509.69102509
149410 4571.51276921
150026 4571.51276921
150297 2219.77895041
150992 2219.77895041
151245 4185.21141408
152258 4185.21141408
152448 3672.69468482
153101 3672.69468482
153281 2643.7882277
154220 2643.7882277
154468 4213.1804712
155127 4213.1804712
155358 1108.43672056
156149 1108.43672056
156624 4234.82689014
157457 4234.82689014
157655 1554.3847363
158852 1554.3847363
159059 3028.42810566
160135 3028.42810566
160489 1924.26479281
161608 1924.26479281
161846 17.7683926719
162961 17.7683926719
163272 4741.93799509
164018 4741.93799509
164423 3555.22765554
165778 3555.22765554
166034 1553.06626449
167115 1553.06626449
167374 6054.12462535
167915 6054.12462535
168174 454.654433901
168863 454.654433901
169325 5244.60115714
169902 5244.60115714
170193 3383.17763539
171688 3383.17763539
171856 4506.133043
173262 4506.133043
173731 1958.30900743
175044 1958.30900743
175332 1957.62459124
176465 1957.62459124
176731 3219.57256609
177573 3219.57256609
177999 2857.88592724
178602 2857.88592724
179069 1352.03279779
180510 1352.03279779
180969 2177.94373417
182406 2177.94373417
182668 726.774190815
183797 726.774190815
184044 2487.33237398
185318 2487.33237398
185498 2956.25601939
186794 2956.25601939
186974 1073.39692371
187697 1073.39692371
187901 1120.77327265
188939 1120.77327265
189185 2351.47104968
189978 2351.47104968
190237 1117.47767316
191697 1117.47767316
191810 1631.98413142
192884 1631.98413142
193376 3154.64321829
194088 3154.64321829
194410 1518.42397067
195183 1518.42397067
195420 2245.02199545
196389 2245.02199545
196794 3676.45479971
197476 3676.45479971
197718 3502.25101753
198941 3502.25101753
199176 1615.70930221
200002 1615.70930221
200183 719.773284989
200803 719.773284989
201244 2907.80157378
202457 2907.80157378
202934 4022.95121599
203554 4022.95121599
203877 4201.70131121
204896 4201.70131121
205068 3043.37089549
206033 3043.37089549
206226 1625.56336578
206740 1625.56336578
207213 3759.076576
207996 3759.076576
208288 5659.85041821
209041 5659.85041821
209440 4304.13995361
210498 4304.13995361
210633 1930.02595983
211245 1930.02595983
211455 3005.98635471
212145 3005.98635471
212552 3752.11449209
213381 3752.11449209
213848 3415.48440539
215049 3415.48440539
215518 3897.49170798
216738 3897.49170798
217054 1977.58378206
217886 1977.58378206
218138 550.935785563
219379 550.935785563
219660 2220.03744211
221036 2220.03744211
221506 3470.56113472
222630 3470.56113472
222821 4036.95858882
223908 4036.95858882
224126 4436.47985468
224831 4436.47985468
225069 3798.08181542
225606 3798.08181542
226067 3265.97179473
227372 3265.97179473
227776 3316.91607947
229256 3316.91607947
229717 5245.62248991
230467 5245.62248991
230733 2518.30157364
231780 2518.30157364
