0 3636.62359803
817 3636.62359803
1226 4709.66458714
2059 4709.66458714
2465 1290.05168497
3283 1290.05168497
3637 4910.38680806
4529 4910.38680806
4846 2792.73694757
5816 2792.73694757
6232 2140.89111639
7094 2140.89111639
7478 3616.58552084
8182 3616.58552084
8516 5393.35222239
9552 5393.35222239
10006 1489.62494832
11326 1489.62494832
11443 1924.92261182
12843 1924.92261182
13274 958.664268661
14352 958.664268661
14698 4597.07725176
16076 4597.07725176
16264 4837.21980879
17633 4837.21980879
18000 2402.73107755
19332 2402.73107755
19743 2405.36834649
20937 2405.36834649
21275 2447.74846638
21860 2447.74846638
22210 4938.99627983
22843 4938.99627983
23076 4055.74021365
24503 4055.74021365
24695 2437.53146725
25262 2437.53146725
25527 2661.71392456
26883 2661.71392456
27047 2317.10949343
28115 2317.10949343
28345 1709.57285974
29352 1709.57285974
29806 4043.43161293
31069 4043.43161293
31468 4544.99578625
32150 4544.99578625
32491 1364.8943075
33375 1364.8943075
33587 2822.7012089
34482 2822.7012089
34912 1964.82021638
36166 1964.82021638
36284 2651.14411797
36844 2651.14411797
37146 5685.70471184
38606 5685.70471184
38880 1717.28640526
39432 1717.28640526
39659 3998.97859251
40604 3998.97859251
40835 4512.65724105
41365 4512.65724105
41772 2710.11626354
43248 2710.11626354
43565 4835.0069995
44570 4835.0069995
44752 6414.26526025
45467 6414.26526025
45856 2264.30294018
47312 2264.30294018
47413 2799.29541986
48673 2799.29541986
48784 4790.64803544
50249 4790.64803544
50373 853.434153074
51787 853.434153074
52002 5040.11513051
53223 5040.11513051
53377 3561.04286217
54858 3561.04286217
54988 2756.18075155
56057 2756.18075155
56417 5847.13683992
57617 5847.13683992
58011 4232.46783861
58953 4232.46783861
59066 1143.43823435
60533 1143.43823435
60814 2426.17799398
62104 2426.17799398
62556 3196.89488461
63514 3196.89488461
63940 3054.44144989
64843 3054.44144989
64991 3946.88673622
65664 3946.88673622
65929 4650.3872578
66619 4650.3872578
66948 3304.0768283
68198 3304.0768283
68615 2889.87957429
69427 2889.87957429
69670 2339.48705209
70936 2339.48705209
71300 1337.3311985
71809 1337.3311985
72171 5992.90217922
72832 5992.90217922
73329 6090.31214624
73866 6090.31214624
73989 7358.66965589
75240 7358.66965589
75455 2359.41670651
76692 2359.41670651
76897 6049.73498271
77580 6049.73498271
77978 4003.62097639
78886 4003.62097639
79296 1365.29960975
80661 1365.29960975
81026 3033.31023891
82337 3033.31023891
82791 2727.33437554
83787 2727.33437554
84199 2998.01682868
85237 2998.01682868
85508 4104.15489382
86165 4104.15489382
86268 2695.48622866
87069 2695.48622866
87562 1121.93973976
88357 1121.93973976
88822 3640.1808382
90100 3640.1808382
90560 6059.17503518
91383 6059.17503518
91590 3543.98149609
92252 3543.98149609
92422 4264.0341666
93397 4264.0341666
93516 3110.19332358
94273 3110.19332358
94613 5352.33995521
95197 5352.33995521
95486 4865.81747875
96956 4865.81747875
97056 5606.17818217
98355 5606.17818217
98770 745.926252318
100235 745.926252318
100606 3284.95984638
101824 3284.95984638
102025 2607.55677175
103032 2607.55677175
103462 5865.716393
104635 5865.716393
105112 2137.24135578
106581 2137.24135578
106907 2183.1204597
107428 2183.1204597
107716 429.321815069
108958 429.321815069
109353 524.278543329
110791 524.278543329
111197 3016.67943262
111893 3016.67943262
112374 3875.81099445
113359 3875.81099445
113639 4823.77384813
114892 4823.77384813
115257 4415.35999404
116186 4415.35999404
116349 2481.45693968
116887 2481.45693968
117295 2438.23315934
118562 2438.23315934
118888 3358.99950653
120052 3358.99950653
120405 5585.94460039
121719 5585.94460039
122196 6962.43698562
122831 6962.43698562
123185 3013.74997548
124200 3013.74997548
124460 4583.58971162
125068 4583.58971162
125540 6043.10133471
126600 6043.10133471
126822 2191.3210095
128229 2191.3210095
128462 2016.52098633
129449 2016.52098633
129701 1454.3370917
131128 1454.3370917
131299 4747.50675398
132091 4747.50675398
132521 3485.8488278
133965 3485.8488278
134261 1489.87429091
134817 1489.87429091
135257 2678.43348205
136726 2678.43348205
136943 1104.85730088
138130 1104.85730088
138253 2875.788916
139538 2875.788916
140000 3764.93322624
141404 3764.93322624
141518 3796.6946477
142093 3796.6946477
142339 3409.99825259
143291 3409.99825259
143446 2305.55655089
143977 2305.55655089
144340 1647.89847121
145292 1647.89847121
145620 3928.73030046
146234 3928.73030046
146362 2072.84108099
146932 2072.84108099
147035 3123.26405663
148153 3123.26405663
148613 3964.22321111
149202 3964.22321111
149414 3879.27097695
150458 3879.27097695
150892 4062.72767529
151820 4062.72767529
152197 3448.72077817
153532 3448.72077817
153652 2873.13572167
155034 2873.13572167
155457 3386.80600924
156325 3386.80600924
156818 4034.98423837
157679 4034.98423837
157894 4120.35772911
159292 4120.35772911
159466 1569.23463602
160624 1569.23463602
160736 5723.09121209
161536 5723.09121209
161953 4003.56680814
163394 4003.56680814
163734 2673.97866999
164619 2673.97866999
165103 4908.65733412
166561 4908.65733412
166946 5837.62697453
167559 5837.62697453
167802 3720.33633126
168560 3720.33633126
168962 7462.74888393
169473 7462.74888393
169737 3813.73588653
170699 3813.73588653
170889 2634.83122667
172176 2634.83122667
172599 1850.55985966
173963 1850.55985966
174165 4848.28168458
175124 4848.28168458
175500 4498.34358338
176227 4498.34358338
176547 4461.12693623
177599 4461.12693623
177739 4999.67705351
178282 4999.67705351
178672 1897.21806714
179876 1897.21806714
180065 5287.05308666
181454 5287.05308666
181913 4812.50341034
182430 4812.50341034
182892 2498.62322519
183623 2498.62322519
184049 1431.62813889
184704 1431.62813889
185124 2307.60131581
185877 2307.60131581
186182 391.092946272
187182 391.092946272
187619 5171.66775882
188230 5171.66775882
188621 1410.27492253
189726 1410.27492253
190203 3236.05202963
191501 3236.05202963
191929 4562.63868264
192608 4562.63868264
193008 6293.26732157
194013 6293.26732157
194320 4298.07046208
195588 4298.07046208
195826 1653.46045286
196525 1653.46045286
196916 5208.2115379
197500 5208.2115379
197993 974.258579637
198547 974.258579637
198843 1155.03310994
200010 1155.03310994
200292 4407.21154653
201352 4407.21154653
201675 1576.5745199
202387 1576.5745199
202583 4800.7589829
203921 4800.7589829
204120 1740.81945248
204853 1740.81945248
205352 1734.99109903
205884 1734.99109903
206291 2329.7673487
207546 2329.7673487
207863 5787.06458532
208759 5787.06458532
208907 5351.79420865
209488 5351.79420865
209701 5046.17191068
210834 5046.17191068
210937 3047.05171881
211719 3047.05171881
212003 2046.43546901
213476 2046.43546901
213750 1929.49060776
214264 1929.49060776
214490 4797.11912759
215923 4797.11912759
216066 5819.75077661
216579 5819.75077661
216802 5475.07818709
217554 5475.07818709
217964 3113.52024678
219358 3113.52024678
219546 4978.30445183
220651 4978.30445183
221078 4698.72136799
222368 4698.72136799
222768 5286.98066975
223924 5286.98066975
224347 3050.31894534
225635 3050.31894534
225781 2602.71098359
227039 2602.71098359
227156 1740.20616529
227839 1740.20616529
228087 3027.77435569
228647 3027.77435569
229054 2473.57163926
229583 2473.57163926
229851 3633.32972448
230926 3633.32972448
231078 1946.41855839
232346 1946.41855839
232726 3172.978644
234153 3172.978644
234480 4066.37285132
235890 4066.37285132
236183 3898.98901631
236875 3898.98901631
237070 63.9885378897
237757 63.9885378897
238028 1352.15624878
238700 1352.15624878
238931 3079.11751451
239545 3079.11751451
239911 3839.15932337
241256 3839.15932337
241604 2629.43198522
242191 2629.43198522
242665 848.114037766
243366 848.114037766
243692 4138.00862283
244335 4138.00862283
244491 4028.07389388
245496 4028.07389388
245969 3913.84123997
247188 3913.84123997
247600 3449.01410173
248884 3449.01410173
249365 1035.80228479
250795 1035.80228479
251069 4075.92523519
252467 4075.92523519
252683 1854.29943608
253813 1854.29943608
254010 4905.36263143
254922 4905.36263143
255058 3818.91202383
255762 3818.91202383
256010 3988.82862715
257491 3988.82862715
257982 2108.07993998
258491 2108.07993998
258746 4096.03936068
259457 4096.03936068
259829 2912.98305078
261158 2912.98305078
261466 5169.76753015
262300 5169.76753015
262537 5453.62032997
263308 5453.62032997
263727 390.561448103
264245 390.561448103
264576 2932.46395839
265600 2932.46395839
265856 3595.84329741
266463 3595.84329741
266877 3536.73578017
267604 3536.73578017
267840 2721.45925122
269198 2721.45925122
269374 1637.83492033
270738 1637.83492033
271078 3773.42390993
271711 3773.42390993
271914 5556.74519525
272439 5556.74519525
272831 4290.63299354
274051 4290.63299354
274382 4236.67973278
275224 4236.67973278
275701 1953.48168524
276957 1953.48168524
277098 4656.15594065
277960 4656.15594065
278313 3501.61086094
279284 3501.61086094
279541 4712.8614879
280877 4712.8614879
281227 5615.95619875
281845 5615.95619875
282318 2617.44030668
283549 2617.44030668
283978 3287.52720443
284914 3287.52720443
285104 2598.78246766
285664 2598.78246766
286089 6466.08814091
286805 6466.08814091
287166 4549.01342511
288410 4549.01342511
288836 1959.5203835
290059 1959.5203835
290425 4547.34859482
291104 4547.34859482
291303 3758.15709525
292420 3758.15709525
292828 3523.77740544
293981 3523.77740544
294254 5536.21726397
294922 5536.21726397
