0 2552.68368892
782 2552.68368892
1157 7699.48197581
2228 7699.48197581
2446 3815.12453117
3344 3815.12453117
3749 4066.61033182
5203 4066.61033182
5674 1120.61534856
7079 1120.61534856
7557 2260.0656059
8373 2260.0656059
8819 4437.20437699
9477 4437.20437699
9864 10668.4013949
11192 10668.4013949
11437 16915.8670583
12619 16915.8670583
12844 2779.10113654
13581 2779.10113654
13837 2328.56281632
15105 2328.56281632
15481 12650.7129399
16252 12650.7129399
16518 8720.87926132
17765 8720.87926132
18092 5025.32641153
18759 5025.32641153
19077 9371.72947246
19751 9371.72947246
19946 207.95875729
21124 207.95875729
21589 8059.28923442
22094 8059.28923442
22261 3738.70789795
22932 3738.70789795
23259 4479.66520818
23877 4479.66520818
24037 8140.44769832
25020 8140.44769832
25151 3357.01048231
26591 3357.01048231
26749 2678.91977532
27781 2678.91977532
28207 5610.39371495
29015 5610.39371495
29235 3298.71534738
29901 3298.71534738
30346 9127.88714214
31321 9127.88714214
31473 8816.010544
32334 8816.010544
32486 13822.7159471
33138 13822.7159471
33597 6064.43341999
35021 6064.43341999
35289 1574.96572638
35850 1574.96572638
36051 7933.68635868
37224 7933.68635868
37475 7097.74900389
38725 7097.74900389
38903 3307.52697027
39521 3307.52697027
39767 1318.27961018
40865 1318.27961018
40990 6518.95605137
42031 6518.95605137
42158 1932.09268157
42990 1932.09268157
43136 5562.10754718
44329 5562.10754718
44827 2702.18027021
46171 2702.18027021
46296 2007.54607122
47233 2007.54607122
47668 6124.80121131
49131 6124.80121131
49511 5611.42772332
50028 5611.42772332
50362 10821.7168487
50936 10821.7168487
51359 1736.74432859
52551 1736.74432859
52735 7296.58979139
54133 7296.58979139
54422 11863.4880883
55084 11863.4880883
55495 2834.15622039
56950 2834.15622039
57145 6111.60313912
57962 6111.60313912
58108 7478.98817719
59535 7478.98817719
59846 12489.2116088
60719 12489.2116088
60898 13318.7151194
62060 13318.7151194
62450 904.827622647
63178 904.827622647
63335 1994.93517285
64249 1994.93517285
64664 4796.01932271
66029 4796.01932271
66402 3779.69847813
67038 3779.69847813
67481 7657.72529766
68905 7657.72529766
69074 9231.47303466
70556 9231.47303466
70788 6634.04624805
71560 6634.04624805
71868 4408.48552778
73081 4408.48552778
73228 4939.16667172
74389 4939.16667172
74721 8060.42093875
75759 8060.42093875
76161 6952.63180982
77012 6952.63180982
77507 6471.73463096
78105 6471.73463096
78465 8753.52713111
79093 8753.52713111
79491 8546.45437288
80742 8546.45437288
81174 5945.26969126
81960 5945.26969126
82138 276.65549299
82969 276.65549299
83449 7189.30205626
84241 7189.30205626
84509 7466.08355695
85440 7466.08355695
85547 5488.11498347
86545 5488.11498347
86707 597.8525039
87721 597.8525039
88064 11982.2795571
88701 11982.2795571
89051 11368.2405169
89738 11368.2405169
90096 1139.64889798
91591 1139.64889798
91732 3024.48412742
92514 3024.48412742
92632 5320.33295241
93824 5320.33295241
93930 715.829316885
94733 715.829316885
94880 3395.62956089
95814 3395.62956089
96062 5386.33047116
96893 5386.33047116
97044 2050.95539162
98225 2050.95539162
98548 4752.06388444
99746 4752.06388444
99867 5736.7026891
100733 5736.7026891
101119 5906.31750515
102512 5906.31750515
102904 2139.79524186
104303 2139.79524186
104688 2761.0443486
106082 2761.0443486
106318 8739.99552978
107565 8739.99552978
107855 3111.241637
108661 3111.241637
108772 9682.20705889
109541 9682.20705889
109751 5213.51820564
110782 5213.51820564
111124 916.864977038
111698 916.864977038
112165 2768.88942859
113330 2768.88942859
113802 481.81649019
114924 481.81649019
115356 6030.60475584
116331 6030.60475584
116516 7308.02529712
117353 7308.02529712
117623 6493.54813659
118662 6493.54813659
119035 7982.45708133
119902 7982.45708133
120009 3566.73352784
120922 3566.73352784
121226 6737.7210473
122575 6737.7210473
122908 2412.80252693
123696 2412.80252693
124159 946.393346111
125300 946.393346111
125669 8795.92033203
126973 8795.92033203
127365 5355.24762482
128053 5355.24762482
128183 4882.84508351
128834 4882.84508351
129003 34.0342837729
130383 34.0342837729
130533 2341.70051724
131602 2341.70051724
131808 1145.85165911
132949 1145.85165911
133159 6894.4116438
133672 6894.4116438
133973 1831.29043107
134692 1831.29043107
134875 6569.06541472
135709 6569.06541472
136021 8705.13236746
137110 8705.13236746
137412 2421.87587354
137993 2421.87587354
138201 3092.71281292
139366 3092.71281292
139652 109.816181676
140981 109.816181676
141452 1005.22563333
142817 1005.22563333
143071 6393.55667508
143967 6393.55667508
144201 10259.5579651
144896 10259.5579651
145000 1789.36592287
145807 1789.36592287
146128 5623.05083703
146761 5623.05083703
147157 2745.71964463
148309 2745.71964463
148641 7826.1585001
150018 7826.1585001
150335 2297.36292879
150964 2297.36292879
151076 9375.43635146
152394 9375.43635146
152514 539.50750273
153846 539.50750273
154085 10562.511687
154848 10562.511687
155216 2009.78370778
156693 2009.78370778
157059 6266.31319548
157667 6266.31319548
157857 5532.99851676
159070 5532.99851676
159248 7540.92675328
160576 7540.92675328
160717 6792.01697742
162112 6792.01697742
162408 71.3499301958
163348 71.3499301958
163733 2502.64129876
165226 2502.64129876
165638 9363.91934557
166289 9363.91934557
166495 10841.7716735
167706 10841.7716735
167839 2246.43971425
168354 2246.43971425
168729 14855.3655662
169246 14855.3655662
169427 5461.07842158
170337 5461.07842158
170746 5802.84660666
171697 5802.84660666
172145 7259.62027762
173542 7259.62027762
174010 8826.80141506
174771 8826.80141506
174905 9886.57603794
175614 9886.57603794
175934 2825.44193584
177351 2825.44193584
177714 155.316625506
178779 155.316625506
179126 7963.69213856
180056 7963.69213856
180431 6289.13423323
181298 6289.13423323
181742 5395.24196228
183041 5395.24196228
183493 1816.63204653
184580 1816.63204653
184900 10481.3883991
185691 10481.3883991
185799 4375.34116015
186414 4375.34116015
186719 69.0614088894
187488 69.0614088894
187592 9712.82851198
188430 9712.82851198
188867 3110.4560668
189675 3110.4560668
190141 483.800194637
190673 483.800194637
191145 8993.85546968
191909 8993.85546968
192235 4049.66773675
193320 4049.66773675
193633 2101.26838806
194804 2101.26838806
195208 4082.84350949
196593 4082.84350949
196773 9250.21946904
198203 9250.21946904
198343 130.92443558
199201 130.92443558
199587 1826.11572258
200281 1826.11572258
200667 6449.72420694
201696 6449.72420694
202113 6372.668501
202637 6372.668501
203092 595.807636938
204347 595.807636938
204604 6736.50394477
205483 6736.50394477
205641 6901.6758824
206928 6901.6758824
207110 38.6278325808
208566 38.6278325808
208807 2620.27040013
209411 2620.27040013
209615 750.864002527
210999 750.864002527
211144 2899.29076081
212119 2899.29076081
212351 9822.54023208
213544 9822.54023208
214018 8077.84352679
214785 8077.84352679
215027 855.742405099
216177 855.742405099
216315 4600.86255753
217189 4600.86255753
217397 5688.11796619
218135 5688.11796619
218333 7873.12770468
219703 7873.12770468
219865 5054.07765908
221104 5054.07765908
221561 2564.991024
222681 2564.991024
223002 1453.5628839
223799 1453.5628839
224292 645.481261096
225121 645.481261096
225424 7006.90440027
226052 7006.90440027
226393 2845.51383025
227403 2845.51383025
227889 3474.21702804
229128 3474.21702804
229366 7017.04966247
229918 7017.04966247
230153 1048.32095852
231293 1048.32095852
231475 5959.9661042
232045 5959.9661042
232267 5403.59880015
233542 5403.59880015
233780 5389.65197461
234641 5389.65197461
234911 4620.91873788
236178 4620.91873788
236671 874.689492983
237270 874.689492983
237420 3533.6734078
238616 3533.6734078
239073 11818.4692996
239682 11818.4692996
239913 12881.7366008
240502 12881.7366008
240951 12188.2679634
241511 12188.2679634
241841 7982.10236295
243159 7982.10236295
243399 683.09409817
244124 683.09409817
244252 8128.7678556
244923 8128.7678556
245251 1445.8962143
246435 1445.8962143
246903 1161.7251018
248213 1161.7251018
248506 5540.07961871
249397 5540.07961871
