0 4469.89723165
660 4469.89723165
1141 471.91487951
2348 471.91487951
2795 7626.64392643
3484 7626.64392643
3968 10763.3230375
5355 10763.3230375
5565 6069.81942947
6557 6069.81942947
7009 7959.26685338
7621 7959.26685338
7730 12076.3324482
8895 12076.3324482
9284 1053.99866064
10176 1053.99866064
10651 418.249594357
12037 418.249594357
12205 1155.84838957
12754 1155.84838957
12890 3480.2588071
14118 3480.2588071
14522 4404.99047162
15653 4404.99047162
15932 391.31672978
16943 391.31672978
17424 5951.22905116
18559 5951.22905116
18707 6496.0251746
19328 6496.0251746
19451 630.243440178
20546 630.243440178
20696 5824.98202541
21316 5824.98202541
21769 2846.67763904
22436 2846.67763904
22881 2490.30629475
23944 2490.30629475
24410 1035.02685845
25509 1035.02685845
25975 1872.79938064
26821 1872.79938064
26978 1894.19770633
27891 1894.19770633
28000 5379.69649781
28506 5379.69649781
28766 2959.17195897
29991 2959.17195897
30252 3352.37106645
31504 3352.37106645
31665 5828.51224918
32957 5828.51224918
33450 7075.13310812
34425 7075.13310812
34758 3089.45663081
35683 3089.45663081
36143 5199.76935995
36989 5199.76935995
37254 3552.38586097
38074 3552.38586097
38474 6431.94121429
39648 6431.94121429
39829 9371.40076076
40664 9371.40076076
41130 6114.48785865
41806 6114.48785865
42224 12123.2866936
43253 12123.2866936
43437 1296.3843754
44018 1296.3843754
44246 9335.06256456
44973 9335.06256456
45367 4353.16378828
45956 4353.16378828
46223 2538.25312011
46959 2538.25312011
47334 8553.32750917
48620 8553.32750917
48901 5417.81330314
49507 5417.81330314
49788 8072.43447385
50998 8072.43447385
51336 8510.73108561
52588 8510.73108561
52737 8251.68032453
53956 8251.68032453
54235 3448.93229783
55198 3448.93229783
55418 794.047115885
56492 794.047115885
56843 4051.96143462
58045 4051.96143462
58460 6722.28013448
59397 6722.28013448
59755 521.94223453
61025 521.94223453
61357 5967.48538309
61957 5967.48538309
62378 9861.66716002
63591 9861.66716002
63817 1055.87089848
64647 1055.87089848
65082 7361.49783008
65863 7361.49783008
66222 9099.85648471
67397 9099.85648471
67773 8652.67845421
68759 8652.67845421
69209 3809.87309889
70224 3809.87309889
70531 2731.76117219
71661 2731.76117219
71888 3333.15708773
72916 3333.15708773
73028 3597.72341261
73627 3597.72341261
73945 12619.1467521
75428 12619.1467521
75909 8518.94792934
76756 8518.94792934
77028 6861.25424184
77560 6861.25424184
77820 5400.04600514
79152 5400.04600514
79274 1298.43486289
80389 1298.43486289
80868 3446.02224672
81380 3446.02224672
81747 4748.6258577
82787 4748.6258577
83162 12267.755232
84283 12267.755232
84512 6776.62016786
85155 6776.62016786
85589 4049.2942222
86732 4049.2942222
86881 5779.40380408
87923 5779.40380408
88098 1752.60223492
88692 1752.60223492
89140 4992.69087594
90303 4992.69087594
90678 1767.02082876
91844 1767.02082876
92044 3525.47109247
93169 3525.47109247
93572 1212.82191681
94400 1212.82191681
94689 4078.67889613
95832 4078.67889613
96301 4733.87555266
97142 4733.87555266
97560 2201.14770458
98344 2201.14770458
98774 1324.84316165
99621 1324.84316165
99764 7513.01095729
100646 7513.01095729
100756 7683.67889996
101353 7683.67889996
101523 9178.58667902
102887 9178.58667902
103293 7478.49193306
104477 7478.49193306
104817 1176.7252047
105831 1176.7252047
105970 17742.0749867
107429 17742.0749867
107786 4965.51307132
109220 4965.51307132
109427 8559.61492615
110105 8559.61492615
110364 6330.77184576
111142 6330.77184576
111492 627.696402705
112079 627.696402705
112256 1272.86157528
113123 1272.86157528
113511 10082.8794803
114093 10082.8794803
114407 7547.10618413
115467 7547.10618413
115731 4725.8478049
116897 4725.8478049
117255 2891.17235351
118491 2891.17235351
118867 3780.58489198
120178 3780.58489198
120652 4872.9724711
121896 4872.9724711
122288 5763.27864613
123407 5763.27864613
123711 3740.79588922
124377 3740.79588922
124842 1455.04022289
125902 1455.04022289
126227 991.790905942
127046 991.790905942
127282 4620.04509751
127838 4620.04509751
128043 8605.88032474
128543 8605.88032474
128859 3028.16849465
130013 3028.16849465
130140 2289.91232651
131440 2289.91232651
131925 1539.58588189
133067 1539.58588189
133502 4515.5970382
134067 4515.5970382
134501 813.04531082
135170 813.04531082
135295 2986.11393605
136594 2986.11393605
136816 7522.82402209
138241 7522.82402209
138671 1855.48521019
140115 1855.48521019
140261 1609.28956203
140855 1609.28956203
141071 7832.1880898
141792 7832.1880898
142107 275.55511803
143575 275.55511803
143718 7917.26252253
145078 7917.26252253
145246 782.457834706
146180 782.457834706
146341 1974.61688588
147644 1974.61688588
147910 828.09278785
149227 828.09278785
149510 7119.70850979
150702 7119.70850979
151039 5912.66863407
151887 5912.66863407
152137 12061.5724902
153287 12061.5724902
153464 10076.7944588
154959 10076.7944588
155184 2986.19442311
156087 2986.19442311
156364 5827.03791494
157034 5827.03791494
157273 972.275552462
158042 972.275552462
158242 8395.45758654
159180 8395.45758654
159429 5214.54422245
160018 5214.54422245
160120 10641.1731235
160774 10641.1731235
161267 6813.05026412
161908 6813.05026412
162059 10281.2511938
163068 10281.2511938
163244 1977.74345214
164161 1977.74345214
164477 1000.97109934
165907 1000.97109934
166024 453.025989718
166532 453.025989718
166883 1484.15838824
168158 1484.15838824
168467 6358.5890731
169956 6358.5890731
170122 2572.04636442
171174 2572.04636442
171584 9296.84652621
172427 9296.84652621
172596 4467.14912442
173162 4467.14912442
173348 10385.3311693
174842 10385.3311693
175281 6363.00602161
176415 6363.00602161
176766 7105.05216455
177973 7105.05216455
178458 9370.07738559
179519 9370.07738559
179804 4149.18482674
180616 4149.18482674
180927 3902.80792424
181931 3902.80792424
182185 9764.66610039
183269 9764.66610039
183720 2151.82015106
184418 2151.82015106
184808 1480.9808953
186295 1480.9808953
186674 819.759461789
188030 819.759461789
188455 731.801504168
189469 731.801504168
189592 3507.09839455
190286 3507.09839455
190416 7450.86366801
191696 7450.86366801
192039 9345.80719559
192641 9345.80719559
192962 95.3969214419
194419 95.3969214419
194665 1035.39397837
195926 1035.39397837
196425 5909.38930665
197397 5909.38930665
197744 2196.75159361
199100 2196.75159361
199464 7679.39349525
200418 7679.39349525
200613 7453.70414129
201577 7453.70414129
201861 4399.49933369
202879 4399.49933369
203288 3413.95773189
204729 3413.95773189
205156 3660.76911953
206652 3660.76911953
207069 10862.2166692
208546 10862.2166692
209038 4419.50759369
209788 4419.50759369
210116 3033.39021491
210890 3033.39021491
211039 4885.30358545
212123 4885.30358545
212611 8075.03697255
213159 8075.03697255
213490 3774.46946835
214350 3774.46946835
214509 3720.20331356
215695 3720.20331356
215999 2139.80193175
216852 2139.80193175
217251 50.4539089788
218687 50.4539089788
218875 10224.5349148
219559 10224.5349148
219785 1918.66102975
221117 1918.66102975
221225 7888.47677
222517 7888.47677
222944 692.355314747
223486 692.355314747
223641 10047.9739766
224401 10047.9739766
224863 2181.85756603
225389 2181.85756603
225587 6651.96041488
226373 6651.96041488
226800 6964.18458676
227579 6964.18458676
227821 3480.37586771
228592 3480.37586771
229020 1293.13498167
230085 1293.13498167
230274 12519.5645509
231044 12519.5645509
231452 4062.05585103
232105 4062.05585103
232277 7169.50919241
233585 7169.50919241
233727 138.285645255
235208 138.285645255
235463 4659.2255122
236700 4659.2255122
236923 4895.40024395
237510 4895.40024395
237803 4817.61062677
238553 4817.61062677
238821 12202.1889021
240033 12202.1889021
240386 1319.25028627
241880 1319.25028627
242352 5012.16654011
243010 5012.16654011
243274 3981.91017174
244106 3981.91017174
244506 9792.24789256
245501 9792.24789256
245899 3428.73685078
246827 3428.73685078
246995 196.316105775
247745 196.316105775
247917 5178.07848608
249410 5178.07848608
