0 1785.9588632
523 1785.9588632
945 13231.2114176
1862 13231.2114176
1969 6904.96081581
2907 6904.96081581
3211 1875.18369951
4189 1875.18369951
4680 3424.95858538
5235 3424.95858538
5714 1348.76166769
7042 1348.76166769
7460 5024.16691116
8722 5024.16691116
8872 11837.6537611
9582 11837.6537611
10021 13440.5736523
10679 13440.5736523
10842 4514.9468979
11931 4514.9468979
12174 9672.50250475
13143 9672.50250475
13270 1583.26551352
14175 1583.26551352
14673 10854.7189617
15770 10854.7189617
16243 5972.87801348
17241 5972.87801348
17379 8339.62150561
18201 8339.62150561
18487 7559.73965372
19124 7559.73965372
19594 4986.41343976
20158 4986.41343976
20608 4211.06755876
21999 4211.06755876
22252 13858.2225857
23167 13858.2225857
23409 1677.74366429
24566 1677.74366429
25001 9102.26956544
26440 9102.26956544
26546 12036.1997854
27282 12036.1997854
27685 10111.205703
28354 10111.205703
28680 3941.19303383
30032 3941.19303383
30348 1680.69036136
31820 1680.69036136
32145 5207.79719313
32776 5207.79719313
33177 3327.42074755
34135 3327.42074755
34525 5267.09571242
35848 5267.09571242
36304 5552.31530651
37058 5552.31530651
37435 1597.9250635
38131 1597.9250635
38366 9561.31688081
39044 9561.31688081
39536 4048.45828855
40132 4048.45828855
40544 796.47758954
41888 796.47758954
42142 6823.73675326
42912 6823.73675326
43249 4853.23503703
44647 4853.23503703
45059 4113.24792878
45618 4113.24792878
46059 7156.40480153
46684 7156.40480153
46831 2062.67046398
48325 2062.67046398
48796 6531.01309791
49527 6531.01309791
49741 2955.79933136
51230 2955.79933136
51612 4143.4500479
52255 4143.4500479
52457 2691.17055832
53006 2691.17055832
53166 2950.00010221
54471 2950.00010221
54594 5642.51111556
55757 5642.51111556
55877 5662.8382713
57130 5662.8382713
57300 3454.63193193
58115 3454.63193193
58349 5207.44660406
59476 5207.44660406
59794 246.625608387
60726 246.625608387
60945 9220.70529642
62340 9220.70529642
62656 1028.25767345
63983 1028.25767345
64351 3631.22694471
64953 3631.22694471
65070 7369.91677581
65751 7369.91677581
65942 6378.48838085
67180 6378.48838085
67453 10497.0887024
68576 10497.0887024
68933 1090.97706721
70293 1090.97706721
70407 1983.01780404
71215 1983.01780404
71651 1793.17800078
72557 1793.17800078
72943 9013.41380471
74378 9013.41380471
74781 6495.00160627
76137 6495.00160627
76560 2242.43244858
77074 2242.43244858
77321 8230.11324551
78594 8230.11324551
78959 7429.2533079
79746 7429.2533079
79987 3980.24797874
81250 3980.24797874
81385 571.648979084
82357 571.648979084
82721 11471.4912222
83223 11471.4912222
83578 6304.59381597
84459 6304.59381597
84641 352.836723493
85336 352.836723493
85743 2373.500092
86911 2373.500092
87160 3689.15201782
88600 3689.15201782
88838 7020.91469453
89643 7020.91469453
89879 5375.32861312
90856 5375.32861312
91205 5674.9151981
92100 5674.9151981
92479 709.303314265
93976 709.303314265
94144 3032.15387092
94777 3032.15387092
94945 9038.22887143
96279 9038.22887143
96531 6881.13324833
97110 6881.13324833
97593 2443.82343056
98562 2443.82343056
98814 4115.0620544
99821 4115.0620544
100222 10224.5093335
101605 10224.5093335
101856 5187.36669349
103192 5187.36669349
103565 7898.12244365
104375 7898.12244365
104760 188.812676177
105740 188.812676177
106163 9259.69940869
107267 9259.69940869
107476 1086.49206479
108280 1086.49206479
108638 10914.0112174
109511 10914.0112174
109656 2269.15658316
110896 2269.15658316
111376 650.38059765
112773 650.38059765
113043 12876.7741847
114031 12876.7741847
114190 1058.65234594
114835 1058.65234594
115025 6232.66293656
116374 6232.66293656
116764 3637.82939875
117863 3637.82939875
118307 8729.74385842
119387 8729.74385842
119707 2104.46636197
120949 2104.46636197
121213 1743.43564802
122625 1743.43564802
122858 11309.0009838
124239 11309.0009838
124650 1472.99653947
125785 1472.99653947
126200 13874.4800297
126797 13874.4800297
127293 9173.97629693
127860 9173.97629693
128145 1484.8787577
129419 1484.8787577
129625 11957.7193597
130909 11957.7193597
131022 12792.0851563
132236 12792.0851563
132481 1941.00393001
133334 1941.00393001
133578 10905.1660579
134808 10905.1660579
135275 9672.04345975
136773 9672.04345975
137194 3068.85059948
138524 3068.85059948
138974 7102.46062617
140200 7102.46062617
140496 8648.34399887
141402 8648.34399887
141670 9824.0243355
142346 9824.0243355
142534 14413.2374132
143332 14413.2374132
143682 14360.8243371
144254 14360.8243371
144527 5193.31345655
145403 5193.31345655
145516 979.715125737
146521 979.715125737
146725 6203.42198083
147582 6203.42198083
147960 613.772083619
149437 613.772083619
149905 3488.52483418
151069 3488.52483418
151295 8043.86144697
152315 8043.86144697
152635 6645.05890598
153530 6645.05890598
153905 2601.56025489
154823 2601.56025489
155233 4846.31065964
156254 4846.31065964
156433 4651.94886131
157278 4651.94886131
157571 5093.37946501
158300 5093.37946501
158718 7607.89574238
159979 7607.89574238
160299 2839.49972481
161020 2839.49972481
161165 12658.9558241
162044 12658.9558241
162322 541.817881567
163619 541.817881567
164033 9399.01637122
165363 9399.01637122
165479 11741.0022618
166266 11741.0022618
166708 9039.00482797
168188 9039.00482797
168483 5350.14914283
169651 5350.14914283
169806 4394.53034803
170777 4394.53034803
171217 4394.64037045
172552 4394.64037045
172966 8411.43997886
174256 8411.43997886
174706 19.7437187261
175776 19.7437187261
176004 8081.80546515
176691 8081.80546515
176892 5806.96016596
178372 5806.96016596
178522 5259.74734746
179436 5259.74734746
179793 6850.69532601
180974 6850.69532601
181149 3236.81807183
181684 3236.81807183
182129 8254.5665712
183042 8254.5665712
183338 12635.134052
184832 12635.134052
185090 11003.2218048
185787 11003.2218048
186011 6472.65359381
187434 6472.65359381
187907 8976.18900328
188790 8976.18900328
189184 14335.1992873
190599 14335.1992873
190804 4372.06182064
191376 4372.06182064
191525 11805.725569
192174 11805.725569
192557 5615.5395401
193821 5615.5395401
194145 6033.37632871
194704 6033.37632871
195083 1664.48288579
196007 1664.48288579
196474 6585.71742069
197587 6585.71742069
197688 2999.39260034
198734 2999.39260034
199094 2080.25146059
199989 2080.25146059
200273 515.70419811
201327 515.70419811
201466 6749.38456644
202739 6749.38456644
203009 2428.3801458
203618 2428.3801458
203973 11675.8369845
205327 11675.8369845
205675 1670.44833684
206311 1670.44833684
206636 474.134960262
207866 474.134960262
208355 832.461459885
209039 832.461459885
209210 5388.88105356
209809 5388.88105356
210118 15273.4047998
211054 15273.4047998
211398 3005.26941901
212834 3005.26941901
213220 5394.70340485
213945 5394.70340485
214221 16909.5377429
214792 16909.5377429
215115 4990.99444246
216500 4990.99444246
216648 6164.44155448
217827 6164.44155448
218151 264.497165008
218923 264.497165008
219094 5229.77592951
219690 5229.77592951
219987 14585.4565624
220598 14585.4565624
220847 4542.86159005
221565 4542.86159005
221724 4468.91869185
222511 4468.91869185
222798 3754.97973604
223359 3754.97973604
223587 8082.19515526
224737 8082.19515526
225004 4531.59989235
225663 4531.59989235
225933 12122.0999689
226611 12122.0999689
226953 377.514780377
228363 377.514780377
228463 3176.67333404
229184 3176.67333404
229317 4820.99280726
230207 4820.99280726
230391 2411.42699441
231246 2411.42699441
231473 180.233836801
232500 180.233836801
232932 17868.7891296
234314 17868.7891296
234761 194.654288623
235980 194.654288623
236460 12274.6450296
237811 12274.6450296
238240 8574.31687735
239571 8574.31687735
239943 5021.77712246
241207 5021.77712246
241516 5729.98682483
242097 5729.98682483
242218 9520.82194768
243421 9520.82194768
243898 3064.53304958
245199 3064.53304958
245408 3249.82431869
246345 3249.82431869
246462 4250.6942601
247949 4250.6942601
248313 3363.84306821
249289 3363.84306821
249656 2369.83222947
250909 2369.83222947
251271 5198.44293469
252412 5198.44293469
252728 5825.75984528
254054 5825.75984528
254286 1959.85266297
255493 1959.85266297
255822 5133.1499895
256855 5133.1499895
257079 2126.84140435
257694 2126.84140435
258018 2492.9835034
258928 2492.9835034
259264 4737.69641635
260022 4737.69641635
260268 5355.2824015
261431 5355.2824015
261618 7033.69178575
262199 7033.69178575
262692 491.987748557
263386 491.987748557
263722 5168.48136814
264759 5168.48136814
264878 1741.38038128
265947 1741.38038128
266251 12419.7704238
266801 12419.7704238
267013 13472.3192236
268212 13472.3192236
268666 2271.50443935
269395 2271.50443935
269645 3188.96921855
270731 3188.96921855
271138 2371.06472231
272364 2371.06472231
272556 3720.7142573
273078 3720.7142573
273272 7989.17965963
274538 7989.17965963
274748 4134.72485232
275988 4134.72485232
276126 1901.49746511
277417 1901.49746511
277570 296.118058696
278080 296.118058696
278200 10569.5919046
279270 10569.5919046
279688 897.057856723
281106 897.057856723
281509 1367.77590111
282219 1367.77590111
282440 6877.64633306
283246 6877.64633306
283715 2146.17653059
284317 2146.17653059
284756 5435.35358829
286058 5435.35358829
286387 1873.23937277
287144 1873.23937277
287304 5458.01517281
288647 5458.01517281
289048 2025.9654438
289622 2025.9654438
289951 5135.37563021
291085 5135.37563021
291475 2162.50122623
292809 2162.50122623
293184 1909.49195312
294381 1909.49195312
294821 18185.116322
295804 18185.116322
296191 1921.56502329
297628 1921.56502329
