0 4548.22596029
1045 4548.22596029
1333 5171.73868601
2809 5171.73868601
3006 4463.76706558
3784 4463.76706558
4126 8648.14531663
5067 8648.14531663
5397 11334.0443129
6674 11334.0443129
7151 2299.42051594
8177 2299.42051594
8564 2810.35327607
9542 2810.35327607
9869 2603.73349932
11203 2603.73349932
11467 4115.34312499
12777 4115.34312499
13086 1628.17219738
14375 1628.17219738
14793 8022.39949086
15784 8022.39949086
16101 10775.0852051
16892 10775.0852051
17342 3783.93690239
18112 3783.93690239
18424 5709.29007365
19686 5709.29007365
20000 5456.58020428
21112 5456.58020428
21280 7587.83419389
22370 7587.83419389
22541 11009.8370191
23156 11009.8370191
23615 9272.70618568
24856 9272.70618568
25244 6005.26530095
26379 6005.26530095
26810 11409.2176961
27461 11409.2176961
27595 2781.75609119
28878 2781.75609119
29112 706.528058822
30058 706.528058822
30359 16846.2908051
31829 16846.2908051
31952 5457.5485161
33409 5457.5485161
33815 7152.90527009
35026 7152.90527009
35451 8920.09505485
36091 8920.09505485
36539 1265.29817153
37922 1265.29817153
38272 5081.53982857
38830 5081.53982857
39153 12500.7710909
40068 12500.7710909
40398 2690.02941976
41092 2690.02941976
41212 14824.5651411
42252 14824.5651411
42637 757.301771093
43142 757.301771093
43414 4433.7811087
44848 4433.7811087
45258 5697.19410206
46442 5697.19410206
46718 10726.605712
48118 10726.605712
48425 713.60901304
49256 713.60901304
49514 940.691008019
50319 940.691008019
50798 10416.7560925
51337 10416.7560925
51478 9104.03227709
52246 9104.03227709
52573 4892.55986572
53814 4892.55986572
54166 5455.33441996
54794 5455.33441996
55223 362.420359185
56572 362.420359185
57057 1667.64211876
58039 1667.64211876
58507 4277.09711775
59359 4277.09711775
59567 8023.25858693
60620 8023.25858693
60721 1487.31693258
61367 1487.31693258
61758 1111.95751608
62303 1111.95751608
62577 46.0247729494
63119 46.0247729494
63376 12796.7883079
64434 12796.7883079
64724 1638.16116312
65940 1638.16116312
66382 2912.91958287
66883 2912.91958287
67361 2824.83633734
67902 2824.83633734
68372 3010.43754682
69116 3010.43754682
69535 10953.5029246
70127 10953.5029246
70468 3674.97868373
71162 3674.97868373
71412 8355.64744147
72486 8355.64744147
72755 2821.93287347
73315 2821.93287347
73670 576.756039934
74758 576.756039934
75090 1102.83757357
75690 1102.83757357
75936 202.720365963
76528 202.720365963
76979 9261.24500189
77525 9261.24500189
77641 11969.4787958
78163 11969.4787958
78368 6628.39976713
79081 6628.39976713
79200 6880.49521885
80172 6880.49521885
80383 4455.5152513
81840 4455.5152513
82308 3339.07373634
83664 3339.07373634
83891 10206.8153607
85109 10206.8153607
85485 5692.82028224
86366 5692.82028224
86565 7823.00210888
87117 7823.00210888
87344 3416.69771711
88056 3416.69771711
88469 5979.69537034
89432 5979.69537034
89923 6423.9938851
91366 6423.9938851
91756 6928.91189714
92501 6928.91189714
92686 9800.4271393
93933 9800.4271393
94376 6189.46912215
95056 6189.46912215
95233 3410.37997045
96283 3410.37997045
96421 1310.07348125
97025 1310.07348125
97492 5227.07745499
98895 5227.07745499
99384 2299.60281017
100312 2299.60281017
100681 10214.5608599
101957 10214.5608599
102394 7291.40731826
102996 7291.40731826
103109 5607.86583159
103992 5607.86583159
104196 10769.6311267
105663 10769.6311267
105832 4066.92628732
107140 4066.92628732
107291 4867.18969743
108521 4867.18969743
108739 15075.4982438
109961 15075.4982438
110177 2283.65483517
111284 2283.65483517
111406 1230.65963753
112370 1230.65963753
112548 2934.34224799
113100 2934.34224799
113349 5776.21358997
114731 5776.21358997
114935 6893.95364516
115732 6893.95364516
116068 4789.7338481
117011 4789.7338481
117118 5493.2483428
118195 5493.2483428
118519 335.523963874
119415 335.523963874
119889 5560.48538344
120535 5560.48538344
120990 10915.4074173
122309 10915.4074173
122429 12600.3308878
123320 12600.3308878
123690 1502.82419525
124523 1502.82419525
124816 4273.44290525
126126 4273.44290525
126365 4365.55758691
126869 4365.55758691
127083 5773.42969607
128187 5773.42969607
128674 9285.65277499
129179 9285.65277499
129594 5888.00240084
130296 5888.00240084
130397 5586.22440115
131071 5586.22440115
131295 6603.71079394
132666 6603.71079394
132771 15078.6870823
133720 15078.6870823
133939 1764.01896504
135235 1764.01896504
135558 6083.17777641
136124 6083.17777641
136362 5987.85342907
137125 5987.85342907
137492 11457.7132419
138970 11457.7132419
139117 14098.3836662
140314 14098.3836662
140462 9047.84828677
141353 9047.84828677
141766 8670.33526246
143074 8670.33526246
143367 8951.32156687
144630 8951.32156687
144809 7712.88590979
145913 7712.88590979
146280 311.248807242
147113 311.248807242
147528 6171.63361349
148087 6171.63361349
148407 7372.30582266
149000 7372.30582266
149400 10130.9784071
150106 10130.9784071
150479 1679.23821816
151264 1679.23821816
151631 5478.41566319
153044 5478.41566319
153429 13235.6451258
154136 13235.6451258
154388 5735.79507807
155634 5735.79507807
155843 1775.61345489
156821 1775.61345489
157304 2656.08779868
158788 2656.08779868
158959 6079.76003561
159892 6079.76003561
160166 8601.08941341
161357 8601.08941341
161719 5232.55300154
163074 5232.55300154
163266 7019.10125113
163821 7019.10125113
164292 3662.61763537
165760 3662.61763537
165966 11687.4124042
166565 11687.4124042
166943 6483.75132822
167801 6483.75132822
168200 4997.83596218
168959 4997.83596218
169208 15351.5683065
169748 15351.5683065
170087 7697.02403608
171545 7697.02403608
171714 6685.41354419
172246 6685.41354419
172699 6893.99802928
173630 6893.99802928
173752 9598.15943001
175247 9598.15943001
175614 1469.31403363
176379 1469.31403363
176490 5425.36980554
177170 5425.36980554
177620 2776.84840529
178412 2776.84840529
178646 10298.7057204
180140 10298.7057204
180365 4132.70064513
181062 4132.70064513
181288 9676.75498023
181809 9676.75498023
182274 4407.82944769
182848 4407.82944769
183255 2731.68409429
184714 2731.68409429
185153 1047.60976916
186390 1047.60976916
186734 1911.18290158
188036 1911.18290158
188358 2977.50203434
189006 2977.50203434
189303 9920.94371869
190401 9920.94371869
190547 5283.24426247
191895 5283.24426247
192132 11361.4587909
193351 11361.4587909
193717 1429.29489332
194791 1429.29489332
194891 6977.89999896
196344 6977.89999896
196495 8597.40926831
197512 8597.40926831
197680 5326.3576314
198873 5326.3576314
199298 5193.59668835
200783 5193.59668835
201230 5907.20637145
202675 5907.20637145
202799 13802.1363577
204050 13802.1363577
204224 4140.92141836
205625 4140.92141836
205877 1417.63490216
206980 1417.63490216
207091 3256.03780339
207592 3256.03780339
208001 7366.84719926
209013 7366.84719926
209507 5578.92296683
210375 5578.92296683
210561 13447.5685654
211064 13447.5685654
211291 7676.58782854
212093 7676.58782854
212347 11291.0459373
213098 11291.0459373
213421 7366.1771541
214601 7366.1771541
214819 2628.85571246
215555 2628.85571246
215862 835.018658342
217079 835.018658342
217515 3844.61731108
218139 3844.61731108
218429 16007.5129183
219856 16007.5129183
220051 4660.26648792
221035 4660.26648792
221478 4040.69103963
222243 4040.69103963
222509 5323.79748446
223259 5323.79748446
223560 3257.12539587
225013 3257.12539587
225504 8173.20982788
226957 8173.20982788
227405 81.7824238356
228035 81.7824238356
228329 268.439623703
229158 268.439623703
229527 2724.040452
230300 2724.040452
230578 9400.07242727
232036 9400.07242727
232358 4781.22770482
233843 4781.22770482
233955 2067.10968504
234459 2067.10968504
234659 6174.61681896
235559 6174.61681896
235818 10867.9720725
236971 10867.9720725
237207 9885.21720542
238008 9885.21720542
238474 6515.98282173
239289 6515.98282173
239534 9249.05806841
240898 9249.05806841
241231 16155.5599983
242597 16155.5599983
242854 6381.40904223
243891 6381.40904223
244365 6655.44041288
245804 6655.44041288
245979 1642.64225235
246804 1642.64225235
247194 6788.15846527
248125 6788.15846527
248288 7666.87888648
249512 7666.87888648
249707 12319.2882325
250313 12319.2882325
250494 5633.96782368
251337 5633.96782368
251454 14924.2997255
252137 14924.2997255
252437 12180.2336182
253736 12180.2336182
254062 6469.75195095
254897 6469.75195095
255377 2493.74090828
256462 2493.74090828
