0 4650.71247215
657 4650.71247215
992 4818.49577049
1698 4818.49577049
1900 5082.79329174
3036 5082.79329174
3294 3690.68186105
4568 3690.68186105
4897 4733.89525154
6151 4733.89525154
6427 3813.36338113
7436 3813.36338113
7722 4830.50594365
8510 4830.50594365
8755 4385.48267226
9391 4385.48267226
9572 4489.22526249
10546 4489.22526249
10954 5058.66503131
12119 5058.66503131
12373 5462.06801949
13468 5462.06801949
13780 4648.44328683
14877 4648.44328683
15167 4457.66432545
15693 4457.66432545
15901 3971.44007855
16466 3971.44007855
16853 3635.39364035
18269 3635.39364035
18378 3300.86166051
19683 3300.86166051
20049 3759.53747861
21481 3759.53747861
21954 4201.65039641
23138 4201.65039641
23373 5169.17731871
24748 5169.17731871
25070 3805.53971826
25977 3805.53971826
26377 6420.63560529
27003 6420.63560529
27347 5572.23932267
28754 5572.23932267
29161 5672.10752425
29768 5672.10752425
30102 4355.62275147
31182 4355.62275147
31438 4128.55366613
32274 4128.55366613
32415 3882.78875665
33074 3882.78875665
33422 4118.47716675
34158 4118.47716675
34457 5242.52183383
35548 5242.52183383
35977 4318.42163921
37279 4318.42163921
37760 4700.3874859
38744 4700.3874859
38977 5187.40087439
40036 5187.40087439
40517 4130.99454123
41358 4130.99454123
41856 5905.04929654
42470 5905.04929654
42735 3237.67744906
43250 3237.67744906
43687 6906.46105453
45121 6906.46105453
45366 4755.7750007
46362 4755.7750007
46620 4244.9026494
47691 4244.9026494
48099 3792.48962535
49112 3792.48962535
49310 4752.81524546
50729 4752.81524546
51167 4547.29905237
52530 4547.29905237
52655 4590.05989274
53343 4590.05989274
53610 5569.47306555
54272 5569.47306555
54700 5337.89021298
55897 5337.89021298
56207 2551.29120265
57568 2551.29120265
57734 4917.22512201
59105 4917.22512201
59362 5753.08733721
60312 5753.08733721
60604 6413.82156056
61617 6413.82156056
61877 4241.04772788
62537 4241.04772788
62698 6013.91857125
63284 6013.91857125
63477 5355.92556405
64529 5355.92556405
64927 3214.11626273
65639 3214.11626273
66084 2953.35998306
67083 2953.35998306
67204 5844.89749076
68373 5844.89749076
68531 5775.23792928
69706 5775.23792928
70115 5080.55119032
70935 5080.55119032
71370 5140.59356153
72712 5140.59356153
72846 5556.6559722
73815 5556.6559722
74082 4456.89111146
75006 4456.89111146
75443 4274.2982482
76658 4274.2982482
76939 5009.96993351
77946 5009.96993351
78114 5571.85712752
79277 5571.85712752
79498 4945.89599436
80772 4945.89599436
81064 4948.09205984
82504 4948.09205984
82771 3377.49917418
83514 3377.49917418
83686 3850.49717734
84346 3850.49717734
84595 5444.9331346
85420 5444.9331346
85633 4018.61778052
86702 4018.61778052
87032 4706.68120834
87753 4706.68120834
87868 4194.93050271
88956 4194.93050271
89111 5017.81082439
90204 5017.81082439
90339 5328.55687933
91541 5328.55687933
91978 5341.89946008
93377 5341.89946008
93511 3701.20602747
94232 3701.20602747
94654 5206.4363727
95789 5206.4363727
96152 2928.39155001
97005 2928.39155001
97207 6201.48823328
98162 6201.48823328
98301 4066.68798303
99261 4066.68798303
99415 6381.01492045
100823 6381.01492045
100993 3913.91949742
101562 3913.91949742
101852 4650.33257553
102573 4650.33257553
102834 4234.04263163
104094 4234.04263163
104341 4404.12535407
104971 4404.12535407
105237 4040.63818695
106731 4040.63818695
107135 6955.23413046
108309 6955.23413046
108751 5045.41830237
109423 5045.41830237
109794 4058.50016807
111010 4058.50016807
111299 5767.40537672
112682 5767.40537672
113023 5508.20859464
114020 5508.20859464
114281 4349.42202414
115043 4349.42202414
115430 4508.23169726
116826 4508.23169726
116955 5089.63436688
118108 5089.63436688
118552 6604.54316184
119829 6604.54316184
120077 5083.74876496
121565 5083.74876496
121787 3827.53083569
122551 3827.53083569
122865 3426.92796985
123366 3426.92796985
123756 5048.70843023
124627 5048.70843023
125016 3591.75231445
126462 3591.75231445
126661 2480.53238557
127955 2480.53238557
128412 3890.57891915
129529 3890.57891915
129747 4544.50882011
130828 4544.50882011
131028 3764.5512013
132488 3764.5512013
132707 5756.37562747
133667 5756.37562747
133970 4087.52853869
134529 4087.52853869
134765 4569.74069566
135795 4569.74069566
135920 5394.60037161
137199 5394.60037161
137392 3638.66323277
138121 3638.66323277
138335 5327.75142118
139122 5327.75142118
139445 4163.12685025
140640 4163.12685025
141044 4134.87862172
142190 4134.87862172
142378 2745.02214516
143515 2745.02214516
143891 3936.30027334
144672 3936.30027334
145000 3852.71747587
146366 3852.71747587
146518 5348.18034532
147054 5348.18034532
147340 5423.97037937
148062 5423.97037937
148388 5471.54848756
149485 5471.54848756
149628 4849.44263029
150593 4849.44263029
151002 4602.05482522
151807 4602.05482522
152272 4826.51373987
153439 4826.51373987
153695 5789.41410485
155143 5789.41410485
155269 6244.79845854
156705 6244.79845854
157116 4417.66539312
158366 4417.66539312
158691 5376.1491198
159509 5376.1491198
159623 4027.63583632
160236 4027.63583632
160658 4051.14938709
161493 4051.14938709
161831 4996.53707436
162902 4996.53707436
163043 3999.1811441
163666 3999.1811441
163988 4251.31276091
165359 4251.31276091
165839 3726.97123478
166736 3726.97123478
167117 5552.56561944
168372 5552.56561944
168532 4791.71727981
169193 4791.71727981
169532 4848.41729655
170259 4848.41729655
170453 3739.97670537
171261 3739.97670537
171637 5520.04329347
172293 5520.04329347
172474 4646.5234762
173771 4646.5234762
174186 4386.47931371
174877 4386.47931371
175326 4409.11239694
176119 4409.11239694
176373 6143.22282442
177797 6143.22282442
178216 3993.84033525
179109 3993.84033525
179332 5350.99660354
180292 5350.99660354
180418 3501.2790055
181868 3501.2790055
182128 4462.5439541
183283 4462.5439541
183723 5558.82744696
184991 5558.82744696
185403 5289.88561448
186602 5289.88561448
186832 5287.68308556
188144 5287.68308556
188369 5342.52749555
188992 5342.52749555
189414 6037.32425127
190295 6037.32425127
190794 4554.15290095
191334 4554.15290095
191604 5043.4648783
192318 5043.4648783
192711 4104.1674426
193272 4104.1674426
193648 5353.01750137
194893 5353.01750137
195354 4378.84304129
196805 4378.84304129
197264 4525.866183
197808 4525.866183
198114 5476.04890015
199505 5476.04890015
199973 5836.30588804
201385 5836.30588804
201548 4750.49634365
202541 4750.49634365
202826 4367.48061552
203335 4367.48061552
203833 7207.54166548
204360 7207.54166548
204509 4106.36071652
205354 4106.36071652
