0 2344.68268201
649 2344.68268201
996 81.1858226968
1768 81.1858226968
2010 3123.88381546
3114 3123.88381546
3401 14816.4752801
3962 14816.4752801
4439 6675.41506562
5360 6675.41506562
5831 7372.19306136
6641 7372.19306136
7032 15096.4959107
7716 15096.4959107
8198 11213.8834793
9184 11213.8834793
9307 6786.9549598
9883 6786.9549598
10224 42.0524424779
11722 42.0524424779
12145 10250.8690073
13492 10250.8690073
13714 9006.67380874
14686 9006.67380874
14834 448.760474176
16022 448.760474176
16231 3898.02642998
16959 3898.02642998
17262 5025.93844343
18758 5025.93844343
18980 3598.3689197
19538 3598.3689197
19862 4677.36312917
20976 4677.36312917
21210 10999.2206751
22417 10999.2206751
22797 12145.4906583
23585 12145.4906583
23685 6406.72900383
25139 6406.72900383
25622 4288.31205021
27097 4288.31205021
27574 5174.34235991
28265 5174.34235991
28694 2616.69762389
29480 2616.69762389
29581 10407.8143643
30113 10407.8143643
30499 5805.63502731
31306 5805.63502731
31588 7050.15334148
33006 7050.15334148
33128 2513.56548596
34000 2513.56548596
34454 428.105671807
35103 428.105671807
35583 1668.69769112
36915 1668.69769112
37340 13331.4456386
38523 13331.4456386
38832 9316.18147837
40030 9316.18147837
40367 4766.53425039
40932 4766.53425039
41311 328.813096534
42610 328.813096534
42853 734.57623353
44161 734.57623353
44538 11910.4670335
45086 11910.4670335
45383 2808.85325655
46503 2808.85325655
46999 3789.01170643
47666 3789.01170643
48034 864.99814352
49348 864.99814352
49563 7777.13798705
50259 7777.13798705
50700 6726.35869103
52072 6726.35869103
52411 1237.85615783
53877 1237.85615783
54073 8000.0979848
55334 8000.0979848
55497 6058.8265229
56758 6058.8265229
56997 8298.0292518
58059 8298.0292518
58279 99.9607261341
59336 99.9607261341
59768 10877.65456
61210 10877.65456
61707 10399.7876609
62548 10399.7876609
62957 4570.52773784
64339 4570.52773784
64478 2338.70443922
65180 2338.70443922
65400 11216.4449643
66207 11216.4449643
66600 6460.25901594
67795 6460.25901594
68278 8241.53020527
68950 8241.53020527
69304 5104.72284103
69892 5104.72284103
70228 11961.0973024
71724 11961.0973024
71930 7404.19630357
72621 7404.19630357
72784 1723.75272157
73793 1723.75272157
73924 3601.20042427
74968 3601.20042427
75206 4041.53563804
75811 4041.53563804
76090 10767.863408
77546 10767.863408
77657 2463.37040622
78377 2463.37040622
78850 2628.19822998
79834 2628.19822998
80067 4112.62374423
81139 4112.62374423
81490 6859.72471075
82504 6859.72471075
82824 393.976895523
84253 393.976895523
84676 2369.4688963
85675 2369.4688963
85953 2887.93920388
86781 2887.93920388
87155 8946.64286096
87987 8946.64286096
88088 6328.48792907
89242 6328.48792907
89396 6968.56943219
90460 6968.56943219
90582 1873.73489388
91973 1873.73489388
92350 5714.47272164
93606 5714.47272164
93867 477.051483896
94547 477.051483896
94994 17243.3682997
95902 17243.3682997
96213 1560.09466895
97092 1560.09466895
97228 2526.37857463
97857 2526.37857463
98196 7320.07535028
98750 7320.07535028
98888 6131.89445802
99508 6131.89445802
99849 4780.24255967
101315 4780.24255967
101753 8482.95907843
102670 8482.95907843
102933 4521.4129856
103804 4521.4129856
104022 7830.53537795
105376 7830.53537795
105635 10437.0715884
106816 10437.0715884
107287 393.228620721
107824 393.228620721
108317 2398.54694315
108911 2398.54694315
109307 198.052191245
110651 198.052191245
111038 8959.26666127
112084 8959.26666127
112190 5729.60584866
112859 5729.60584866
113036 1080.54074803
114015 1080.54074803
114472 15901.2194896
115365 15901.2194896
115730 2982.64736981
117039 2982.64736981
117147 6758.41956271
118242 6758.41956271
118352 902.472210972
119075 902.472210972
119499 6382.66303329
120796 6382.66303329
121075 3587.1056205
122574 3587.1056205
122891 8676.15308877
123853 8676.15308877
124240 2975.03221428
125373 2975.03221428
125529 6175.9628691
126591 6175.9628691
126866 8548.79168316
127794 8548.79168316
128022 11357.1122396
128642 11357.1122396
128884 3085.06648716
129579 3085.06648716
129801 4296.50953854
130814 4296.50953854
130968 12263.7414595
131979 12263.7414595
132458 10589.8161468
133664 10589.8161468
134071 12797.2198219
135482 12797.2198219
135589 8744.89830967
136556 8744.89830967
136763 4175.08998105
137370 4175.08998105
137700 19495.0699165
138343 19495.0699165
138648 2108.97203776
139393 2108.97203776
139633 6717.95192787
140747 6717.95192787
141006 1960.87307293
142082 1960.87307293
142236 5778.04148723
143597 5778.04148723
144005 2348.36922994
145248 2348.36922994
145349 49.3415835471
146529 49.3415835471
146850 7783.54451323
148202 7783.54451323
148647 10586.8717726
149944 10586.8717726
150132 18060.6862791
151138 18060.6862791
151523 667.502283947
152151 667.502283947
152442 1371.97565325
153481 1371.97565325
153951 3438.97087025
154635 3438.97087025
154802 1274.2549594
155682 1274.2549594
155994 29.0381510363
157099 29.0381510363
157330 8870.72580765
158650 8870.72580765
159090 12134.4702539
159758 12134.4702539
160179 2216.88886624
160944 2216.88886624
161424 87.0416634544
162904 87.0416634544
163316 18885.0404484
164445 18885.0404484
164856 1560.7712136
166231 1560.7712136
166499 3617.38547878
167639 3617.38547878
167835 3009.28379267
169255 3009.28379267
169445 4726.45857999
170066 4726.45857999
170503 1290.50807827
171700 1290.50807827
171953 7596.48043382
173356 7596.48043382
173498 119.124564494
174398 119.124564494
174866 814.105140673
176334 814.105140673
176816 9337.13580554
177690 9337.13580554
177894 3876.42971231
179120 3876.42971231
179408 8664.1605857
179996 8664.1605857
180389 6297.54486052
181567 6297.54486052
181846 18661.5984998
182815 18661.5984998
183219 1446.88053806
184300 1446.88053806
184643 3042.62305302
185744 3042.62305302
185956 5972.96791974
186804 5972.96791974
186958 2756.28407973
188171 2756.28407973
188298 6313.78210208
189593 6313.78210208
189899 5535.18594063
190493 5535.18594063
190846 9914.74954478
192096 9914.74954478
192277 5547.73311888
193655 5547.73311888
193810 4054.48878207
194434 4054.48878207
194758 7341.00822491
196168 7341.00822491
196494 6348.32987585
197578 6348.32987585
197835 12408.9799396
198659 12408.9799396
199146 10939.109425
199733 10939.109425
199997 1126.76120799
201361 1126.76120799
201588 4005.30659836
202697 4005.30659836
202953 7552.89733806
203932 7552.89733806
204155 8361.1204464
205363 8361.1204464
205494 2010.02814691
206918 2010.02814691
207199 670.735983477
208607 670.735983477
208753 3556.94643993
210251 3556.94643993
210432 10216.3176273
211519 10216.3176273
211875 6056.79407339
212400 6056.79407339
212750 8292.26618475
213886 8292.26618475
214197 2488.23420104
215475 2488.23420104
215729 3671.03308687
217089 3671.03308687
217467 2959.21678039
218950 2959.21678039
219166 6392.50671125
219749 6392.50671125
219909 6013.3382541
221341 6013.3382541
221444 5196.30827417
222395 5196.30827417
222835 8859.73438904
223810 8859.73438904
223925 1818.89868846
224872 1818.89868846
225215 5547.9951383
226623 5547.9951383
227006 6130.42080577
227546 6130.42080577
228041 1481.93436572
228629 1481.93436572
228921 4084.00327282
229697 4084.00327282
230179 14934.6238348
231008 14934.6238348
231242 1004.51717173
232319 1004.51717173
