0 5576.40669809
559 5576.40669809
1057 5131.05889967
1741 5131.05889967
2151 5542.44200933
2968 5542.44200933
3336 5520.35859157
4597 5520.35859157
4879 5628.0659222
5582 5628.0659222
6076 5314.31523776
7029 5314.31523776
7238 5380.86565543
8475 5380.86565543
8647 5273.85674879
9629 5273.85674879
10039 5491.81066248
11214 5491.81066248
11526 5505.84193926
12467 5505.84193926
12637 5508.6169549
13382 5508.6169549
13599 5254.96427271
14110 5254.96427271
14424 5401.96214781
15486 5401.96214781
15728 5266.73017441
16863 5266.73017441
16977 5390.3362843
18346 5390.3362843
18753 5374.01293233
19427 5374.01293233
19800 5422.11567565
20344 5422.11567565
20704 5231.87853245
21303 5231.87853245
21666 5271.53019377
22763 5271.53019377
23196 5305.57813009
23795 5305.57813009
24040 5442.887356
25307 5442.887356
25534 5417.4002811
26541 5417.4002811
26742 5472.70209145
27958 5472.70209145
28354 5380.27544585
29076 5380.27544585
29362 5154.82813405
30532 5154.82813405
30924 5349.44862302
32305 5349.44862302
32662 5423.3291466
33585 5423.3291466
33873 5567.55640998
34376 5567.55640998
34750 5387.99052948
36019 5387.99052948
36141 5563.02177874
37232 5563.02177874
37474 5676.26056289
38935 5676.26056289
39129 5380.75355982
40059 5380.75355982
40207 5605.08449419
41046 5605.08449419
41444 5397.58301368
42088 5397.58301368
42584 5559.01942671
43715 5559.01942671
44204 5638.12529061
44882 5638.12529061
45119 5724.18277347
46522 5724.18277347
46892 5576.92960678
47892 5576.92960678
48252 5350.98614769
49506 5350.98614769
49916 5478.98337886
50596 5478.98337886
50770 5303.12659026
52254 5303.12659026
52693 5316.32232933
53718 5316.32232933
53819 5320.52884883
54983 5320.52884883
55445 5310.71442824
56578 5310.71442824
56709 5322.14151924
58178 5322.14151924
58574 5366.76472104
59328 5366.76472104
59763 5654.14461129
60425 5654.14461129
60824 5471.04649084
61475 5471.04649084
61950 5599.11222135
63044 5599.11222135
63270 5367.92138112
64335 5367.92138112
64786 5542.11735165
66050 5542.11735165
66537 5430.83145515
67578 5430.83145515
67902 5507.68332499
68854 5507.68332499
69282 5323.67532334
70027 5323.67532334
70435 5475.54248514
71318 5475.54248514
71517 5481.18902895
72448 5481.18902895
72744 5401.3979599
73960 5401.3979599
74409 5305.07326512
75466 5305.07326512
75657 5609.45876572
76659 5609.45876572
77118 5287.24363021
77892 5287.24363021
78262 5518.49056438
79595 5518.49056438
79770 5541.59573485
81033 5541.59573485
81306 5516.78157437
82215 5516.78157437
82348 5429.28045386
83130 5429.28045386
83365 5359.61651448
84039 5359.61651448
84385 5361.53034879
85141 5361.53034879
85414 5622.19059938
86268 5622.19059938
86482 5499.73014642
87440 5499.73014642
87691 5380.72291264
88622 5380.72291264
89041 5652.41277274
89551 5652.41277274
89843 5468.27749794
90469 5468.27749794
90849 5332.60954838
92219 5332.60954838
92588 5461.15123627
93146 5461.15123627
93491 5310.1520712
94084 5310.1520712
94250 5642.68588136
94912 5642.68588136
95190 5273.47414672
95975 5273.47414672
96156 5440.32302643
96852 5440.32302643
96958 5423.06486229
97638 5423.06486229
98114 5560.42082579
98888 5560.42082579
99305 5272.30625643
100284 5272.30625643
100555 5388.53910313
101513 5388.53910313
101636 5391.81648944
103085 5391.81648944
103490 5409.17726275
104655 5409.17726275
104828 5434.6561655
106268 5434.6561655
106460 5428.40426971
107327 5428.40426971
107585 5622.53473834
108639 5622.53473834
108939 5512.6145223
109684 5512.6145223
110175 5399.91669133
111331 5399.91669133
111727 5435.71994456
112731 5435.71994456
113189 5440.47055121
114027 5440.47055121
114211 5260.66121278
115425 5260.66121278
115595 5461.01541978
117076 5461.01541978
117507 5735.87881477
118969 5735.87881477
119187 5549.25804021
120653 5549.25804021
120883 5433.59579095
121982 5433.59579095
122219 5499.41109129
123116 5499.41109129
123406 5664.40249074
124874 5664.40249074
125244 5161.30409195
126096 5161.30409195
126434 5770.0910561
127576 5770.0910561
127774 5341.41140439
128396 5341.41140439
128557 5560.51178413
129594 5560.51178413
129817 5512.11262632
130871 5512.11262632
131033 5378.12426276
132218 5378.12426276
132418 5718.23866342
133392 5718.23866342
133529 5309.73527325
134718 5309.73527325
134978 5426.5356983
135658 5426.5356983
135965 5336.79312211
136779 5336.79312211
137213 5516.8224512
138388 5516.8224512
138851 5298.15749868
139366 5298.15749868
139797 5566.69596907
140973 5566.69596907
141356 5510.6948958
141868 5510.6948958
142049 5295.22883823
143385 5295.22883823
143560 5270.09512922
144353 5270.09512922
144628 5320.33265896
145601 5320.33265896
146055 5449.33928016
147019 5449.33928016
147359 5396.57892947
148681 5396.57892947
148843 5465.85082413
149717 5465.85082413
150166 5344.35763895
151077 5344.35763895
151263 5414.23312688
152646 5414.23312688
152967 5427.55266696
153643 5427.55266696
153745 5622.50364494
154659 5622.50364494
154894 5310.88771326
155596 5310.88771326
156081 5627.80131263
157324 5627.80131263
157768 5420.71902212
159257 5420.71902212
159417 5365.94486213
160211 5365.94486213
160517 5591.5120023
161108 5591.5120023
161537 5349.83793181
162385 5349.83793181
162691 5595.14018343
163964 5595.14018343
164316 5446.01925946
165352 5446.01925946
165726 5619.09621756
166879 5619.09621756
167322 5182.7814109
168094 5182.7814109
168570 5529.37831466
169782 5529.37831466
170181 5499.7543675
171199 5499.7543675
171665 5496.14036074
172915 5496.14036074
173362 5360.59158445
174782 5360.59158445
175241 5419.70323962
176476 5419.70323962
176724 5483.72619535
178011 5483.72619535
178456 5446.1613953
179093 5446.1613953
179266 5410.44080863
179816 5410.44080863
180027 5269.46907983
181284 5269.46907983
181547 5273.61000492
182157 5273.61000492
182482 5187.96227572
183856 5187.96227572
183967 5596.24421068
185051 5596.24421068
185161 5550.62122583
186068 5550.62122583
186329 5424.87676836
187349 5424.87676836
187675 5174.89376154
188842 5174.89376154
188979 5426.9324812
190181 5426.9324812
190312 5635.89849981
191189 5635.89849981
191636 5353.47175602
192857 5353.47175602
193297 5330.34836347
194011 5330.34836347
194144 5647.44457374
194960 5647.44457374
195145 5139.59716322
196154 5139.59716322
196635 5415.27556349
198099 5415.27556349
198259 5349.05313111
199611 5349.05313111
199978 5154.60503731
201100 5154.60503731
201256 5342.85910405
202616 5342.85910405
202858 5418.70504795
203772 5418.70504795
204205 5578.36163527
205572 5578.36163527
205731 5434.63610747
206434 5434.63610747
206893 5287.25208771
207442 5287.25208771
207863 5651.12553131
209162 5651.12553131
209288 5721.97790538
210755 5721.97790538
210954 5470.20934827
211741 5470.20934827
212027 5476.51689066
212644 5476.51689066
212856 5569.52709358
213868 5569.52709358
214041 5364.91306838
215172 5364.91306838
215510 5772.12005604
216852 5772.12005604
216987 5356.28787125
218195 5356.28787125
218633 5418.33424694
219379 5418.33424694
219530 5386.35177946
220034 5386.35177946
220353 5276.52710051
221394 5276.52710051
221567 5268.90905359
222964 5268.90905359
223146 5516.63152079
224528 5516.63152079
224738 5492.14483244
225676 5492.14483244
225790 5510.7120754
227243 5510.7120754
227493 5741.57004066
228515 5741.57004066
228854 5242.58258052
229398 5242.58258052
229657 5687.74017197
230165 5687.74017197
230359 5606.36191199
230905 5606.36191199
231188 5475.13935287
232614 5475.13935287
233084 5548.88604624
233985 5548.88604624
234345 5574.84370313
235502 5574.84370313
235883 5296.38216941
237250 5296.38216941
237461 5183.07976502
238525 5183.07976502
238830 5123.85156663
239737 5123.85156663
240229 5553.68730469
241034 5553.68730469
241522 5189.25587082
242182 5189.25587082
242576 5449.90913251
243850 5449.90913251
244089 5341.22040176
244980 5341.22040176
245421 5622.44417436
246471 5622.44417436
246950 5274.15280168
248145 5274.15280168
248320 5402.4964176
249318 5402.4964176
249809 5452.26851743
250689 5452.26851743
250956 5435.43747787
251797 5435.43747787
251998 5545.78768818
252633 5545.78768818
252878 5489.3422426
253444 5489.3422426
253617 5400.0912887
255104 5400.0912887
255337 5304.80544387
256376 5304.80544387
256558 5590.14069423
257886 5590.14069423
258000 5425.96110164
258553 5425.96110164
258795 5558.97722918
259438 5558.97722918
259752 5307.6312717
260293 5307.6312717
260572 5602.54102779
261620 5602.54102779
261999 5294.57083398
262543 5294.57083398
263035 5609.59808507
263814 5609.59808507
264212 5631.00023303
264780 5631.00023303
265079 5301.24247764
265828 5301.24247764
266216 5416.87514147
267003 5416.87514147
267390 5652.30493657
268555 5652.30493657
268699 5427.55972036
270118 5427.55972036
270421 5586.19632481
271079 5586.19632481
271230 5320.00760576
272507 5320.00760576
272695 5380.43235321
273577 5380.43235321
273753 5426.96181187
274767 5426.96181187
275256 5460.02037097
275799 5460.02037097
276208 5341.15950543
277187 5341.15950543
277570 5455.19932543
278187 5455.19932543
278418 5316.02233824
278943 5316.02233824
279067 5351.23758954
279773 5351.23758954
280043 5214.22537436
280704 5214.22537436
280975 5533.91371054
281788 5533.91371054
282157 5456.47329661
283117 5456.47329661
283456 5488.50292299
284319 5488.50292299
284511 5050.01192842
285608 5050.01192842
285826 5483.04484969
286330 5483.04484969
286735 5112.01773558
287386 5112.01773558
287733 5300.81032727
289186 5300.81032727
289482 5674.34270753
290789 5674.34270753
291098 5384.05440768
291598 5384.05440768
291896 5397.35507462
293104 5397.35507462
293272 5339.65469521
294430 5339.65469521
294768 5380.42098232
295762 5380.42098232
296002 5572.17247405
297185 5572.17247405
297655 5250.93026404
299047 5250.93026404
