0 6495.41155748
1457 6495.41155748
1585 4800.84517857
2752 4800.84517857
2927 5482.85384326
3844 5482.85384326
4303 6672.17119256
5674 6672.17119256
6166 6920.54081463
7080 6920.54081463
7492 6713.64362572
8727 6713.64362572
9173 4356.40922823
10659 4356.40922823
11062 7722.06429737
12034 7722.06429737
12426 5486.78271264
13162 5486.78271264
13366 4789.26743104
14478 4789.26743104
14963 6107.33035783
16168 6107.33035783
16490 6176.61196966
17119 6176.61196966
17424 4825.60077385
18802 4825.60077385
19210 8582.8176347
19943 8582.8176347
20416 6291.58313558
21158 6291.58313558
21286 5935.95668323
22311 5935.95668323
22691 5044.69574481
23642 5044.69574481
24058 4744.32938173
25033 4744.32938173
25156 6152.73289828
26214 6152.73289828
26597 4476.81067976
28089 4476.81067976
28224 5679.8091123
29555 5679.8091123
29865 6210.09551403
31295 6210.09551403
31546 4924.85202263
32626 4924.85202263
32939 4742.72790667
33499 4742.72790667
33688 3918.66127885
35002 3918.66127885
35382 6145.00481962
36748 6145.00481962
37055 7424.74122207
38101 7424.74122207
38412 5671.32242672
39317 5671.32242672
39492 5998.92221217
40414 5998.92221217
40906 7369.35801388
41900 7369.35801388
42371 6140.10767463
43148 6140.10767463
43414 7164.79723068
44365 7164.79723068
44797 4921.79571829
46090 4921.79571829
46568 6288.8150238
47886 6288.8150238
48206 4403.4219553
48963 4403.4219553
49307 7363.92266921
50339 7363.92266921
50764 6030.37436107
52173 6030.37436107
52282 6688.89050043
53111 6688.89050043
53432 5663.59510543
54117 5663.59510543
54366 5545.0802571
55461 5545.0802571
55638 5897.68755123
57005 5897.68755123
57354 6450.70594999
57869 6450.70594999
58203 6551.65844332
59202 6551.65844332
59415 7034.09346256
60233 7034.09346256
60399 6000.82795106
61858 6000.82795106
61963 7307.6980651
62849 7307.6980651
63154 4296.10776106
63744 4296.10776106
64199 6911.94613605
65028 6911.94613605
65383 6226.19823133
65981 6226.19823133
66378 6033.56569658
67236 6033.56569658
67477 6473.50674
68641 6473.50674
68790 4487.03108752
69827 4487.03108752
69941 7525.37612072
71342 7525.37612072
71781 5348.06463794
72504 5348.06463794
72775 6500.67934295
74144 6500.67934295
74512 7592.15148188
75797 7592.15148188
76148 6846.68155198
77447 6846.68155198
77796 8603.50038482
78501 8603.50038482
78748 5141.90592428
80094 5141.90592428
80490 5350.28610587
81453 5350.28610587
81690 7131.22085134
82291 7131.22085134
82572 4889.92465726
83176 4889.92465726
83418 4569.10050394
84457 4569.10050394
84935 4141.03645991
85681 4141.03645991
86104 5994.79223834
87013 5994.79223834
87238 5352.18830212
88474 5352.18830212
88775 5982.39388945
89450 5982.39388945
89784 5913.92988012
90624 5913.92988012
91008 5262.6054303
92291 5262.6054303
92459 7970.13165163
93514 7970.13165163
93785 7920.85183464
94480 7920.85183464
94850 5449.21450191
95577 5449.21450191
95779 5799.17511601
96294 5799.17511601
96701 4923.39113725
97785 4923.39113725
98176 5289.95535669
99169 5289.95535669
99528 5393.99290886
100129 5393.99290886
100599 5058.05907081
101353 5058.05907081
101567 6493.11140013
102142 6493.11140013
102263 6331.31214074
103168 6331.31214074
103298 5644.11690316
103864 5644.11690316
104255 4498.56208899
105159 4498.56208899
105477 6693.62715635
106008 6693.62715635
106334 5821.03895943
107182 5821.03895943
107574 4409.25254506
108549 4409.25254506
108857 5910.87460476
109779 5910.87460476
110001 4572.67645332
110625 4572.67645332
111124 6452.20965558
111966 6452.20965558
112244 6134.98541234
113540 6134.98541234
113923 7620.00011728
114881 7620.00011728
115362 5185.20397472
116600 5185.20397472
116764 7627.59071506
118213 7627.59071506
118467 5489.24164945
119157 5489.24164945
119284 6637.49353069
120783 6637.49353069
120957 7297.41413229
122449 7297.41413229
122665 6982.59279252
123847 6982.59279252
124033 6203.09961765
124848 6203.09961765
125193 6163.69116994
126053 6163.69116994
126414 5303.83715698
127466 5303.83715698
127823 4571.66562414
128443 4571.66562414
128845 7046.84339244
129732 7046.84339244
130200 5807.33414837
131321 5807.33414837
131577 6796.65255304
132080 6796.65255304
132339 5394.50037998
133119 5394.50037998
133318 6119.78891024
133937 6119.78891024
134278 5199.1439213
135370 5199.1439213
135768 6570.31590991
137265 6570.31590991
137392 7157.11372146
138410 7157.11372146
138662 4998.23391083
139359 4998.23391083
139527 6684.39923437
140379 6684.39923437
140816 4862.49732808
141687 4862.49732808
142179 5892.44462822
143162 5892.44462822
143401 4806.34587976
144305 4806.34587976
144675 5054.16045982
145182 5054.16045982
145291 3326.14554653
146378 3326.14554653
146628 6493.5930356
148092 6493.5930356
148295 4934.18164163
149731 4934.18164163
149984 5270.91099433
151463 5270.91099433
151721 5912.94185557
152326 5912.94185557
152766 7216.21887173
153334 7216.21887173
153678 5838.87496131
154184 5838.87496131
154387 6827.69618534
154994 6827.69618534
155425 6924.94415269
156293 6924.94415269
156674 6835.86385323
157569 6835.86385323
157983 6337.96404198
159165 6337.96404198
159422 6833.70700306
160049 6833.70700306
160368 6360.39739165
161047 6360.39739165
161290 6148.20660953
161888 6148.20660953
162147 7437.13333514
163256 7437.13333514
163453 6581.19053458
164697 6581.19053458
165138 7855.66701761
166385 7855.66701761
166543 8110.44686752
167211 8110.44686752
167312 6886.27271998
168307 6886.27271998
168763 6957.69110098
169928 6957.69110098
170294 4478.30938509
170970 4478.30938509
171292 5692.01147507
172405 5692.01147507
172581 3886.67964182
173612 3886.67964182
173761 5596.15807529
175015 5596.15807529
175228 3601.56411738
176471 3601.56411738
176690 5302.3939985
178115 5302.3939985
178471 7642.59266845
179500 7642.59266845
179626 6528.8714916
180731 6528.8714916
181194 5945.09666131
182588 5945.09666131
183019 7304.84078096
183808 7304.84078096
184039 2931.28424571
184837 2931.28424571
185232 6146.35193499
185998 6146.35193499
186188 6333.49277691
187431 6333.49277691
187625 7933.37453888
188371 7933.37453888
188765 4836.65001217
190006 4836.65001217
190456 4430.93638053
191796 4430.93638053
192216 4956.16917437
193426 4956.16917437
193899 6605.89177061
194764 6605.89177061
195164 8313.52001284
195937 8313.52001284
196377 6092.599501
197375 6092.599501
197871 7683.61541107
199145 7683.61541107
199365 7386.71507835
200768 7386.71507835
201220 5582.02579349
202141 5582.02579349
202434 5814.54886694
202979 5814.54886694
203175 6665.90932418
203903 6665.90932418
204011 8187.43738295
205404 8187.43738295
205539 4050.68549232
206512 4050.68549232
206691 7427.77546231
207242 7427.77546231
207585 3941.06025733
208634 3941.06025733
209040 3659.91549956
209701 3659.91549956
210163 5269.4655289
211623 5269.4655289
212039 7608.90261076
213357 7608.90261076
213745 5670.16055563
214569 5670.16055563
215066 5645.37560919
215680 5645.37560919
215994 6496.55119792
217010 6496.55119792
217508 5947.85190675
218434 5947.85190675
218551 4944.34157078
219149 4944.34157078
219266 7298.49456869
219813 7298.49456869
220143 6539.88803673
220707 6539.88803673
220976 7176.50580869
221986 7176.50580869
222473 4310.24150732
223218 4310.24150732
223589 6817.59713755
224908 6817.59713755
225336 5673.54542275
226074 5673.54542275
226224 4925.36524587
227387 4925.36524587
227759 4530.11788266
228534 4530.11788266
228976 7019.6245782
229614 7019.6245782
229832 7419.48637124
230466 7419.48637124
230625 4482.46191335
231225 4482.46191335
231632 4624.96539748
232876 4624.96539748
232983 6136.06068537
234012 6136.06068537
234390 5271.21011953
235254 5271.21011953
235493 6423.680748
236237 6423.680748
236609 6068.94522242
237150 6068.94522242
237401 6748.86268957
237927 6748.86268957
238130 6208.65709597
239258 6208.65709597
239687 4347.68227165
240915 4347.68227165
241383 7009.915992
242464 7009.915992
242756 5684.36879144
244045 5684.36879144
244380 6189.70377944
245084 6189.70377944
245505 6994.84650692
246438 6994.84650692
246929 6139.59025186
248386 6139.59025186
248532 6198.53063141
249878 6198.53063141
250307 6624.76467825
251433 6624.76467825
251580 4663.15877929
252257 4663.15877929
252544 5431.10892922
253590 5431.10892922
253796 5812.04667241
254379 5812.04667241
254770 5736.92351137
256204 5736.92351137
256546 6481.3031245
257063 6481.3031245
257432 6205.0885144
258014 6205.0885144
258469 4770.28167571
259872 4770.28167571
260300 6546.9126233
261591 6546.9126233
261736 7535.30635377
262468 7535.30635377
262590 5968.49207549
264014 5968.49207549
