0 7805.46397147
705 7805.46397147
852 5550.92483767
1526 5550.92483767
1850 6392.57057598
2605 6392.57057598
3008 5311.62298694
4489 5311.62298694
4976 13020.582724
5996 13020.582724
6400 4903.88079315
7237 4903.88079315
7455 5477.7190712
7964 5477.7190712
8208 3428.84279612
8710 3428.84279612
9151 3673.97247648
10602 3673.97247648
10956 3722.86816516
12138 3722.86816516
12317 17222.911338
13059 17222.911338
13357 7610.16300572
14699 7610.16300572
15182 7609.57819028
16233 7609.57819028
16679 15097.5899311
17710 15097.5899311
18202 6255.64254004
19187 6255.64254004
19486 7469.36200057
20665 7469.36200057
20931 4490.88638738
22361 4490.88638738
22667 9161.05869864
23256 9161.05869864
23516 9750.77972987
24732 9750.77972987
25177 11606.0908127
26034 11606.0908127
26424 3252.85872556
27834 3252.85872556
28169 6254.08206441
28756 6254.08206441
28997 9746.44664452
30489 9746.44664452
30756 8498.97628494
31443 8498.97628494
31851 4697.91471551
32414 4697.91471551
32747 615.992998299
33845 615.992998299
34015 2393.24138517
34801 2393.24138517
35015 2148.77856108
36192 2148.77856108
36609 7027.1081751
37578 7027.1081751
37783 6019.18504446
39110 6019.18504446
39600 5451.71400027
40924 5451.71400027
41271 8515.32790035
42288 8515.32790035
42568 2211.75111979
43465 2211.75111979
43717 2377.82472567
44776 2377.82472567
45104 14356.5704031
46169 14356.5704031
46418 6656.95957465
46985 6656.95957465
47215 7392.99480077
47914 7392.99480077
48162 10061.4471285
48850 10061.4471285
49211 5519.61104283
50539 5519.61104283
50652 4185.41850106
51921 4185.41850106
52119 5918.70098196
52991 5918.70098196
53473 7588.96664367
54659 7588.96664367
55118 5443.34551248
56416 5443.34551248
56764 14201.9807115
57843 14201.9807115
57946 2594.63973397
58984 2594.63973397
59191 8753.01460884
59892 8753.01460884
60167 10419.5281352
61093 10419.5281352
61566 14139.2674993
62679 14139.2674993
63152 2423.64182427
63940 2423.64182427
64177 6451.85501759
64931 6451.85501759
65182 4955.35473701
66229 4955.35473701
66693 10405.3401454
67225 10405.3401454
67712 4694.83512781
68751 4694.83512781
68961 4845.08185112
70331 4845.08185112
70600 6775.66601192
71871 6775.66601192
72205 2357.94919947
73600 2357.94919947
74041 4810.1166793
74772 4810.1166793
74897 9085.00537368
75771 9085.00537368
76142 2418.16756752
76811 2418.16756752
77070 2737.25939694
78281 2737.25939694
78566 8987.71973146
79862 8987.71973146
80203 3620.50761281
81107 3620.50761281
81375 13713.9330402
82167 13713.9330402
82409 1059.53184421
83037 1059.53184421
83465 1913.87239708
84494 1913.87239708
84893 13045.6389229
86327 13045.6389229
86782 3662.56353814
88114 3662.56353814
88293 9509.15769995
89537 9509.15769995
89844 3122.0924247
90970 3122.0924247
91274 13936.4433607
92307 13936.4433607
92560 5780.32723508
93817 5780.32723508
94142 73.4567686072
95428 73.4567686072
95693 8491.23712144
96699 8491.23712144
96914 6941.56671792
97620 6941.56671792
97802 2784.26675875
98525 2784.26675875
98973 17167.5050033
100030 17167.5050033
100351 9666.77320955
101410 9666.77320955
101653 5631.75615279
102212 5631.75615279
102449 1634.90727834
103610 1634.90727834
103985 8576.79239022
105091 8576.79239022
105512 14021.3569121
106802 14021.3569121
106986 2045.00428943
107983 2045.00428943
108381 9590.29055278
109629 9590.29055278
110057 15576.0227624
111042 15576.0227624
111487 8099.09115292
112922 8099.09115292
113396 3316.48849752
114799 3316.48849752
115246 12079.7321936
116663 12079.7321936
116785 8694.05180614
117694 8694.05180614
118030 7710.16564677
119153 7710.16564677
119312 6783.04606952
120512 6783.04606952
120936 11321.7912497
122235 11321.7912497
122568 12946.7597486
123881 12946.7597486
124343 5497.43559027
125329 5497.43559027
125511 3296.54875443
126155 3296.54875443
126269 8757.25983709
127643 8757.25983709
127840 8518.03058481
129199 8518.03058481
129519 899.197469234
130377 899.197469234
130728 1205.95526506
131917 1205.95526506
132392 3558.55769384
133496 3558.55769384
133688 7317.86793185
134213 7317.86793185
134368 4019.08636722
135733 4019.08636722
136165 1110.97746092
136831 1110.97746092
136941 7046.07652882
137545 7046.07652882
137737 2477.13247702
138798 2477.13247702
139102 7543.71868103
140265 7543.71868103
140450 11386.9270152
141407 11386.9270152
141675 5171.11625656
143062 5171.11625656
143504 13944.2672947
144601 13944.2672947
144778 5679.62458207
145572 5679.62458207
146039 6934.35949164
147009 6934.35949164
147426 3722.86209425
148777 3722.86209425
149152 3995.57486706
150564 3995.57486706
150769 4057.34497616
152197 4057.34497616
152682 116.005609473
153995 116.005609473
154220 11844.3330124
155713 11844.3330124
156112 594.124564043
157235 594.124564043
157494 12471.7025336
158652 12471.7025336
158854 9173.81200979
160027 9173.81200979
160150 8746.26498043
161378 8746.26498043
161735 4267.97862151
162982 4267.97862151
163386 10177.4795677
164210 10177.4795677
164459 875.893648164
165866 875.893648164
166235 3340.58493375
167454 3340.58493375
167835 527.53656964
168426 527.53656964
168587 7172.4274646
169165 7172.4274646
169348 5584.99943601
170638 5584.99943601
171071 2977.49124032
172280 2977.49124032
172448 7634.99195489
173353 7634.99195489
173529 1238.39516976
174331 1238.39516976
174595 14409.6499287
175814 14409.6499287
176263 11095.2464222
176994 11095.2464222
177210 4685.32716283
177943 4685.32716283
178413 11711.5209162
179881 11711.5209162
180303 3503.47232186
181358 3503.47232186
181592 7887.38635847
182982 7887.38635847
183315 14054.8258575
184191 14054.8258575
184484 3283.54622307
185082 3283.54622307
185339 3930.61732499
186246 3930.61732499
186393 2886.12131178
187309 2886.12131178
187510 3836.07490827
188983 3836.07490827
189381 1638.4546719
190156 1638.4546719
190345 2424.5664918
191222 2424.5664918
191397 3109.35397153
192237 3109.35397153
192444 4180.63473188
193249 4180.63473188
193743 2805.26220974
194697 2805.26220974
194949 10155.2688901
196323 10155.2688901
196426 3153.7508757
197395 3153.7508757
197860 3132.57852567
198904 3132.57852567
199197 7426.01419119
200527 7426.01419119
200700 1803.33681059
202085 1803.33681059
202452 3338.12824534
203312 3338.12824534
203455 2466.71801761
204186 2466.71801761
204349 1314.6815697
205200 1314.6815697
205590 14303.8359307
206765 14303.8359307
207032 6498.46236128
208308 6498.46236128
208745 12692.819218
209413 12692.819218
209718 9700.89340534
210689 9700.89340534
211134 8011.9840271
212306 8011.9840271
212669 6564.97564455
213372 6564.97564455
213537 6680.56770182
214171 6680.56770182
214648 1014.95837102
215450 1014.95837102
215773 14387.9346087
216961 14387.9346087
217271 8975.26544993
218432 8975.26544993
218637 5481.81134163
219607 5481.81134163
220100 2453.84648504
220720 2453.84648504
221174 12966.1480799
222156 12966.1480799
222370 3342.2015011
222900 3342.2015011
223365 9873.19169963
224498 9873.19169963
224986 3640.11374291
226429 3640.11374291
226721 10864.3576858
227921 10864.3576858
228182 4421.73693778
229209 4421.73693778
229442 3194.86188238
230266 3194.86188238
230454 2626.67000669
231551 2626.67000669
231935 6092.09077816
233092 6092.09077816
233590 8227.76053664
234172 8227.76053664
234436 6062.13299596
235100 6062.13299596
235544 5653.38178908
236961 5653.38178908
237278 1421.80187905
237786 1421.80187905
237893 9137.72720517
238965 9137.72720517
