0 7303.67048037
1370 7303.67048037
1714 7323.54286682
3062 7323.54286682
3264 7290.88558778
3881 7290.88558778
4280 7316.54046247
5339 7316.54046247
5542 7335.06098238
6826 7335.06098238
6983 7285.65484757
7726 7285.65484757
8068 7286.50502094
9348 7286.50502094
9465 7280.12449587
10845 7280.12449587
11180 7323.5555296
12613 7323.5555296
13083 7312.67826206
13774 7312.67826206
13991 7299.88100616
15201 7299.88100616
15439 7307.12757978
16031 7307.12757978
16258 7289.27826781
16809 7289.27826781
17041 7297.78921773
18219 7297.78921773
18426 7287.77218512
19733 7287.77218512
20052 7303.74527983
20557 7303.74527983
20823 7316.16717079
21590 7316.16717079
21766 7306.30767937
22581 7306.30767937
22793 7310.13350601
23952 7310.13350601
24154 7371.92662157
25144 7371.92662157
25551 7285.13180438
26479 7285.13180438
26741 7339.28731704
28167 7339.28731704
28538 7315.64524378
29139 7315.64524378
29532 7302.03593708
30237 7302.03593708
30484 7322.26314945
31089 7322.26314945
31250 7337.48229583
32102 7337.48229583
32246 7305.86818396
33608 7305.86818396
33791 7316.97955507
35182 7316.97955507
35433 7301.69795996
36051 7301.69795996
36207 7317.88410783
37126 7317.88410783
37227 7296.84951226
38153 7296.84951226
38284 7314.21072545
39315 7314.21072545
39577 7250.48640676
40084 7250.48640676
40196 7315.24634808
41649 7315.24634808
41925 7331.81912413
43410 7331.81912413
43763 7289.10223613
44475 7289.10223613
44799 7334.21242298
46158 7334.21242298
46416 7279.73215417
47357 7279.73215417
47611 7282.31248666
48545 7282.31248666
48899 7288.56256551
49684 7288.56256551
49829 7305.63547203
51254 7305.63547203
51415 7322.6316162
52429 7322.6316162
52692 7266.72379108
53249 7266.72379108
53655 7340.97093655
54199 7340.97093655
54386 7296.46863173
54977 7296.46863173
55162 7368.637361
56532 7368.637361
56998 7321.17845463
57513 7321.17845463
57895 7337.5158137
58778 7337.5158137
59260 7295.17718095
59793 7295.17718095
60136 7299.92112905
61142 7299.92112905
61315 7299.36581168
62098 7299.36581168
62374 7254.42332806
63688 7254.42332806
63801 7311.80230424
64714 7311.80230424
64882 7290.27107407
66323 7290.27107407
66761 7309.13861913
67837 7309.13861913
67997 7294.98970268
69181 7294.98970268
69299 7304.54134987
70535 7304.54134987
70748 7273.62863794
71829 7273.62863794
71937 7303.52761377
72660 7303.52761377
72944 7300.19185443
74175 7300.19185443
74607 7311.25339266
75760 7311.25339266
75961 7309.15019629
76995 7309.15019629
77248 7291.85276572
78558 7291.85276572
78890 7304.49208808
80280 7304.49208808
80718 7305.65142098
81788 7305.65142098
82086 7309.83364651
83297 7309.83364651
83775 7316.96895638
84977 7316.96895638
85212 7285.25434597
86545 7285.25434597
86710 7285.30634169
88064 7285.30634169
88520 7273.4971705
89468 7273.4971705
89848 7326.85815887
90739 7326.85815887
91091 7313.2601122
91959 7313.2601122
92191 7299.6786225
93450 7299.6786225
93667 7285.81737434
95053 7285.81737434
95419 7298.80612169
96872 7298.80612169
97048 7319.13644409
97662 7319.13644409
97874 7294.76741093
98527 7294.76741093
98736 7309.6353039
100204 7309.6353039
100497 7348.52434745
101484 7348.52434745
101670 7331.30520372
102233 7331.30520372
102652 7287.47249838
104098 7287.47249838
104540 7298.62833843
105377 7298.62833843
105674 7306.42330516
107046 7306.42330516
107538 7356.7388974
108561 7356.7388974
108903 7251.23794459
109858 7251.23794459
109969 7316.47014293
110755 7316.47014293
110993 7293.28521336
111528 7293.28521336
111993 7304.7425492
113369 7304.7425492
113564 7315.381494
114358 7315.381494
114522 7280.18588402
115537 7280.18588402
115728 7345.60767504
116672 7345.60767504
116956 7283.27568055
117596 7283.27568055
118068 7246.8041255
118746 7246.8041255
118918 7274.10142759
119446 7274.10142759
119903 7325.79487313
120514 7325.79487313
120664 7337.10552316
122077 7337.10552316
122465 7235.84575317
123655 7235.84575317
124121 7293.2124902
125330 7293.2124902
125660 7293.63464104
126515 7293.63464104
126665 7283.47059259
127470 7283.47059259
127761 7263.54758945
128889 7263.54758945
128990 7361.39629319
129938 7361.39629319
130375 7315.24990347
130882 7315.24990347
131311 7332.56499756
132049 7332.56499756
132311 7302.8075316
133295 7302.8075316
133691 7312.43145316
135143 7312.43145316
135603 7306.00186001
136668 7306.00186001
136978 7290.63495921
137713 7290.63495921
138042 7336.00856726
138582 7336.00856726
138816 7294.60034202
139656 7294.60034202
139992 7283.46397945
141143 7283.46397945
141362 7290.9090182
141892 7290.9090182
142016 7270.20737277
143207 7270.20737277
143469 7307.43565197
144347 7307.43565197
144834 7288.20024779
146057 7288.20024779
146343 7275.1553625
147477 7275.1553625
147857 7272.90024235
149135 7272.90024235
149446 7243.33500792
150553 7243.33500792
150821 7348.17182969
152070 7348.17182969
152211 7330.85869789
153392 7330.85869789
153628 7275.49531691
155013 7275.49531691
155218 7280.43802889
155983 7280.43802889
156144 7300.194606
157518 7300.194606
157816 7292.39840669
158994 7292.39840669
159371 7277.65437308
160587 7277.65437308
160992 7338.56152565
161957 7338.56152565
162229 7310.43645254
163128 7310.43645254
163414 7328.81034563
163977 7328.81034563
164142 7302.60347256
165082 7302.60347256
165277 7312.96413212
166108 7312.96413212
166353 7313.25631679
166879 7313.25631679
167275 7291.68866705
168576 7291.68866705
169021 7341.28372729
170002 7341.28372729
170426 7292.12807095
171175 7292.12807095
171360 7289.83020253
172290 7289.83020253
172637 7323.77015771
173636 7323.77015771
174018 7320.0674356
174720 7320.0674356
174910 7309.90488538
175497 7309.90488538
175640 7320.97079231
176672 7320.97079231
176829 7291.06224716
177539 7291.06224716
177951 7341.11015015
178451 7341.11015015
178610 7281.37263573
179208 7281.37263573
179568 7267.68787369
180775 7267.68787369
180917 7331.56578765
181647 7331.56578765
181932 7310.21462271
183190 7310.21462271
183324 7291.89758185
184283 7291.89758185
184484 7280.89600508
185466 7280.89600508
185581 7231.55601588
186996 7231.55601588
187367 7308.27605654
188139 7308.27605654
188389 7258.9856189
189630 7258.9856189
189743 7295.82622988
190485 7295.82622988
190683 7314.17661841
191367 7314.17661841
191796 7350.77008303
192702 7350.77008303
193154 7313.55908973
194331 7313.55908973
194601 7263.79964496
195962 7263.79964496
196162 7330.67881031
196713 7330.67881031
196826 7352.77720174
197890 7352.77720174
198212 7304.35015323
199104 7304.35015323
199226 7312.25383929
200496 7312.25383929
200861 7292.46788933
201811 7292.46788933
202049 7291.88513759
202704 7291.88513759
202908 7320.8143102
204272 7320.8143102
204653 7279.83948086
206125 7279.83948086
206536 7318.45457731
207660 7318.45457731
207834 7321.16917916
208485 7321.16917916
208841 7343.77904025
209502 7343.77904025
209921 7332.61719795
210823 7332.61719795
211317 7297.47323409
211931 7297.47323409
212304 7291.67145408
213078 7291.67145408
213242 7284.67072775
214045 7284.67072775
214535 7292.05030791
215947 7292.05030791
216215 7298.39812495
217664 7298.39812495
218046 7333.53538264
219356 7333.53538264
219722 7279.33650263
220849 7279.33650263
221182 7255.49911389
222298 7255.49911389
222498 7321.98549034
223736 7321.98549034
224233 7282.41129
225678 7282.41129
226147 7302.55308747
226904 7302.55308747
227201 7293.5042546
227807 7293.5042546
227988 7307.84527342
228957 7307.84527342
229323 7268.25914206
230707 7268.25914206
231075 7304.10543142
232158 7304.10543142
232339 7310.31447389
233160 7310.31447389
233514 7333.60297336
234462 7333.60297336
234822 7300.42866535
235612 7300.42866535
236034 7317.4538032
237349 7317.4538032
237760 7296.66115686
239211 7296.66115686
239442 7298.94351982
240489 7298.94351982
240967 7271.69399195
241828 7271.69399195
242087 7302.73744697
243501 7302.73744697
243687 7293.33398829
245180 7293.33398829
245675 7272.89346814
247167 7272.89346814
247608 7300.05896326
248859 7300.05896326
248974 7304.0605131
250388 7304.0605131
250657 7316.787096
252065 7316.787096
252343 7297.67395107
253106 7297.67395107
253212 7346.10256399
254075 7346.10256399
