0 8081.81898954
999 8081.81898954
1265 8048.50941941
2259 8048.50941941
2395 8853.3205435
3463 8853.3205435
3902 5515.31047724
5364 5515.31047724
5847 6939.7635101
6892 6939.7635101
7008 4730.66003902
8181 4730.66003902
8558 5803.97999437
9507 5803.97999437
9628 7187.91200752
10569 7187.91200752
10835 6581.81747849
11982 6581.81747849
12328 6067.43953438
13335 6067.43953438
13759 6041.75625802
14470 6041.75625802
14738 5156.45437906
15637 5156.45437906
16094 8782.55695742
17424 8782.55695742
17591 7217.26899593
18354 7217.26899593
18582 6453.64048047
19214 6453.64048047
19338 10493.5381666
20550 10493.5381666
20815 7877.80273238
22174 7877.80273238
22645 6730.87053706
23845 6730.87053706
24016 7909.39690982
24723 7909.39690982
24913 6912.32261301
25934 6912.32261301
26070 6825.60799391
27172 6825.60799391
27422 4228.47192251
27930 4228.47192251
28124 9022.42199504
29383 9022.42199504
29763 7986.04891319
30973 7986.04891319
31391 6004.28247806
32198 6004.28247806
32558 3967.18808072
33943 3967.18808072
34100 6739.09835402
35321 6739.09835402
35704 7920.3436385
36274 7920.3436385
36547 7951.84608795
37311 7951.84608795
37678 7612.75145585
38180 7612.75145585
38297 9184.2311751
39549 9184.2311751
39914 7431.49068071
40776 7431.49068071
41012 8722.41593102
42346 8722.41593102
42447 7163.83420062
43722 7163.83420062
43900 5628.09502554
44430 5628.09502554
44568 8170.15138036
45456 8170.15138036
45604 5418.34433887
46292 5418.34433887
46410 7605.92308629
47062 7605.92308629
47319 9651.929085
47978 9651.929085
48229 7231.616068
49471 7231.616068
49665 6378.11129656
50294 6378.11129656
50433 6227.86586151
51553 6227.86586151
52035 6011.34103372
53098 6011.34103372
53218 6376.53057526
54118 6376.53057526
54361 6683.05686734
54983 6683.05686734
55466 5563.37116822
56403 5563.37116822
56763 6148.51041344
57980 6148.51041344
58277 9437.824654
59004 9437.824654
59360 8154.35569285
60286 8154.35569285
60492 7254.13135963
61659 7254.13135963
62138 7861.76397278
62709 7861.76397278
62891 8098.36828967
63774 8098.36828967
64214 7383.42399652
64824 7383.42399652
65089 4875.18179803
66100 4875.18179803
66368 9685.25138022
67350 9685.25138022
67721 7125.37964863
68706 7125.37964863
69181 5877.56835389
70278 5877.56835389
70507 5879.8335249
71750 5879.8335249
72036 6337.32163637
72953 6337.32163637
73170 6417.61409391
74110 6417.61409391
74587 5307.52846806
75542 5307.52846806
75825 7802.36227095
77268 7802.36227095
77510 6764.2580113
78690 6764.2580113
78965 6757.90406211
79848 6757.90406211
80115 6976.50645228
81382 6976.50645228
81669 6838.43630015
82510 6838.43630015
82616 7855.61232096
83246 7855.61232096
83367 9085.79306004
84432 9085.79306004
84766 8146.14476498
86032 8146.14476498
86439 6036.99007819
87281 6036.99007819
87595 6933.06028561
89050 6933.06028561
89332 7807.29432094
89960 7807.29432094
90284 8064.43303836
91755 8064.43303836
92208 6920.71747995
92877 6920.71747995
93175 7243.98261806
94397 7243.98261806
94778 7869.81866273
95944 7869.81866273
96136 7153.03047621
97499 7153.03047621
97913 8074.70132261
98670 8074.70132261
99142 6881.18091718
100623 6881.18091718
101023 6825.22112581
102281 6825.22112581
102749 7041.12664831
103906 7041.12664831
104254 8136.56115031
105276 8136.56115031
105640 7718.75368987
106364 7718.75368987
106607 5687.10077034
107471 5687.10077034
107828 8327.05977555
108692 8327.05977555
108900 7168.60059772
109455 7168.60059772
109573 8788.3686189
110738 8788.3686189
110970 8982.97070612
112448 8982.97070612
112701 9568.47531293
113706 9568.47531293
113905 8305.77231779
114723 8305.77231779
115137 5255.60154827
116129 5255.60154827
116516 6300.86062587
117554 6300.86062587
117942 6507.10531593
119045 6507.10531593
119381 6377.68235158
119962 6377.68235158
120345 8146.23328644
121778 8146.23328644
122111 7832.30065489
122749 7832.30065489
122947 7714.72131342
123546 7714.72131342
123718 4223.18355733
124887 4223.18355733
125359 9041.14890971
126394 9041.14890971
126710 7606.89523036
127335 7606.89523036
127708 8213.65434946
128800 8213.65434946
128930 6121.80380511
129579 6121.80380511
129975 7201.36825706
131434 7201.36825706
131861 5539.61403228
133258 5539.61403228
133746 8171.17117928
135101 8171.17117928
135353 7550.12429603
136602 7550.12429603
137032 8135.31930894
137780 8135.31930894
137929 6061.32415536
138855 6061.32415536
139049 5853.35077274
139682 5853.35077274
139947 4141.66251551
141223 4141.66251551
141529 8429.12045227
142673 8429.12045227
143106 6610.04016401
144071 6610.04016401
144175 7824.78812417
145561 7824.78812417
145982 8507.46036042
147450 8507.46036042
147781 5442.5493523
149079 5442.5493523
149530 6458.68902071
151028 6458.68902071
151477 5514.22579508
152791 5514.22579508
152942 6313.73913893
153763 6313.73913893
154023 5237.16809456
154551 5237.16809456
154684 7017.62714223
156043 7017.62714223
156422 6333.00545304
157810 6333.00545304
158073 6237.7838933
159543 6237.7838933
159794 6571.45961466
160518 6571.45961466
160915 5234.92589708
162062 5234.92589708
162493 7892.62224833
163174 7892.62224833
163416 7371.01234733
164183 7371.01234733
164533 6405.47945151
165978 6405.47945151
166312 6164.63297494
167733 6164.63297494
168134 7527.69573204
168782 7527.69573204
168967 8963.11527301
170446 8963.11527301
170788 6604.10295991
172024 6604.10295991
172197 7458.17371494
173575 7458.17371494
173714 7924.52655049
174978 7924.52655049
175435 6259.00825755
176619 6259.00825755
176970 8598.39382533
178360 8598.39382533
178559 5367.49091126
179748 5367.49091126
180048 9320.93972805
180886 9320.93972805
181164 5222.92657511
182513 5222.92657511
182711 8237.37194001
183580 8237.37194001
183999 6160.86819228
185383 6160.86819228
185545 5352.18402409
186309 5352.18402409
186639 5991.05083836
188065 5991.05083836
188194 8189.79661416
189417 8189.79661416
189871 7760.23170907
190687 7760.23170907
190799 4932.35503705
191968 4932.35503705
192256 6832.83296355
193697 6832.83296355
193956 5720.06729902
195299 5720.06729902
195659 6693.99663557
196783 6693.99663557
196886 8226.91642147
197757 8226.91642147
197865 6704.31221594
199018 6704.31221594
199153 7710.60755004
200351 7710.60755004
200817 7920.2933031
202205 7920.2933031
202395 6431.12908653
203494 6431.12908653
203877 6016.44333547
205039 6016.44333547
205492 8087.69681139
206448 8087.69681139
206809 7900.23072618
207904 7900.23072618
208245 7046.76192786
209729 7046.76192786
210053 7040.77810928
211327 7040.77810928
211627 8090.58070192
212762 8090.58070192
213096 8522.7271869
214436 8522.7271869
214544 6600.46083839
215988 6600.46083839
216357 7983.49018959
217080 7983.49018959
217405 7099.42927444
217967 7099.42927444
218072 7031.7329863
219172 7031.7329863
219670 7825.81999094
220401 7825.81999094
220655 9480.78791112
221423 9480.78791112
221807 6207.50844302
222352 6207.50844302
222780 6579.70367297
223514 6579.70367297
223998 8016.9440602
225003 8016.9440602
225432 8265.25421371
226742 8265.25421371
227237 7894.9151316
228716 7894.9151316
228889 7208.89975652
230006 7208.89975652
230448 8825.81182983
231826 8825.81182983
231936 7737.898756
233148 7737.898756
233302 9112.2390981
234633 9112.2390981
234886 7305.69911942
236036 7305.69911942
236333 5893.79598186
237359 5893.79598186
237738 6654.44497816
239083 6654.44497816
239582 6933.67884664
240975 6933.67884664
241322 6982.91133144
241912 6982.91133144
242063 5044.57629089
242855 5044.57629089
242965 6498.22310565
243944 6498.22310565
244283 5412.7192865
244900 5412.7192865
245262 5028.29626512
246350 5028.29626512
246489 7585.05231447
247774 7585.05231447
247936 7372.07064749
248632 7372.07064749
248873 8658.25362609
249419 8658.25362609
249638 6972.83907544
250182 6972.83907544
250425 7869.26517089
251794 7869.26517089
252262 8828.78400746
253082 8828.78400746
253433 7761.72130511
254137 7761.72130511
254439 8137.62178218
255886 8137.62178218
256015 9317.12663662
257094 9317.12663662
257585 5024.1669056
259082 5024.1669056
259509 10399.9277948
260990 10399.9277948
261182 8195.71885661
262182 8195.71885661
262290 6970.18299046
263637 6970.18299046
263949 7669.81052892
265114 7669.81052892
265497 10194.9239104
266185 10194.9239104
266368 5618.76683588
266996 5618.76683588
267105 5645.14766823
268191 5645.14766823
268586 9708.88359376
269128 9708.88359376
269519 8336.26147258
270282 8336.26147258
270779 8838.54047295
271541 8838.54047295
272011 9317.19227259
272812 9317.19227259
273154 8020.31199795
273734 8020.31199795
274163 8368.03778258
275450 8368.03778258
