0 6897.66913056
1454 6897.66913056
1808 9344.31853763
2361 9344.31853763
2517 5330.44708408
3850 5330.44708408
4169 3096.85066703
4806 3096.85066703
5227 7260.98611955
6347 7260.98611955
6726 9423.77949108
7492 9423.77949108
7781 7505.10855025
9024 7505.10855025
9483 7706.79013739
10499 7706.79013739
10903 8321.31579191
12303 8321.31579191
12456 5196.11542221
13575 5196.11542221
13776 11701.6094649
14722 11701.6094649
15043 6397.5033738
15889 6397.5033738
16344 7629.33218887
17355 7629.33218887
17555 5840.21756792
18978 5840.21756792
19277 9078.48313548
20739 9078.48313548
20988 7247.05255391
21604 7247.05255391
21820 7917.96119535
23276 7917.96119535
23643 10443.196921
24534 10443.196921
24930 1686.416621
25919 1686.416621
26075 5295.25020637
27373 5295.25020637
27769 6912.68610999
28753 6912.68610999
28981 3724.68944052
30076 3724.68944052
30269 10069.6913464
30912 10069.6913464
31115 4852.22804439
31649 4852.22804439
32051 8980.38968437
32764 8980.38968437
33117 4914.23115806
34503 4914.23115806
34745 4552.79490158
35280 4552.79490158
35604 5151.53022694
36240 5151.53022694
36493 5339.48969567
37661 5339.48969567
38141 11541.8473142
38649 11541.8473142
39051 8619.72419877
40454 8619.72419877
40945 7600.933431
42156 7600.933431
42598 2376.24204114
43518 2376.24204114
43872 10263.7053515
45226 10263.7053515
45546 4328.68641576
46452 4328.68641576
46733 8009.48152638
47466 8009.48152638
47569 8321.18953094
48832 8321.18953094
49255 12024.5939689
50673 12024.5939689
50870 11322.4864497
52279 11322.4864497
52682 6502.50358173
53634 6502.50358173
53986 6017.1449737
54865 6017.1449737
55306 7043.23835197
56186 7043.23835197
56453 5389.5088994
57818 5389.5088994
58097 8505.76151997
59155 8505.76151997
59416 11544.3199127
60352 11544.3199127
60584 7331.66709928
61325 7331.66709928
61605 6530.22963107
62775 6530.22963107
63063 5576.66611225
64238 5576.66611225
64562 10751.8252958
65453 10751.8252958
65644 8821.655602
67020 8821.655602
67464 6872.5451362
67994 6872.5451362
68264 4805.31726344
69719 4805.31726344
70124 8742.16227013
71119 8742.16227013
71504 6637.27952849
72169 6637.27952849
72348 7107.98672297
73483 7107.98672297
73683 6906.91222705
74315 6906.91222705
74591 10990.9902053
75883 10990.9902053
76140 9833.40963664
77017 9833.40963664
77388 7689.99738455
78372 7689.99738455
78700 7309.35985509
79210 7309.35985509
79348 7584.50562246
80138 7584.50562246
80247 7323.55705165
80893 7323.55705165
81116 8020.80644422
82317 8020.80644422
82770 5865.89927719
83928 5865.89927719
84300 6487.83874451
84927 6487.83874451
85413 7265.60288061
86244 7265.60288061
86544 8377.09635143
87525 8377.09635143
87801 5350.87727139
88337 5350.87727139
88713 10949.9011915
89653 10949.9011915
89843 8955.46933154
91174 8955.46933154
91657 10283.0014567
92266 10283.0014567
92525 6503.77603567
93771 6503.77603567
94155 9339.7020174
95553 9339.7020174
95761 3827.4841043
96799 3827.4841043
96966 7921.20480366
98272 7921.20480366
98435 13176.2894138
99116 13176.2894138
99599 5889.30392148
100840 5889.30392148
101068 10702.9724064
102367 10702.9724064
102778 9615.75851667
103877 9615.75851667
104023 9168.54562446
104539 9168.54562446
104797 8292.25288121
106286 8292.25288121
106438 6907.41861425
107644 6907.41861425
107873 13655.2838071
108570 13655.2838071
108757 9755.93766298
109807 9755.93766298
110053 5807.88158939
110724 5807.88158939
110974 8602.46929011
112006 8602.46929011
112366 8869.75423955
112892 8869.75423955
113124 9173.63481147
114548 9173.63481147
114784 5841.52399234
116250 5841.52399234
116396 8680.23398487
116981 8680.23398487
117189 8995.05028123
117776 8995.05028123
118223 5617.46781378
119222 5617.46781378
119354 9737.94793705
120017 9737.94793705
120436 10854.5570512
121161 10854.5570512
121389 7800.73532852
122207 7800.73532852
122384 7047.79957881
123261 7047.79957881
123395 9976.7577546
124261 9976.7577546
124640 5143.05554314
125700 5143.05554314
125941 7005.76329493
126859 7005.76329493
127118 8452.01537647
128563 8452.01537647
129004 6603.48365173
129628 6603.48365173
129770 13861.7453199
131181 13861.7453199
131483 8383.37281597
132075 8383.37281597
132246 7178.65996563
133619 7178.65996563
133835 4787.63192489
135330 4787.63192489
135520 4146.24715987
136638 4146.24715987
136918 8456.90639104
137465 8456.90639104
137877 12287.49428
138977 12287.49428
139423 5057.74989623
140882 5057.74989623
141335 7784.68317449
142568 7784.68317449
142825 4272.43328532
143985 4272.43328532
144237 9289.27368909
145345 9289.27368909
145740 7791.08266411
146527 7791.08266411
146816 5823.0927636
147843 5823.0927636
147973 3168.91424295
149458 3168.91424295
149741 9011.74931401
151188 9011.74931401
151513 8288.26893923
152687 8288.26893923
152831 9102.20451711
153767 9102.20451711
154173 4706.26938533
155655 4706.26938533
156123 10225.2353545
156872 10225.2353545
157151 6202.72303941
157746 6202.72303941
157892 5264.05683899
158742 5264.05683899
159207 8043.05844596
160494 8043.05844596
160935 8910.49233939
162038 8910.49233939
162206 4958.73427774
163505 4958.73427774
163770 7667.99260685
164605 7667.99260685
164820 11046.4715289
165889 11046.4715289
166181 7225.2523403
167528 7225.2523403
167808 1979.70603889
168536 1979.70603889
168951 14867.0792499
169957 14867.0792499
170091 10794.0841786
171060 10794.0841786
171216 13877.6455773
172091 13877.6455773
172506 5737.497336
173929 5737.497336
174221 8113.07159178
175501 8113.07159178
175919 10322.2033547
176855 10322.2033547
177244 8501.85984254
178090 8501.85984254
178379 8362.04352706
179182 8362.04352706
179555 8874.84545195
180880 8874.84545195
181055 11390.4219948
182499 11390.4219948
182713 5015.99829417
183461 5015.99829417
183843 8232.01317609
184789 8232.01317609
185196 8880.53406599
185915 8880.53406599
186054 6726.29405667
186569 6726.29405667
186985 2885.77652799
188083 2885.77652799
188316 13395.8000476
189027 13395.8000476
189432 5272.01987852
190311 5272.01987852
190554 6228.66477379
191978 6228.66477379
192160 3953.18358112
192831 3953.18358112
192950 7002.01579004
194277 7002.01579004
194537 8276.37591063
195184 8276.37591063
195536 15295.1634784
196259 15295.1634784
196758 5700.34104708
198177 5700.34104708
198385 10591.8642427
199307 10591.8642427
199564 2227.2769602
200630 2227.2769602
201015 11380.6708188
202276 11380.6708188
202492 9418.27119807
203406 9418.27119807
203841 6932.58535142
204352 6932.58535142
204631 7020.98932016
205491 7020.98932016
205757 10270.0559541
206526 10270.0559541
206792 3994.07461558
207909 3994.07461558
208033 8308.07358712
208796 8308.07358712
209261 7814.87913069
209902 7814.87913069
210259 8127.87999831
210971 8127.87999831
211314 8396.4140303
212336 8396.4140303
212535 6118.80196034
213326 6118.80196034
213544 9378.68530221
214052 9378.68530221
214199 6868.17412254
215395 6868.17412254
215792 4675.28647576
217077 4675.28647576
217364 8245.60880364
218661 8245.60880364
219019 5224.11288704
220432 5224.11288704
220912 9701.63132853
222242 9701.63132853
222632 9654.20346798
224063 9654.20346798
224371 10955.2589508
225000 10955.2589508
225238 8019.21215377
226405 8019.21215377
226802 9925.02231421
227325 9925.02231421
227769 8552.13449199
228292 8552.13449199
228555 6802.83567774
229290 6802.83567774
229462 7982.98828145
230760 7982.98828145
230865 10809.9415591
231600 10809.9415591
231743 4125.17731141
233220 4125.17731141
