0 6620.03037919
819 6620.03037919
974 10853.6911444
1788 10853.6911444
2071 2968.78921897
3263 2968.78921897
3501 7980.96631213
4646 7980.96631213
4800 900.049369435
6176 900.049369435
6619 9471.29665788
7787 9471.29665788
8103 20566.5883727
8975 20566.5883727
9455 9426.78018026
10335 9426.78018026
10532 5967.83817433
11211 5967.83817433
11577 18005.8517343
12739 18005.8517343
13238 14933.7258015
14607 14933.7258015
14865 8017.84415138
16273 8017.84415138
16412 6943.71458524
17229 6943.71458524
17473 5654.54575787
18648 5654.54575787
18884 4542.54242829
19716 4542.54242829
19892 9302.60574076
21153 9302.60574076
21261 9293.04487083
22348 9293.04487083
22838 5162.56032014
23883 5162.56032014
24366 8497.94362398
25486 8497.94362398
25681 8064.56852183
26776 8064.56852183
26921 10227.1541259
28370 10227.1541259
28499 1296.68678423
29539 1296.68678423
30012 8936.25610624
31361 8936.25610624
31627 14850.6915351
32821 14850.6915351
33141 15113.6595669
34406 15113.6595669
34880 1123.65310546
35874 1123.65310546
36255 17521.8927911
37377 17521.8927911
37828 6677.87646028
38537 6677.87646028
38770 8965.49616954
39728 8965.49616954
39933 10331.5654605
40584 10331.5654605
40933 12266.8192161
41914 12266.8192161
42391 7864.61534126
43449 7864.61534126
43708 3972.05052235
45013 3972.05052235
45507 11821.7360817
46989 11821.7360817
47227 6184.44144382
48661 6184.44144382
48869 16438.1330963
49662 16438.1330963
49875 4442.29880917
50886 4442.29880917
51357 17148.5197552
52337 17148.5197552
52670 7312.3288182
53957 7312.3288182
54205 5660.50126853
55324 5660.50126853
55805 6256.76772142
56792 6256.76772142
57030 8607.86304167
57844 8607.86304167
58032 12566.1199689
59038 12566.1199689
59304 17978.9105977
60157 17978.9105977
60469 8562.11152707
61764 8562.11152707
62013 15974.4701286
62795 15974.4701286
63150 14822.4527754
64023 14822.4527754
64458 7236.29158974
65835 7236.29158974
66116 4716.58769009
67606 4716.58769009
68087 8377.07622327
68767 8377.07622327
68975 9937.45513519
70185 9937.45513519
70329 13889.0152922
71725 13889.0152922
72016 9739.57507722
72742 9739.57507722
72944 12884.993543
74308 12884.993543
74790 5352.38739088
75561 5352.38739088
75764 2476.53257563
76737 2476.53257563
77220 242.767060268
77734 242.767060268
77979 21387.4383399
78796 21387.4383399
79237 4279.25210102
80033 4279.25210102
80386 1983.24889512
81296 1983.24889512
81524 3375.71829931
82687 3375.71829931
83086 1354.78383084
83606 1354.78383084
83939 3961.40410614
85172 3961.40410614
85535 12252.8799579
86351 12252.8799579
86818 12407.228144
87633 12407.228144
88075 18880.00073
88668 18880.00073
88936 4078.459472
89587 4078.459472
90005 204.670500264
90559 204.670500264
90659 10188.5885243
91448 10188.5885243
91939 11923.9769131
93366 11923.9769131
93637 4066.78907696
94958 4066.78907696
95191 14682.2813511
95783 14682.2813511
95934 8434.50756776
96672 8434.50756776
96780 4390.54034686
97525 4390.54034686
97665 7871.86741474
98708 7871.86741474
99171 13838.322335
100192 13838.322335
100310 1744.9814416
100919 1744.9814416
101165 11518.3955989
101843 11518.3955989
102331 19999.1853729
103002 19999.1853729
103113 10309.4075493
103956 10309.4075493
104223 18947.0013702
105371 18947.0013702
105515 20729.6485286
106164 20729.6485286
106335 9078.68038734
107174 9078.68038734
107336 16181.1645199
108412 16181.1645199
108552 4093.31381799
109202 4093.31381799
109640 6493.68352358
110313 6493.68352358
110686 4518.7755985
111655 4518.7755985
112012 21674.3643117
112974 21674.3643117
113299 18821.7678537
114123 18821.7678537
114443 16978.7517125
115115 16978.7517125
115309 6445.08545473
116740 6445.08545473
116904 12620.3888405
117727 12620.3888405
118079 9378.27782664
119566 9378.27782664
119771 10101.1316069
120782 10101.1316069
121229 12204.0637147
122373 12204.0637147
122607 2327.29712148
123740 2327.29712148
123850 17199.9153289
124813 17199.9153289
125115 11196.8605368
126585 11196.8605368
126825 11262.8034654
127936 11262.8034654
128237 9694.27451711
129504 9694.27451711
129614 13643.7467352
130741 13643.7467352
131137 9879.38374253
131813 9879.38374253
131938 5236.78029162
132976 5236.78029162
133236 6485.96676614
134711 6485.96676614
134878 710.553035474
135435 710.553035474
135713 9569.69581656
136707 9569.69581656
137039 7104.83303065
138401 7104.83303065
138547 18454.3165242
139544 18454.3165242
139729 20759.4376951
140306 20759.4376951
140760 7485.67009184
141812 7485.67009184
142179 15809.2473324
143159 15809.2473324
143658 8340.69269688
144282 8340.69269688
144736 6604.22223474
146169 6604.22223474
146585 10700.7613734
147458 10700.7613734
147832 1232.24149412
148912 1232.24149412
149308 11281.293106
150051 11281.293106
150194 2930.48137013
151599 2930.48137013
151779 13067.1841728
152681 13067.1841728
152994 6127.30843572
154154 6127.30843572
154646 544.599088134
155469 544.599088134
155670 17964.9221727
157121 17964.9221727
157506 12918.8913979
158252 12918.8913979
158399 12653.5895452
159640 12653.5895452
159989 320.117090622
160970 320.117090622
161310 14149.5809301
162408 14149.5809301
162679 3812.26656633
163630 3812.26656633
163827 12699.9809322
165023 12699.9809322
165460 13341.1648777
166564 13341.1648777
166730 8469.0264221
167487 8469.0264221
167905 1214.69594481
169182 1214.69594481
169638 16507.4042551
171121 16507.4042551
171504 26151.01032
172782 26151.01032
173138 1842.65997511
173820 1842.65997511
174256 1348.27456224
175379 1348.27456224
175814 14908.4771216
176574 14908.4771216
176869 3625.37585268
177996 3625.37585268
178357 11889.7207818
179619 11889.7207818
180071 8421.0248945
181278 8421.0248945
181497 1414.01518557
182499 1414.01518557
182847 3442.24506762
184212 3442.24506762
184387 9249.11213402
185472 9249.11213402
185606 3838.56296466
186184 3838.56296466
186357 8862.1073588
187385 8862.1073588
187720 3646.05623962
188790 3646.05623962
188957 8262.33543524
190152 8262.33543524
190344 18510.0576425
191149 18510.0576425
191425 6772.50654824
192454 6772.50654824
192878 12772.1504594
194183 12772.1504594
194437 6544.79546973
195813 6544.79546973
195917 9505.60157653
197022 9505.60157653
197348 16872.3060271
198845 16872.3060271
198973 10994.9162355
199547 10994.9162355
200015 7708.14434398
201295 7708.14434398
201529 8258.13535299
202410 8258.13535299
202537 14044.4987919
203272 14044.4987919
203734 4383.82511659
205197 4383.82511659
205605 10961.6791056
206510 10961.6791056
206852 6357.73282171
207783 6357.73282171
207931 14402.6449018
208674 14402.6449018
208852 5985.90511384
210253 5985.90511384
210451 2704.55011188
211910 2704.55011188
212398 5931.96786426
213030 5931.96786426
213528 3168.39304508
214473 3168.39304508
214860 8040.42890964
216196 8040.42890964
216382 12742.3531147
216979 12742.3531147
217123 2719.21353345
217749 2719.21353345
217930 12818.3455048
219179 12818.3455048
219607 10183.327197
220180 10183.327197
220421 13586.7246704
221558 13586.7246704
222012 19067.7356021
222610 19067.7356021
222737 9611.10426044
223557 9611.10426044
223763 7751.16217941
224868 7751.16217941
225153 17659.932826
225966 17659.932826
226405 5756.86150477
227730 5756.86150477
228174 5912.96775568
229260 5912.96775568
229580 12094.0317511
230926 12094.0317511
231180 7894.0552108
232148 7894.0552108
232309 16333.7194026
233153 16333.7194026
233645 5572.02913729
234843 5572.02913729
235138 10316.5818422
236183 10316.5818422
236477 12101.2082604
237766 12101.2082604
238024 15001.6709163
238826 15001.6709163
239059 7284.74376507
240389 7284.74376507
240723 9185.11727511
241410 9185.11727511
241570 12775.3629962
242581 12775.3629962
242772 1377.44111909
243714 1377.44111909
244094 7346.76503743
244622 7346.76503743
244941 21949.0520454
245967 21949.0520454
246226 5780.97044003
247361 5780.97044003
247761 12942.8545825
248455 12942.8545825
248821 15355.1749024
250177 15355.1749024
250565 8655.38476406
251857 8655.38476406
252014 8253.6911955
252532 8253.6911955
252999 9015.28468642
253807 9015.28468642
254268 15155.5936868
255715 15155.5936868
256044 5359.71477367
256650 5359.71477367
257124 4511.53444199
257883 4511.53444199
258044 8832.9333094
259476 8832.9333094
259958 17920.6647103
261081 17920.6647103
261539 14178.0736018
262994 14178.0736018
263123 14599.4717071
264155 14599.4717071
264516 14207.67968
265263 14207.67968
265461 18135.9694126
266310 18135.9694126
266506 16586.036548
267492 16586.036548
267740 308.560417988
269061 308.560417988
269481 9334.45231016
270420 9334.45231016
270598 13221.4866547
271504 13221.4866547
271877 16485.7678974
273094 16485.7678974
273351 20582.5539272
274278 20582.5539272
