0 597.021503625
973 597.021503625
1376 1020.62010702
2364 1020.62010702
2677 206.733745017
3662 206.733745017
4160 60.3685770663
5162 60.3685770663
5581 5042.15092662
6293 5042.15092662
6630 1658.26259402
7584 1658.26259402
7841 7377.31325923
8496 7377.31325923
8802 1421.8862782
9745 1421.8862782
9939 1852.98322901
11008 1852.98322901
11452 775.079763934
12591 775.079763934
12751 5362.41589072
13692 5362.41589072
13989 904.015447972
14988 904.015447972
15256 7529.85243049
16339 7529.85243049
16817 4759.5920211
18277 4759.5920211
18576 6327.7540113
19794 6327.7540113
19962 16274.9169459
21269 16274.9169459
21458 1627.98620014
22396 1627.98620014
22856 3477.63945153
23739 3477.63945153
23961 8577.31985185
24908 8577.31985185
25123 6138.83344984
26112 6138.83344984
26354 5899.88985531
27448 5899.88985531
27803 1693.06651293
29078 1693.06651293
29489 1394.87198867
30952 1394.87198867
31295 51.4969301797
32756 51.4969301797
33125 4124.69468335
34507 4124.69468335
34997 6925.52808218
35718 6925.52808218
35991 3327.24435315
36659 3327.24435315
36898 398.362674492
38208 398.362674492
38516 1803.58290038
39699 1803.58290038
39854 1381.1710126
40771 1381.1710126
41172 7152.81165146
42216 7152.81165146
42538 2214.15072076
43876 2214.15072076
44030 5959.66406905
44810 5959.66406905
45159 1762.99167692
46068 1762.99167692
46330 770.124098081
46928 770.124098081
47077 4950.29634259
47817 4950.29634259
47929 5254.15907678
49032 5254.15907678
49265 5010.83302552
50163 5010.83302552
50573 3190.02675174
51347 3190.02675174
51709 596.148806031
52593 596.148806031
52889 5706.09541312
54231 5706.09541312
54581 517.066195758
55556 517.066195758
56050 13283.3588701
57421 13283.3588701
57799 3868.07491792
59235 3868.07491792
59345 3028.63908114
60194 3028.63908114
60360 5994.20062318
61297 5994.20062318
61497 6713.14524577
62634 6713.14524577
62809 6787.37387303
64185 6787.37387303
64374 10889.6959759
65149 10889.6959759
65446 172.255820326
66688 172.255820326
67032 5361.79801008
67610 5361.79801008
67845 2199.10438623
68395 2199.10438623
68851 2233.04802563
69870 2233.04802563
70093 4341.54912161
71333 4341.54912161
71647 3642.61546341
72884 3642.61546341
73294 2595.36448728
74003 2595.36448728
74220 702.400778374
74886 702.400778374
75128 6922.00133969
76302 6922.00133969
76510 4725.61506316
77548 4725.61506316
77733 2240.28358191
78691 2240.28358191
79138 8737.88053631
80214 8737.88053631
80342 3509.17527379
81371 3509.17527379
81624 431.895366887
82878 431.895366887
83362 4162.1488159
84328 4162.1488159
84625 8207.43629211
85424 8207.43629211
85651 1758.13328839
86166 1758.13328839
86440 6337.93723237
87418 6337.93723237
87565 4608.3330444
88713 4608.3330444
89137 1221.76405909
90196 1221.76405909
90460 4841.05146502
91180 4841.05146502
91569 5370.8285583
92629 5370.8285583
93050 1268.59211411
93713 1268.59211411
94085 10251.1333942
94905 10251.1333942
95379 6846.91358533
96798 6846.91358533
97166 8041.03236123
98565 8041.03236123
98978 14078.5837832
100015 14078.5837832
100285 2837.70848431
101065 2837.70848431
101260 822.579757824
102547 822.579757824
102987 5295.80610293
103523 5295.80610293
103964 10572.3590572
104888 10572.3590572
105292 3482.53128548
105938 3482.53128548
106164 9048.09245648
106967 9048.09245648
107463 10941.3701688
108689 10941.3701688
109165 1221.57732696
110433 1221.57732696
110742 2857.91856289
111437 2857.91856289
111593 4686.226674
112681 4686.226674
113122 7691.17466798
113743 7691.17466798
113972 8929.6588011
115442 8929.6588011
115649 2636.46239198
116699 2636.46239198
116870 5120.77863085
118234 5120.77863085
118547 3843.98583107
119539 3843.98583107
119854 3717.68944501
120830 3717.68944501
121148 1648.47387332
122624 1648.47387332
122748 4162.57624054
124149 4162.57624054
124441 5541.47302657
125497 5541.47302657
125786 1313.73565726
126970 1313.73565726
127373 965.463825839
128266 965.463825839
128574 9239.36313268
129673 9239.36313268
130096 12746.9224076
130792 12746.9224076
131024 12280.2271781
131804 12280.2271781
132251 11236.79688
132760 11236.79688
133148 1084.04566992
134336 1084.04566992
134759 2529.09043849
136131 2529.09043849
136348 1267.20555341
137631 1267.20555341
138014 5729.08331954
138529 5729.08331954
138648 3224.90096143
139460 3224.90096143
139705 7319.4683448
140940 7319.4683448
141409 4608.50245408
142461 4608.50245408
142914 4044.25657937
144039 4044.25657937
144531 6417.42499883
145499 6417.42499883
145787 4344.05662132
146940 4344.05662132
147074 7143.05738386
147949 7143.05738386
148167 6542.37393724
149578 6542.37393724
149992 716.787471706
150625 716.787471706
150855 5695.20719371
151705 5695.20719371
151975 3964.22890874
152937 3964.22890874
153386 5748.44493017
154120 5748.44493017
154348 3469.70939217
154858 3469.70939217
155065 648.359756018
155815 648.359756018
156254 3881.62881807
157693 3881.62881807
158066 10808.6163578
158610 10808.6163578
158945 4066.57334311
159604 4066.57334311
159919 8076.61149611
160836 8076.61149611
161097 780.664671466
162264 780.664671466
162432 7759.51924484
163125 7759.51924484
163561 127.068079285
164349 127.068079285
164797 5735.9906225
165537 5735.9906225
165716 6853.2023505
166325 6853.2023505
166555 1997.32499641
167543 1997.32499641
167949 686.68795891
169160 686.68795891
169592 2725.81358064
170810 2725.81358064
171305 4252.28722789
172654 4252.28722789
173068 5114.2428503
174482 5114.2428503
174923 1166.28907113
175464 1166.28907113
175725 4200.53239556
176337 4200.53239556
176445 5634.80271002
177675 5634.80271002
177944 8245.06010972
178695 8245.06010972
178926 3309.24749223
180185 3309.24749223
180563 2888.17064503
181665 2888.17064503
181965 4938.70315393
182834 4938.70315393
182986 9930.23759018
184193 9930.23759018
184502 2793.8346339
185156 2793.8346339
185259 7640.51321171
186208 7640.51321171
186678 3326.02760565
187869 3326.02760565
188092 5750.56647536
189401 5750.56647536
189682 4687.30095938
190252 4687.30095938
190452 2007.27465211
191630 2007.27465211
192119 3280.45518502
193403 3280.45518502
193746 5697.83267318
194992 5697.83267318
195130 2830.46802263
196259 2830.46802263
196475 8017.52795759
197255 8017.52795759
197494 7089.52052678
198032 7089.52052678
198251 2819.074516
198866 2819.074516
199340 4014.68238938
200423 4014.68238938
200736 648.103912744
201267 648.103912744
201443 6039.56734505
202684 6039.56734505
202980 4033.17461422
204194 4033.17461422
204438 2490.57095756
205423 2490.57095756
205812 3380.8148658
206998 3380.8148658
207465 13944.4910407
208107 13944.4910407
208392 4189.83566633
209324 4189.83566633
209748 8262.18776335
211003 8262.18776335
211437 8751.3294394
211952 8751.3294394
212167 2122.67146441
212913 2122.67146441
213149 481.304219056
214543 481.304219056
214834 8055.12894548
216306 8055.12894548
216526 6817.0735758
217747 6817.0735758
218176 4133.90396136
218950 4133.90396136
219056 5.36326482799
219916 5.36326482799
220054 1846.35407877
221126 1846.35407877
221450 3325.92510371
222861 3325.92510371
223002 9548.86103093
223974 9548.86103093
224196 3670.3286873
224848 3670.3286873
225040 9772.9761283
226517 9772.9761283
226688 1969.06585413
227936 1969.06585413
228216 2696.5305997
229271 2696.5305997
229446 5383.98487053
230369 5383.98487053
230538 3071.60921041
232003 3071.60921041
232231 3826.87943301
233441 3826.87943301
233691 2500.98963686
234567 2500.98963686
234925 2930.42210134
235580 2930.42210134
236043 10160.4869631
236735 10160.4869631
236863 8774.34623295
237691 8774.34623295
238071 1609.87332409
239473 1609.87332409
239971 844.14299863
240733 844.14299863
240934 984.090350371
241886 984.090350371
242163 5174.79891906
242875 5174.79891906
243267 735.705304265
244093 735.705304265
244327 588.606320849
245661 588.606320849
245762 7386.70891288
246870 7386.70891288
247217 5353.23549197
248685 5353.23549197
249120 8175.35856498
250508 8175.35856498
250966 8000.37544563
252354 8000.37544563
252477 306.389945876
253900 306.389945876
254026 1276.93002112
255246 1276.93002112
255702 3906.01278395
256714 3906.01278395
256976 1069.53000199
258201 1069.53000199
