0 5895.54359713
1277 5895.54359713
1621 3736.29920869
2816 3736.29920869
3109 11290.8882955
3767 11290.8882955
4081 8899.3055844
5392 8899.3055844
5547 9872.49073871
6796 9872.49073871
7189 9197.90344384
8365 9197.90344384
8534 8413.72065931
9695 8413.72065931
9882 13770.0051892
10575 13770.0051892
11067 9320.62371898
12397 9320.62371898
12658 10666.4249148
13762 10666.4249148
14243 6346.80708454
15661 6346.80708454
16121 3808.46435073
17538 3808.46435073
17865 15117.1745128
19175 15117.1745128
19463 5960.21997987
20787 5960.21997987
21042 6913.28580831
22488 6913.28580831
22964 3674.50274707
24294 3674.50274707
24536 10257.6238128
25708 10257.6238128
26163 10999.6128867
27132 10999.6128867
27402 8681.97120973
28688 8681.97120973
29081 7877.83380106
30248 7877.83380106
30435 3420.16669861
31752 3420.16669861
32059 5896.16026253
33311 5896.16026253
33638 7772.72698789
34647 7772.72698789
34902 8053.78812966
36141 8053.78812966
36318 13503.6616752
37190 13503.6616752
37294 12502.5971594
38024 12502.5971594
38393 1803.32935409
39442 1803.32935409
39938 584.883961875
40961 584.883961875
41101 9428.65341161
42063 9428.65341161
42170 10394.4684361
42790 10394.4684361
43153 5380.78472475
43765 5380.78472475
44239 8929.60779362
44778 8929.60779362
44880 10934.4847749
45788 10934.4847749
46165 15190.6453866
47565 15190.6453866
47940 6284.15906343
49377 6284.15906343
49864 13563.4435969
50709 13563.4435969
51099 17234.6054018
52001 17234.6054018
52329 9172.42656727
53378 9172.42656727
53692 9239.07843603
54396 9239.07843603
54764 12207.2674179
55532 12207.2674179
55856 5308.33607306
56577 5308.33607306
56823 14734.5432881
58127 14734.5432881
58258 13846.2215002
58847 13846.2215002
59164 12806.7522537
60341 12806.7522537
60466 16085.1041184
61439 16085.1041184
61558 7404.71178267
62880 7404.71178267
63327 3138.67857909
63997 3138.67857909
64272 11523.0084647
64889 11523.0084647
65102 12565.8954193
66083 12565.8954193
66213 4026.06746942
66776 4026.06746942
67187 9219.48508315
68527 9219.48508315
68786 10854.4381117
69296 10854.4381117
69699 254.964239031
70410 254.964239031
70696 6773.19505881
71918 6773.19505881
72030 9321.4775507
72690 9321.4775507
73151 11325.0544664
73730 11325.0544664
74082 6233.25742156
75272 6233.25742156
75682 3209.11832184
76381 3209.11832184
76767 9429.9750962
77361 9429.9750962
77516 8196.538015
78647 8196.538015
79115 9360.64454275
80521 9360.64454275
80830 11882.2132815
82282 11882.2132815
82567 9031.88147424
83638 9031.88147424
84135 6960.75774005
84761 6960.75774005
85136 8774.17182706
86621 8774.17182706
86998 11621.156944
88170 11621.156944
88453 12359.672555
89796 12359.672555
90229 3476.34167238
91404 3476.34167238
91813 8765.82483137
93014 8765.82483137
93326 12310.1231216
94036 12310.1231216
94365 7192.67365509
95026 7192.67365509
95415 10199.3179045
96218 10199.3179045
96601 4755.95416207
97976 4755.95416207
98146 9118.62620207
99643 9118.62620207
99846 17112.5522336
100777 17112.5522336
101221 9608.13678743
102079 9608.13678743
102519 6991.16095696
103785 6991.16095696
104084 13241.3481605
104586 13241.3481605
104903 8899.18839595
106262 8899.18839595
106561 15018.3657582
107502 15018.3657582
107966 15333.1110625
108748 15333.1110625
108932 11254.3749412
110327 11254.3749412
110740 8242.60899456
111693 8242.60899456
112096 14913.7751536
113046 14913.7751536
113215 9383.05475032
114528 9383.05475032
114660 9257.36813659
115543 9257.36813659
115974 1629.96159637
117007 1629.96159637
117285 6896.37862469
118439 6896.37862469
118755 4451.86270772
119913 4451.86270772
120182 10975.4782042
121454 10975.4782042
121574 13106.2065268
123019 13106.2065268
123212 7662.00339533
123839 7662.00339533
124137 9301.11562287
124879 9301.11562287
124983 290.705550888
126420 290.705550888
126549 7473.38428753
127865 7473.38428753
128228 12070.6858555
129525 12070.6858555
129796 8940.75216646
130333 8940.75216646
130654 12691.481261
131830 12691.481261
132155 333.632810909
132843 333.632810909
133251 10073.1515337
134592 10073.1515337
134729 9687.60787607
136046 9687.60787607
136403 14440.0452606
137288 14440.0452606
137762 4042.65552719
139154 4042.65552719
139460 7652.1911734
140360 7652.1911734
140563 14622.1523591
141179 14622.1523591
141291 10098.551138
142173 10098.551138
142415 4668.534981
143720 4668.534981
144135 18513.0294577
145154 18513.0294577
145257 11502.3005665
146710 11502.3005665
146969 3954.1321668
147575 3954.1321668
147785 2192.28171836
148878 2192.28171836
149004 10388.8706329
149544 10388.8706329
149952 4734.07984652
150461 4734.07984652
150716 8175.01830551
151808 8175.01830551
152102 15129.1825187
153251 15129.1825187
153352 11948.7017807
154147 11948.7017807
154524 9812.3070291
155274 9812.3070291
155532 13109.5430289
156627 13109.5430289
156785 9569.37633223
158159 9569.37633223
158476 13700.6808923
159718 13700.6808923
160142 7557.73740502
161582 7557.73740502
162031 6671.50464817
163105 6671.50464817
163374 14228.5267197
164282 14228.5267197
164713 6631.36619251
166046 6631.36619251
166410 16487.6997528
167481 16487.6997528
167811 9214.83981433
168725 9214.83981433
169213 8078.53503949
169814 8078.53503949
170179 11376.5001755
171115 11376.5001755
171532 11726.8148245
172369 11726.8148245
172609 8065.07619659
173828 8065.07619659
174297 6375.77461564
175064 6375.77461564
175175 13592.0878981
176394 13592.0878981
176549 7539.3290924
178009 7539.3290924
178456 5837.75571562
179698 5837.75571562
179971 13514.0035291
180605 13514.0035291
180873 6747.0213755
182185 6747.0213755
182382 15906.6200168
183784 15906.6200168
183959 10724.2538495
184941 10724.2538495
185414 11358.9610173
186623 11358.9610173
187080 13886.8604299
188211 13886.8604299
188397 8923.09389325
189105 8923.09389325
189586 15060.6405693
190220 15060.6405693
190462 14077.2983063
191688 14077.2983063
192149 2954.2995682
192942 2954.2995682
193188 882.277336428
194491 882.277336428
194633 7618.88858189
195578 7618.88858189
195975 7158.64881227
197281 7158.64881227
197508 10933.1380638
198654 10933.1380638
198786 10375.0681536
199877 10375.0681536
200217 118.127383366
201466 118.127383366
201693 17862.130194
202218 17862.130194
202493 9841.12987482
203216 9841.12987482
203353 13779.0885427
204257 13779.0885427
