0 6572.17960684
777 6572.17960684
1026 18281.1194452
1861 18281.1194452
2257 3815.1870175
3363 3815.1870175
3755 10569.9037767
5123 10569.9037767
5477 5214.82500491
6767 5214.82500491
7258 7018.6976348
7811 7018.6976348
8000 12795.3665587
9489 12795.3665587
9855 8550.93965242
10520 8550.93965242
10798 7597.60118375
11907 7597.60118375
12150 7756.40941854
12714 7756.40941854
13045 14288.6694267
13608 14288.6694267
13993 14205.9762188
14628 14205.9762188
14848 8786.32399801
15360 8786.32399801
15758 4990.14922646
16618 4990.14922646
16806 4768.90232909
17435 4768.90232909
17802 16187.5668681
19288 16187.5668681
19727 6090.79542908
20624 6090.79542908
20735 12600.6730021
21358 12600.6730021
21726 6451.96956184
22682 6451.96956184
22852 4786.58221542
23989 4786.58221542
24265 5267.91190967
25321 5267.91190967
25706 10948.9820268
26298 10948.9820268
26709 11446.1768196
27832 11446.1768196
28208 2337.19614412
29324 2337.19614412
29801 4809.92604477
30653 4809.92604477
31048 17265.5315799
32154 17265.5315799
32259 12365.0831337
32763 12365.0831337
32863 4.06608937265
33961 4.06608937265
34066 4885.42589257
35318 4885.42589257
35694 7946.31122661
37193 7946.31122661
37327 10765.8121485
37867 10765.8121485
38146 7052.68390645
39133 7052.68390645
39303 5635.23015604
40299 5635.23015604
40602 6368.24466138
41169 6368.24466138
41662 4182.76451001
42294 4182.76451001
42636 10881.7132031
44034 10881.7132031
44438 947.414822592
45094 947.414822592
45412 9881.28308122
46173 9881.28308122
46292 6344.11651517
46890 6344.11651517
47176 11680.1168768
48342 11680.1168768
48804 10097.3141747
49349 10097.3141747
49551 9038.80935037
50508 9038.80935037
50843 6412.53152534
52005 6412.53152534
52372 17510.2413798
53241 17510.2413798
53350 12070.7630641
54518 12070.7630641
54986 10521.2690506
56103 10521.2690506
56561 12695.7863708
57196 12695.7863708
57555 10396.1161542
59035 10396.1161542
59246 16529.2598046
59901 16529.2598046
60333 14870.0142916
61017 14870.0142916
61376 12995.9330879
62030 12995.9330879
62145 5007.34350185
62739 5007.34350185
62856 15103.65771
63628 15103.65771
63998 11321.8069786
65344 11321.8069786
65752 11412.0924064
66264 11412.0924064
66583 21760.130729
67187 21760.130729
67456 18603.7127628
68671 18603.7127628
69070 3644.49275605
69951 3644.49275605
70388 5115.31381455
71666 5115.31381455
71893 8133.64449833
72759 8133.64449833
73254 14391.2313974
73790 14391.2313974
74040 5287.45773088
75195 5287.45773088
75431 18899.7480632
76182 18899.7480632
76664 7299.54589657
77396 7299.54589657
77721 2606.61913266
78480 2606.61913266
78690 7825.77180249
80070 7825.77180249
80208 5811.89022041
80926 5811.89022041
81243 13075.068353
81990 13075.068353
82261 6818.73504996
83201 6818.73504996
83596 18259.7386908
85024 18259.7386908
85503 13677.2387574
86574 13677.2387574
86703 9363.32233625
87829 9363.32233625
88027 14810.7565771
89431 14810.7565771
89573 5.26375986055
90830 5.26375986055
91055 19665.5792508
92332 19665.5792508
92557 1287.75196402
93236 1287.75196402
93356 16016.3530789
94793 16016.3530789
95103 558.956389534
95635 558.956389534
95825 6895.73117641
96603 6895.73117641
96817 9911.57521741
97847 9911.57521741
98135 10839.9218336
99631 10839.9218336
100038 15250.9181668
100782 15250.9181668
101063 17370.3020187
102461 17370.3020187
102812 9047.53093129
103509 9047.53093129
103777 16370.0066905
105118 16370.0066905
105478 6400.56357162
106428 6400.56357162
106620 8398.93942605
107807 8398.93942605
108210 13587.8319948
108920 13587.8319948
109375 13684.4060677
110677 13684.4060677
110841 13401.1690213
111584 13401.1690213
111912 6807.54386806
113138 6807.54386806
113400 14077.8099269
114866 14077.8099269
115277 8978.4039445
116141 8978.4039445
116400 1154.72509287
117792 1154.72509287
118253 12394.2555377
118775 12394.2555377
119255 3710.85133071
120335 3710.85133071
120530 14602.2149662
121514 14602.2149662
121893 2360.96938506
123283 2360.96938506
123613 10621.7829915
124226 10621.7829915
124444 8458.84670213
125084 8458.84670213
125271 13891.5899938
126332 13891.5899938
126678 9074.37185978
127929 9074.37185978
128234 10408.4305663
129239 10408.4305663
129453 14482.5139433
130182 14482.5139433
130530 17473.8664662
131342 17473.8664662
131727 440.800320539
132919 440.800320539
133266 4662.18087945
133999 4662.18087945
134269 10990.039908
135141 10990.039908
135530 13565.1981129
136118 13565.1981129
136597 5739.89903518
137226 5739.89903518
137488 12077.8058477
138831 12077.8058477
139304 18913.7273732
140316 18913.7273732
140741 7116.17854427
142096 7116.17854427
142277 10920.5319558
143480 10920.5319558
143915 12495.5410095
145365 12495.5410095
145769 16253.2776697
146584 16253.2776697
146743 17909.5441457
147586 17909.5441457
147934 9496.96160773
149007 9496.96160773
149322 5599.34688365
149961 5599.34688365
150363 6152.79806535
151791 6152.79806535
152078 8905.19503566
153058 8905.19503566
153215 9562.50595907
154322 9562.50595907
154483 22048.8690527
155396 22048.8690527
155852 6380.93897447
157073 6380.93897447
157530 3774.26787246
158131 3774.26787246
158451 7312.68154631
159666 7312.68154631
159924 4248.59631982
160663 4248.59631982
161109 9044.62606197
161973 9044.62606197
162100 14999.6469943
162817 14999.6469943
163031 9963.29788827
164296 9963.29788827
164752 9891.67964819
165293 9891.67964819
165492 12445.1177063
166794 12445.1177063
167102 12312.150669
168325 12312.150669
168677 7260.78230724
169624 7260.78230724
169749 12461.8674961
170984 12461.8674961
171438 11214.1653954
172607 11214.1653954
172881 18768.3787897
174085 18768.3787897
174260 6729.15509723
175013 6729.15509723
175366 9812.25635299
176404 9812.25635299
176769 10481.1175049
177621 10481.1175049
177940 3234.78865398
179437 3234.78865398
179716 12910.7138585
180537 12910.7138585
180885 9042.09451098
182121 9042.09451098
182264 15719.6085513
182925 15719.6085513
183327 11065.2111942
184181 11065.2111942
184304 4771.26123668
185067 4771.26123668
185355 9150.31276431
186559 9150.31276431
186702 15236.1646944
187509 15236.1646944
187804 8145.65910953
188306 8145.65910953
188646 10576.972121
189468 10576.972121
189598 17209.6685095
190174 17209.6685095
190430 8820.69579502
191537 8820.69579502
191989 3095.97291173
193367 3095.97291173
193673 14243.8920186
194992 14243.8920186
195153 11891.0586191
195795 11891.0586191
196079 5184.95282857
197115 5184.95282857
197605 8407.64861711
199008 8407.64861711
199446 10378.4493322
200634 10378.4493322
200824 13084.074499
202121 13084.074499
202581 8754.77999865
203207 8754.77999865
203662 13512.3301778
204991 13512.3301778
205217 6739.74626832
205843 6739.74626832
206053 14911.51476
206784 14911.51476
207018 4535.45033496
207901 4535.45033496
208260 4108.37449588
208842 4108.37449588
209077 7965.15625252
209760 7965.15625252
210032 1156.35999494
211183 1156.35999494
211543 7078.91253457
212620 7078.91253457
213092 8700.44622372
214336 8700.44622372
214471 6793.75321742
215025 6793.75321742
215456 9493.44597019
216779 9493.44597019
217009 4106.52460778
217537 4106.52460778
217752 4493.68499416
218408 4493.68499416
218674 19021.5782975
220145 19021.5782975
220531 14363.4339607
221183 14363.4339607
221333 4943.86417586
222557 4943.86417586
223026 14703.9861289
223921 14703.9861289
224265 7133.15631649
224961 7133.15631649
225351 20403.3182335
225854 20403.3182335
225997 17843.6394955
227022 17843.6394955
227510 8380.2244542
228543 8380.2244542
229039 10707.1029584
230459 10707.1029584
230890 9232.71948765
231735 9232.71948765
231896 14112.5124718
232975 14112.5124718
233138 3055.21210532
234115 3055.21210532
234454 4276.85095276
235762 4276.85095276
235912 5181.7393058
236716 5181.7393058
237018 11606.3184337
237980 11606.3184337
238191 7838.28967335
239254 7838.28967335
239396 17083.4811961
240813 17083.4811961
241205 5877.31645492
242487 5877.31645492
242838 6275.87541803
243462 6275.87541803
243673 4985.55184913
244385 4985.55184913
244868 4095.14599924
245696 4095.14599924
245848 13397.2536774
246815 13397.2536774
247118 6923.03853286
248294 6923.03853286
