0 9287.75646874
771 9287.75646874
1210 9261.47748844
1969 9261.47748844
2437 10175.1975617
3726 10175.1975617
3871 9058.3732462
4739 9058.3732462
5153 9801.82607203
6300 9801.82607203
6525 9968.95755295
8001 9968.95755295
8299 9463.19701865
9015 9463.19701865
9331 9901.27048498
10181 9901.27048498
10527 9424.63748495
11631 9424.63748495
11793 10058.5742715
12338 10058.5742715
12740 10371.7585636
14128 10371.7585636
14249 10129.4341171
15562 10129.4341171
15744 10839.7036612
16435 10839.7036612
16668 9861.50178622
17978 9861.50178622
18442 9903.61502612
19213 9903.61502612
19336 9668.88425756
20531 9668.88425756
21016 9634.29560832
22228 9634.29560832
22332 9479.08711613
23634 9479.08711613
23843 9867.3267675
24623 9867.3267675
24760 9830.5201267
25325 9830.5201267
25590 9889.45702023
26405 9889.45702023
26593 9275.62223375
27101 9275.62223375
27369 10067.2279771
27935 10067.2279771
28340 10087.5537119
29725 10087.5537119
30101 9326.02863624
30674 9326.02863624
31119 9242.03336783
32588 9242.03336783
32723 9266.97860034
34057 9266.97860034
34183 9763.9915991
34958 9763.9915991
35102 9071.7647382
36423 9071.7647382
36777 9390.7917767
37624 9390.7917767
37919 9999.89495557
38560 9999.89495557
38934 9640.76321867
39514 9640.76321867
39751 9313.36926693
40718 9313.36926693
40983 9834.68184855
41806 9834.68184855
42099 9915.52850607
43442 9915.52850607
43628 9300.57466064
44665 9300.57466064
45061 8769.91460787
46407 8769.91460787
46524 10183.0934728
47188 10183.0934728
47472 10066.1105643
48427 10066.1105643
48599 10156.6745466
49433 10156.6745466
49872 9931.3243577
50670 9931.3243577
51074 9664.01224942
51862 9664.01224942
52212 9006.19075103
53340 9006.19075103
53741 9772.59606735
54282 9772.59606735
54439 10385.9913477
55317 10385.9913477
55784 10034.1504395
56579 10034.1504395
56688 9379.82366287
57862 9379.82366287
58318 10372.2787747
59694 10372.2787747
60167 10075.3265987
61084 10075.3265987
61521 9806.65237854
62371 9806.65237854
62789 9990.4187855
63487 9990.4187855
63686 9703.66722437
64296 9703.66722437
64438 9511.94325617
65035 9511.94325617
65232 9724.37190293
66216 9724.37190293
66614 9754.35010083
67379 9754.35010083
67819 10033.6308216
69244 10033.6308216
69619 9938.36221419
70237 9938.36221419
70387 10237.4485135
71698 10237.4485135
71879 9834.66779611
72494 9834.66779611
72982 10333.2802954
73591 10333.2802954
74089 9480.53143586
74717 9480.53143586
74990 9723.3150486
75815 9723.3150486
76004 9718.14495682
76976 9718.14495682
77397 10098.5956554
78424 10098.5956554
78876 9431.41134387
79805 9431.41134387
80256 9722.15632278
81239 9722.15632278
81651 10017.1212869
82529 10017.1212869
82789 10186.6735901
84140 10186.6735901
84383 9379.93221277
85024 9379.93221277
85339 10155.4959368
86499 10155.4959368
86984 9250.90415544
87504 9250.90415544
87708 9970.69930491
88732 9970.69930491
88967 10068.7675744
89910 10068.7675744
90063 9773.89744053
90916 9773.89744053
91158 10088.8663281
91826 10088.8663281
92116 10163.8390923
93125 10163.8390923
93567 9626.38979235
94963 9626.38979235
95220 9403.1043409
95883 9403.1043409
96195 9772.38628415
97376 9772.38628415
97791 9662.85824787
99262 9662.85824787
99552 9980.00696024
100368 9980.00696024
100742 10114.5036624
102116 10114.5036624
102601 9657.89343524
103409 9657.89343524
103667 9147.11469656
104946 9147.11469656
105316 10014.7922861
106496 10014.7922861
106860 9767.26010105
107462 9767.26010105
107771 10200.2773236
108512 10200.2773236
108776 9454.35323948
109939 9454.35323948
110093 9780.4154083
111263 9780.4154083
111440 9942.81031375
112177 9942.81031375
112323 10086.3666966
113298 10086.3666966
113705 9490.61960037
115024 9490.61960037
115306 10168.2232292
115953 10168.2232292
116232 10016.4953454
117511 10016.4953454
117765 9488.03481833
119125 9488.03481833
119329 9960.68498194
120268 9960.68498194
120656 9754.04787552
121603 9754.04787552
121742 10338.9380003
122372 10338.9380003
122740 9756.46996348
123352 9756.46996348
123609 9506.3401745
124511 9506.3401745
124831 9404.1359808
125742 9404.1359808
126129 9921.55388157
126898 9921.55388157
127246 10290.4489929
128161 10290.4489929
128300 10108.8434154
129040 10108.8434154
129232 10061.9723435
130370 10061.9723435
130811 9818.3134082
132177 9818.3134082
132401 10146.9511308
133848 10146.9511308
134240 9899.38427272
134865 9899.38427272
135057 10601.8132831
136012 10601.8132831
136492 10354.9039256
137571 10354.9039256
137900 9320.20251039
139014 9320.20251039
139463 9829.92168158
140091 9829.92168158
140586 10271.5534154
141589 10271.5534154
141943 9659.35345038
142448 9659.35345038
142574 9131.480322
143653 9131.480322
143910 10541.7519364
145382 10541.7519364
145603 10109.4633671
146743 10109.4633671
147133 9725.18603762
148313 9725.18603762
148741 10534.2298336
150145 10534.2298336
150374 10424.8071638
151156 10424.8071638
151265 9974.05505424
151943 9974.05505424
152253 9426.13027
153065 9426.13027
153208 8940.21855983
154477 8940.21855983
154903 10207.6216721
156402 10207.6216721
156602 10096.7706488
157872 10096.7706488
158221 9586.35045823
159552 9586.35045823
159835 10063.4039687
161209 10063.4039687
161486 9620.3032035
162664 9620.3032035
162786 10035.1151316
164206 10035.1151316
164499 10018.5404397
165420 10018.5404397
165683 10164.7611594
166305 10164.7611594
166569 9439.56023113
167822 9439.56023113
168221 10164.6181869
169501 10164.6181869
169903 9913.8876349
170931 9913.8876349
171057 9463.28936795
172297 9463.28936795
172508 10039.181147
173646 10039.181147
174118 9214.32897463
175234 9214.32897463
175372 10189.4502874
175932 10189.4502874
176101 9946.4841412
176849 9946.4841412
177110 10049.9352915
177629 10049.9352915
177953 9996.46136615
178682 9996.46136615
178904 9618.92634406
179863 9618.92634406
180130 10219.9824478
181326 10219.9824478
181466 9690.95362501
181990 9690.95362501
182418 9464.61833453
183868 9464.61833453
184084 9958.71694625
185477 9958.71694625
185925 9958.67916574
186851 9958.67916574
187323 9566.48377243
188127 9566.48377243
188381 9664.02691137
189158 9664.02691137
189503 10739.2311014
190460 10739.2311014
190708 9605.0576241
191739 9605.0576241
192134 9859.70000848
192773 9859.70000848
193267 10162.7194074
193914 10162.7194074
194121 10087.5412203
195601 10087.5412203
195853 9921.51950422
196479 9921.51950422
196919 10166.1407006
198400 10166.1407006
198812 9386.13399272
200297 9386.13399272
200638 10432.1803051
201176 10432.1803051
201490 9835.79301262
202712 9835.79301262
202889 9902.74288295
203710 9902.74288295
203820 9298.31358039
204922 9298.31358039
205056 10068.3889029
205746 10068.3889029
206189 9679.78906928
207461 9679.78906928
207812 10311.3860138
208908 10311.3860138
209014 9529.44542632
210482 9529.44542632
210704 10187.403618
211255 10187.403618
211405 8772.39041127
212643 8772.39041127
212796 9663.80573389
213731 9663.80573389
214121 10054.9879063
214919 10054.9879063
215068 9812.01207687
216340 9812.01207687
216626 10276.6369678
217874 10276.6369678
