0 10330.8467229
754 10330.8467229
873 9657.02694958
1729 9657.02694958
2174 10792.9037031
2932 10792.9037031
3035 10085.8319787
4389 10085.8319787
4572 9459.43072656
5077 9459.43072656
5507 10508.6192729
6662 10508.6192729
7028 8601.80341772
7753 8601.80341772
8114 9827.10319146
9419 9827.10319146
9611 10270.416225
10981 10270.416225
11296 10016.7629507
11860 10016.7629507
12157 10964.3175093
13339 10964.3175093
13569 9107.75413543
14802 9107.75413543
15181 9754.43591298
15949 9754.43591298
16332 8874.05395965
17631 8874.05395965
17972 10098.5750588
19467 10098.5750588
19600 9651.08169649
20824 9651.08169649
21089 9983.00209196
21598 9983.00209196
22030 8971.19157135
23134 8971.19157135
23346 10081.3210137
24042 10081.3210137
24520 10054.9278152
25245 10054.9278152
25442 10552.0632139
26071 10552.0632139
26244 8798.73112966
27336 8798.73112966
27573 9391.60303211
28918 9391.60303211
29362 10211.193244
30821 10211.193244
31015 11761.306265
32029 11761.306265
32503 8927.4525899
33963 8927.4525899
34408 9551.93994087
35070 9551.93994087
35240 9876.64593883
36677 9876.64593883
37093 10248.6143102
38495 10248.6143102
38650 8335.46203325
39858 8335.46203325
40213 11129.8696163
41222 11129.8696163
41516 11963.3353004
42264 11963.3353004
42467 9601.39178713
43014 9601.39178713
43285 9215.6755533
44212 9215.6755533
44600 10919.2233944
45633 10919.2233944
45736 9841.84235167
46285 9841.84235167
46733 8918.84209382
48122 8918.84209382
48358 10864.5230528
49180 10864.5230528
49510 10312.3423267
50483 10312.3423267
50917 11563.9818372
51592 11563.9818372
52009 9551.58577806
52582 9551.58577806
52986 9147.00820091
53953 9147.00820091
54102 10743.3759007
55274 10743.3759007
55496 9529.37298947
56965 9529.37298947
57161 9526.52008255
58416 9526.52008255
58562 9364.30815296
59478 9364.30815296
59721 9590.69724211
60470 9590.69724211
60650 9204.68174987
61523 9204.68174987
61691 9309.77343605
62483 9309.77343605
62637 8869.52169561
64029 8869.52169561
64345 9087.94556961
65779 9087.94556961
65987 9394.03216128
67142 9394.03216128
67483 9674.83543392
68967 9674.83543392
69221 10903.8240472
70442 10903.8240472
70757 9272.99812125
71760 9272.99812125
72200 9390.49935661
72904 9390.49935661
73053 10562.1922773
73659 10562.1922773
73866 9521.13384662
75102 9521.13384662
75302 9996.90676734
76095 9996.90676734
76535 9765.13373704
77996 9765.13373704
78179 9455.60476676
78966 9455.60476676
79409 10754.9087239
80224 10754.9087239
80522 10436.7632999
81423 10436.7632999
81918 8851.56909619
83358 8851.56909619
83696 8978.96147767
84781 8978.96147767
85206 9987.3996756
86678 9987.3996756
87074 10666.9095361
87718 10666.9095361
88179 10437.3378365
89248 10437.3378365
89605 10448.7255348
90547 10448.7255348
91035 9206.49877276
92378 9206.49877276
92547 9499.67000267
93215 9499.67000267
93459 9259.01335441
94157 9259.01335441
94316 9950.183454
95316 9950.183454
95804 9549.80480866
96842 9549.80480866
96959 10406.505206
97588 10406.505206
97936 8755.02819572
98569 8755.02819572
98910 9993.16506014
100183 9993.16506014
100654 9583.05115918
102051 9583.05115918
102378 10448.2699604
103445 10448.2699604
103668 9361.86736951
104587 9361.86736951
104983 11411.0662541
106430 11411.0662541
106685 11293.3352524
108095 11293.3352524
108300 10813.7642361
109079 10813.7642361
109257 9562.70932858
110551 9562.70932858
110900 9243.35783676
112388 9243.35783676
112871 11461.2036269
113964 11461.2036269
114085 10703.2058368
114683 10703.2058368
114957 8871.26859672
115474 8871.26859672
115588 9484.89544871
116579 9484.89544871
116978 9550.67972046
118134 9550.67972046
118385 9610.19758775
118993 9610.19758775
119332 9652.57128358
120108 9652.57128358
120468 11111.588071
121261 11111.588071
121498 10121.2827789
122991 10121.2827789
123125 9500.28145255
124270 9500.28145255
124608 10345.9225473
125244 10345.9225473
125597 11502.8909168
126214 11502.8909168
126543 9908.0826678
127340 9908.0826678
127522 9773.50885158
128596 9773.50885158
128745 10190.7119641
129769 10190.7119641
129998 8895.64676362
131119 8895.64676362
131552 8639.50740513
132085 8639.50740513
132566 8128.82307469
133462 8128.82307469
133783 10147.711333
135032 10147.711333
135495 8941.52196347
136550 8941.52196347
136862 9794.60970426
137642 9794.60970426
137984 10080.1594791
139373 10080.1594791
139518 9946.71929182
140996 9946.71929182
141389 10453.658692
142462 10453.658692
142787 10748.1910025
144242 10748.1910025
144473 8000.67837123
145948 8000.67837123
146183 9206.11735063
147629 9206.11735063
148082 10066.506473
149403 10066.506473
149758 8306.51334483
150483 8306.51334483
150788 9428.10047236
151319 9428.10047236
151651 11442.1200907
152643 11442.1200907
152838 10179.3503078
153373 10179.3503078
153579 11123.5474094
154330 11123.5474094
154820 11267.1427085
155606 11267.1427085
155718 10014.4989592
157055 10014.4989592
157261 8917.8009877
158037 8917.8009877
158362 8828.62914758
158898 8828.62914758
159197 10465.7889194
160606 10465.7889194
160900 10308.2167192
162032 10308.2167192
162266 9644.89589409
163615 9644.89589409
163970 9709.06798149
165069 9709.06798149
165233 9690.25725309
166631 9690.25725309
166786 9682.12851122
167793 9682.12851122
168025 9680.04990429
169080 9680.04990429
169404 9934.02379163
170421 9934.02379163
170865 10496.4648832
171377 10496.4648832
171705 10412.4538718
172259 10412.4538718
172361 9376.41662282
173776 9376.41662282
173947 10420.3908331
175315 10420.3908331
175771 11655.9601527
176990 11655.9601527
177407 9206.16254285
178237 9206.16254285
178705 11242.8627596
179676 11242.8627596
180170 10060.5088096
181603 10060.5088096
181970 11623.8977408
183401 11623.8977408
183526 8897.87718658
184054 8897.87718658
184213 9166.32294119
184897 9166.32294119
185109 9111.11245357
185963 9111.11245357
186384 10075.0005526
187420 10075.0005526
187791 10760.2043317
188981 10760.2043317
189276 9250.53625618
190709 9250.53625618
190893 9717.05097426
192214 9717.05097426
192610 9047.91611765
193235 9047.91611765
193501 8603.04306274
194003 8603.04306274
194443 9363.31195869
195272 9363.31195869
195591 10332.0343664
196843 10332.0343664
197329 9156.08967476
198230 9156.08967476
198360 11033.5660868
199096 11033.5660868
199324 11190.3545216
200694 11190.3545216
201000 9655.40089362
202130 9655.40089362
202468 9189.96261329
203553 9189.96261329
203749 8917.03309444
205219 8917.03309444
205659 9031.60230512
206332 9031.60230512
206817 9514.59462089
207384 9514.59462089
207502 11079.6221032
208629 11079.6221032
208730 9271.11757837
209685 9271.11757837
210149 9279.70157683
211594 9279.70157683
211709 10205.6826171
212276 10205.6826171
212769 9888.15150587
213439 9888.15150587
213928 9958.21009693
214735 9958.21009693
215206 9492.14339977
215813 9492.14339977
215973 9912.80535864
217081 9912.80535864
217308 9273.91750933
218637 9273.91750933
219131 10341.928185
219677 10341.928185
220122 10322.4342887
220733 10322.4342887
221142 9367.75453411
222283 9367.75453411
222388 9553.3577875
223723 9553.3577875
224212 8184.90849374
224789 8184.90849374
225216 8510.71719899
226345 8510.71719899
226687 10689.1941223
227343 10689.1941223
227705 9970.83712564
228900 9970.83712564
229044 9609.59466141
230468 9609.59466141
230573 9429.50939379
232057 9429.50939379
232556 10756.6664732
233550 10756.6664732
233654 11114.0542715
234586 11114.0542715
234989 9889.21514155
236197 9889.21514155
236317 9820.03930408
236938 9820.03930408
237339 9496.96517136
238185 9496.96517136
238513 8814.08144018
239045 8814.08144018
239521 9630.50407856
240508 9630.50407856
240626 8974.95572182
241492 8974.95572182
241890 10176.6873296
243027 10176.6873296
243473 9414.7069497
244429 9414.7069497
244874 9307.55307785
246183 9307.55307785
246305 10153.222325
247335 10153.222325
247550 9074.4535483
248155 9074.4535483
248425 10339.9047975
249681 10339.9047975
249794 9696.22076569
250722 9696.22076569
250845 10449.6210617
251582 10449.6210617
251893 9538.12503996
252984 9538.12503996
253464 9609.23739196
254116 9609.23739196
254399 10707.3688137
254916 10707.3688137
255400 10825.3957941
256822 10825.3957941
256982 10343.6094115
258041 10343.6094115
258425 9260.07434705
259485 9260.07434705
259597 10682.6167505
260293 10682.6167505
260748 9442.07024771
261835 9442.07024771
262017 9123.43662983
263144 9123.43662983
263427 10870.786746
264684 10870.786746
265006 8778.66537271
266232 8778.66537271
266669 9069.9623994
267628 9069.9623994
267837 11468.2410136
269091 11468.2410136
269392 9325.6805108
270538 9325.6805108
270785 10242.9598362
271936 10242.9598362
272285 9859.55283295
273291 9859.55283295
273442 10672.1516413
274590 10672.1516413
274846 9508.64957442
275553 9508.64957442
275919 10327.7798347
277207 10327.7798347
277671 9154.53023487
278685 9154.53023487
279050 9454.64119535
280205 9454.64119535
280501 9931.93301098
281410 9931.93301098
281565 9701.29807124
282588 9701.29807124
282951 11080.2394592
283585 11080.2394592
283746 8853.71040383
284527 8853.71040383
284807 10014.9950524
285637 10014.9950524
286029 10070.329322
287295 10070.329322
287620 9256.14574019
288273 9256.14574019
288676 10421.0553215
289866 10421.0553215
290119 9161.69327337
291196 9161.69327337
291462 9403.43328868
292732 9403.43328868
