0 3560.2865376
965 3560.2865376
1380 4904.89777674
2369 4904.89777674
2549 14721.0468617
3145 14721.0468617
3525 10402.3732631
5016 10402.3732631
5336 11980.251046
6635 11980.251046
6923 12493.5933202
7988 12493.5933202
8229 19024.7670088
9548 19024.7670088
9782 11824.5912333
10397 11824.5912333
10610 5378.53776911
11755 5378.53776911
11998 9571.29378914
13372 9571.29378914
13769 10570.7457015
14911 10570.7457015
15397 17303.2804032
16719 17303.2804032
17035 11859.4510064
18431 11859.4510064
18719 13649.7148134
20217 13649.7148134
20529 12886.5651272
21585 12886.5651272
22031 13703.0548036
23369 13703.0548036
23579 11985.7056314
25015 11985.7056314
25423 14959.7335299
26633 14959.7335299
26888 10590.8150613
28371 10590.8150613
28539 12470.3117719
29751 12470.3117719
30007 7279.16509749
30760 7279.16509749
31114 18181.4275435
31659 18181.4275435
32005 15423.778145
33061 15423.778145
33408 12519.3078981
34451 12519.3078981
34815 9004.05738589
36188 9004.05738589
36590 16421.728874
37465 16421.728874
37724 7391.05978451
38866 7391.05978451
39000 14186.6264953
40180 14186.6264953
40539 4443.80217938
41978 4443.80217938
42433 8559.22964186
43762 8559.22964186
44098 11837.4116005
45007 11837.4116005
45362 1903.62832006
46859 1903.62832006
47016 7706.62230633
47594 7706.62230633
47956 8871.90229592
48622 8871.90229592
49099 11966.1339227
50019 11966.1339227
50179 8147.3319429
50981 8147.3319429
51237 7153.37350726
51874 7153.37350726
52093 2521.86925397
53196 2521.86925397
53538 14732.9340518
54159 14732.9340518
54657 9087.34022631
55597 9087.34022631
55872 7474.09799437
57014 7474.09799437
57312 12879.7668329
58193 12879.7668329
58446 7461.33971407
59313 7461.33971407
59583 5180.57384124
60234 5180.57384124
60709 8023.16476709
61536 8023.16476709
61863 6071.52450388
62620 6071.52450388
62955 4434.60669924
63941 4434.60669924
64372 8859.79094599
65659 8859.79094599
66113 9872.55835551
67391 9872.55835551
67558 8581.85276149
68082 8581.85276149
68286 12086.6198587
69740 12086.6198587
70056 17422.6153713
71459 17422.6153713
71788 12498.9975532
72558 12498.9975532
72755 11719.2433955
73607 11719.2433955
74011 268.966472664
75329 268.966472664
75541 11127.7441113
76169 11127.7441113
76326 11770.9127447
77150 11770.9127447
77317 6314.80158063
78206 6314.80158063
78575 10887.2603265
79163 10887.2603265
79515 10175.8965551
80918 10175.8965551
81368 13260.0693024
82115 13260.0693024
82356 4700.54595021
82940 4700.54595021
83370 11485.8419927
84614 11485.8419927
84784 8879.72617824
86118 8879.72617824
86390 17081.0259052
86899 17081.0259052
87325 9593.23852739
88079 9593.23852739
88265 13888.6684203
88978 13888.6684203
89429 12185.8732006
89938 12185.8732006
90316 12074.5428295
90984 12074.5428295
91224 8483.13785929
91746 8483.13785929
92058 14800.698907
93255 14800.698907
93683 13670.1435224
94691 13670.1435224
94886 6639.4333995
96069 6639.4333995
96210 9512.92181721
97696 9512.92181721
97951 6901.99774441
99119 6901.99774441
99609 12054.6908953
100724 12054.6908953
101063 8474.55113002
102297 8474.55113002
102551 15266.0475873
103567 15266.0475873
103715 12593.8009925
104554 12593.8009925
104931 13654.6907862
106203 13654.6907862
106353 18941.4284508
107466 18941.4284508
107931 10332.0436813
108779 10332.0436813
108898 11970.4076038
110165 11970.4076038
110621 10691.4058835
111466 10691.4058835
111926 8693.62720234
112836 8693.62720234
113244 11339.7384798
114362 11339.7384798
114467 12390.1112126
115121 12390.1112126
115413 8512.59546177
116583 8512.59546177
117058 11903.2544153
117618 11903.2544153
117757 10416.1544339
118379 10416.1544339
118639 6000.06678158
119207 6000.06678158
119583 13274.5669058
120957 13274.5669058
121348 5305.49972076
122383 5305.49972076
122795 7496.22378582
123993 7496.22378582
124095 9682.95584358
125152 9682.95584358
125495 20189.0285505
126662 20189.0285505
126973 9049.52636839
128324 9049.52636839
128800 6138.38896885
130161 6138.38896885
130541 5288.99997745
131264 5288.99997745
131533 8515.22007672
132764 8515.22007672
133076 14224.3526388
134449 14224.3526388
134939 16935.5580465
135706 16935.5580465
135899 12570.0003784
137088 12570.0003784
137299 10387.0367312
138691 10387.0367312
139181 18141.7007995
140274 18141.7007995
140406 13521.1884334
141108 13521.1884334
141534 9275.73754781
142553 9275.73754781
142890 14605.1942885
143409 14605.1942885
143789 18315.5909946
144995 18315.5909946
145197 15264.7571536
145799 15264.7571536
146101 16038.0231008
146643 16038.0231008
146832 12736.7809951
147705 12736.7809951
147896 8085.29658322
148501 8085.29658322
148925 6196.167288
150322 6196.167288
150540 11573.6915784
151464 11573.6915784
151936 20209.5425587
152570 20209.5425587
152992 5278.43775531
154046 5278.43775531
154210 6255.93722666
154722 6255.93722666
154885 16696.102935
155899 16696.102935
156346 8412.82310294
157736 8412.82310294
158005 9805.17798816
158935 9805.17798816
159170 16994.5952548
160366 16994.5952548
160519 11839.7140085
161534 11839.7140085
161987 14651.2770678
163443 14651.2770678
163916 10478.3960477
164473 10478.3960477
164700 10349.7841905
165884 10349.7841905
166078 1839.22143796
167511 1839.22143796
167660 10518.9319447
168650 10518.9319447
168816 11830.0488571
169471 11830.0488571
169595 10077.0904134
170222 10077.0904134
170711 12420.3905878
171700 12420.3905878
172132 10279.4904284
173376 10279.4904284
173779 5905.29221501
174374 5905.29221501
174748 3321.3456139
176009 3321.3456139
176398 16151.8302712
177422 16151.8302712
177627 18628.7520657
178505 18628.7520657
178842 10453.7424205
179681 10453.7424205
180001 15442.4166793
181337 15442.4166793
181557 15043.2826783
182139 15043.2826783
182452 2257.07203232
183199 2257.07203232
183515 5174.8355919
184924 5174.8355919
185151 10300.3771155
186494 10300.3771155
186860 18781.0554637
187615 18781.0554637
187940 10789.6186129
188737 10789.6186129
189057 4954.14130529
190005 4954.14130529
190263 11761.4237929
191310 11761.4237929
191636 9350.52465571
192625 9350.52465571
193013 14651.567915
194343 14651.567915
194747 6661.81799895
195481 6661.81799895
195865 13620.5872453
197132 13620.5872453
197558 8140.16016374
198811 8140.16016374
199304 5081.58121494
200188 5081.58121494
200443 10957.1456783
201440 10957.1456783
201682 6668.14252013
202238 6668.14252013
202512 12620.7249158
203958 12620.7249158
204372 11540.1452933
204957 11540.1452933
205099 13442.0000558
205962 13442.0000558
206165 13743.0419988
207353 13743.0419988
207662 9469.1787983
208987 9469.1787983
209390 14958.6120558
210702 14958.6120558
211021 14977.3820693
212378 14977.3820693
212642 9795.41379616
214013 9795.41379616
214359 12625.6163998
215542 12625.6163998
215695 14131.4362417
217050 14131.4362417
217526 16881.5528267
218584 16881.5528267
218777 7882.68693615
219495 7882.68693615
219602 9220.58970411
220519 9220.58970411
220887 4817.75934146
221955 4817.75934146
222365 5410.21329235
223826 5410.21329235
224252 6399.4850445
224865 6399.4850445
225050 13939.7806809
225939 13939.7806809
226393 6444.57072595
227075 6444.57072595
227334 15957.8146761
228512 15957.8146761
228969 6747.11388618
229839 6747.11388618
230175 16958.1818721
230676 16958.1818721
230878 6118.46544195
231825 6118.46544195
232116 11294.7939873
233422 11294.7939873
233761 7696.30545132
234456 7696.30545132
