0 5486.13929044
603 5486.13929044
774 5136.46174055
1988 5136.46174055
2331 12871.3867564
3230 12871.3867564
3439 11398.8641915
4013 11398.8641915
4174 15467.1120691
5221 15467.1120691
5696 13171.7726436
6554 13171.7726436
6762 2670.69557768
7921 2670.69557768
8369 17822.3314065
9502 17822.3314065
9775 15668.7603522
10622 15668.7603522
10922 12263.1861343
11866 12263.1861343
12339 14363.3836586
13336 14363.3836586
13568 17263.7338337
14807 17263.7338337
15099 7919.80844609
15827 7919.80844609
16128 6256.90886664
16725 6256.90886664
17189 10268.123478
18614 10268.123478
18917 7115.78616579
19916 7115.78616579
20399 7415.40166927
21628 7415.40166927
21812 5589.03714731
22862 5589.03714731
23063 9275.22807567
23721 9275.22807567
23856 7181.93193345
24710 7181.93193345
24814 6681.52983324
26261 6681.52983324
26735 12432.9438156
27240 12432.9438156
27615 10743.2096668
28287 10743.2096668
28710 7411.90277463
29590 7411.90277463
29951 9835.77731227
30785 9835.77731227
31164 8221.62504356
32204 8221.62504356
32503 3699.40506142
33244 3699.40506142
33360 13540.1290407
33945 13540.1290407
34414 9651.75163703
34965 9651.75163703
35282 16119.2897126
35805 16119.2897126
36292 7835.68217669
36961 7835.68217669
37431 7506.23524874
38233 7506.23524874
38537 4009.48572119
39105 4009.48572119
39452 11065.8175771
40732 11065.8175771
40954 13885.2763197
41668 13885.2763197
42068 4591.99403863
43369 4591.99403863
43864 12502.311961
44880 12502.311961
45103 15598.2673621
46489 15598.2673621
46727 16611.2618438
47517 16611.2618438
47969 8859.07260986
49418 8859.07260986
49546 18652.0998602
50372 18652.0998602
50647 10398.5300147
52060 10398.5300147
52485 21427.9579473
53813 21427.9579473
54192 9044.3342099
54702 9044.3342099
54863 7948.08452372
55468 7948.08452372
55647 9707.16985772
56391 9707.16985772
56748 4701.29566295
57955 4701.29566295
58451 19463.9145911
59124 19463.9145911
59271 10104.5919824
60056 10104.5919824
60262 18206.602626
61083 18206.602626
61237 10729.9934213
62490 10729.9934213
62826 14910.9017216
64238 14910.9017216
64590 15390.4132103
65733 15390.4132103
65837 8953.04477534
67121 8953.04477534
67404 13097.3757688
67922 13097.3757688
68295 15740.0749416
69547 15740.0749416
69991 12139.7321847
71035 12139.7321847
71373 22983.4916932
71900 22983.4916932
72346 18157.604737
73793 18157.604737
73934 8194.4124902
74476 8194.4124902
74915 8701.45945371
75642 8701.45945371
75840 7546.71285235
77103 7546.71285235
77328 10036.0380294
78040 10036.0380294
78394 5171.66952938
79100 5171.66952938
79348 5098.49310927
80474 5098.49310927
80603 16193.1703152
81634 16193.1703152
81847 14629.6474813
82441 14629.6474813
82603 11294.5669368
83972 11294.5669368
84149 18975.6022049
84963 18975.6022049
85214 8860.10061587
86412 8860.10061587
86529 10543.6049106
87525 10543.6049106
87839 6583.10137374
88828 6583.10137374
89211 3297.25093375
90050 3297.25093375
90165 10034.8632814
91062 10034.8632814
91302 2407.72876515
92505 2407.72876515
92794 8497.86038662
93599 8497.86038662
94008 6464.91193376
95338 6464.91193376
95706 3853.13870111
96306 3853.13870111
96630 19488.2304119
97278 19488.2304119
97431 18291.4942926
98556 18291.4942926
98756 7163.53179811
99483 7163.53179811
99977 12859.637793
100906 12859.637793
101203 10111.5503182
101952 10111.5503182
102132 8271.71415964
103137 8271.71415964
103349 12696.6390207
104197 12696.6390207
104678 8494.29860866
106159 8494.29860866
106534 11907.0984212
107947 11907.0984212
108438 406.888415797
109290 406.888415797
109576 3161.49994909
110835 3161.49994909
111225 11261.6590881
112004 11261.6590881
112293 21104.1666154
113254 21104.1666154
113685 5691.41665908
114356 5691.41665908
114635 21237.7526111
115931 21237.7526111
116036 1674.12445967
117157 1674.12445967
117626 14014.4167706
118860 14014.4167706
119328 8560.86132578
120570 8560.86132578
120804 7006.59155099
121441 7006.59155099
121600 13077.9144015
122582 13077.9144015
122686 9762.07763179
123414 9762.07763179
123799 8131.36296706
124947 8131.36296706
125240 5500.63502324
126412 5500.63502324
126635 18780.8270245
127245 18780.8270245
127403 10589.6024091
128550 10589.6024091
128989 19371.2895141
129578 19371.2895141
129738 11470.8675185
130813 11470.8675185
131052 7617.72112432
131635 7617.72112432
132026 9082.51865386
133193 9082.51865386
133482 15631.6575914
134849 15631.6575914
135128 8484.42639823
136485 8484.42639823
136741 6356.50476088
138188 6356.50476088
138311 10431.3707444
139475 10431.3707444
139905 4186.06193797
140478 4186.06193797
140688 17585.393864
141309 17585.393864
141424 17412.3091335
142219 17412.3091335
142697 13916.4835846
143453 13916.4835846
143562 9830.08375877
144869 9830.08375877
145018 19308.6024777
146257 19308.6024777
146666 21242.8776467
147428 21242.8776467
147551 5790.26747296
149030 5790.26747296
149299 9004.61314665
150303 9004.61314665
150715 13111.9026613
151953 13111.9026613
152121 10875.5345563
153554 10875.5345563
153664 9289.28873428
154514 9289.28873428
154917 10732.195802
155695 10732.195802
156177 10360.0509721
157181 10360.0509721
157515 8522.77122621
158958 8522.77122621
159200 11736.5951058
160063 11736.5951058
160370 15123.4937516
161769 15123.4937516
162109 17118.6436119
162828 17118.6436119
163218 20314.8416526
163778 20314.8416526
164139 10634.9201161
165390 10634.9201161
165694 17018.2174071
166746 17018.2174071
167068 17812.9338317
168539 17812.9338317
169017 17501.7188093
170096 17501.7188093
170492 19742.0205286
171941 19742.0205286
172197 17253.7337982
173656 17253.7337982
173894 17308.3061322
175292 17308.3061322
175433 11748.2842139
176234 11748.2842139
176442 8546.86898469
177059 8546.86898469
177305 9867.50862867
177898 9867.50862867
178029 13149.3401729
179323 13149.3401729
179451 6611.54966549
180611 6611.54966549
180723 8147.75259123
181463 8147.75259123
181865 87.4372202707
183209 87.4372202707
183604 11851.8871985
184950 11851.8871985
185234 18092.0876591
185996 18092.0876591
186410 4853.28706191
187675 4853.28706191
188027 7171.07005868
189384 7171.07005868
189653 3776.37891718
190689 3776.37891718
191151 10403.2495656
192400 10403.2495656
192629 17238.2890612
193743 17238.2890612
193868 4489.01729132
194623 4489.01729132
195058 9382.84805467
195699 9382.84805467
196152 11592.9814427
197287 11592.9814427
197576 9235.74747592
198344 9235.74747592
198682 8293.85739113
199737 8293.85739113
200143 13507.9416321
200773 13507.9416321
200888 5169.02099208
202118 5169.02099208
202415 4700.12127952
203773 4700.12127952
203923 4649.05351118
205231 4649.05351118
205591 18430.1788068
206861 18430.1788068
207214 13014.2831733
207923 13014.2831733
208292 19957.3136106
208984 19957.3136106
209330 11503.3437579
210607 11503.3437579
211009 15977.4561132
211572 15977.4561132
211672 7847.61231783
212614 7847.61231783
