0 8489.82089596
1400 8489.82089596
1753 10245.8617521
3179 10245.8617521
3642 21521.0227447
4279 21521.0227447
4578 11100.7261858
5268 11100.7261858
5479 12718.5293702
6836 12718.5293702
7003 14431.670948
8014 14431.670948
8422 12358.3357735
9370 12358.3357735
9643 8575.2573938
11089 8575.2573938
11530 14053.6202227
12058 14053.6202227
12289 11864.4589359
12949 11864.4589359
13247 8591.68594913
14416 8591.68594913
14853 9104.43419083
16141 9104.43419083
16286 16039.3159087
17176 16039.3159087
17544 12864.7950093
18975 12864.7950093
19339 9824.63464994
20278 9824.63464994
20440 10039.2411152
21305 10039.2411152
21695 11750.5806353
22508 11750.5806353
22661 12543.9726408
23843 12543.9726408
24143 13473.6537935
24870 13473.6537935
25265 4943.42914275
26278 4943.42914275
26520 6612.22012216
27632 6612.22012216
27741 11098.5341425
28339 11098.5341425
28838 8823.2853886
29861 8823.2853886
30239 11267.6006446
30924 11267.6006446
31396 13577.619275
31910 13577.619275
32181 12657.8505245
32759 12657.8505245
32949 15194.2045967
34276 15194.2045967
34544 4254.82999654
35490 4254.82999654
35871 11823.1131004
36628 11823.1131004
36942 15391.2068207
37640 15391.2068207
38088 7095.6993759
39440 7095.6993759
39557 9738.95564506
40322 9738.95564506
40729 4839.6550097
41562 4839.6550097
41664 10614.5562384
42629 10614.5562384
42941 15156.5808825
44372 15156.5808825
44533 9965.7958274
45412 9965.7958274
45749 15343.9340665
47009 15343.9340665
47172 15806.0503852
48526 15806.0503852
48915 17472.9642766
49731 17472.9642766
50005 4506.5516967
50790 4506.5516967
51130 15285.2665283
52471 15285.2665283
52946 16147.8516154
54160 16147.8516154
54271 17605.6049245
55116 17605.6049245
55260 15915.8863762
56003 15915.8863762
56482 8867.54209262
57699 8867.54209262
57877 7768.64086141
58733 7768.64086141
59027 14517.4188223
59962 14517.4188223
60139 16994.8236638
61453 16994.8236638
61732 18511.6717518
62615 18511.6717518
62754 24320.2352138
63681 24320.2352138
64178 10656.4902696
65270 10656.4902696
65440 10114.5629317
66544 10114.5629317
66821 11083.4066661
68152 11083.4066661
68537 12710.6098027
69694 12710.6098027
70175 19396.3149664
70855 19396.3149664
70995 15916.6358611
72016 15916.6358611
72206 10647.4120941
72852 10647.4120941
73239 14053.2232696
74068 14053.2232696
74523 12259.7754209
75871 12259.7754209
76227 15537.1699567
76871 15537.1699567
77200 11492.3928573
78230 11492.3928573
78668 11430.5396119
80139 11430.5396119
80566 1263.32027722
81810 1263.32027722
82045 8532.11583204
82621 8532.11583204
82749 21479.9751101
83709 21479.9751101
83880 12594.1625305
84780 12594.1625305
84952 6886.83153752
86228 6886.83153752
86368 10637.8323137
86900 10637.8323137
87231 15827.1006674
88347 15827.1006674
88746 18031.2440543
90055 18031.2440543
90498 5462.42372537
91641 5462.42372537
91922 5489.81337956
92966 5489.81337956
93361 7003.88417108
94660 7003.88417108
94836 10509.2596012
96086 10509.2596012
96527 13560.698222
97220 13560.698222
97517 5710.17146543
98175 5710.17146543
98598 5299.14530413
99230 5299.14530413
99485 12399.3561746
100974 12399.3561746
101216 4551.80929627
102443 4551.80929627
102760 15264.9303122
104130 15264.9303122
104518 8198.91402689
105422 8198.91402689
105905 11239.771959
107334 11239.771959
107468 9015.11923125
107995 9015.11923125
108209 7273.74048343
109002 7273.74048343
109436 12960.3455433
110811 12960.3455433
111048 13808.7912105
111898 13808.7912105
112338 17147.5222399
113223 17147.5222399
113549 10440.4624854
114736 10440.4624854
115112 8397.1887351
116339 8397.1887351
116489 20536.9402722
117278 20536.9402722
117755 16158.3205634
118680 16158.3205634
119125 15517.7404357
120326 15517.7404357
120654 13005.4380178
121672 13005.4380178
121996 14083.7665877
123268 14083.7665877
123503 7013.62013269
124207 7013.62013269
124596 14307.7646622
125554 14307.7646622
126036 14243.3351702
126696 14243.3351702
126817 7057.85221677
127551 7057.85221677
127841 8664.03369073
129092 8664.03369073
129217 14653.8562155
130644 14653.8562155
131093 10626.4102954
131672 10626.4102954
132127 9104.67447499
133512 9104.67447499
133660 6868.55475379
134853 6868.55475379
135207 13574.3723474
136427 13574.3723474
136676 2529.28695004
137190 2529.28695004
137609 14212.3371173
138388 14212.3371173
138759 8399.95621208
139952 8399.95621208
140416 8456.37255857
141231 8456.37255857
141665 5001.54245642
142468 5001.54245642
142759 8230.83061669
143485 8230.83061669
143822 14196.5893463
144696 14196.5893463
145095 8664.64161585
146087 8664.64161585
146439 14007.3975082
147379 14007.3975082
147785 3691.97524788
148480 3691.97524788
148870 6958.8989034
149743 6958.8989034
150000 13400.2608628
150616 13400.2608628
150893 12365.1692948
152083 12365.1692948
152577 12896.4065035
153720 12896.4065035
154094 21863.2756013
154995 21863.2756013
155215 3408.60576989
156061 3408.60576989
156500 16804.9811199
157412 16804.9811199
157778 2756.89203577
159215 2756.89203577
159467 11999.3966113
160612 11999.3966113
161018 21620.1791226
161820 21620.1791226
161983 5136.7456227
162809 5136.7456227
163263 9044.40365745
164346 9044.40365745
164529 9556.96538371
165250 9556.96538371
165589 10776.4563042
166739 10776.4563042
167012 18334.5548175
168139 18334.5548175
168256 16460.9965507
169150 16460.9965507
169414 10311.6925691
170659 10311.6925691
171041 7905.5177497
172060 7905.5177497
172265 16455.785651
173081 16455.785651
173510 16598.1857512
174068 16598.1857512
174330 18167.7525344
175375 18167.7525344
175670 4986.01890045
177074 4986.01890045
177522 10944.7168913
178558 10944.7168913
178874 5393.8935241
179733 5393.8935241
180162 9217.162565
180888 9217.162565
181038 16652.0787225
182291 16652.0787225
182535 15142.5922394
183175 15142.5922394
183426 11537.082725
184719 11537.082725
185078 12276.4095676
185585 12276.4095676
185704 10604.9985558
186998 10604.9985558
187103 15504.9647345
187981 15504.9647345
188147 8369.73997983
188991 8369.73997983
189460 12207.2846537
190879 12207.2846537
191032 11529.3914624
191936 11529.3914624
192129 19782.1413384
193090 19782.1413384
193467 15910.811331
194889 15910.811331
195264 5349.77608982
196636 5349.77608982
196992 14458.2986498
197650 14458.2986498
197918 8917.62412164
199004 8917.62412164
199228 10021.7003444
199803 10021.7003444
200075 13784.9414567
200594 13784.9414567
200941 11864.5828345
202004 11864.5828345
202305 12419.0462759
203091 12419.0462759
203270 16267.5685449
203987 16267.5685449
204397 18075.4033326
205373 18075.4033326
205477 12489.599276
206002 12489.599276
206417 12931.4073545
207799 12931.4073545
207962 7997.85517005
208794 7997.85517005
209120 10381.8337794
210409 10381.8337794
210823 10444.6456775
211453 10444.6456775
211885 7936.07595888
212850 7936.07595888
213299 17399.7989454
214037 17399.7989454
214312 8557.34103376
215773 8557.34103376
216084 19887.9227178
216806 19887.9227178
217286 18449.0019496
218010 18449.0019496
218456 9066.39300497
219139 9066.39300497
219274 7653.25145627
219968 7653.25145627
220392 5764.75526054
221161 5764.75526054
221336 12620.3288206
222821 12620.3288206
222949 14140.6889518
223546 14140.6889518
223910 14732.6565383
224903 14732.6565383
225329 13309.5814244
226196 13309.5814244
226393 8351.25411963
227548 8351.25411963
227729 10734.346567
228604 10734.346567
228742 14877.5162363
229760 14877.5162363
230239 9054.80566103
230799 9054.80566103
230916 13096.1172709
231520 13096.1172709
231665 12539.0430782
232170 12539.0430782
232402 5746.5170814
233603 5746.5170814
233990 5929.80224107
234859 5929.80224107
235163 12045.059781
235985 12045.059781
236448 13130.1685078
237389 13130.1685078
237817 12619.1011518
239276 12619.1011518
239568 11899.1832115
240168 11899.1832115
240340 14771.3395298
241461 14771.3395298
241651 10596.4570899
243145 10596.4570899
243465 10959.8834439
244707 10959.8834439
244959 19128.9510631
246448 19128.9510631
246723 1280.92124792
247832 1280.92124792
248192 9605.2284265
248876 9605.2284265
249082 19200.4262909
250481 19200.4262909
250768 16486.9922193
252123 16486.9922193
252575 15774.3955608
253792 15774.3955608
253940 10763.451353
255019 10763.451353
255215 9579.70070315
256469 9579.70070315
256960 14016.0642061
257626 14016.0642061
257771 17901.4199756
258641 17901.4199756
259003 11102.0802853
260273 11102.0802853
260673 16707.6258679
261628 16707.6258679
