0 12543.4884699
1495 12543.4884699
1786 9317.39113011
2714 9317.39113011
2892 8645.41216172
3900 8645.41216172
4099 17085.7641344
5477 17085.7641344
5615 5512.65158546
6572 5512.65158546
6768 11200.0726576
7504 11200.0726576
8000 9707.6749886
8570 9707.6749886
8810 14244.2733872
9520 14244.2733872
9723 13241.2547001
10289 13241.2547001
10782 15542.4902876
11461 15542.4902876
11610 8598.5296883
12871 8598.5296883
13271 13455.0365585
14665 13455.0365585
14829 15407.2873346
15630 15407.2873346
15742 8863.29947411
16364 8863.29947411
16662 12599.897024
17718 12599.897024
18051 9311.96052858
18575 9311.96052858
18870 13191.2073789
20209 13191.2073789
20343 14964.5581038
21727 14964.5581038
22211 12288.0740127
23635 12288.0740127
23982 12590.1475042
24832 12590.1475042
24934 16321.2964443
26239 16321.2964443
26579 11019.3080789
27569 11019.3080789
27851 17435.6939586
28733 17435.6939586
29034 9396.97104665
30099 9396.97104665
30408 12329.0307154
31489 12329.0307154
31624 7912.38596672
32327 7912.38596672
32684 12977.9287592
33448 12977.9287592
33560 19058.2789244
34462 19058.2789244
34694 14340.6392736
35396 14340.6392736
35601 16247.9146886
37080 16247.9146886
37468 16019.8601108
38651 16019.8601108
39114 14838.7154922
40604 14838.7154922
40919 14789.1980431
41592 14789.1980431
41833 14085.8403697
42892 14085.8403697
43002 12300.2459799
43617 12300.2459799
43748 9102.00480094
44593 9102.00480094
44742 14678.6698211
45873 14678.6698211
45977 17157.6984027
46726 17157.6984027
47133 12110.2841493
48184 12110.2841493
48532 17922.4801461
49301 17922.4801461
49549 12346.652736
50240 12346.652736
50709 10529.2493043
51772 10529.2493043
52222 16438.007232
52809 16438.007232
52930 8124.01217446
54026 8124.01217446
54138 17328.9470514
54727 17328.9470514
54839 10916.5802232
55944 10916.5802232
56048 16200.873116
56606 16200.873116
57076 12808.8499382
58234 12808.8499382
58731 17694.8838049
59355 17694.8838049
59800 14729.2433188
60865 14729.2433188
61076 11965.7112042
62457 11965.7112042
62724 17049.7557936
63650 17049.7557936
64009 13582.957267
64708 13582.957267
64921 5499.2017115
65847 5499.2017115
66026 19876.9905264
66654 19876.9905264
67023 8761.55892366
68512 8761.55892366
68994 11243.5256039
69938 11243.5256039
70424 11513.4222451
71525 11513.4222451
71792 11989.9215511
72304 11989.9215511
72441 15323.3911275
73245 15323.3911275
73567 12098.6431887
74354 12098.6431887
74663 14802.7734941
76028 14802.7734941
76233 16412.7921563
77002 16412.7921563
77199 10741.0609318
78219 10741.0609318
78631 14719.6076414
79349 14719.6076414
79832 9495.76414618
80372 9495.76414618
80735 10699.5754427
81818 10699.5754427
82052 14318.3602345
83488 14318.3602345
83589 16857.0253416
84335 16857.0253416
84497 13323.5210277
85880 13323.5210277
86372 12261.1257273
87047 12261.1257273
87433 16402.4446764
88837 16402.4446764
89104 10977.3836249
90497 10977.3836249
90742 5870.75810956
92016 5870.75810956
92328 10196.4831991
93224 10196.4831991
93619 16710.9736704
95039 16710.9736704
95187 21309.0262204
95766 21309.0262204
95991 9862.70402809
96741 9862.70402809
97197 14007.7700537
98300 14007.7700537
98567 16060.8898232
100065 16060.8898232
100386 17906.0317176
101127 17906.0317176
101525 14688.6056592
102514 14688.6056592
102885 13111.1909411
103714 13111.1909411
103838 14750.3411392
104697 14750.3411392
104938 16964.8589137
105494 16964.8589137
105608 13815.1530767
106902 13815.1530767
107165 14860.2586799
107832 14860.2586799
108249 10192.4683886
109067 10192.4683886
109239 16922.7024341
110421 16922.7024341
110871 9670.68902021
111738 9670.68902021
112220 16865.3327507
112997 16865.3327507
113375 16098.1604863
114007 16098.1604863
114259 9093.05237069
114785 9093.05237069
115278 11537.5923393
116558 11537.5923393
116896 8492.33993603
118325 8492.33993603
118651 14158.2390134
120071 14158.2390134
120208 8457.87237893
120958 8457.87237893
121429 15762.7506268
122049 15762.7506268
122486 13306.5588791
123955 13306.5588791
124440 14645.1526875
125691 14645.1526875
125965 9620.23331618
127050 9620.23331618
127390 12183.9061735
128193 12183.9061735
128385 17828.3883419
129217 17828.3883419
129398 19254.9736723
130419 19254.9736723
130792 15609.9907152
131355 15609.9907152
131529 8109.51562921
132604 8109.51562921
132828 18134.6628571
134302 18134.6628571
134800 5637.3693343
135931 5637.3693343
136259 14005.3668841
137001 14005.3668841
137339 9586.75880296
137863 9586.75880296
138178 13118.5547296
139224 13118.5547296
139721 13034.1604714
141039 13034.1604714
141506 12609.3179024
142515 12609.3179024
142841 12533.4008749
144279 12533.4008749
144551 14703.2500157
145787 14703.2500157
146276 15359.8690501
147557 15359.8690501
147966 12865.6174153
148855 12865.6174153
149184 6571.26472719
150045 6571.26472719
150232 7410.77634269
150802 7410.77634269
150985 10561.86502
151761 10561.86502
152063 20006.7935238
153459 20006.7935238
153751 9342.09105497
154539 9342.09105497
154726 14642.6626691
156135 14642.6626691
156593 7493.08730974
157797 7493.08730974
158165 11923.6449905
159323 11923.6449905
159662 15705.0462841
161001 15705.0462841
161444 16623.4621846
162137 16623.4621846
162448 15378.824678
163774 15378.824678
164178 16448.5921585
164774 16448.5921585
165105 11164.2440519
165618 11164.2440519
166038 15049.2133012
166788 15049.2133012
166944 11488.9967192
168443 11488.9967192
168576 20122.92015
169284 20122.92015
169491 9357.59258729
170803 9357.59258729
171127 5785.88056663
172469 5785.88056663
172942 13855.7132938
174261 13855.7132938
174385 13309.6426516
175186 13309.6426516
175291 12263.0621727
175882 12263.0621727
176030 6279.98955349
177281 6279.98955349
177416 17928.7326849
177962 17928.7326849
178240 19441.4600349
178789 19441.4600349
179101 13443.0553325
179848 13443.0553325
179996 17789.7181836
180519 17789.7181836
180753 17935.9688152
182231 17935.9688152
182362 13805.2849367
183334 13805.2849367
183485 20885.8782254
184359 20885.8782254
184493 9164.60219173
185097 9164.60219173
185401 18096.1612058
186782 18096.1612058
187159 13025.9707914
188343 13025.9707914
188530 8024.38956584
189885 8024.38956584
190050 9233.77557542
190707 9233.77557542
191205 13614.6035497
191948 13614.6035497
192120 19183.5686054
193478 19183.5686054
193891 19413.1165921
194559 19413.1165921
195004 6057.74799361
195986 6057.74799361
196174 10798.8127715
197456 10798.8127715
197751 11238.5267545
198380 11238.5267545
198798 10013.6977904
200162 10013.6977904
200381 10905.5885281
201276 10905.5885281
201678 13899.9754888
202339 13899.9754888
202551 11495.6511624
203259 11495.6511624
203493 11874.174301
204915 11874.174301
205146 11598.4138976
205844 11598.4138976
206066 8205.85184303
207098 8205.85184303
207475 16460.5848957
208765 16460.5848957
209196 13219.8486646
210060 13219.8486646
210354 14898.3045246
210965 14898.3045246
211099 14723.7679162
212007 14723.7679162
212389 13501.710134
213419 13501.710134
213883 14424.8033583
214905 14424.8033583
215031 14739.1003589
215755 14739.1003589
215982 8567.80306697
216858 8567.80306697
217095 11253.0326532
217821 11253.0326532
217949 11462.1755429
219375 11462.1755429
219727 8955.3946605
220809 8955.3946605
220991 14650.481728
222058 14650.481728
222369 11381.4689758
223848 11381.4689758
223995 14650.3141283
224979 14650.3141283
225255 11411.0727474
226283 11411.0727474
226706 17873.8640418
227534 17873.8640418
227710 16460.5853004
228759 16460.5853004
228934 17676.9296322
229893 17676.9296322
230147 11477.696485
231455 11477.696485
231668 16009.6427949
232973 16009.6427949
233157 16011.1026553
233857 16011.1026553
234297 16936.2021873
235324 16936.2021873
235704 8466.50272415
236568 8466.50272415
236835 11417.0393574
237565 11417.0393574
237961 14045.3433467
238722 14045.3433467
238869 15140.2680605
239560 15140.2680605
239922 18313.4628325
241416 18313.4628325
241745 20412.8040003
242616 20412.8040003
243012 14396.3073812
243760 14396.3073812
243897 15876.9209552
245366 15876.9209552
245682 17415.870335
247013 17415.870335
247381 13694.3146491
248693 13694.3146491
248986 13217.8105292
250231 13217.8105292
