0 7553.11595173
1140 7553.11595173
1417 12698.8867285
2666 12698.8867285
3082 14656.9617058
4216 14656.9617058
4421 9076.37868088
5424 9076.37868088
5816 17375.1667231
6674 17375.1667231
7073 16606.0270322
7802 16606.0270322
7989 9697.01307581
8710 9697.01307581
9119 12931.259825
9848 12931.259825
10184 7919.2688331
11617 7919.2688331
11902 9656.13117443
13279 9656.13117443
13777 21702.9673537
14546 21702.9673537
14909 11909.9666765
15979 11909.9666765
16166 7360.41206375
16967 7360.41206375
17327 16291.7113311
17991 16291.7113311
18220 8089.38334118
19358 8089.38334118
19668 14212.9005681
21020 14212.9005681
21300 16557.3512455
22111 16557.3512455
22489 20047.5718982
23404 20047.5718982
23811 12431.1419125
24925 12431.1419125
25123 18970.547546
26486 18970.547546
26893 7000.83606527
27590 7000.83606527
27708 11027.0855424
29141 11027.0855424
29538 15478.7238245
30320 15478.7238245
30640 13019.7726042
31924 13019.7726042
32115 15876.3983345
33171 15876.3983345
33608 16781.8951987
34292 16781.8951987
34572 9418.74962175
35890 9418.74962175
36378 14449.4750823
37483 14449.4750823
37905 11677.589933
38747 11677.589933
39184 14551.8204741
40195 14551.8204741
40691 16986.779673
41452 16986.779673
41902 10392.2979852
43319 10392.2979852
43449 11957.0450045
44399 11957.0450045
44720 8404.52927373
45273 8404.52927373
45510 8500.57319018
46584 8500.57319018
46782 13584.3288097
48135 13584.3288097
48317 21345.4565331
49798 21345.4565331
50015 16002.75645
51498 16002.75645
51978 17926.7428337
53307 17926.7428337
53461 19978.3443877
54855 19978.3443877
55125 17289.3239602
56325 17289.3239602
56461 642.383622008
56967 642.383622008
57235 11229.2290297
58512 11229.2290297
58661 16281.4566791
59826 16281.4566791
59955 11411.0536551
60620 11411.0536551
61103 15548.6330475
62160 15548.6330475
62265 18421.6762661
63048 18421.6762661
63230 15525.3271579
64358 15525.3271579
64712 16414.7692195
65656 16414.7692195
65939 19574.9776176
67174 19574.9776176
67474 17031.6815128
68927 17031.6815128
69165 11415.0981823
70096 11415.0981823
70563 10495.4619778
71655 10495.4619778
71935 12926.766435
73099 12926.766435
73594 12371.9891777
74464 12371.9891777
74932 10202.9460773
76059 10202.9460773
76407 12662.9398571
76949 12662.9398571
77273 12598.4503413
77902 12598.4503413
78172 10188.2377899
79254 10188.2377899
79468 11251.730852
80835 11251.730852
81325 15005.969334
82515 15005.969334
82799 16099.8915583
83355 16099.8915583
83735 21553.128181
85023 21553.128181
85211 18005.3605105
86477 18005.3605105
86825 8394.08264358
87346 8394.08264358
87486 15004.7615079
88843 15004.7615079
89105 5247.66047595
90239 5247.66047595
90630 12099.7873204
91607 12099.7873204
91800 24539.6845074
92439 24539.6845074
92656 12669.2260538
94125 12669.2260538
94314 18759.5126681
95757 18759.5126681
96178 21938.7483945
96695 21938.7483945
97152 9720.67859787
97684 9720.67859787
97985 9118.53791588
98510 9118.53791588
98944 12563.8311325
100331 12563.8311325
100666 10378.8111548
101782 10378.8111548
101894 17704.8736114
102724 17704.8736114
103220 9161.29632286
104427 9161.29632286
104918 8475.79479135
105576 8475.79479135
105745 5905.35434691
106268 5905.35434691
106455 13824.7378955
107886 13824.7378955
108288 15614.6985874
108804 15614.6985874
108949 8746.85154133
109955 8746.85154133
110262 10432.428045
110849 10432.428045
111207 13631.6233691
112379 13631.6233691
112755 23107.881173
113309 23107.881173
113720 20839.0857702
114383 20839.0857702
114617 13130.2722445
115343 13130.2722445
115565 5022.37653461
116141 5022.37653461
116498 7140.17462728
117397 7140.17462728
117817 12659.2779361
118901 12659.2779361
119346 14638.8150891
120282 14638.8150891
120770 14823.7046328
121366 14823.7046328
121569 8909.78159276
123032 8909.78159276
123342 9398.64829824
124360 9398.64829824
124474 12620.9122412
125758 12620.9122412
125977 8846.77769926
127463 8846.77769926
127888 9024.1775073
128537 9024.1775073
128813 10559.5887368
129604 10559.5887368
129845 22113.8481005
130896 22113.8481005
130998 20803.2804587
132248 20803.2804587
132518 12373.1885005
133813 12373.1885005
133964 14964.6844623
134852 14964.6844623
135278 11474.7793351
136221 11474.7793351
136394 14031.0838731
137414 14031.0838731
137837 14338.9036844
139056 14338.9036844
139525 9631.39065687
140644 9631.39065687
141092 12857.7947218
141734 12857.7947218
142100 7490.64256831
143514 7490.64256831
143630 17066.3283576
144619 17066.3283576
144887 17879.5333183
146304 17879.5333183
146663 11609.8161428
147474 11609.8161428
147620 19457.8348983
148581 19457.8348983
148978 15226.8883798
149521 15226.8883798
149959 20273.3930357
150604 20273.3930357
150879 14359.5113092
151829 14359.5113092
152297 9122.3144876
153170 9122.3144876
153639 11080.5789962
154528 11080.5789962
154998 10265.219271
156363 10265.219271
156691 12067.3982235
157830 12067.3982235
158308 13396.5254529
159199 13396.5254529
159460 13753.0872079
160582 13753.0872079
161048 22576.8116012
161919 22576.8116012
162172 10716.9106124
163427 10716.9106124
163729 16501.7990559
165129 16501.7990559
165613 21887.7619713
166451 21887.7619713
166689 779.671799724
167744 779.671799724
167878 9444.93483723
168482 9444.93483723
168783 22365.3327041
169461 22365.3327041
169826 4472.44370112
170899 4472.44370112
171362 11033.860012
172821 11033.860012
173208 8258.90178592
174488 8258.90178592
174828 14605.1463254
175445 14605.1463254
175926 16230.0593142
176628 16230.0593142
176963 11841.6633933
178118 11841.6633933
178530 13041.1255963
179302 13041.1255963
179576 16890.2573591
180525 16890.2573591
180695 14976.5615557
181368 14976.5615557
181520 15270.8756135
182483 15270.8756135
182890 17531.486706
183628 17531.486706
183826 9405.97239041
184585 9405.97239041
184793 5295.31572662
185753 5295.31572662
186055 18027.7025309
187444 18027.7025309
187929 13194.2754142
188911 13194.2754142
189275 6706.35897302
189956 6706.35897302
190303 9457.23690735
190830 9457.23690735
190967 12378.3923029
191914 12378.3923029
192280 18595.8391776
193579 18595.8391776
193992 8608.73194866
195146 8608.73194866
195362 6741.56100081
196284 6741.56100081
196449 11267.2024399
197864 11267.2024399
198197 7491.01906525
199516 7491.01906525
199984 15523.1760284
200853 15523.1760284
201224 16218.6838291
202314 16218.6838291
202687 9985.42984625
203549 9985.42984625
203784 11012.1389501
205242 11012.1389501
205518 21217.7210115
206472 21217.7210115
206692 5566.70506693
207585 5566.70506693
207938 9888.07109303
209264 9888.07109303
209416 3796.67678266
210805 3796.67678266
211095 10724.445309
212362 10724.445309
212496 11076.0227548
213587 11076.0227548
213958 11343.4459502
215034 11343.4459502
215501 13522.7992858
216152 13522.7992858
216423 17956.1893404
217178 17956.1893404
217669 7567.38983084
218575 7567.38983084
218815 14845.8265612
219316 14845.8265612
219588 9673.19653265
220652 9673.19653265
221091 17841.6139288
221797 17841.6139288
221924 15884.3413718
222928 15884.3413718
223279 14126.3843565
224121 14126.3843565
224487 24541.4589887
225574 24541.4589887
225858 7874.11603066
227060 7874.11603066
227293 8769.48893668
227862 8769.48893668
228164 28105.6591986
229235 28105.6591986
229688 10052.2378773
230415 10052.2378773
230790 20993.3168414
231577 20993.3168414
231679 16811.9534072
232885 16811.9534072
233091 16033.0095196
234537 16033.0095196
234872 6771.28913873
236096 6771.28913873
236586 10154.2076721
237679 10154.2076721
238037 17880.3397671
239065 17880.3397671
239472 15550.5754972
240423 15550.5754972
240698 8969.18606133
242192 8969.18606133
242492 17042.4227479
243023 17042.4227479
243325 14524.9588731
244684 14524.9588731
244959 14607.7164646
246159 14607.7164646
246567 3163.08966216
247836 3163.08966216
247984 14119.7278931
249474 14119.7278931
249650 13236.7044109
250176 13236.7044109
250427 12145.7581235
251369 12145.7581235
251496 4121.86583176
252878 4121.86583176
253247 17691.7448733
254420 17691.7448733
254595 17313.3623426
255587 17313.3623426
255741 19167.446921
257101 19167.446921
257419 10127.9672394
258801 10127.9672394
258936 17299.9234544
260118 17299.9234544
260340 5527.94777598
261379 5527.94777598
261774 9655.70220165
262967 9655.70220165
263396 12957.3638106
264725 12957.3638106
265192 11894.3961784
265825 11894.3961784
266004 21414.8978737
267463 21414.8978737
