0 18.3673469388
1 81.6326530612
2 81.6326530612
3 81.6326530612
4 81.6326530612
5 81.6326530612
6 81.6326530612
7 81.6326530612
8 81.6326530612
9 98.4387755102
10 122.448979592
11 122.448979592
12 126.530612245
13 140.816326531
14 140.816326531
15 148.979591837
16 167.346938776
17 181.632653061
18 181.632653061
19 185.714285714
20 197.142857143
21 208.163265306
22 237.673469388
23 243.959183673
24 253.673469388
25 267.346938776
26 303.387755102
27 326.530612245
28 344.897959184
29 371.132653061
30 401.020408163
31 408.867346939
32 416.0
33 425.183673469
34 433.306122449
35 445.56122449
36 463.265306122
37 467.346938776
38 490.387755102
39 526.234693878
40 542.448979592
41 562.428571429
42 589.795918367
43 606.846938776
44 632.897959184
45 646.581632653
46 656.204081633
47 671.969387755
48 682.775510204
49 697.959183673
50 710.714285714
51 722.408163265
52 742.857142857
53 774.602040816
54 787.204081633
55 797.397959184
56 822.204081633
57 836.448979592
58 868.204081633
59 873.102040816
60 894.693877551
61 916.673469388
62 953.346938776
63 965.306122449
64 976.979591837
65 995.255102041
66 1004.12244898
67 1020.40816327
68 1033.30612245
69 1041.83673469
70 1054.08163265
71 1067.93877551
72 1083.34693878
73 1104.24489796
74 1119.42857143
75 1133.67346939
76 1155.10204082
77 1162.94897959
78 1169.3877551
79 1186.14285714
80 1202.85714286
81 1212.63265306
82 1223.18367347
83 1232.65306122
84 1248.97959184
85 1255.40816327
86 1270.81632653
87 1295.91836735
88 1309.14285714
89 1336.73469388
90 1349.18367347
91 1371.97959184
92 1390.12244898
93 1423.02040816
94 1453.91836735
95 1502.34693878
96 1555.42857143
97 1593.87755102
98 1634.97959184
99 1698.06122449
100 1773.46938776
