0 1.61734693878
1 1.68775510204
2 1.74059183673
3 1.78129591837
4 1.82204081633
5 1.8887755102
6 1.91228571429
7 1.94644897959
8 2.02567346939
9 2.06015306122
10 2.07969387755
11 2.11197959184
12 2.13783673469
13 2.15837755102
14 2.17720408163
15 2.19576530612
16 2.22159183673
17 2.22993877551
18 2.2432244898
19 2.25635714286
20 2.26816326531
21 2.29718367347
22 2.32395918367
23 2.33144897959
24 2.34310204082
25 2.36147959184
26 2.38102040816
27 2.40662244898
28 2.46195918367
29 2.47645918367
30 2.48367346939
31 2.52465306122
32 2.54918367347
33 2.56451020408
34 2.58836734694
35 2.6306122449
36 2.65432653061
37 2.69140816327
38 2.721
39 2.75110204082
40 2.77775510204
41 2.80581632653
42 2.82959183673
43 2.85136734694
44 2.88081632653
45 2.89897959184
46 2.92857142857
47 2.97345918367
48 3.00314285714
49 3.03026530612
50 3.07040816327
51 3.1041122449
52 3.11224489796
53 3.13267346939
54 3.19626530612
55 3.23198979592
56 3.24191836735
57 3.26544897959
58 3.28983673469
59 3.34937755102
60 3.36979591837
61 3.39742857143
62 3.41759183673
63 3.44951020408
64 3.49746938776
65 3.51428571429
66 3.52671428571
67 3.54905102041
68 3.58289795918
69 3.60251020408
70 3.615
71 3.63104081633
72 3.64665306122
73 3.66313265306
74 3.67857142857
75 3.69183673469
76 3.69575510204
77 3.7218877551
78 3.73016326531
79 3.74578571429
80 3.75510204082
81 3.76428571429
82 3.7806122449
83 3.7806122449
84 3.7806122449
85 3.78882653061
86 3.79387755102
87 3.79387755102
88 3.81412244898
89 3.82346938776
90 3.82346938776
91 3.82346938776
92 3.82346938776
93 3.85131632653
94 3.87346938776
95 3.91224489796
96 3.91224489796
97 3.91224489796
98 3.91224489796
99 3.92918367347
100 3.96224489796
