0 -9.57411687025
1 -7.89678832652
2 -7.12943391671
3 -6.65013016336
4 -6.05159507511
5 -5.77755441782
6 -5.65034918099
7 -5.47133474012
8 -5.23179562641
9 -4.79811838495
10 -4.74771864995
11 -4.46960887807
12 -4.28359536835
13 -4.17412168884
14 -4.01484050733
15 -3.93921808542
16 -3.86594975904
17 -3.78295539063
18 -3.58567543267
19 -3.42627994853
20 -3.30493508947
21 -3.07822081957
22 -2.89898643739
23 -2.80803124142
24 -2.6244940289
25 -2.4345511709
26 -2.38441838042
27 -2.33240109541
28 -2.25276741487
29 -2.23857777282
30 -2.1896568834
31 -2.09725107363
32 -2.02878594604
33 -1.85303748269
34 -1.80338871735
35 -1.76177222988
36 -1.75034376671
37 -1.64789049938
38 -1.62167547711
39 -1.5700627683
40 -1.39794624305
41 -1.16438745888
42 -1.0533999137
43 -1.00832821175
44 -0.994560723221
45 -0.769992781309
46 -0.742240115009
47 -0.718369234537
48 -0.618243838034
49 -0.546082933942
50 -0.498278290124
51 -0.389846728333
52 -0.213719941979
53 -0.130832379945
54 -0.0219976784457
55 0.0
56 0.0643613867245
57 0.269722845436
58 0.306163688454
59 0.365801026279
60 0.468131750756
61 0.527707953395
62 0.5710776874
63 0.61953053423
64 0.66094231829
65 0.719301980215
66 0.867437104764
67 1.0029895316
68 1.11599662778
69 1.14165778122
70 1.16981359314
71 1.21535513277
72 1.42787396384
73 1.49213134572
74 1.61561841603
75 1.88967852447
76 1.94060235204
77 2.14337101214
78 2.41363216635
79 2.50343162661
80 2.6196111949
81 2.74360314573
82 2.88555065085
83 3.20052418025
84 3.38906206394
85 3.53777214026
86 3.71877306573
87 3.84844091284
88 4.34220974676
89 4.93706272813
90 5.21849083904
91 5.39934255943
92 5.84559650401
93 6.72564168434
94 7.74808535092
95 8.20914987272
96 10.0404436471
97 12.2061995888
98 13.7025068561
99 15.1991705106
100 19.6790760163
